28,16,0.02,-10,-0.14,-0.01,,
28,16,-0.01,-10.01,-0.09,-0.01,,
28,16,0.05,-10.02,-0.08,-0.01,,
28,16,0.07,-10.1,-0.13,-0.01,,
28,16,-0.02,-10.07,-0.11,0,,
28,16,0.05,-10.05,-0.12,-0.01,,
28,16,-0.01,-9.96,-0.09,0,,
28,16,0.03,-9.99,-0.01,-0.01,,
28,16,0.04,-10.02,-0.1,-0.01,,
28,16,0.04,-10.01,-0.15,0,,
28,16,-0.02,-9.96,-0.06,0,,
28,16,-0.02,-9.96,-0.14,0,,
28,16,-0.01,-10,-0.08,-0.01,,
28,16,0.02,-10.09,-0.11,-0.01,,
28,16,0.09,-9.98,-0.2,-0.01,,
28,16,-0.17,-10.12,-0.25,-0.01,,
28,16,-0.02,-10.02,-0.05,-0.01,,
28,16,-0.04,-10.04,-0.1,-0.01,,
28,16,0,-10.04,-0.18,0,,
28,16,0.05,-10.02,-0.05,0,,
28,16,0.03,-9.94,0,-0.01,,
28,16,0.04,-10.01,-0.01,0,,
28,16,0.03,-10.05,-0.12,-0.01,,
28,16,0.17,-10.11,-0.08,0,,
28,16,-0.04,-10.09,-0.1,0,,
28,16,0.06,-10.01,-0.12,0,,
28,16,0.1,-9.99,-0.17,0,,
28,16,0.05,-10.01,-0.11,-0.01,,
28,16,-0.05,-10.01,-0.16,0,,
28,16,0.16,-10.12,-0.31,0,,
28,16,-0.11,-9.96,0.08,-0.01,,
28,16,0.1,-10.01,-0.14,-0.01,,
28,16,0.19,-12.83,-1.94,0,,
28,16,0.33,-10.27,-0.47,0.01,,
28,16,-0.06,-9.87,-0.2,-0.02,,
28,16,0.01,-10.27,-0.14,0,,
28,16,-0.09,-9.89,-0.08,0,,
28,16,1.83,-10.21,-1.61,0,,
28,16,-0.01,-10.01,-0.16,0,,
28,16,0.02,-9.97,0,-0.01,,
28,16,-0.09,-9.94,-0.17,-0.01,,
28,16,0.04,-9.98,-0.02,0,,
28,16,-0.05,-10.07,-0.16,-0.01,,
28,16,0,-10.05,-0.14,0,,
28,16,-0.11,-10,-0.11,0,,
28,16,-0.11,-10.03,0.02,0,,
28,16,-0.15,-10.04,-0.11,-0.01,,
28,16,0.01,-10.11,-0.26,-0.01,,
28,16,0.06,-9.99,-0.06,0,,
28,16,-0.24,-10.5,-0.31,0.02,,
28,16,0.04,-10.05,-0.1,-0.01,,
28,16,0.41,-9.9,-0.04,-0.02,,
28,16,-0.1,-10.23,-0.63,0,,
28,16,-1.17,-10.49,-0.95,-0.02,,
28,16,-1.33,-10.14,1.07,0.09,,
28,16,-1.98,-11.22,0.04,-0.21,,
28,16,-0.86,-8.2,-1.69,-0.13,,
28,16,2.5,-10.69,2.04,0.62,,
28,16,-1.05,-10.56,0.47,0.15,,
28,16,-0.77,-9.35,3.13,0.24,,
28,16,-1.63,-8.85,1.03,0.36,,
28,16,-0.75,-11.8,-1.54,-0.12,,
28,16,-1.34,-10.96,2.32,-0.97,,
28,16,-0.13,-10.33,-0.9,-0.28,,
28,16,2.38,-6.45,-2.18,-0.07,,
28,16,0.25,-6.07,-0.06,-0.03,,
28,16,3.86,-9.9,6.2,-0.04,,
28,16,-1.94,-10.99,-2.8,-5.19,,
28,16,-1.73,-6.86,-5.5,0.39,,
28,16,-0.79,-7.4,-9.73,1.2,,
28,16,-1.01,-9.18,-2.08,2.48,,
28,16,0.34,-7.39,5,0.9,,
28,16,-0.13,-7.4,6.55,-0.78,,
28,16,-0.62,-10.8,5.84,-0.3,,
28,16,-0.13,-11.65,7.43,-1.26,,
28,16,3.51,-5.56,1.3,-2.22,,
28,16,0.06,-10.04,-0.17,-0.01,,
28,16,-0.02,-9.94,-0.16,0,,
28,16,-0.05,-10.06,-0.16,-0.01,,
28,16,0.03,-10.01,-0.2,0,,
28,16,-0.08,-10.04,-0.14,0,,
28,16,-0.03,-10.01,-0.09,0,,
28,16,0.01,-10.02,-0.09,-0.01,,
28,16,0.02,-10.06,-0.06,0,,
28,16,-0.02,-10,-0.01,0,,
28,16,-0.05,-10.06,-0.12,0,,
28,16,-0.04,-10,-0.08,0,,
28,16,0,-10.04,-0.07,0,,
28,16,-0.07,-9.96,-0.07,0,,
28,16,0,-10.02,-0.11,0,,
28,16,-0.08,-10.03,-0.1,0,,
28,16,-0.01,-9.99,-0.07,0,,
28,16,0.05,-10.07,-0.07,-0.01,,
28,16,-0.05,-10.03,-0.08,0,,
28,16,0.03,-10.02,-0.13,0,,
28,16,-0.01,-10.05,-0.05,0,,
28,16,0.02,-10.05,-0.13,0,,
28,16,-0.04,-10.02,-0.11,0,,
28,16,0.05,-9.98,-0.04,0,,
28,16,-0.01,-10.06,-0.08,0,,
28,16,0.02,-10.07,-0.09,0,,
28,16,0,-9.98,-0.11,0,,
28,16,0.02,-9.97,-0.09,0,,
28,16,0.03,-9.97,-0.1,0,,
28,16,0.01,-10.02,-0.07,-0.01,,
28,16,-0.05,-10.02,-0.1,-0.01,,
28,16,0.01,-10.02,-0.07,0,,
28,16,0.02,-10.06,-0.09,0,,
28,16,0.05,-10.04,-0.04,0,,
28,16,-0.09,-9.98,-0.1,0,,
28,16,0.03,-9.95,-0.1,0,,
28,16,-0.01,-10.06,-0.14,-0.01,,
28,16,-0.02,-9.98,-0.05,0,,
28,16,-0.07,-10.08,-0.12,0,,
28,16,0.03,-9.98,-0.09,0,,
28,16,-0.01,-9.98,-0.04,0,,
28,16,-0.05,-10.06,-0.1,0,,
28,16,0.1,-10.05,-0.18,0,,
28,16,-0.07,-10.01,-0.17,0,,
28,16,-0.01,-10.04,-0.1,0,,
28,16,-0.01,-10.04,-0.08,-0.01,,
28,16,0,-9.97,-0.03,0,,
28,16,-0.01,-10.05,-0.09,0,,
28,16,-0.03,-10.05,-0.06,-0.01,,
28,16,-0.01,-10.02,-0.07,0,,
28,16,-0.04,-10.01,-0.08,0,,
28,16,-0.04,-10.05,-0.09,0,,
28,16,-0.03,-10.01,-0.11,0,,
28,16,-0.05,-10.01,-0.08,0,,
28,16,-0.01,-10.07,-0.11,0,,
28,16,0,-10.05,-0.05,0,,
28,16,0.01,-10.01,-0.14,0,,
28,16,0.02,-10.03,-0.07,0,,
28,16,-0.01,-10.02,-0.06,0,,
28,16,-0.05,-10.02,-0.02,0,,
28,16,-0.09,-10.07,-0.12,-0.01,,
28,16,0.01,-9.98,-0.04,0,,
28,16,0.07,-9.98,-0.07,0,,
28,16,-0.03,-10.04,-0.11,0,,
28,16,0.03,-10.02,-0.02,0,,
28,16,0.23,-10.05,-0.29,0,,
28,16,0,-10,-0.12,0,,
28,16,0.01,-10.04,-0.1,0,,
28,16,-0.02,-10,-0.02,0,,
28,16,-0.03,-10.08,-0.03,-0.01,,
28,16,-0.01,-9.96,-0.09,-0.01,,
28,16,-0.05,-10.03,-0.07,0,,
28,16,-0.01,-10,-0.07,0,,
28,16,-0.02,-10.05,-0.07,0,,
28,16,-0.07,-10.01,-0.07,0,,
28,16,-0.06,-10.05,-0.1,-0.01,,
28,16,0.02,-10.01,-0.09,-0.01,,
28,16,0.01,-9.98,-0.1,0,,
28,16,-0.02,-10.02,-0.07,0,,
28,16,-0.04,-9.97,-0.1,0,,
28,16,0,-9.97,-0.1,0,,
28,16,-0.05,-10.07,-0.04,0,,
28,16,0.02,-9.84,-0.01,-0.01,,
28,16,0.03,-9.98,-0.12,0,,
28,16,0.04,-10.02,-0.02,0,,
28,16,0.01,-10.01,-0.11,0,,
28,16,0.02,-10.04,-0.15,0,,
28,16,-0.04,-9.98,-0.03,0,,
28,16,-0.01,-10.04,-0.03,0,,
28,16,0,-10.05,-0.12,0,,
28,16,-0.01,-10.06,-0.1,0,,
28,16,0,-10.01,-0.01,-0.01,,
28,16,0,-10.03,-0.09,-0.01,,
28,16,0,-10.05,-0.06,0,,
28,16,-0.02,-10.03,-0.08,-0.01,,
28,16,-0.02,-10.01,-0.13,-0.01,,
28,16,0.04,-10.04,-0.07,-0.01,,
28,16,0,-10.04,-0.09,-0.01,,
28,16,-0.01,-10.02,-0.06,0,,
28,16,0,-10.02,-0.11,0,,
28,16,-0.04,-10.1,-0.11,-0.01,,
28,16,-0.04,-10.06,-0.05,0,,
28,16,0.05,-10.01,-0.06,0,,
28,16,-0.06,-10.03,-0.12,0,,
28,16,0.02,-9.97,-0.1,0,,
28,16,0.04,-9.96,-0.05,-0.01,,
28,16,-0.06,-10.11,-0.04,0,,
28,16,-0.04,-10.02,-0.07,0,,
28,16,-0.04,-10.02,-0.07,-0.01,,
28,16,0.05,-10.03,-0.09,-0.01,,
28,16,-0.01,-10.01,-0.12,0,,
28,16,-0.08,-10.11,-0.17,0,,
28,16,0.04,-10.01,-0.12,0,,
28,16,-0.09,-9.96,-0.11,-0.01,,
28,16,0.04,-10.03,-0.04,-0.01,,
28,16,0.02,-10.09,-0.16,0.01,,
28,16,-0.04,-10.03,-0.01,0,,
28,16,-0.07,-9.91,0.04,0,,
28,16,0,-10.04,-0.05,0,,
28,16,0.02,-10.13,-0.14,0,,
28,16,0.03,-10,0,0,,
28,16,-0.04,-10.08,-0.15,0,,
28,16,0,-10,-0.06,0,,
28,16,0,-10.03,-0.09,0,,
28,16,-0.07,-10.01,-0.1,0,,
28,16,-0.02,-10.06,-0.12,0,,
28,16,0.05,-10.07,-0.11,0,,
28,16,-0.06,-10.05,-0.08,-0.01,,
28,16,-0.06,-9.94,-0.12,-0.01,,
28,16,0.02,-10.01,-0.12,0,,
28,16,-0.03,-10.02,-0.06,0,,
28,16,-0.03,-10.07,-0.08,0,,
28,16,-0.04,-10.01,-0.03,-0.01,,
28,16,0.02,-10.02,-0.11,0,,
28,16,-0.1,-10.08,-0.09,0,,
28,16,-0.05,-10.04,-0.14,0,,
28,16,0.14,-10.2,-0.37,0,,
28,16,-0.01,-10.02,-0.08,0,,
28,16,-0.07,-10.05,-0.11,0.01,,
28,16,0.08,-10,0.03,0,,
28,16,-0.01,-10.07,-0.17,-0.01,,
28,16,-0.02,-9.99,-0.04,0,,
28,16,-0.02,-10.03,-0.12,0,,
28,16,-0.03,-9.93,0.02,-0.01,,
28,16,0.03,-10.03,-0.08,0,,
28,16,-0.02,-10.05,-0.12,0,,
28,16,-0.39,-11.49,0.59,-0.01,,
28,16,-0.04,-10,-0.17,0,,
28,16,0.02,-9.97,-0.08,0,,
28,16,-0.03,-10.08,-0.12,0,,
28,16,-0.04,-10.06,-0.02,-0.01,,
28,16,-0.03,-10.06,-0.13,0,,
28,16,-0.01,-10.05,-0.14,-0.01,,
28,16,0.02,-10,-0.15,0,,
33,0,0.07,-9.98,-0.11,-0.01,,
17,0,-0.06,-10.02,-0.06,0,,
17,0,0.07,-10.02,-0.07,-0.01,,
17,0,0.07,-10.1,-0.01,0,,
17,0,-0.02,-10.02,-0.12,-0.01,,
17,0,-0.02,-10.02,-0.1,0,,
17,0,0.05,-10.01,0.05,0,,
17,0,0.02,-10.02,-0.1,0,,
17,0,-0.06,-9.94,-0.19,-0.01,,
17,0,0.03,-10,-0.07,0,,
17,0,0,-10.05,-0.14,0,,
17,0,-0.07,-10.25,-0.24,-0.01,,
17,0,0,-9.69,0.01,-0.01,,
17,0,0,-10.03,-0.11,0,,
17,0,0.04,-9.99,0.04,0,,
17,0,0.01,-10.03,-0.07,-0.01,,
17,0,0.01,-9.94,-0.06,0,,
17,0,0,-9.97,-0.08,-0.01,,
17,0,-0.02,-10.11,-0.12,-0.01,,
17,0,-0.07,-10.11,-0.09,0,,
17,0,0,-10.02,-0.11,0,,
17,0,-0.06,-10.01,-0.06,0,,
17,0,0.04,-9.9,-0.02,-0.01,,
17,0,-0.05,-10.02,-0.08,0,,
17,0,0,-10.04,-0.11,0,,
17,0,0.02,-10,-0.13,0,,
17,0,-0.1,-9.99,-0.03,0,,
17,0,0.41,-10.02,-0.11,0,,
17,0,-0.02,-9.99,-0.09,0,,
17,0,-0.04,-9.99,0.23,-0.02,,
17,0,1.02,-9.81,0.26,-0.19,,
17,0,-9.38,-8.14,-1.74,-0.6,,
17,0,2.35,-8.71,-2.51,-0.52,,
17,0,1.59,-8.52,-2.83,0.36,,
17,0,-9.87,-7.33,-2.34,-0.49,,
17,0,3.9,-8,-4.24,-0.15,,
17,0,-5.41,-7.98,-1.84,0.37,,
17,0,-5.67,-8.55,-1.49,0.19,,
17,0,5.03,-9.01,-2.92,0.51,,
17,0,-6.55,-7.11,1.61,-0.59,,
17,0,-0.35,-9.09,-1.75,-0.48,,
17,0,4.31,-9.05,-2.6,0.49,,
17,0,-7.52,-9.02,-0.03,-0.28,,
17,0,5.07,-8.24,-3.15,-0.25,,
17,0,-1.53,-8.56,-0.8,1.16,,
17,0,-2.45,-8.73,-0.48,-1.35,,
17,0,4.58,-8.23,-4.43,0.76,,
17,0,4.08,-9.2,-0.99,0.13,,
17,0,-4.62,-9.51,-3.75,-1.85,,
17,0,1.24,-6.5,-5.14,1.24,,
17,0,-4.38,-10.07,3,-0.02,,
17,0,1.82,-7.92,-4.12,0.25,,
17,0,0.17,-8.95,1.95,0.05,,
17,0,-6.62,-8.64,-3.97,-2.31,,
17,0,2.66,-9.08,-3.28,1.12,,
17,0,-1.29,-10.91,-1.55,0.36,,
17,0,-3.99,-4.51,5.3,0.67,,
17,0,0,-9.57,-0.2,0,,
17,0,0,-9.93,-0.06,-0.01,,
0,1,-0.02,-9.99,-0.09,0,,
0,2,0.03,-10.05,-0.08,0,,
0,2,0.03,-10.01,-0.04,0,,
0,2,0.02,-10.01,-0.02,0,,
0,2,0,-10.04,-0.08,0,,
0,3,0,-10,-0.1,-0.01,,
0,3,-0.04,-10.06,-0.07,-0.01,,
0,3,0.03,-9.98,-0.05,-0.01,,
0,3,0.07,-10.06,0,0,,
0,4,0.02,-10.07,-0.07,-0.01,,
0,4,-0.05,-10.11,-0.05,0,,
0,4,0.07,-9.97,0.01,0,,
0,4,0.01,-9.91,-0.1,0,,
0,5,0.03,-9.97,-0.09,-0.01,,
0,5,0.03,-10.05,-0.05,-0.01,,
0,5,-0.01,-10.06,-0.07,0,,
0,5,0.03,-10.01,-0.1,0,,
1,6,0.1,-10.06,-0.09,0,,
1,6,-0.01,-10.02,-0.09,0,,
1,6,0.02,-10.02,-0.12,0,,
1,6,0.06,-10.02,-0.04,-0.01,,
1,7,0.06,-9.97,0.71,-0.02,,
1,7,-0.23,-10.87,0.21,0.04,,
1,7,3.54,-7.69,-0.98,-0.72,,
1,7,0.59,-9.28,-3.67,0.31,,
1,8,-10.72,-7.48,-2.43,-1.12,,
1,8,9.85,-7.07,-2.55,-0.04,,
1,8,-11.83,-6.19,-2.01,-0.03,,
1,8,-3.87,-5.47,-2.98,0.24,,
1,9,5.04,-7.09,-2.65,1.18,,
1,9,-9.43,-9.78,1.3,-1.31,,
1,9,5.39,-7.59,-1.94,-1.84,,
1,10,4.88,-2.55,-8.71,0.39,,
1,10,-4.2,-7.22,-1.67,0.57,,
1,10,-1.26,-7.93,-1.06,-1.46,,
1,10,14.2,-3.02,-5.67,-0.79,,
1,11,-4.59,-8.96,0.67,-0.98,,
1,11,3.54,-6.68,-2.75,-1.17,,
1,11,14.28,-5.42,-3.42,-0.83,,
1,11,-2.94,-7.91,-3.48,-0.27,,
2,12,-7.02,-5.7,-5.74,-1.47,,
2,12,4.41,-5.45,-4.24,-0.31,,
2,12,4,-8.6,-3.03,-0.48,,
2,12,-6.2,-4.05,-4.25,-1.58,,
2,13,10.7,-3.33,-4.52,-1.39,,
2,13,5.84,-8.61,-1.57,-0.47,,
2,13,-9.07,-9.27,1.07,-0.97,,
2,13,3.73,-2.34,-2.87,-2.77,,
2,14,11.28,-3.35,-6.07,-0.58,,
2,14,-1.62,-8.8,-1.36,0.44,,
2,14,0.86,-11.08,1.15,0.67,,
2,14,-4.62,-6.86,0.9,-3.07,,
2,15,0.17,-9.74,0.71,0,,
2,15,-0.02,-10.02,-0.15,0.01,,
2,15,0.03,-10.05,-0.11,0,,
2,15,0.03,-10.03,-0.08,0,,
2,16,0.04,-10.06,-0.04,-0.01,,
2,16,0.01,-10.04,-0.13,0,,
2,16,-0.08,-10.04,-0.07,0,,
2,16,0.03,-10.04,-0.13,-0.01,,
0,1,0.02,-10.04,-0.14,0,,
0,1,-0.03,-10.01,-0.14,0,,
0,2,0.02,-10.02,-0.13,-0.01,,
0,2,0.06,-10.03,-0.09,0,,
0,2,0.01,-10.01,-0.04,0,,
0,2,0.09,-10.03,-0.13,0,,
0,3,0.04,-10.02,-0.06,-0.01,,
0,3,0.02,-10.05,-0.11,0,,
0,3,0.02,-10.08,-0.01,-0.01,,
0,4,0.01,-10.08,-0.13,0,,
0,4,0.05,-10.05,-0.1,0,,
0,4,0.05,-10.09,-0.12,0,,
0,4,-0.1,-10.07,-0.06,0,,
0,5,-0.03,-9.99,-0.08,0,,
0,5,0.05,-10.02,-0.02,0,,
0,5,0.02,-10.03,-0.11,0,,
0,5,0.02,-10.02,-0.11,-0.01,,
1,6,0.02,-10.07,-0.09,0,,
1,6,0.04,-10.07,-0.12,-0.01,,
1,6,-0.01,-10.05,-0.07,0,,
1,6,1.05,-9.77,0.24,0,,
1,7,0.1,-10.06,-0.16,0,,
1,7,0.09,-10.6,0.12,-1.23,,
1,7,-1.19,-8.95,-3.05,-1.55,,
1,7,-2.86,-7.06,-6.73,-1.62,,
1,8,-1.82,-4.17,-9.33,0.24,,
1,8,-3.2,-5.16,-8.42,0.08,,
1,8,-3.14,-5.94,-7.41,0.24,,
1,8,-4.61,-5.36,-7.34,0.24,,
1,9,-5.13,-5.58,-6.01,0.23,,
1,9,-3.86,-7.17,-6.45,-0.06,,
1,9,-4.59,-6.19,-5.16,0.05,,
1,9,-3.46,-7.21,-5.26,-0.13,,
1,10,-2,-8.14,-5.01,-0.14,,
1,10,0.53,-8.46,-4.95,-0.12,,
1,10,3.9,-7.05,-5.14,-0.15,,
1,10,5.17,-5.8,-6.13,-0.58,,
1,11,4.53,-3.97,-7.36,-0.66,,
1,11,4.13,-0.88,-8.59,-0.73,,
1,11,3.91,1.53,-9.41,-0.74,,
1,11,3.2,2.6,-9.45,-0.92,,
2,12,3.57,3.9,-8.44,-0.55,,
2,12,5.34,4.49,-7.14,-0.14,,
2,12,8.57,2.33,-6.17,-0.1,,
2,13,8.18,-4,-4.93,-0.07,,
2,13,2.91,-7.95,-3.68,-0.64,,
2,13,0.55,-7.85,-6.44,-0.36,,
2,13,-1.08,-7.52,-6.93,-0.49,,
2,14,-1.54,-6.57,-7.34,-0.54,,
2,14,-2.03,-5.28,-7.97,-0.35,,
2,14,-2.86,-4.47,-8.52,-0.11,,
2,14,-4.52,-4.29,-7.49,0.23,,
2,15,-4.9,-4.23,-7.31,-0.13,,
2,15,-3.36,-5.48,-7.36,-0.42,,
2,15,-1.81,-6.18,-7.93,-0.45,,
2,15,-1.95,-5.29,-8.56,-0.57,,
2,16,0.19,-3.88,-9.31,-0.67,,
2,16,0.16,-2.93,-9.51,-0.72,,
2,16,-0.12,-0.49,-9.04,-1.13,,
2,16,0.81,2.86,-9.62,-0.68,,
2,17,0.62,3.89,-9.58,-0.32,,
2,17,0.49,4.61,-8.58,-0.3,,
2,17,0.98,5.22,-8.11,-0.19,,
2,17,3.21,5.37,-7.86,0.12,,
3,18,5.38,3.71,-7.13,0.66,,
3,18,8.68,0.14,-6.1,0.61,,
3,18,7.79,-4.77,-3.76,0.04,,
3,18,5.26,-7.59,-3.89,-0.16,,
3,19,0.61,-9.29,-4.21,-0.46,,
3,19,-2.28,-8.5,-4.95,-0.4,,
3,19,-3.69,-7.45,-5.59,-0.5,,
3,19,-4.61,-6.12,-6.05,-0.37,,
3,20,-5.44,-5.37,-6.4,-0.44,,
3,20,-5.87,-3.85,-6.54,-0.3,,
3,20,-5.77,-4.17,-7.21,-0.25,,
3,20,-7,-2.95,-6.83,-0.31,,
3,21,-7.44,-2.52,-6.83,-0.37,,
3,21,-6.96,-2.7,-6.51,-0.29,,
3,21,-7.34,-3.42,-6.2,-0.35,,
3,21,-6.69,-4.18,-6.63,-0.53,,
3,22,-5.04,-4.77,-6.76,-0.83,,
3,22,-0.3,-3.62,-7.77,-1.23,,
3,22,3.81,-1.21,-7.51,-0.78,,
3,23,7.03,0.41,-7.24,-0.51,,
3,23,9.62,0.33,-6.42,-0.13,,
3,23,4.08,-8.18,-0.86,0.54,,
3,23,0.58,-9.78,-1.2,0.07,,
4,24,-1.29,-10.27,0.18,-0.02,,
4,24,0.12,-10.03,-0.11,0,,
4,24,-0.04,-10.1,-0.24,0,,
4,24,-0.03,-10.05,-0.11,-0.01,,
4,25,0.05,-10.01,-0.13,0,,
4,25,-0.01,-10.03,-0.15,-0.01,,
4,25,-0.03,-9.99,-0.08,0,,
4,25,0.02,-10.04,-0.1,-0.01,,
4,26,0.09,-10.07,-0.11,0,,
0,1,0.03,-10.04,-0.12,-0.01,,
0,1,0.08,-10.05,-0.19,-0.01,,
0,2,-0.02,-10.01,-0.19,0,,
0,2,0.02,-10,-0.15,0,,
0,2,0.04,-10.04,-0.08,0,,
0,2,-0.03,-10.09,-0.14,-0.01,,
0,3,0.02,-10.04,-0.12,0,,
0,3,0,-10.03,-0.06,0,,
0,3,0.01,-10.07,-0.06,0,,
0,4,0.02,-10,-0.11,0,,
0,4,-0.06,-10,-0.07,0,,
0,4,0.01,-10.06,-0.08,-0.01,,
0,4,0.02,-10.02,-0.1,0,,
0,5,-0.01,-10.07,-0.1,0,,
0,5,0.09,-10.04,-0.06,0,,
0,5,0.01,-9.95,-0.04,0,,
0,5,0,-10.01,-0.08,0,,
1,6,0.07,-10.02,-0.07,-0.01,,
1,6,-0.02,-10.03,-0.08,0,,
1,6,-0.07,-9.94,-0.05,0,,
1,6,0.05,-10.05,-0.07,0,,
1,7,0.06,-9.99,-0.05,-0.01,,
1,7,-0.05,-10.01,-0.11,-0.01,,
1,7,0.05,-10.02,-0.07,0,,
1,7,0.07,-10.02,-0.11,0,,
1,8,0.02,-10.28,-0.11,0,,
1,8,-0.08,-9.98,-0.13,-0.01,,
1,8,0.01,-10.12,-0.16,-0.01,,
1,8,-0.03,-9.94,-0.01,0,,
1,9,-0.05,-9.91,-0.98,-0.01,,
1,9,0.03,-10.11,-0.19,-0.01,,
1,9,-0.03,-10.11,-0.41,-0.01,,
1,9,-0.01,-10.05,-0.11,-0.01,,
1,10,0.04,-9.97,-0.11,-0.01,,
1,10,0,-10,-0.12,0,,
1,10,0.01,-10.06,-0.11,0,,
1,10,0.01,-10.06,-0.12,0,,
1,11,0,-9.98,-0.05,0,,
1,11,0.01,-9.97,-0.1,-0.01,,
1,11,0,-10.01,-0.06,0,,
1,11,0.01,-9.99,-0.11,0,,
2,12,0.01,-9.99,-0.12,0,,
2,12,0.01,-10.02,-0.07,0,,
2,12,-0.02,-10.03,-0.08,0,,
2,13,0.03,-10.02,-0.05,-0.01,,
2,13,-0.03,-10.03,-0.06,0,,
2,13,0.03,-10.02,-0.07,0,,
2,13,-0.02,-10.03,-0.11,0,,
2,14,-0.05,-10.05,-0.06,0,,
2,14,0.05,-10.04,-0.07,0,,
2,14,0,-10.03,-0.1,0,,
2,14,-0.01,-10,-0.05,0,,
2,15,0,-10.09,-0.14,0,,
2,15,0,-10.02,-0.12,0,,
2,15,0.04,-10.06,-0.09,0,,
2,15,-0.03,-10.1,-0.12,0,,
2,16,0.02,-10.01,-0.08,0,,
2,16,-0.05,-10.03,-0.12,0,,
2,16,-0.04,-10.03,-0.03,0,,
2,16,0.03,-10.02,-0.1,0,,
2,17,0.01,-9.98,-0.08,0,,
2,17,0.03,-10.04,-0.1,0,,
2,17,-0.06,-10.05,-0.13,0,,
2,17,0.07,-10.07,-0.12,0,,
3,18,0.27,-10,0.04,-0.01,,
3,18,3.79,-10.47,-2.43,0,,
3,18,0.23,-9.86,0.45,-0.03,,
3,18,1.61,-11.08,-2.94,-0.01,,
3,19,0.4,-10.16,-0.03,0,,
3,19,-0.01,-10.04,-0.07,0,,
3,19,0,-10.02,-0.11,-0.01,,
3,19,-0.01,-10.02,-0.04,0,,
3,20,0,-10.01,-0.1,0,,
3,20,-0.02,-10.04,-0.06,0,,
3,20,-0.01,-9.99,-0.11,-0.01,,
3,20,-0.05,-10.03,-0.11,-0.01,,
3,21,0,-10.03,-0.07,-0.01,,
3,21,0.21,-10.37,0.23,0,,
3,21,0.08,-10.07,-0.17,0,,
3,21,0,-10.08,-0.09,0,,
3,22,0.02,-10.01,-0.07,0,,
3,22,-0.06,-10.05,-0.09,-0.01,,
3,22,-0.01,-9.96,-0.08,0,,
3,23,0.02,-10.08,-0.06,0,,
3,23,0.01,-10.04,-0.12,0,,
3,23,-0.04,-10,-0.11,0,,
3,23,0.01,-10.07,-0.09,-0.01,,
4,24,-0.04,-10.04,-0.06,0,,
4,24,-0.06,-10.05,-0.08,-0.01,,
4,24,0,-10.05,-0.07,0,,
4,24,0,-10,-0.08,-0.01,,
4,25,0.02,-9.98,-0.14,0,,
4,25,-0.01,-10.04,-0.08,0,,
4,25,-0.05,-10.01,-0.08,0,,
4,25,0.03,-10.07,-0.08,-0.01,,
4,26,0.04,-10,-0.07,-0.01,,
4,26,0.01,-10.07,-0.12,0,,
4,26,0,-9.97,-0.12,0,,
4,26,-0.01,-10.02,-0.11,0,,
4,27,0,-10.07,-0.06,-0.01,,
4,27,-0.01,-10.01,-0.06,0,,
4,27,-0.02,-10.01,-0.04,-0.01,,
4,27,0.02,-10.03,-0.07,0,,
4,28,0.01,-10,-0.11,0,,
4,28,0,-10.04,-0.13,-0.01,,
4,28,0,-9.97,-0.08,0,,
4,28,0,-10.05,-0.1,0,,
4,29,0.04,-10,-0.1,0,,
4,29,0,-9.99,-0.06,0,,
4,29,0.02,-10.04,-0.11,0,,
4,29,0,-10.06,-0.02,-0.01,,
5,30,-0.06,-10.02,-0.07,-0.01,,
5,30,0.07,-10.04,-0.16,0,,
5,30,0.4,-10.12,-0.27,-0.01,,
5,30,0.01,-10.02,-0.15,0,,
0,0,0.03,-10.03,-0.07,-0.01,,
0,0,-0.03,-9.98,-0.13,0,,
0,0,0,-10.05,-0.04,-0.01,,
0,1,0.02,-10.14,-0.19,-0.01,,
0,1,-0.13,-10.02,-0.2,0,,
0,1,0.04,-10.02,-0.04,0,,
0,2,0,-9.99,-0.07,0,,
0,2,-0.04,-10.04,-0.05,0,,
0,2,0,-9.98,-0.06,0,,
0,2,0.04,-10.09,-0.11,0,,
0,3,0.09,-9.95,-0.03,0,,
0,3,0.09,-10.06,-0.07,0,,
0,3,0,-9.97,-0.04,0,,
0,3,-0.05,-10.06,0.04,0.01,,
0,4,0,-10.03,-0.09,0,,
0,4,0.02,-9.98,-0.04,-0.01,,
0,4,0.07,-10.02,-0.06,0,,
0,4,-0.22,-10.02,-0.01,-0.01,,
0,5,0.02,-10.07,-0.05,-0.01,,
0,5,0.05,-10.05,-0.07,0,,
0,5,0,-10.04,-0.04,-0.01,,
0,5,0.03,-9.99,-0.09,0,,
1,6,0.01,-9.97,-0.13,0,,
1,6,-0.05,-10.08,-0.09,0,,
1,6,0,-10.02,-0.13,-0.01,,
1,6,-0.01,-10.07,-0.16,-0.01,,
1,7,0.08,-10.03,-0.09,0,,
1,7,0.05,-10.06,-0.08,0,,
1,7,-0.02,-10,-0.07,0,,
1,7,-0.07,-10.33,-0.23,0,,
1,8,0.04,-9.99,-0.05,0,,
1,8,0.02,-10.05,-0.12,0,,
1,8,0.05,-9.84,-0.03,0,,
1,8,0.02,-10.03,-0.11,0,,
1,9,0.02,-10.01,-0.11,0,,
1,9,-0.04,-10,-0.09,0,,
1,9,-0.03,-10.01,-0.09,0,,
1,9,-0.02,-10.01,-0.09,-0.01,,
1,10,-0.06,-10.01,-0.16,0,,
1,10,0.04,-10.03,-0.1,0,,
1,10,0.03,-10.07,-0.12,0,,
1,11,0.01,-10.01,-0.11,0,,
1,11,0.02,-10.02,-0.09,-0.01,,
1,11,-0.01,-10.03,-0.12,-0.01,,
1,11,-0.01,-9.8,0.05,0,,
0,120,0.05,-10.01,-0.14,-0.01,,
0,120,-0.03,-10.02,-0.08,0,,
0,120,-0.03,-10.02,-0.08,-0.01,,
0,120,-0.03,-10.02,-0.08,-0.01,,
0,120,0.01,-10.07,-0.06,0,,
0,120,0.01,-10.07,-0.06,0,,
0,120,0.01,-10.07,-0.06,0,,
0,120,-0.02,-10.06,-0.15,-0.01,,
0,120,-0.02,-10.06,-0.15,-0.01,,
0,120,-0.02,-10.06,-0.15,-0.01,,
0,120,-0.01,-10.04,-0.12,-0.01,,
0,120,-0.01,-10.04,-0.12,-0.01,,
0,120,-0.01,-10.04,-0.12,0,,
0,120,-0.04,-9.95,-0.1,0,,
0,120,-0.04,-9.95,-0.1,0,,
0,120,-0.04,-9.95,-0.1,0,,
0,120,-0.1,-10.04,-0.11,-0.01,,
0,120,-0.1,-10.04,-0.11,-0.01,,
0,120,-0.1,-10.04,-0.11,0,,
0,120,0,-10.04,-0.06,0,,
0,120,0,-10.04,-0.06,-0.01,,
0,120,0,-10.04,-0.06,0,,
0,120,-0.02,-10.01,-0.05,0,,
0,120,-0.02,-10.01,-0.05,-0.01,,
0,120,-0.02,-10.01,-0.05,0,,
0,120,-0.02,-10,-0.01,0,,
0,120,-0.02,-10,-0.01,0,,
0,120,-0.02,-10,-0.01,-0.01,,
0,120,-0.02,-9.99,-0.04,-0.01,,
0,120,-0.02,-9.99,-0.04,0,,
0,120,-0.02,-9.99,-0.04,0,,
0,120,0,-10.04,-0.02,0,,
0,120,0,-10.04,-0.02,-0.01,,
0,120,0,-10.04,-0.02,-0.01,,
0,120,-0.01,-10.05,-0.11,-0.01,,
0,120,-0.01,-10.05,-0.11,0,,
0,120,0,-10,-0.07,-0.01,,
0,120,0,-10,-0.07,-0.01,,
0,120,0,-10,-0.07,0,,
0,120,-0.03,-10.02,-0.13,0,,
0,120,-0.03,-10.02,-0.13,0,,
0,120,-0.03,-10.02,-0.13,0,,
0,120,-0.03,-10.03,-0.07,0,,
0,120,-0.03,-10.03,-0.07,0,,
0,120,-0.03,-10.03,-0.07,-0.01,,
0,120,-0.01,-10.01,-0.11,-0.01,,
0,120,-0.01,-10.01,-0.11,-0.01,,
0,120,-0.01,-10.01,-0.11,0,,
0,120,0.06,-10.06,-0.18,0,,
0,120,0.06,-10.06,-0.18,-0.01,,
0,120,0.06,-10.06,-0.18,0,,
0,120,0.03,-10.04,-0.11,0,,
0,120,0.03,-10.04,-0.11,0,,
0,120,0.03,-10.04,-0.11,0,,
0,120,0.07,-10.01,-0.05,0,,
0,120,0.07,-10.01,-0.05,0,,
0,120,0.07,-10.01,-0.05,0,,
0,120,0.08,-10.04,-0.06,0,,
0,120,0.08,-10.04,-0.06,-0.01,,
0,120,0.08,-10.04,-0.06,-0.01,,
0,120,0.04,-9.96,-0.11,-0.01,,
0,120,0.04,-9.96,-0.11,0,,
0,120,0.04,-9.96,-0.11,0,,
0,120,-0.03,-10.03,-0.06,-0.01,,
0,120,-0.03,-10.03,-0.06,0,,
0,120,-0.03,-10.03,-0.06,0,,
0,120,-0.02,-10.03,-0.06,0,,
0,120,-0.02,-10.03,-0.06,0,,
0,120,-0.02,-10.03,-0.06,0,,
0,120,-0.05,-9.97,-0.04,0,,
0,120,-0.05,-9.97,-0.04,0,,
0,120,-0.05,-9.97,-0.04,-0.01,,
0,120,-0.06,-10.01,-0.06,0,,
0,120,-0.06,-10.01,-0.06,0,,
0,120,-0.06,-10.01,-0.06,0,,
0,120,0.04,-10.05,-0.12,0,,
0,120,0.04,-10.05,-0.12,0,,
0,120,0.04,-10.05,-0.12,-0.01,,
0,120,0.01,-9.94,-0.07,0,,
0,120,0.01,-9.94,-0.07,0,,
0,120,0.01,-9.94,-0.07,0,,
0,120,-0.04,-10.09,-0.09,0,,
0,120,-0.04,-10.09,-0.09,0,,
0,120,-0.04,-10.03,-0.13,-0.01,,
0,120,-0.04,-10.03,-0.13,0,,
0,120,-0.04,-10.03,-0.13,0,,
0,120,-0.01,-10.03,-0.09,0,,
0,120,-0.01,-10.03,-0.09,-0.01,,
0,120,-0.01,-10.03,-0.09,-0.01,,
0,120,0.04,-9.96,-0.15,0,,
0,120,0.04,-9.96,-0.15,0,,
0,120,0.04,-9.96,-0.15,0,,
0,120,-0.03,-9.98,-0.02,0,,
0,120,-0.03,-9.98,-0.02,-0.01,,
0,120,-0.03,-9.98,-0.02,-0.01,,
0,120,-0.04,-10.06,-0.07,-0.01,,
0,120,-0.04,-10.06,-0.07,-0.01,,
0,120,-0.04,-10.06,-0.07,-0.01,,
0,120,0.04,-10,-0.07,0,,
0,120,0.04,-10,-0.07,0,,
0,120,0.04,-10,-0.07,0,,
0,120,0.01,-10.07,-0.11,0,,
0,120,0.01,-10.07,-0.11,0,,
0,120,0.01,-10.07,-0.11,0,,
0,120,-0.01,-9.98,-0.05,0,,
0,120,-0.01,-9.98,-0.05,0,,
0,120,-0.01,-9.98,-0.05,-0.01,,
0,120,-0.06,-9.99,-0.1,0,,
0,120,-0.06,-9.99,-0.1,0,,
0,120,-0.06,-9.99,-0.1,0,,
0,120,0,-9.96,-0.12,0,,
0,120,0,-9.96,-0.12,0,,
0,120,0,-9.96,-0.12,-0.01,,
0,120,0,-9.96,-0.11,-0.01,,
0,120,0,-9.96,-0.11,-0.01,,
0,120,0,-9.96,-0.11,0,,
0,120,0.1,-10.07,-0.12,-0.01,,
0,120,0.1,-10.07,-0.12,-0.01,,
0,120,0.1,-10.07,-0.12,0,,
0,120,-0.01,-10.05,-0.12,0,,
0,120,-0.01,-10.05,-0.12,0,,
0,120,-0.01,-10.05,-0.12,-0.01,,
0,120,-0.06,-10,-0.03,-0.01,,
0,120,-0.06,-10,-0.03,0,,
0,120,0.06,-10.02,-0.08,0,,
0,120,0.06,-10.02,-0.08,0,,
0,120,0.06,-10.02,-0.08,0,,
0,120,0.04,-10.05,-0.12,0,,
0,120,0.04,-10.05,-0.12,0,,
0,120,0.04,-10.05,-0.12,0,,
0,120,0.01,-10.06,-0.11,-0.01,,
0,120,0.01,-10.06,-0.11,-0.01,,
0,120,0.01,-10.06,-0.11,-0.01,,
0,120,-0.02,-10,-0.08,0,,
0,120,-0.02,-10,-0.08,0,,
0,120,-0.02,-10,-0.08,0,,
0,120,-0.03,-9.99,-0.1,0,,
0,180,-0.03,-9.99,-0.1,0,,
0,180,-0.03,-9.99,-0.1,0,,
0,180,0.02,-9.96,-0.07,0,,
0,180,0.02,-9.96,-0.07,0,,
0,180,0.02,-9.96,-0.07,-0.01,,
0,180,0.05,-10,-0.06,-0.01,,
0,180,0.05,-10,-0.06,-0.01,,
0,180,0.05,-10,-0.06,0,,
0,180,0,-10.01,-0.11,0,,
0,180,0,-10.01,-0.11,0,,
0,180,0,-10.01,-0.11,0,,
0,180,0.04,-10.01,-0.15,0,,
0,180,0.04,-10.01,-0.15,-0.01,,
0,180,0.04,-10.01,-0.15,-0.01,,
0,180,0.02,-10.03,-0.07,-0.01,,
0,180,0.02,-10.03,-0.07,0,,
0,180,0.02,-10.03,-0.07,-0.01,,
0,180,0.03,-10.05,-0.1,-0.01,,
0,180,0.03,-10.05,-0.1,0,,
0,180,0.03,-10.05,-0.1,0,,
0,180,0.03,-10.03,-0.07,0,,
0,180,0.03,-10.03,-0.07,-0.01,,
0,180,0.03,-10.03,-0.07,-0.01,,
0,180,0.02,-9.98,-0.08,0,,
0,180,0.02,-9.98,-0.08,0,,
0,180,0.02,-9.98,-0.08,0,,
0,180,0,-10.01,-0.1,-0.01,,
0,180,0,-10.01,-0.1,-0.01,,
0,180,0,-10.01,-0.1,-0.01,,
0,180,0.03,-10.13,-0.17,0,,
0,180,0.03,-10.13,-0.17,0,,
0,180,0.03,-10.13,-0.17,0,,
0,180,0.03,-10.2,-0.17,0,,
0,180,0.03,-10.2,-0.17,0,,
0,180,0.03,-10.2,-0.17,0,,
0,180,0.03,-10.05,-0.11,0,,
0,180,0.03,-10.05,-0.11,0,,
0,180,0.03,-10.05,-0.11,-0.01,,
0,180,0.02,-9.96,-0.08,-0.01,,
0,180,0.02,-9.96,-0.08,-0.01,,
0,180,0.02,-9.96,-0.08,-0.01,,
0,180,-0.03,-10,-0.09,0,,
0,180,-0.03,-10,-0.09,0,,
0,180,-0.03,-10,-0.09,0,,
0,180,-0.03,-10,-0.09,0,,
0,180,0,-9.99,-0.13,0,,
0,180,0,-9.99,-0.13,0,,
0,180,-0.06,-10.03,-0.11,-0.01,,
0,180,-0.06,-10.03,-0.11,-0.01,,
0,180,-0.06,-10.03,-0.11,-0.01,,
0,180,0.02,-10.02,-0.14,0,,
0,180,0.02,-10.02,-0.14,0,,
0,180,0.02,-10.02,-0.14,0,,
0,180,-0.01,-10,-0.09,0,,
0,180,-0.01,-10,-0.09,0,,
0,180,-0.01,-10,-0.09,0,,
0,180,-0.03,-10.01,-0.13,0,,
0,180,-0.03,-10.01,-0.13,0,,
0,180,-0.03,-10.01,-0.13,-0.01,,
0,180,-0.01,-10.09,-0.09,0,,
0,180,-0.01,-10.09,-0.09,0,,
0,180,-0.01,-10.09,-0.09,-0.01,,
0,180,0.01,-9.89,-0.11,0,,
0,180,0.01,-9.89,-0.11,0,,
0,180,0.01,-9.89,-0.11,0,,
0,180,0.01,-9.99,-0.06,0,,
0,180,0.01,-9.99,-0.06,0,,
0,180,0.01,-9.99,-0.06,-0.01,,
0,180,0,-10.03,-0.06,0,,
0,180,0,-10.03,-0.06,0,,
0,180,0,-10.03,-0.06,-0.01,,
0,180,0.01,-10.01,-0.1,0,,
0,180,0.01,-10.01,-0.1,0,,
0,180,0.01,-10.01,-0.1,0,,
0,180,0.04,-9.96,-0.11,-0.01,,
0,180,0.04,-9.96,-0.11,-0.01,,
0,180,0.04,-9.96,-0.11,-0.01,,
0,180,0,-10,-0.1,-0.01,,
0,180,0,-10,-0.1,-0.01,,
0,180,0,-10,-0.1,0,,
0,180,0.02,-10.06,-0.14,0,,
0,180,0.02,-10.06,-0.14,-0.01,,
0,180,0.02,-10.06,-0.14,0,,
0,180,0,-10.01,-0.11,0,,
0,180,0,-10.01,-0.11,-0.01,,
0,180,0,-10.01,-0.11,0,,
0,180,0.05,-10.07,-0.13,0,,
0,180,0.05,-10.07,-0.13,-0.01,,
0,180,0.05,-10.07,-0.13,-0.01,,
0,180,-0.03,-10.01,-0.12,-0.01,,
0,180,-0.03,-10.01,-0.12,-0.01,,
0,180,-0.03,-10.01,-0.12,-0.01,,
0,180,-0.03,-10.05,-0.14,-0.01,,
0,180,-0.03,-10.05,-0.14,-0.01,,
0,180,-0.03,-10.05,-0.14,-0.01,,
0,180,-0.07,-9.99,-0.03,-0.01,,
0,180,-0.07,-9.99,-0.03,-0.01,,
0,180,-0.07,-9.99,-0.03,-0.01,,
0,180,0.06,-10.02,-0.09,-0.01,,
0,180,0.06,-10.02,-0.09,0,,
0,180,0.06,-10.02,-0.09,0,,
0,180,0.03,-10,-0.07,-0.01,,
0,180,0.03,-10,-0.07,-0.01,,
0,180,0.03,-10,-0.07,-0.01,,
0,180,-0.02,-10.07,-0.11,0,,
0,180,-0.02,-10.07,-0.11,0,,
0,180,-0.02,-10.07,-0.11,-0.01,,
0,180,-0.02,-10.03,-0.08,0,,
0,180,-0.02,-10.03,-0.08,0,,
0,180,-0.02,-10.03,-0.08,0,,
0,180,0,-10.06,-0.11,0,,
0,180,0,-10.06,-0.11,0,,
0,180,0,-10.06,-0.11,-0.01,,
0,180,-0.04,-9.99,-0.07,-0.01,,
0,180,-0.04,-9.99,-0.07,-0.01,,
0,180,-0.04,-9.99,-0.07,-0.01,,
0,180,-0.07,-10.05,-0.12,-0.01,,
0,180,-0.07,-10.05,-0.12,0,,
0,180,-0.07,-10.05,-0.12,0,,
0,180,0.03,-10.02,-0.08,0,,
0,180,0.03,-10.02,-0.08,0,,
0,180,0.03,-10.02,-0.08,0,,
0,180,-0.01,-10.01,-0.04,-0.01,,
0,180,-0.01,-10.01,-0.04,0,,
0,180,-0.01,-10.01,-0.04,0,,
0,180,0.03,-10.04,-0.04,0,,
0,180,0.03,-10.04,-0.04,0,,
0,180,0.03,-10.04,-0.04,0,,
0,180,-0.02,-9.98,-0.06,-0.01,,
0,180,-0.02,-9.98,-0.06,-0.01,,
0,180,-0.02,-9.98,-0.06,-0.01,,
0,180,-0.04,-10.04,-0.1,-0.01,,
0,180,-0.04,-10.04,-0.1,-0.01,,
0,180,-0.04,-10.04,-0.1,0,,
0,180,0,-10.06,-0.1,0,,
0,180,0,-10.06,-0.1,0,,
0,180,0,-10.06,-0.1,0,,
0,180,-0.04,-10.07,-0.06,0,,
0,180,-0.04,-10.07,-0.06,0,,
0,180,-0.04,-10.07,-0.06,-0.01,,
0,180,-0.05,-10.05,-0.09,0,,
0,180,-0.05,-10.05,-0.09,0,,
0,180,-0.05,-10.05,-0.09,0,,
0,180,0.03,-10.06,-0.09,0,,
0,180,0.03,-10.06,-0.09,0,,
0,180,0.03,-10.06,-0.09,0,,
0,180,0,-10.03,-0.1,0,,
0,180,0,-10.03,-0.1,0,,
0,180,0,-10.03,-0.1,0,,
0,180,-0.04,-10.05,-0.14,0,,
0,180,-0.04,-10.05,-0.14,0,,
0,180,-0.04,-10.05,-0.14,0,,
0,180,-0.07,-10.05,-0.15,0,,
0,180,-0.07,-10.05,-0.15,0,,
0,180,-0.07,-10.05,-0.15,0,,
0,180,0,-10.09,-0.09,0,,
0,180,0,-10.09,-0.09,0,,
0,180,0,-10.09,-0.09,0,,
0,180,0.03,-10.06,-0.11,0,,
0,180,0.03,-10.06,-0.11,0,,
0,180,0.03,-10.06,-0.11,-0.01,,
0,240,0.02,-10.02,-0.1,0,,
0,240,0.02,-10.02,-0.1,0,,
0,240,0.02,-10.02,-0.1,0,,
0,240,0.06,-10.06,-0.13,0,,
0,240,0.06,-10.06,-0.13,0,,
0,240,0.06,-10.06,-0.13,0,,
0,240,0.05,-10.02,-0.16,0,,
0,240,0.05,-10.02,-0.16,0,,
0,240,0.05,-10.02,-0.16,-0.01,,
0,240,-0.01,-9.97,-0.06,-0.01,,
0,240,-0.01,-9.97,-0.06,0,,
0,240,-0.01,-9.97,-0.06,0,,
0,240,0.02,-10.01,-0.11,0,,
0,240,0.02,-10.01,-0.11,0,,
0,240,0.02,-10.01,-0.11,0,,
0,240,0.02,-9.99,-0.11,0,,
0,240,0.02,-9.99,-0.11,-0.01,,
0,240,0.02,-9.99,-0.11,0,,
0,240,-0.03,-10.04,-0.09,0,,
0,240,-0.03,-10.04,-0.09,0,,
0,240,-0.03,-10.04,-0.09,0,,
0,240,-0.01,-9.84,0.02,0,,
0,240,-0.01,-9.84,0.02,-0.02,,
0,240,-0.01,-9.84,0.02,-0.02,,
0,240,-0.05,-10.08,0.28,0,,
0,240,-0.05,-10.08,0.28,-0.01,,
0,240,-0.05,-10.08,0.28,-0.01,,
0,240,0,-9.74,0.03,0,,
0,240,0,-9.74,0.03,-0.01,,
0,240,0,-9.74,0.03,-0.01,,
0,240,-0.06,-10.1,-0.23,0,,
0,240,-0.06,-10.1,-0.23,0,,
0,240,-0.06,-10.1,-0.23,-0.01,,
0,240,0.03,-10,-0.14,0,,
0,240,0.03,-10,-0.14,0,,
0,240,0.03,-10,-0.14,0,,
0,240,0.14,-10.06,-0.1,0,,
0,240,0.14,-10.06,-0.1,0,,
0,240,-0.07,-10,-0.05,-0.01,,
0,240,0.02,-10.05,-0.06,-0.01,,
0,240,-0.01,-9.96,-0.07,0,,
0,240,0.05,-10.01,-0.12,-0.01,,
0,300,0,-10.05,-0.09,0,,
0,300,1.02,-9.67,0.29,0,,
0,300,-0.76,-9.86,0.34,-0.01,,
0,300,-0.76,-9.86,0.34,-0.01,,
0,300,0,-9.97,-0.1,0,,
0,300,0,-9.97,-0.1,0,,
0,300,-0.07,-10.01,-0.02,0,,
0,300,-0.07,-10.01,-0.02,0,,
0,300,-0.07,-10.01,-0.02,0,,
0,300,-0.09,-10.09,-0.14,0,,
0,300,-0.09,-10.09,-0.14,0,,
0,300,-0.09,-10.09,-0.14,0,,
0,300,-0.09,-10.09,-0.14,0,,
0,300,-0.08,-10.03,-0.11,-0.01,,
0,300,-0.09,-10.05,-0.02,-0.01,,
0,300,-0.09,-10.05,-0.02,-0.01,,
0,300,-0.09,-10.05,-0.02,0,,
0,300,0.11,-9.98,-0.23,0,,
0,300,0.11,-9.98,-0.23,-0.01,,
0,300,0.11,-9.98,-0.23,-0.01,,
0,300,0.34,-9.97,-0.89,-0.01,,
0,300,0.34,-9.97,-0.89,0,,
0,300,0.34,-9.97,-0.89,0,,
0,300,0.34,-9.97,-0.89,0,,
0,300,-1.09,-9.85,0.33,0,,
0,300,-1.09,-9.85,0.33,-0.01,,
0,300,-1.09,-9.85,0.33,-0.01,,
0,300,-1.28,-10.19,-0.61,-0.01,,
0,300,-1.28,-10.19,-0.61,0,,
0,300,-1.28,-10.19,-0.61,0.01,,
0,300,-0.27,-9.92,0.04,0.01,,
0,300,-0.27,-9.92,0.04,0,,
0,300,-0.27,-9.92,0.04,0,,
0,300,-0.29,-9.93,0.72,0,,
0,300,-0.29,-9.93,0.72,0,,
0,300,-0.29,-9.93,0.72,0,,
0,300,0.22,-9.96,0,0,,
0,300,0.22,-9.96,0,0,,
0,300,0.22,-9.96,0,0,,
0,300,0.22,-9.96,0,0,,
0,300,0.78,-9.74,0.35,-0.01,,
0,300,0.78,-9.74,0.35,0,,
0,300,0.78,-9.74,0.35,0,,
0,300,0.18,-10.03,-0.23,0,,
0,300,0.18,-10.03,-0.23,0,,
0,300,0.18,-10.03,-0.23,-0.01,,
0,300,-0.31,-9.99,0.01,-0.01,,
0,300,-0.31,-9.99,0.01,0,,
0,300,-0.31,-9.99,0.01,-0.01,,
0,300,0.07,-9.99,0,-0.01,,
0,300,0.07,-9.99,0,-0.01,,
0,300,0.07,-9.99,0,-0.01,,
0,300,0.07,-9.99,0,-0.02,,
0,300,-0.18,-9.96,-0.02,-0.03,,
0,300,-0.18,-9.96,-0.02,-0.03,,
0,300,-0.18,-9.96,-0.02,-0.03,,
0,300,-0.54,-10.25,-0.97,-0.03,,
0,300,-0.54,-10.25,-0.97,0.01,,
0,300,-0.54,-10.25,-0.97,0.01,,
0,300,0.24,-10.04,-0.38,0.01,,
0,300,0.24,-10.04,-0.38,0.01,,
0,300,0.24,-10.04,-0.38,0.01,,
0,300,0.02,-10.06,-0.24,0,,
0,300,0.02,-10.06,-0.24,0,,
0,300,0.02,-10.06,-0.24,0,,
0,300,0.31,-10.09,0.05,0.01,,
0,300,0.31,-10.09,0.05,0.01,,
0,300,0.31,-10.09,0.05,0,,
0,360,0.89,-10.05,0.08,0,,
0,360,0.89,-10.05,0.08,0,,
0,360,0.89,-10.05,0.08,0,,
0,360,0.67,-9.95,0.06,-0.01,,
0,360,0.67,-9.95,0.06,-0.01,,
0,360,0.67,-9.95,0.06,-0.02,,
0,360,0.67,-9.95,0.06,-0.02,,
0,360,-0.33,-10,-0.04,-0.01,,
0,360,-0.33,-10,-0.04,-0.02,,
0,360,-0.33,-10,-0.04,-0.02,,
0,360,-0.54,-10.19,-0.29,0,,
0,360,-0.54,-10.19,-0.29,0,,
0,360,-0.54,-10.19,-0.29,0.01,,
0,360,0.04,-10.02,-0.22,0.01,,
0,360,0.04,-10.02,-0.22,0.01,,
0,360,0.04,-10.02,-0.22,0.01,,
0,360,-0.21,-10.08,-0.3,0.01,,
0,360,-0.21,-10.08,-0.3,0.01,,
0,360,-0.21,-10.08,-0.3,0,,
0,360,0.57,-10.19,-0.46,0,,
0,360,0.57,-10.19,-0.46,0,,
0,360,0.57,-10.19,-0.46,-0.01,,
0,360,-0.06,-9.82,0.19,-0.01,,
0,360,-0.06,-9.82,0.19,-0.02,,
0,360,-0.06,-9.82,0.19,-0.02,,
0,360,-0.11,-10.01,0.35,-0.02,,
0,360,-0.11,-10.01,0.35,-0.03,,
0,360,-0.11,-10.01,0.35,-0.03,,
0,360,-0.91,-10.17,-0.19,-0.01,,
0,360,-0.91,-10.17,-0.19,0.01,,
0,360,-0.91,-10.17,-0.19,0.01,,
0,360,-0.82,-10.18,-0.3,0.03,,
0,360,-0.82,-10.18,-0.3,0.01,,
0,360,-0.82,-10.18,-0.3,0.01,,
0,360,-0.54,-10.59,-1.89,-0.03,,
0,360,-0.54,-10.59,-1.89,-0.03,,
0,360,-0.54,-10.59,-1.89,0,,
0,360,0.47,-9.65,0.46,-0.01,,
0,360,0.47,-9.65,0.46,-0.01,,
0,360,0.47,-9.65,0.46,-0.01,,
0,360,-0.27,-10.29,-0.9,-0.01,,
0,360,-0.27,-10.29,-0.9,0.01,,
0,360,-0.27,-10.29,-0.9,-0.01,,
0,360,-0.27,-10.29,-0.9,-0.01,,
0,360,-0.71,-10.15,0.55,0.01,,
0,360,-0.71,-10.15,0.55,0,,
0,360,-0.71,-10.15,0.55,0,,
0,360,0.24,-10.45,-0.19,0.08,,
0,360,0.24,-10.45,-0.19,0.08,,
0,360,0.24,-10.45,-0.19,0.02,,
0,360,0.88,-10.23,0.72,0.03,,
0,360,0.88,-10.23,0.72,0.03,,
0,360,0.88,-10.23,0.72,0.05,,
0,360,0.29,-10.38,0.52,0.04,,
0,360,0.29,-10.38,0.52,0.04,,
0,360,0.29,-10.38,0.52,0.05,,
0,360,-0.05,-10.77,-0.18,0.05,,
0,360,-0.05,-10.77,-0.18,0.07,,
0,360,-0.05,-10.77,-0.18,0.09,,
0,360,-0.79,-10.54,0.41,0.09,,
0,360,-0.79,-10.54,0.41,0.09,,
0,360,-0.79,-10.54,0.41,0.09,,
0,360,0.19,-11.03,0.5,0.09,,
0,360,0.19,-11.03,0.5,0.09,,
0,360,0.19,-11.03,0.5,0.09,,
0,360,0.01,-10.4,-0.32,0.07,,
0,360,0.01,-10.4,-0.32,0.08,,
0,360,0.01,-10.4,-0.32,0.08,,
0,360,-1.34,-9.64,-0.31,0.06,,
0,360,-1.34,-9.64,-0.31,0.06,,
0,360,-1.34,-9.64,-0.31,0.07,,
0,360,-0.49,-9.86,-0.72,0.06,,
0,360,-0.49,-9.86,-0.72,0.06,,
0,360,-0.49,-9.86,-0.72,0.07,,
0,360,0.7,-10.15,-0.01,0.07,,
0,360,0.7,-10.15,-0.01,0.09,,
0,360,0.7,-10.15,-0.01,0.07,,
0,360,0.7,-10.15,-0.01,0.07,,
0,360,-0.44,-10.03,-0.25,0.07,,
0,360,-0.44,-10.03,-0.25,0.07,,
0,360,-0.44,-10.03,-0.25,0.07,,
0,360,1.29,-9.49,-0.17,0.03,,
0,360,1.29,-9.49,-0.17,0.03,,
0,360,1.29,-9.49,-0.17,0.01,,
0,360,1.44,-10.52,0.4,0.01,,
0,360,1.44,-10.52,0.4,-0.03,,
0,360,1.44,-10.52,0.4,-0.05,,
0,360,2.43,-10.2,-0.22,-0.05,,
0,360,2.43,-10.2,-0.22,-0.06,,
0,360,2.43,-10.2,-0.22,-0.06,,
0,360,1.51,-9.68,0.18,-0.06,,
0,360,1.51,-9.68,0.18,-0.03,,
0,360,1.51,-9.68,0.18,-0.03,,
0,360,1.51,-9.68,0.18,0,,
0,360,3.56,-10.43,0.58,0,,
0,360,3.56,-10.43,0.58,0.03,,
0,360,3.56,-10.43,0.58,0.05,,
0,360,2.84,-10.12,-0.31,0.05,,
0,360,2.84,-10.12,-0.31,0.09,,
0,360,2.84,-10.12,-0.31,0.09,,
0,360,1.19,-10.3,-1.02,0.11,,
0,360,1.19,-10.3,-1.02,0.15,,
0,360,1.19,-10.3,-1.02,0.15,,
0,360,1.2,-9.41,0.39,0.16,,
0,360,1.2,-9.41,0.39,0.16,,
0,360,1.2,-9.41,0.39,0.17,,
0,360,3.63,-9.11,-0.45,0.16,,
0,360,3.63,-9.11,-0.45,0.16,,
0,360,3.63,-9.11,-0.45,0.14,,
0,360,2.87,-8.71,0.28,0.14,,
0,360,2.87,-8.71,0.28,0.13,,
0,360,2.87,-8.71,0.28,0.14,,
0,360,3.23,-8.78,-0.98,0.14,,
0,360,3.23,-8.78,-0.98,0.16,,
0,360,3.23,-8.78,-0.98,0.2,,
0,360,3.23,-8.78,-0.98,0.2,,
0,360,4.19,-9.15,0.24,0.19,,
0,360,4.19,-9.15,0.24,0.19,,
0,360,4.19,-9.15,0.24,0.15,,
0,360,3.16,-8.46,-0.29,0.11,,
0,360,3.16,-8.46,-0.29,0.11,,
0,360,3.16,-8.46,-0.29,0.09,,
0,360,3.96,-9.7,0.4,0.09,,
0,360,3.96,-9.7,0.4,0.09,,
0,360,3.96,-9.7,0.4,0.09,,
0,360,3.6,-9.07,0.1,0.09,,
0,360,3.6,-9.07,0.1,0.07,,
0,360,3.6,-9.07,0.1,0.06,,
0,360,4.26,-8.81,0.05,0.06,,
0,360,4.26,-8.81,0.05,0.06,,
0,360,4.26,-8.81,0.05,0.06,,
0,360,4.84,-8.8,0.22,0.02,,
0,360,4.84,-8.8,0.22,-0.01,,
0,360,4.84,-8.8,0.22,-0.01,,
0,360,4.57,-8.82,0.16,-0.03,,
0,360,4.57,-8.82,0.16,-0.03,,
0,360,4.57,-8.82,0.16,-0.06,,
0,360,4.35,-8.69,0.13,-0.09,,
0,360,4.35,-8.69,0.13,-0.09,,
0,360,4.35,-8.69,0.13,-0.13,,
0,360,4.35,-8.69,0.13,-0.13,,
0,360,4.16,-8.6,0.08,-0.16,,
0,360,4.16,-8.6,0.08,-0.2,,
0,360,4.16,-8.6,0.08,-0.2,,
0,360,4.47,-8.61,-0.04,-0.24,,
0,360,4.47,-8.61,-0.04,-0.24,,
0,360,4.47,-8.61,-0.04,-0.28,,
0,360,5.06,-8.97,-0.21,-0.29,,
0,360,5.06,-8.97,-0.21,-0.29,,
0,360,5.06,-8.97,-0.21,-0.3,,
0,360,5.73,-8.8,-0.24,-0.31,,
0,360,5.73,-8.8,-0.24,-0.31,,
0,360,5.73,-8.8,-0.24,-0.34,,
0,360,6.37,-8.49,-0.39,-0.34,,
0,360,6.37,-8.49,-0.39,-0.36,,
0,360,6.37,-8.49,-0.39,-0.37,,
0,360,6.78,-8.55,-0.63,-0.37,,
0,360,6.78,-8.55,-0.63,-0.37,,
0,360,6.78,-8.55,-0.63,-0.37,,
0,360,6.61,-8.94,-0.95,-0.36,,
0,360,6.61,-8.94,-0.95,-0.35,,
0,360,6.61,-8.94,-0.95,-0.35,,
0,360,6.61,-8.94,-0.95,-0.35,,
0,360,6.14,-8.51,-0.83,-0.35,,
0,360,6.14,-8.51,-0.83,-0.35,,
0,360,6.14,-8.51,-0.83,-0.35,,
0,360,5.86,-8.44,-0.77,-0.35,,
0,360,5.86,-8.44,-0.77,-0.36,,
0,420,5.86,-8.44,-0.77,-0.36,,
0,420,5.76,-8.52,-0.68,-0.36,,
0,420,5.76,-8.52,-0.68,-0.37,,
0,420,5.76,-8.52,-0.68,-0.37,,
0,420,5.88,-8.31,-0.75,-0.39,,
0,420,5.88,-8.31,-0.75,-0.39,,
0,420,5.88,-8.31,-0.75,-0.39,,
0,420,6.15,-8.49,-1.02,-0.39,,
0,420,6.15,-8.49,-1.02,-0.39,,
0,420,6.15,-8.49,-1.02,-0.38,,
0,420,6.01,-8.65,-1.13,-0.36,,
0,420,6.01,-8.65,-1.13,-0.36,,
0,420,6.01,-8.65,-1.13,-0.35,,
0,420,5.42,-8.31,-1.18,-0.32,,
0,420,5.42,-8.31,-1.18,-0.32,,
0,420,5.42,-8.31,-1.18,-0.31,,
0,420,4.66,-8.38,-1.32,-0.31,,
0,420,4.66,-8.38,-1.32,-0.31,,
0,420,4.66,-8.38,-1.32,-0.32,,
0,420,4.66,-8.38,-1.32,-0.32,,
0,420,4.98,-7.89,-1.16,-0.34,,
0,420,4.98,-7.89,-1.16,-0.34,,
0,420,4.98,-7.89,-1.16,-0.37,,
0,420,5.63,-7.45,-1.07,-0.37,,
0,420,5.63,-7.45,-1.07,-0.43,,
0,420,5.63,-7.45,-1.07,-0.48,,
0,420,5.45,-7.25,-1.31,-0.48,,
0,420,5.45,-7.25,-1.31,-0.53,,
0,420,5.45,-7.25,-1.31,-0.53,,
0,420,5.12,-7.28,-1.65,-0.57,,
0,420,5.12,-7.28,-1.65,-0.6,,
0,420,5.12,-7.28,-1.65,-0.6,,
0,420,5.04,-7.29,-2.21,-0.62,,
0,420,5.04,-7.29,-2.21,-0.62,,
0,420,5.04,-7.29,-2.21,-0.63,,
0,420,5.04,-7.29,-2.21,-0.61,,
0,420,4.98,-7.52,-2.72,-0.61,,
0,420,4.98,-7.52,-2.72,-0.58,,
0,420,4.98,-7.52,-2.72,-0.58,,
0,420,5.08,-7.58,-2.86,-0.53,,
0,420,5.08,-7.58,-2.86,-0.48,,
0,420,5.08,-7.58,-2.86,-0.48,,
0,420,5.08,-7.77,-3.07,-0.42,,
0,420,5.08,-7.77,-3.07,-0.42,,
0,420,5.08,-7.77,-3.07,-0.35,,
0,420,5.44,-7.51,-3.11,-0.32,,
0,420,5.44,-7.51,-3.11,-0.32,,
0,420,5.44,-7.51,-3.11,-0.33,,
0,420,5.6,-6.69,-2.41,-0.33,,
0,420,5.6,-6.69,-2.41,-0.36,,
0,420,5.6,-6.69,-2.41,-0.4,,
0,420,5.43,-6.38,-2.33,-0.4,,
0,420,5.43,-6.38,-2.33,-0.47,,
0,420,5.43,-6.38,-2.33,-0.49,,
0,420,5.78,-6.46,-2.79,-0.49,,
0,420,5.78,-6.46,-2.79,-0.52,,
0,420,5.78,-6.46,-2.79,-0.52,,
0,420,5.78,-6.46,-2.79,-0.52,,
0,420,6.4,-6.43,-2.96,-0.51,,
0,420,6.4,-6.43,-2.96,-0.51,,
0,420,6.4,-6.43,-2.96,-0.52,,
0,420,7.02,-6.03,-3.11,-0.52,,
0,420,7.02,-6.03,-3.11,-0.54,,
0,420,7.02,-6.03,-3.11,-0.56,,
0,420,7.21,-5.79,-3.13,-0.56,,
0,420,7.21,-5.79,-3.13,-0.6,,
0,420,7.21,-5.79,-3.13,-0.61,,
0,420,7.05,-5.61,-3.51,-0.61,,
0,420,7.05,-5.61,-3.51,-0.61,,
0,420,7.05,-5.61,-3.51,-0.61,,
0,420,7.17,-5.67,-3.88,-0.57,,
0,420,7.17,-5.67,-3.88,-0.56,,
0,420,7.17,-5.67,-3.88,-0.56,,
0,420,6.91,-5.62,-3.82,-0.52,,
0,420,6.91,-5.62,-3.82,-0.48,,
0,420,6.91,-5.62,-3.82,-0.48,,
0,420,7.39,-5.31,-3.79,-0.46,,
0,420,7.39,-5.31,-3.79,-0.46,,
0,420,7.39,-5.31,-3.79,-0.46,,
0,420,7.11,-5.14,-3.72,-0.44,,
0,420,7.11,-5.14,-3.72,-0.44,,
0,420,7.11,-5.14,-3.72,-0.44,,
0,420,7.05,-5.21,-3.8,-0.44,,
0,420,7.05,-5.21,-3.8,-0.43,,
0,420,7.05,-5.21,-3.8,-0.43,,
0,420,7.41,-5.31,-3.95,-0.43,,
0,420,7.41,-5.31,-3.95,-0.43,,
0,420,7.41,-5.31,-3.95,-0.43,,
0,420,7.41,-5.31,-3.95,-0.42,,
0,420,7.33,-4.91,-3.78,-0.42,,
0,420,7.33,-4.91,-3.78,-0.42,,
0,420,7.33,-4.91,-3.78,-0.4,,
0,420,7.65,-4.8,-3.87,-0.4,,
0,420,7.65,-4.8,-3.87,-0.4,,
0,420,7.65,-4.8,-3.87,-0.39,,
0,420,8.02,-4.85,-3.92,-0.39,,
0,420,8.02,-4.85,-3.92,-0.39,,
0,420,8.02,-4.85,-3.92,-0.39,,
0,420,8.39,-4.59,-3.82,-0.39,,
0,420,8.39,-4.59,-3.82,-0.4,,
0,420,8.39,-4.59,-3.82,-0.4,,
0,420,8.78,-4.38,-3.71,-0.41,,
0,420,8.78,-4.38,-3.71,-0.43,,
0,420,8.78,-4.38,-3.71,-0.43,,
0,420,8.69,-4.31,-3.84,-0.44,,
0,420,8.69,-4.31,-3.84,-0.44,,
0,420,8.69,-4.31,-3.84,-0.47,,
0,420,8.56,-4.5,-4.16,-0.46,,
0,420,8.56,-4.5,-4.16,-0.46,,
0,420,8.56,-4.5,-4.16,-0.45,,
0,420,8.56,-4.5,-4.16,-0.45,,
0,420,7.85,-4.4,-4.26,-0.43,,
0,420,7.85,-4.4,-4.26,-0.4,,
0,420,7.85,-4.4,-4.26,-0.4,,
0,420,7.76,-4.59,-4.65,-0.37,,
0,420,7.76,-4.59,-4.65,-0.32,,
0,420,7.76,-4.59,-4.65,-0.32,,
0,420,7.71,-4.54,-4.66,-0.29,,
0,420,7.71,-4.54,-4.66,-0.29,,
0,420,7.71,-4.54,-4.66,-0.27,,
0,420,7.69,-4.39,-4.4,-0.27,,
0,420,7.69,-4.39,-4.4,-0.27,,
0,420,7.69,-4.39,-4.4,-0.29,,
0,420,8.18,-3.98,-3.97,-0.29,,
0,420,8.18,-3.98,-3.97,-0.33,,
0,420,8.18,-3.98,-3.97,-0.36,,
0,420,8.5,-3.76,-3.75,-0.36,,
0,420,8.5,-3.76,-3.75,-0.4,,
0,420,8.5,-3.76,-3.75,-0.4,,
0,420,8.5,-3.76,-3.75,-0.43,,
0,420,9.01,-3.82,-4.19,-0.43,,
0,420,9.01,-3.82,-4.19,-0.43,,
0,420,9.01,-3.82,-4.19,-0.41,,
0,420,8.66,-3.94,-4.38,-0.41,,
0,420,8.66,-3.94,-4.38,-0.38,,
0,420,8.66,-3.94,-4.38,-0.36,,
0,420,8.28,-3.92,-4.37,-0.36,,
0,420,8.28,-3.92,-4.37,-0.33,,
0,420,8.28,-3.92,-4.37,-0.33,,
0,420,8.15,-3.63,-4.21,-0.31,,
0,420,8.15,-3.63,-4.21,-0.29,,
0,420,8.15,-3.63,-4.21,-0.29,,
0,420,8.08,-3.64,-4.24,-0.27,,
0,420,8.08,-3.64,-4.24,-0.27,,
0,420,8.08,-3.64,-4.24,-0.24,,
0,420,8.08,-3.64,-4.24,-0.22,,
0,420,8.15,-3.93,-4.04,-0.22,,
0,420,8.15,-3.93,-4.04,-0.2,,
0,420,8.15,-3.93,-4.04,-0.2,,
0,420,8.08,-3.75,-3.71,-0.2,,
0,420,8.08,-3.75,-3.71,-0.2,,
0,420,8.08,-3.75,-3.71,-0.22,,
0,420,7.83,-3.39,-3.32,-0.24,,
0,420,7.83,-3.39,-3.32,-0.24,,
0,420,7.83,-3.39,-3.32,-0.27,,
0,420,7.61,-3.65,-3.44,-0.27,,
0,420,7.61,-3.65,-3.44,-0.29,,
0,420,7.61,-3.65,-3.44,-0.3,,
0,420,7.66,-3.86,-3.69,-0.3,,
0,420,7.66,-3.86,-3.69,-0.3,,
0,420,7.66,-3.86,-3.69,-0.3,,
0,420,7.66,-3.86,-3.69,-0.3,,
0,420,7.71,-3.8,-3.66,-0.31,,
0,420,7.71,-3.8,-3.66,-0.31,,
0,420,7.71,-3.8,-3.66,-0.32,,
0,420,7.93,-3.9,-3.61,-0.32,,
0,420,7.93,-3.9,-3.61,-0.34,,
0,420,7.93,-3.9,-3.61,-0.36,,
0,420,8.26,-3.8,-3.49,-0.36,,
0,420,8.26,-3.8,-3.49,-0.39,,
0,480,8.26,-3.8,-3.49,-0.43,,
0,480,8.32,-3.71,-3.45,-0.43,,
0,480,8.32,-3.71,-3.45,-0.46,,
0,480,8.32,-3.71,-3.45,-0.46,,
0,480,8.26,-3.95,-3.72,-0.47,,
0,480,8.26,-3.95,-3.72,-0.47,,
0,480,8.26,-3.95,-3.72,-0.47,,
0,480,8.34,-3.98,-3.85,-0.48,,
0,480,8.34,-3.98,-3.85,-0.48,,
0,480,8.34,-3.98,-3.85,-0.48,,
0,480,8.41,-3.76,-3.8,-0.48,,
0,480,8.41,-3.76,-3.8,-0.48,,
0,480,8.41,-3.76,-3.8,-0.48,,
0,480,8.4,-3.77,-3.93,-0.48,,
0,480,8.4,-3.77,-3.93,-0.48,,
0,480,8.4,-3.77,-3.93,-0.49,,
0,480,8.4,-3.77,-3.93,-0.49,,
0,480,8.26,-3.83,-3.96,-0.48,,
0,480,8.26,-3.83,-3.96,-0.48,,
0,480,8.26,-3.83,-3.96,-0.48,,
0,480,8.08,-3.9,-3.9,-0.49,,
0,480,8.08,-3.9,-3.9,-0.49,,
0,480,8.08,-3.9,-3.9,-0.49,,
0,480,7.92,-3.69,-3.82,-0.51,,
0,480,7.92,-3.69,-3.82,-0.51,,
0,480,7.92,-3.69,-3.82,-0.52,,
0,480,7.9,-3.61,-3.75,-0.52,,
0,480,7.9,-3.61,-3.75,-0.54,,
0,480,7.9,-3.61,-3.75,-0.56,,
0,480,8.08,-3.56,-3.81,-0.56,,
0,480,8.08,-3.56,-3.81,-0.59,,
0,480,8.08,-3.56,-3.81,-0.59,,
0,480,8.15,-3.4,-3.83,-0.62,,
0,480,8.15,-3.4,-3.83,-0.63,,
0,480,8.15,-3.4,-3.83,-0.63,,
0,480,8.14,-3.28,-3.99,-0.65,,
0,480,8.14,-3.28,-3.99,-0.66,,
0,480,8.14,-3.28,-3.99,-0.66,,
0,480,8.14,-3.16,-4.12,-0.65,,
0,480,8.14,-3.16,-4.12,-0.65,,
0,480,8.14,-3.16,-4.12,-0.65,,
0,480,8.14,-3.16,-4.12,-0.64,,
0,480,8.09,-3.08,-4.37,-0.64,,
0,480,8.09,-3.08,-4.37,-0.63,,
0,480,8.09,-3.08,-4.37,-0.63,,
0,480,8.19,-3.04,-4.4,-0.61,,
0,480,8.19,-3.04,-4.4,-0.6,,
0,480,8.19,-3.04,-4.4,-0.6,,
0,480,8.4,-2.83,-4.33,-0.59,,
0,480,8.4,-2.83,-4.33,-0.59,,
0,480,8.4,-2.83,-4.33,-0.58,,
0,480,8.79,-2.74,-4.29,-0.58,,
0,480,8.79,-2.74,-4.29,-0.58,,
0,480,8.79,-2.74,-4.29,-0.6,,
0,480,8.97,-2.72,-4.19,-0.6,,
0,480,8.97,-2.72,-4.19,-0.61,,
0,480,8.97,-2.72,-4.19,-0.62,,
0,480,8.86,-2.62,-4.41,-0.62,,
0,480,8.86,-2.62,-4.41,-0.62,,
0,480,8.86,-2.62,-4.41,-0.61,,
0,480,8.7,-2.66,-4.56,-0.61,,
0,480,8.7,-2.66,-4.56,-0.6,,
0,480,8.7,-2.66,-4.56,-0.6,,
0,480,8.64,-2.74,-4.6,-0.58,,
0,480,8.64,-2.74,-4.6,-0.56,,
0,480,8.64,-2.74,-4.6,-0.56,,
0,480,8.63,-2.53,-4.49,-0.54,,
0,480,8.63,-2.53,-4.49,-0.53,,
0,480,8.63,-2.53,-4.49,-0.53,,
0,480,8.63,-2.53,-4.49,-0.52,,
0,480,8.51,-2.57,-4.43,-0.52,,
0,480,8.51,-2.57,-4.43,-0.5,,
0,480,8.51,-2.57,-4.43,-0.5,,
0,480,8.35,-2.57,-4.36,-0.51,,
0,480,8.35,-2.57,-4.36,-0.5,,
0,480,8.35,-2.57,-4.36,-0.5,,
0,480,8.35,-2.53,-4.24,-0.51,,
0,480,8.35,-2.53,-4.24,-0.51,,
0,480,8.35,-2.53,-4.24,-0.52,,
0,480,8.37,-2.5,-4.24,-0.53,,
0,480,8.37,-2.5,-4.24,-0.53,,
0,480,8.37,-2.5,-4.24,-0.53,,
0,480,8.37,-2.5,-4.24,-0.53,,
0,480,8.4,-2.43,-4.39,-0.54,,
0,480,8.4,-2.43,-4.39,-0.53,,
0,480,8.4,-2.43,-4.39,-0.53,,
0,480,8.4,-2.43,-4.43,-0.51,,
0,480,8.4,-2.43,-4.43,-0.51,,
0,480,8.4,-2.43,-4.43,-0.5,,
0,480,8.38,-2.41,-4.5,-0.48,,
0,480,8.38,-2.41,-4.5,-0.48,,
0,480,8.38,-2.41,-4.5,-0.47,,
0,480,8.49,-2.32,-4.31,-0.47,,
0,480,8.49,-2.32,-4.31,-0.46,,
0,480,8.49,-2.32,-4.31,-0.45,,
0,480,8.48,-2.27,-4.21,-0.45,,
0,480,8.48,-2.27,-4.21,-0.45,,
0,480,8.48,-2.27,-4.21,-0.45,,
0,480,8.48,-2.27,-4.21,-0.45,,
0,480,8.74,-2.08,-4.22,-0.45,,
0,480,8.74,-2.08,-4.22,-0.45,,
0,480,8.74,-2.08,-4.22,-0.44,,
0,480,8.84,-2.22,-4.33,-0.44,,
0,480,8.84,-2.22,-4.33,-0.43,,
0,480,8.84,-2.22,-4.33,-0.43,,
0,480,8.9,-2.13,-4.33,-0.43,,
0,480,8.9,-2.13,-4.33,-0.42,,
0,480,8.9,-2.13,-4.33,-0.4,,
0,480,8.7,-2.15,-4.2,-0.4,,
0,480,8.7,-2.15,-4.2,-0.39,,
0,480,8.7,-2.15,-4.2,-0.39,,
0,480,8.55,-2.17,-4.17,-0.37,,
0,480,8.55,-2.17,-4.17,-0.36,,
0,480,8.55,-2.17,-4.17,-0.36,,
0,480,8.46,-2.07,-4.03,-0.34,,
0,480,8.46,-2.07,-4.03,-0.34,,
0,480,8.46,-2.07,-4.03,-0.33,,
0,480,8.64,-2.16,-4.03,-0.33,,
0,480,8.64,-2.16,-4.03,-0.33,,
0,480,8.64,-2.16,-4.03,-0.31,,
0,480,8.64,-2.4,-4.13,-0.28,,
0,480,8.64,-2.4,-4.13,-0.28,,
0,480,8.64,-2.4,-4.13,-0.27,,
0,480,8.81,-2.47,-4.12,-0.22,,
0,480,8.79,-2.46,-3.87,-0.21,,
0,480,8.79,-2.46,-3.87,-0.21,,
0,480,8.79,-2.46,-3.87,-0.21,,
0,480,8.77,-2.35,-3.55,-0.21,,
0,480,8.77,-2.35,-3.55,-0.21,,
0,480,8.77,-2.35,-3.55,-0.21,,
0,480,8.7,-2.31,-3.45,-0.21,,
0,480,8.7,-2.31,-3.45,-0.22,,
0,480,8.7,-2.31,-3.45,-0.21,,
0,480,8.79,-2.52,-3.55,-0.21,,
0,480,8.79,-2.52,-3.55,-0.22,,
0,480,8.79,-2.52,-3.55,-0.22,,
0,480,8.97,-2.59,-3.4,-0.21,,
0,480,8.97,-2.59,-3.4,-0.2,,
0,480,8.97,-2.59,-3.4,-0.2,,
0,480,9.26,-2.69,-3.39,-0.2,,
0,480,9.26,-2.69,-3.39,-0.2,,
0,480,9.26,-2.69,-3.39,-0.2,,
0,480,9.19,-2.72,-3.38,-0.19,,
0,480,9.19,-2.72,-3.38,-0.19,,
0,480,9.19,-2.72,-3.38,-0.18,,
0,480,8.99,-2.93,-3.31,-0.17,,
0,480,8.99,-2.93,-3.31,-0.17,,
0,480,8.99,-2.93,-3.31,-0.15,,
0,480,8.99,-2.93,-3.31,-0.15,,
0,480,9.04,-3.12,-3.25,-0.13,,
0,480,9.04,-3.12,-3.25,-0.11,,
0,480,9.04,-3.12,-3.25,-0.11,,
0,480,9,-3.05,-2.93,-0.1,,
0,480,9,-3.05,-2.93,-0.1,,
0,480,9,-3.05,-2.93,-0.09,,
0,480,9.08,-3.11,-2.66,-0.09,,
0,480,9.08,-3.11,-2.66,-0.09,,
0,480,9.08,-3.11,-2.66,-0.1,,
0,480,9.05,-3.19,-2.54,-0.11,,
0,480,9.05,-3.19,-2.54,-0.11,,
0,480,9.05,-3.19,-2.54,-0.13,,
0,480,9.02,-3.17,-2.38,-0.13,,
0,480,9.02,-3.17,-2.38,-0.15,,
0,480,9.02,-3.17,-2.38,-0.16,,
0,480,9.09,-3.28,-2.35,-0.16,,
0,480,9.09,-3.28,-2.35,-0.19,,
0,540,9.09,-3.28,-2.35,-0.21,,
0,540,9.02,-3.31,-2.25,-0.21,,
0,540,9.02,-3.31,-2.25,-0.24,,
0,540,9.02,-3.31,-2.25,-0.24,,
0,540,8.98,-3.39,-2.13,-0.27,,
0,540,8.98,-3.39,-2.13,-0.29,,
0,540,8.98,-3.39,-2.13,-0.29,,
0,540,9.01,-3.33,-2.07,-0.31,,
0,540,9.01,-3.33,-2.07,-0.31,,
0,540,9.01,-3.33,-2.07,-0.33,,
0,540,9.34,-3.27,-1.95,-0.34,,
0,540,9.34,-3.27,-1.95,-0.34,,
0,540,9.34,-3.27,-1.95,-0.36,,
0,540,9.45,-3.22,-2.02,-0.37,,
0,540,9.45,-3.22,-2.02,-0.37,,
0,540,9.45,-3.22,-2.02,-0.39,,
0,540,9.45,-3.22,-2.02,-0.39,,
0,540,9.67,-3.19,-2,-0.4,,
0,540,9.67,-3.19,-2,-0.42,,
0,540,9.67,-3.19,-2,-0.42,,
0,540,9.72,-3.13,-2.11,-0.44,,
0,540,9.72,-3.13,-2.11,-0.44,,
0,540,9.72,-3.13,-2.11,-0.43,,
0,540,9.67,-3.29,-2.4,-0.42,,
0,540,9.67,-3.29,-2.4,-0.42,,
0,540,9.67,-3.29,-2.4,-0.39,,
0,540,9.4,-3.39,-2.31,-0.37,,
0,540,9.4,-3.39,-2.31,-0.37,,
0,540,9.4,-3.39,-2.31,-0.35,,
0,540,9.28,-3.42,-2.17,-0.35,,
0,540,9.28,-3.42,-2.17,-0.34,,
0,540,9.28,-3.42,-2.17,-0.34,,
0,540,9.3,-3.34,-1.94,-0.34,,
0,540,9.3,-3.34,-1.94,-0.35,,
0,540,9.3,-3.34,-1.94,-0.35,,
0,540,9.59,-3.35,-1.97,-0.34,,
0,540,9.59,-3.35,-1.97,-0.34,,
0,540,9.59,-3.35,-1.97,-0.34,,
0,540,9.54,-3.57,-2.09,-0.32,,
0,540,9.54,-3.57,-2.09,-0.32,,
0,540,9.54,-3.57,-2.09,-0.29,,
0,540,9.54,-3.57,-2.09,-0.27,,
0,540,9.17,-3.71,-1.84,-0.27,,
0,540,9.17,-3.71,-1.84,-0.26,,
0,540,9.17,-3.71,-1.84,-0.26,,
0,540,8.7,-3.76,-1.63,-0.26,,
0,540,8.7,-3.76,-1.63,-0.26,,
0,540,8.7,-3.76,-1.63,-0.26,,
0,540,8.52,-3.9,-1.51,-0.26,,
0,540,8.52,-3.9,-1.51,-0.27,,
0,540,8.52,-3.9,-1.51,-0.27,,
0,540,8.41,-4.09,-1.36,-0.29,,
0,540,8.41,-4.09,-1.36,-0.32,,
0,540,8.41,-4.09,-1.36,-0.32,,
0,540,8.78,-4.21,-1.25,-0.34,,
0,540,8.78,-4.21,-1.25,-0.37,,
0,540,8.78,-4.21,-1.25,-0.37,,
0,540,9.22,-4.19,-1.12,-0.42,,
0,540,9.22,-4.19,-1.12,-0.42,,
0,540,9.22,-4.19,-1.12,-0.48,,
0,540,9.19,-4.1,-0.95,-0.52,,
0,540,9.19,-4.1,-0.95,-0.52,,
0,540,9.19,-4.1,-0.95,-0.58,,
0,540,9.08,-4.26,-1.17,-0.62,,
0,540,9.08,-4.26,-1.17,-0.62,,
0,540,9.08,-4.26,-1.17,-0.65,,
0,540,8.6,-4.53,-1.31,-0.67,,
0,540,8.6,-4.53,-1.31,-0.67,,
0,540,8.6,-4.53,-1.31,-0.66,,
0,540,8.78,-4.66,-1.6,-0.66,,
0,540,8.78,-4.66,-1.6,-0.67,,
0,540,8.78,-4.66,-1.6,-0.67,,
0,540,8.98,-4.51,-1.36,-0.67,,
0,540,8.98,-4.51,-1.36,-0.66,,
0,540,8.98,-4.51,-1.36,-0.66,,
0,540,9.29,-4.43,-1.31,-0.66,,
0,540,9.29,-4.43,-1.31,-0.68,,
0,540,9.29,-4.43,-1.31,-0.69,,
0,540,9.17,-4.49,-1.22,-0.69,,
0,540,9.17,-4.49,-1.22,-0.69,,
0,540,9.17,-4.49,-1.22,-0.69,,
0,540,8.72,-4.48,-1.27,-0.71,,
0,540,8.72,-4.48,-1.27,-0.72,,
0,540,8.72,-4.48,-1.27,-0.72,,
0,540,8.55,-4.93,-1.4,-0.74,,
0,540,8.55,-4.93,-1.4,-0.75,,
0,540,8.55,-4.93,-1.4,-0.75,,
0,540,8.72,-4.9,-1.29,-0.76,,
0,540,8.72,-4.9,-1.29,-0.76,,
0,540,8.72,-4.9,-1.29,-0.76,,
0,540,9.07,-4.64,-1.17,-0.76,,
0,540,9.07,-4.64,-1.17,-0.76,,
0,540,9.07,-4.64,-1.17,-0.78,,
0,540,9.46,-4.88,-1.47,-0.78,,
0,540,9.46,-4.88,-1.47,-0.79,,
0,540,9.46,-4.88,-1.47,-0.78,,
0,540,9.37,-5.17,-1.78,-0.78,,
0,540,9.37,-5.17,-1.78,-0.77,,
0,540,9.37,-5.17,-1.78,-0.74,,
0,540,9.37,-5.13,-1.85,-0.74,,
0,540,9.37,-5.13,-1.85,-0.69,,
0,540,9.37,-5.13,-1.85,-0.69,,
0,540,9.13,-5.43,-2.04,-0.63,,
0,540,9.13,-5.43,-2.04,-0.56,,
0,540,9.13,-5.43,-2.04,-0.56,,
0,540,8.76,-5.67,-1.97,-0.48,,
0,540,8.76,-5.67,-1.97,-0.48,,
0,540,8.76,-5.67,-1.97,-0.42,,
0,540,8.49,-5.87,-1.64,-0.38,,
0,540,8.49,-5.87,-1.64,-0.38,,
0,540,8.49,-5.87,-1.64,-0.36,,
0,540,8.49,-5.87,-1.64,-0.36,,
0,540,8.5,-5.83,-1.08,-0.36,,
0,540,8.5,-5.83,-1.08,-0.38,,
0,540,8.5,-5.83,-1.08,-0.38,,
0,540,8.3,-5.82,-0.64,-0.42,,
0,540,8.3,-5.82,-0.64,-0.45,,
0,540,8.3,-5.82,-0.64,-0.45,,
0,540,8.02,-6.39,-1.04,-0.47,,
0,540,8.02,-6.39,-1.04,-0.47,,
0,540,8.02,-6.39,-1.04,-0.47,,
0,540,7.73,-6.83,-1.32,-0.45,,
0,540,7.73,-6.83,-1.32,-0.45,,
0,540,7.73,-6.83,-1.32,-0.43,,
0,540,7.84,-6.71,-1.1,-0.42,,
0,540,7.84,-6.71,-1.1,-0.42,,
0,540,7.84,-6.71,-1.1,-0.41,,
0,540,7.92,-6.7,-1.05,-0.41,,
0,540,7.92,-6.7,-1.05,-0.42,,
0,540,7.92,-6.7,-1.05,-0.41,,
0,540,7.64,-7.33,-1.12,-0.41,,
0,540,7.64,-7.33,-1.12,-0.4,,
0,540,7.64,-7.33,-1.12,-0.4,,
0,540,7.64,-7.33,-1.12,-0.39,,
0,540,7.43,-7.36,-0.94,-0.42,,
0,540,7.43,-7.36,-0.94,-0.42,,
0,540,7.43,-7.36,-0.94,-0.45,,
0,540,7.06,-7.42,-0.71,-0.45,,
0,540,7.06,-7.42,-0.71,-0.48,,
0,540,7.06,-7.42,-0.71,-0.49,,
0,540,6.86,-7.56,-1.02,-0.49,,
0,540,6.86,-7.56,-1.02,-0.5,,
0,540,6.86,-7.56,-1.02,-0.5,,
0,540,6.32,-7.83,-1.22,-0.49,,
0,540,6.32,-7.83,-1.22,-0.48,,
0,540,6.32,-7.83,-1.22,-0.48,,
0,540,6.04,-8.29,-1.25,-0.47,,
0,540,6.04,-8.29,-1.25,-0.47,,
0,540,6.04,-8.29,-1.25,-0.48,,
0,540,6.04,-8.29,-1.25,-0.5,,
0,540,5.58,-8.44,-0.85,-0.5,,
0,540,5.58,-8.44,-0.85,-0.53,,
0,540,5.58,-8.44,-0.85,-0.53,,
0,540,5.92,-8.23,-0.5,-0.58,,
0,540,5.92,-8.23,-0.5,-0.67,,
0,540,5.92,-8.23,-0.5,-0.67,,
0,540,6.12,-8.42,-0.54,-0.73,,
0,540,6.12,-8.42,-0.54,-0.73,,
0,540,6.12,-8.42,-0.54,-0.81,,
0,540,6.17,-8.53,-0.87,-0.85,,
0,540,6.17,-8.53,-0.87,-0.85,,
0,540,6.17,-8.53,-0.87,-0.89,,
0,540,5.97,-8.34,-1.13,-0.92,,
0,540,5.97,-8.34,-1.13,-0.92,,
0,540,5.97,-8.34,-1.13,-0.94,,
0,540,5.32,-8.48,-1.8,-0.94,,
0,540,5.32,-8.48,-1.8,-0.94,,
0,600,5.32,-8.48,-1.8,-0.91,,
0,600,4.89,-8.83,-2.27,-0.91,,
0,600,4.89,-8.83,-2.27,-0.88,,
0,600,4.89,-8.83,-2.27,-0.87,,
0,600,4.76,-8.66,-2.2,-0.87,,
0,600,4.76,-8.66,-2.2,-0.85,,
0,600,4.76,-8.66,-2.2,-0.85,,
0,600,4.45,-8.57,-2.12,-0.83,,
0,600,4.45,-8.57,-2.12,-0.83,,
0,600,4.45,-8.57,-2.12,-0.83,,
0,600,3.66,-8.8,-2.3,-0.84,,
0,600,3.66,-8.8,-2.3,-0.84,,
0,600,3.66,-8.8,-2.3,-0.84,,
0,600,3.06,-8.86,-2.29,-0.82,,
0,600,3.06,-8.86,-2.29,-0.82,,
0,600,3.06,-8.86,-2.29,-0.83,,
0,600,3.06,-8.44,-2.49,-0.84,,
0,600,3.06,-8.44,-2.49,-0.84,,
0,600,3.06,-8.44,-2.49,-0.86,,
0,600,2.57,-8.43,-2.83,-0.84,,
0,600,2.57,-8.43,-2.83,-0.84,,
0,600,2.57,-8.43,-2.83,-0.82,,
0,600,2.28,-8.94,-3.48,-0.82,,
0,600,2.28,-8.94,-3.48,-0.75,,
0,600,2.28,-8.94,-3.48,-0.71,,
0,600,2.15,-8.84,-3.18,-0.71,,
0,600,2.15,-8.84,-3.18,-0.66,,
0,600,2.15,-8.84,-3.18,-0.65,,
0,600,2.13,-8.48,-2.9,-0.65,,
0,600,2.13,-8.48,-2.9,-0.67,,
0,600,2.13,-8.48,-2.9,-0.67,,
0,600,2.13,-8.48,-2.9,-0.67,,
0,600,1.89,-8.67,-3.33,-0.66,,
0,600,1.89,-8.67,-3.33,-0.66,,
0,600,1.89,-8.67,-3.33,-0.64,,
0,600,1.67,-9.08,-3.65,-0.58,,
0,600,1.67,-9.08,-3.65,-0.58,,
0,600,1.67,-9.08,-3.65,-0.54,,
0,600,1.6,-8.88,-3.66,-0.54,,
0,600,1.6,-8.88,-3.66,-0.52,,
0,600,1.6,-8.88,-3.66,-0.5,,
0,600,1.16,-8.88,-3.67,-0.5,,
0,600,1.16,-8.88,-3.67,-0.48,,
0,600,1.16,-8.88,-3.67,-0.48,,
0,600,0.66,-8.98,-3.66,-0.44,,
0,600,0.66,-8.98,-3.66,-0.42,,
0,600,0.66,-8.98,-3.66,-0.42,,
0,600,0.4,-8.81,-3.35,-0.42,,
0,600,0.4,-8.81,-3.35,-0.42,,
0,600,0.4,-8.81,-3.35,-0.43,,
0,600,0.04,-8.53,-3.38,-0.44,,
0,600,0.04,-8.53,-3.38,-0.44,,
0,600,0.04,-8.53,-3.38,-0.46,,
0,600,-0.49,-8.99,-3.82,-0.46,,
0,600,-0.49,-8.99,-3.82,-0.46,,
0,600,-0.49,-8.99,-3.82,-0.44,,
0,600,-0.49,-9.02,-3.99,-0.44,,
0,600,-0.49,-9.02,-3.99,-0.42,,
0,600,-0.49,-9.02,-3.99,-0.4,,
0,600,-0.49,-9.02,-3.99,-0.4,,
0,600,-0.21,-8.76,-3.94,-0.39,,
0,600,-0.21,-8.76,-3.94,-0.39,,
0,600,-0.21,-8.76,-3.94,-0.4,,
0,600,-0.36,-8.68,-3.91,-0.39,,
0,600,-0.36,-8.68,-3.91,-0.39,,
0,600,-0.36,-8.68,-3.91,-0.37,,
0,600,-0.49,-8.76,-4.01,-0.37,,
0,600,-0.49,-8.76,-4.01,-0.34,,
0,600,-0.49,-8.76,-4.01,-0.32,,
0,600,-0.27,-8.8,-4.2,-0.32,,
0,600,-0.27,-8.8,-4.2,-0.31,,
0,600,-0.27,-8.8,-4.2,-0.31,,
0,600,-0.46,-8.92,-3.87,-0.33,,
0,600,-0.46,-8.92,-3.87,-0.36,,
0,600,-0.46,-8.92,-3.87,-0.36,,
0,600,-0.62,-8.95,-3.87,-0.39,,
0,600,-0.62,-8.95,-3.87,-0.39,,
0,600,-0.62,-8.95,-3.87,-0.43,,
0,600,-0.62,-8.95,-3.87,-0.47,,
0,600,-0.64,-8.9,-3.92,-0.47,,
0,600,-0.64,-8.9,-3.92,-0.5,,
0,600,-0.36,-8.94,-4.36,-0.5,,
0,600,-0.36,-8.94,-4.36,-0.5,,
0,600,-0.36,-8.94,-4.36,-0.48,,
0,600,-0.36,-8.94,-4.36,-0.48,,
0,600,-0.45,-9.01,-4.6,-0.46,,
0,600,-0.45,-9.01,-4.6,-0.44,,
0,600,-0.45,-9.01,-4.6,-0.44,,
0,600,-0.96,-8.96,-4.67,-0.44,,
0,600,-0.96,-8.96,-4.67,-0.44,,
0,600,-0.96,-8.96,-4.67,-0.44,,
0,600,-1.81,-9.04,-4.79,-0.44,,
0,600,-1.81,-9.04,-4.79,-0.42,,
0,600,-1.81,-9.04,-4.79,-0.42,,
0,600,-1.81,-9.04,-4.79,-0.42,,
0,600,-2.05,-9.06,-4.7,-0.41,,
0,600,-2.05,-9.06,-4.7,-0.41,,
0,600,-2.05,-9.06,-4.7,-0.42,,
0,600,-1.85,-8.91,-4.57,-0.42,,
0,600,-1.85,-8.91,-4.57,-0.42,,
0,600,-1.85,-8.91,-4.57,-0.44,,
0,600,-1.67,-8.69,-4.63,-0.44,,
0,600,-1.67,-8.69,-4.63,-0.44,,
0,600,-1.67,-8.69,-4.63,-0.44,,
0,600,-2.17,-8.71,-4.81,-0.44,,
0,600,-2.17,-8.71,-4.81,-0.43,,
0,600,-2.17,-8.71,-4.81,-0.43,,
0,600,-2.8,-8.67,-5.06,-0.43,,
0,600,-2.8,-8.67,-5.06,-0.42,,
0,600,-2.8,-8.67,-5.06,-0.42,,
0,600,-2.69,-8.84,-5.27,-0.4,,
0,600,-2.69,-8.84,-5.27,-0.38,,
0,600,-2.69,-8.84,-5.27,-0.38,,
0,600,-2.77,-8.59,-5.12,-0.36,,
0,600,-2.77,-8.59,-5.12,-0.36,,
0,600,-2.77,-8.59,-5.12,-0.36,,
0,600,-2.81,-8.31,-4.99,-0.36,,
0,600,-2.81,-8.31,-4.99,-0.36,,
0,600,-2.81,-8.31,-4.99,-0.37,,
0,600,-2.81,-8.31,-4.99,-0.37,,
0,600,-3,-8.28,-5.16,-0.37,,
0,600,-3,-8.28,-5.16,-0.36,,
0,600,-3,-8.28,-5.16,-0.36,,
0,600,-2.78,-8.49,-5.23,-0.35,,
0,600,-2.78,-8.49,-5.23,-0.35,,
0,600,-2.78,-8.49,-5.23,-0.33,,
0,600,-2.47,-8.33,-5.11,-0.33,,
0,600,-2.47,-8.33,-5.11,-0.33,,
0,600,-2.47,-8.33,-5.11,-0.33,,
0,600,-2.69,-8.33,-5.12,-0.34,,
0,600,-2.69,-8.33,-5.12,-0.34,,
0,600,-2.69,-8.33,-5.12,-0.34,,
0,600,-3.1,-8.28,-4.96,-0.34,,
0,600,-3.1,-8.28,-4.96,-0.37,,
0,600,-3.1,-8.28,-4.96,-0.4,,
0,600,-3.34,-7.93,-4.79,-0.4,,
0,600,-3.34,-7.93,-4.79,-0.43,,
0,600,-3.34,-7.93,-4.79,-0.43,,
0,600,-3.84,-7.71,-5.03,-0.45,,
0,600,-3.84,-7.71,-5.03,-0.46,,
0,600,-3.84,-7.71,-5.03,-0.46,,
0,600,-4,-8.27,-5.66,-0.44,,
0,600,-4,-8.27,-5.66,-0.44,,
0,600,-4,-8.27,-5.66,-0.41,,
0,600,-4,-8.27,-5.66,-0.39,,
0,600,-3.87,-7.79,-5.22,-0.39,,
0,600,-3.87,-7.79,-5.22,-0.39,,
0,600,-3.87,-7.79,-5.22,-0.4,,
0,600,-3.55,-7.61,-5.3,-0.43,,
0,600,-3.5,-7.75,-5.49,-0.43,,
0,600,-3.5,-7.75,-5.49,-0.43,,
0,600,-3.5,-7.75,-5.49,-0.41,,
0,600,-3.64,-7.59,-5.45,-0.41,,
0,600,-3.64,-7.59,-5.45,-0.41,,
0,600,-3.64,-7.59,-5.45,-0.4,,
0,600,-3.55,-7.63,-5.41,-0.4,,
0,600,-3.55,-7.63,-5.41,-0.4,,
0,600,-3.55,-7.63,-5.41,-0.42,,
0,600,-3.55,-7.63,-5.41,-0.42,,
0,600,-3.44,-7.44,-5.25,-0.44,,
0,600,-3.44,-7.44,-5.25,-0.44,,
0,600,-3.44,-7.44,-5.25,-0.47,,
0,600,-3.33,-7.21,-5.27,-0.49,,
0,660,-3.33,-7.21,-5.27,-0.49,,
0,660,-3.33,-7.21,-5.27,-0.51,,
0,660,-3.23,-7.28,-5.51,-0.51,,
0,660,-3.23,-7.28,-5.51,-0.51,,
0,660,-3.23,-7.28,-5.51,-0.53,,
0,660,-3.83,-6.88,-5.41,-0.53,,
0,660,-3.83,-6.88,-5.41,-0.55,,
0,660,-3.83,-6.88,-5.41,-0.55,,
0,660,-3.96,-7.04,-5.84,-0.56,,
0,660,-3.96,-7.04,-5.84,-0.56,,
0,660,-3.96,-7.04,-5.84,-0.56,,
0,660,-4.02,-6.91,-6.21,-0.54,,
0,660,-4.02,-6.91,-6.21,-0.54,,
0,660,-4.02,-6.91,-6.21,-0.5,,
0,660,-4.02,-6.91,-6.21,-0.45,,
0,660,-4.03,-6.97,-6.24,-0.45,,
0,660,-4.03,-6.97,-6.24,-0.43,,
0,660,-4.03,-6.97,-6.24,-0.43,,
0,660,-4.3,-6.43,-5.74,-0.43,,
0,660,-4.3,-6.43,-5.74,-0.45,,
0,660,-4.3,-6.43,-5.74,-0.45,,
0,660,-4.87,-6.25,-5.74,-0.48,,
0,660,-4.87,-6.25,-5.74,-0.48,,
0,660,-4.87,-6.25,-5.74,-0.49,,
0,660,-5.52,-6.41,-6.28,-0.49,,
0,660,-5.52,-6.41,-6.28,-0.49,,
0,660,-5.52,-6.41,-6.28,-0.49,,
0,660,-5.52,-6.41,-6.28,-0.49,,
0,660,-5.79,-6.34,-6.24,-0.47,,
0,660,-5.79,-6.34,-6.24,-0.47,,
0,660,-5.79,-6.34,-6.24,-0.47,,
0,660,-5.45,-6.11,-6.06,-0.47,,
0,660,-5.45,-6.11,-6.06,-0.47,,
0,660,-5.45,-6.11,-6.06,-0.46,,
0,660,-4.64,-6.08,-6.14,-0.46,,
0,660,-4.64,-6.08,-6.14,-0.46,,
0,660,-4.64,-6.08,-6.14,-0.46,,
0,660,-4.64,-6.08,-6.14,-0.46,,
0,660,-4.09,-5.98,-6.46,-0.44,,
0,660,-4.09,-5.98,-6.46,-0.44,,
0,660,-4.09,-5.98,-6.46,-0.41,,
0,660,-3.93,-6.15,-6.77,-0.41,,
0,660,-3.93,-6.15,-6.77,-0.36,,
0,660,-3.93,-6.15,-6.77,-0.32,,
0,660,-3.93,-6.27,-6.79,-0.32,,
0,660,-3.93,-6.27,-6.79,-0.25,,
0,660,-3.93,-6.27,-6.79,-0.23,,
0,660,-3.69,-5.95,-6.32,-0.23,,
0,660,-3.69,-5.95,-6.32,-0.22,,
0,660,-3.69,-5.95,-6.32,-0.22,,
0,660,-3.76,-5.76,-6.05,-0.24,,
0,660,-3.76,-5.76,-6.05,-0.27,,
0,660,-3.76,-5.76,-6.05,-0.27,,
0,660,-4.01,-5.87,-6.1,-0.29,,
0,660,-4.01,-5.87,-6.1,-0.29,,
0,660,-4.01,-5.87,-6.1,-0.31,,
0,660,-4.71,-5.83,-6.28,-0.34,,
0,660,-4.71,-5.83,-6.28,-0.34,,
0,660,-4.71,-5.83,-6.28,-0.34,,
0,660,-5.22,-6.04,-6.39,-0.34,,
0,660,-5.22,-6.04,-6.39,-0.34,,
0,660,-5.22,-6.04,-6.39,-0.34,,
0,660,-4.96,-5.89,-6.42,-0.34,,
0,660,-4.96,-5.89,-6.42,-0.33,,
0,660,-4.96,-5.89,-6.42,-0.34,,
0,660,-4.96,-5.89,-6.42,-0.34,,
0,660,-4.99,-5.51,-6.28,-0.35,,
0,660,-4.99,-5.51,-6.28,-0.35,,
0,660,-4.99,-5.51,-6.28,-0.37,,
0,660,-5.18,-5.65,-6.41,-0.37,,
0,660,-5.18,-5.65,-6.41,-0.37,,
0,660,-5.18,-5.65,-6.41,-0.37,,
0,660,-5.32,-5.28,-6.23,-0.4,,
0,660,-5.32,-5.28,-6.23,-0.4,,
0,660,-5.32,-5.28,-6.23,-0.44,,
0,660,-5.52,-5.29,-6.37,-0.44,,
0,660,-5.52,-5.29,-6.37,-0.47,,
0,660,-5.52,-5.29,-6.37,-0.49,,
0,660,-5.67,-5.28,-6.43,-0.49,,
0,660,-5.67,-5.28,-6.43,-0.5,,
0,660,-5.67,-5.28,-6.43,-0.51,,
0,660,-5.27,-5.3,-6.75,-0.51,,
0,660,-5.27,-5.3,-6.75,-0.5,,
0,660,-5.27,-5.3,-6.75,-0.5,,
0,660,-5.28,-4.98,-6.73,-0.5,,
0,660,-5.28,-4.98,-6.73,-0.49,,
0,660,-5.28,-4.98,-6.73,-0.49,,
0,660,-5.49,-5.08,-6.81,-0.47,,
0,660,-5.49,-5.08,-6.81,-0.47,,
0,660,-5.49,-5.08,-6.81,-0.46,,
0,660,-5.53,-4.85,-6.69,-0.46,,
0,660,-5.53,-4.85,-6.69,-0.46,,
0,660,-5.53,-4.85,-6.69,-0.47,,
0,660,-5.59,-4.67,-6.67,-0.48,,
0,660,-5.59,-4.67,-6.67,-0.48,,
0,660,-5.59,-4.67,-6.67,-0.49,,
0,660,-5.74,-4.72,-6.82,-0.49,,
0,660,-5.74,-4.72,-6.82,-0.49,,
0,660,-5.74,-4.72,-6.82,-0.49,,
0,660,-5.74,-4.72,-6.82,-0.49,,
0,660,-5.7,-4.4,-6.83,-0.5,,
0,660,-5.7,-4.4,-6.83,-0.5,,
0,660,-5.7,-4.4,-6.83,-0.49,,
0,660,-5.51,-4.56,-6.79,-0.49,,
0,660,-5.51,-4.56,-6.79,-0.49,,
0,660,-5.51,-4.56,-6.79,-0.5,,
0,660,-5.61,-4.67,-7.01,-0.51,,
0,660,-5.61,-4.67,-7.01,-0.51,,
0,660,-5.61,-4.67,-7.01,-0.5,,
0,660,-5.78,-4.49,-6.9,-0.5,,
0,660,-5.78,-4.49,-6.9,-0.5,,
0,660,-5.78,-4.49,-6.9,-0.49,,
0,660,-5.35,-4.25,-6.97,-0.49,,
0,660,-5.35,-4.25,-6.97,-0.48,,
0,660,-5.35,-4.25,-6.97,-0.47,,
0,660,-5.41,-4.23,-7.08,-0.47,,
0,660,-5.41,-4.23,-7.08,-0.45,,
0,660,-5.41,-4.23,-7.08,-0.45,,
0,660,-5.43,-4.42,-7.43,-0.41,,
0,660,-5.43,-4.42,-7.43,-0.38,,
0,660,-5.43,-4.42,-7.43,-0.38,,
0,660,-5.64,-4.17,-7.19,-0.37,,
0,660,-5.64,-4.17,-7.19,-0.37,,
0,660,-5.64,-4.17,-7.19,-0.33,,
0,660,-5.6,-4.66,-7.6,-0.29,,
0,660,-5.6,-4.66,-7.6,-0.29,,
0,660,-5.6,-4.66,-7.6,-0.24,,
0,660,-5.29,-4.48,-7.23,-0.24,,
0,660,-5.29,-4.48,-7.23,-0.21,,
0,660,-5.29,-4.48,-7.23,-0.19,,
0,660,-5.29,-4.48,-7.23,-0.19,,
0,660,-5.12,-4.37,-6.82,-0.19,,
0,660,-5.12,-4.37,-6.82,-0.19,,
0,660,-5.12,-4.37,-6.82,-0.2,,
0,660,-5.54,-4.75,-7.05,-0.2,,
0,660,-5.54,-4.75,-7.05,-0.2,,
0,660,-5.54,-4.75,-7.05,-0.19,,
0,660,-5.81,-5.14,-7.46,-0.19,,
0,660,-5.81,-5.14,-7.46,-0.16,,
0,660,-5.81,-5.14,-7.46,-0.14,,
0,660,-6.14,-5.48,-7.6,-0.14,,
0,660,-6.14,-5.48,-7.6,-0.11,,
0,660,-6.14,-5.48,-7.6,-0.11,,
0,660,-6.69,-5.76,-7.3,-0.1,,
0,660,-6.69,-5.76,-7.3,-0.13,,
0,660,-6.69,-5.76,-7.3,-0.13,,
0,660,-6.69,-5.76,-7.3,-0.19,,
0,660,-7.53,-6.2,-6.99,-0.19,,
0,660,-7.53,-6.2,-6.99,-0.25,,
0,660,-7.53,-6.2,-6.99,-0.31,,
0,660,-7.81,-6.85,-7.3,-0.31,,
0,660,-7.81,-6.85,-7.3,-0.38,,
0,660,-7.81,-6.85,-7.3,-0.38,,
0,660,-8.01,-6.94,-7.52,-0.47,,
0,660,-8.01,-6.94,-7.52,-0.54,,
0,660,-8.01,-6.94,-7.52,-0.54,,
0,660,-8.5,-7.47,-7.96,-0.57,,
0,660,-8.5,-7.47,-7.96,-0.57,,
0,660,-8.5,-7.47,-7.96,-0.6,,
0,660,-8.75,-8.15,-8.15,-0.6,,
0,660,-8.75,-8.15,-8.15,-0.6,,
0,660,-8.75,-8.15,-8.15,-0.58,,
0,660,-8.98,-7.67,-7.88,-0.58,,
0,660,-8.98,-7.67,-7.88,-0.58,,
0,660,-8.98,-7.67,-7.88,-0.61,,
0,660,-9.43,-7.27,-7.75,-0.61,,
0,660,-9.43,-7.27,-7.75,-0.64,,
0,660,-9.43,-7.27,-7.75,-0.65,,
0,660,-10.04,-6.91,-7.77,-0.65,,
0,660,-10.04,-6.91,-7.77,-0.67,,
0,720,-10.04,-6.91,-7.77,-0.67,,
0,720,-11.22,-6.89,-8.05,-0.67,,
0,720,-11.22,-6.89,-8.05,-0.63,,
0,720,-11.22,-6.89,-8.05,-0.63,,
0,720,-11.22,-6.89,-8.05,-0.57,,
0,720,-12.01,-8.03,-7.37,-0.5,,
0,720,-12.01,-8.03,-7.37,-0.5,,
0,720,-12.01,-8.03,-7.37,-0.5,,
0,720,-10.52,-6.59,-5.73,-0.5,,
0,720,-10.52,-6.59,-5.73,-0.62,,
0,720,-10.52,-6.59,-5.73,-0.73,,
0,720,-9.43,-5.52,-4.47,-0.73,,
0,720,-9.43,-5.52,-4.47,-0.91,,
0,720,-9.43,-5.52,-4.47,-0.91,,
0,720,-6.77,-4.13,-4.02,-1.12,,
0,720,-6.77,-4.13,-4.02,-1.29,,
0,720,-6.77,-4.13,-4.02,-1.29,,
0,720,-5.14,-2.58,-3.94,-1.5,,
0,720,-5.14,-2.58,-3.94,-1.69,,
0,720,-5.14,-2.58,-3.94,-1.69,,
0,720,-4.33,-3.9,-5.43,-1.78,,
0,720,-4.33,-3.9,-5.43,-1.78,,
0,720,-4.33,-3.9,-5.43,-1.81,,
0,720,-3.81,-4.64,-6.18,-1.78,,
0,720,-3.81,-4.64,-6.18,-1.78,,
0,720,-3.81,-4.64,-6.18,-1.73,,
0,720,-3.81,-4.64,-6.18,-1.73,,
0,720,-3.51,-4.32,-5.79,-1.68,,
0,720,-3.51,-4.32,-5.79,-1.62,,
0,720,-3.51,-4.32,-5.79,-1.62,,
0,720,-3.97,-4.54,-6.11,-1.54,,
0,720,-3.97,-4.54,-6.11,-1.54,,
0,720,-3.97,-4.54,-6.11,-1.42,,
0,720,-4.48,-5.19,-6.63,-1.29,,
0,720,-4.48,-5.19,-6.63,-1.29,,
0,720,-4.48,-5.19,-6.63,-1.12,,
0,720,-4.65,-6.16,-6.68,-0.96,,
0,720,-4.65,-6.16,-6.68,-0.96,,
0,720,-4.65,-6.16,-6.68,-0.83,,
0,720,-3.97,-5.75,-5.59,-0.83,,
0,720,-3.97,-5.75,-5.59,-0.77,,
0,720,-3.97,-5.75,-5.59,-0.77,,
0,720,-3.66,-5.3,-4.39,-0.77,,
0,720,-3.66,-5.3,-4.39,-0.78,,
0,720,-3.66,-5.3,-4.39,-0.78,,
0,720,-2.79,-5,-4.56,-0.81,,
0,720,-2.79,-5,-4.56,-0.83,,
0,720,-2.79,-5,-4.56,-0.83,,
0,720,-2.55,-6.03,-4.8,-0.82,,
0,720,-2.55,-6.03,-4.8,-0.82,,
0,720,-2.55,-6.03,-4.8,-0.82,,
0,720,-3.36,-6.26,-4.25,-0.86,,
0,720,-3.36,-6.26,-4.25,-0.86,,
0,720,-3.36,-6.26,-4.25,-0.9,,
0,720,-3.36,-6.26,-4.25,-0.97,,
0,720,-3.97,-5.53,-3.96,-0.97,,
0,720,-3.97,-5.53,-3.96,-1.04,,
0,720,-3.97,-5.53,-3.96,-1.04,,
0,720,-4.15,-5.28,-4.03,-1.11,,
0,720,-4.15,-5.28,-4.03,-1.17,,
0,720,-4.15,-5.28,-4.03,-1.17,,
0,720,-4.14,-5.05,-4.45,-1.23,,
0,720,-4.14,-5.05,-4.45,-1.23,,
0,720,-4.14,-5.05,-4.45,-1.27,,
0,720,-4.06,-5.12,-5.05,-1.27,,
0,720,-4.06,-5.12,-5.05,-1.26,,
0,720,-4.06,-5.12,-5.05,-1.25,,
0,720,-3.35,-5.37,-5.46,-1.25,,
0,720,-3.35,-5.37,-5.46,-1.25,,
0,720,-3.35,-5.37,-5.46,-1.25,,
0,720,-3.35,-5.37,-5.46,-1.26,,
0,720,-1.44,-3.93,-5.14,-1.26,,
0,720,-1.44,-3.93,-5.14,-1.26,,
0,720,-1.44,-3.93,-5.14,-1.26,,
0,720,-1.16,-3.21,-6.28,-1.26,,
0,720,-1.16,-3.21,-6.28,-1.24,,
0,720,-1.16,-3.21,-6.28,-1.15,,
0,720,-1.17,-4.51,-7.46,-1.15,,
0,720,-1.17,-4.51,-7.46,-1,,
0,720,-1.17,-4.51,-7.46,-1,,
0,720,-1.09,-5.84,-7.91,-0.82,,
0,720,-1.09,-5.84,-7.91,-0.82,,
0,720,-1.09,-5.84,-7.91,-0.6,,
0,720,-1.09,-5.84,-7.91,-0.48,,
0,720,-1.75,-6.06,-7.51,-0.48,,
0,720,-1.75,-6.06,-7.51,-0.35,,
0,720,-1.75,-6.06,-7.51,-0.3,,
0,720,-2.21,-6.02,-7.01,-0.3,,
0,720,-2.21,-6.02,-7.01,-0.29,,
0,720,-2.21,-6.02,-7.01,-0.29,,
0,720,-2.45,-6.12,-6.58,-0.25,,
0,720,-2.45,-6.12,-6.58,-0.21,,
0,720,-2.45,-6.12,-6.58,-0.21,,
0,720,-1.92,-6.52,-6.62,-0.19,,
0,720,-1.92,-6.52,-6.62,-0.19,,
0,720,-1.92,-6.52,-6.62,-0.19,,
0,720,-1.88,-7.04,-6.33,-0.21,,
0,720,-1.88,-7.04,-6.33,-0.21,,
0,720,-1.88,-7.04,-6.33,-0.25,,
0,720,-1.94,-7.07,-5.69,-0.31,,
0,720,-1.94,-7.07,-5.69,-0.31,,
0,720,-1.94,-7.07,-5.69,-0.38,,
0,720,-1.4,-6.91,-5.89,-0.38,,
0,720,-1.4,-6.91,-5.89,-0.47,,
0,720,-1.4,-6.91,-5.89,-0.51,,
0,720,-1.15,-7.46,-6.85,-0.51,,
0,720,-1.15,-7.46,-6.85,-0.52,,
0,720,-1.15,-7.46,-6.85,-0.49,,
0,720,-1.12,-7.55,-6.98,-0.49,,
0,720,-1.12,-7.55,-6.98,-0.47,,
0,720,-1.12,-7.55,-6.98,-0.47,,
0,720,-1.12,-7.55,-6.98,-0.47,,
0,720,-0.91,-7.17,-6.58,-0.51,,
0,720,-0.91,-7.17,-6.58,-0.51,,
0,720,-0.91,-7.17,-6.58,-0.58,,
0,720,-0.78,-6.92,-6.59,-0.58,,
0,720,-0.78,-6.92,-6.59,-0.64,,
0,720,-0.78,-6.92,-6.59,-0.67,,
0,720,-0.9,-6.71,-6.81,-0.67,,
0,720,-0.9,-6.71,-6.81,-0.68,,
0,720,-0.9,-6.71,-6.81,-0.68,,
0,720,-0.85,-6.76,-7.03,-0.67,,
0,720,-0.85,-6.76,-7.03,-0.66,,
0,720,-0.85,-6.76,-7.03,-0.66,,
0,720,-0.39,-6.3,-7.03,-0.69,,
0,720,-0.39,-6.3,-7.03,-0.74,,
0,720,-0.39,-6.3,-7.03,-0.74,,
0,720,0.05,-6.03,-7.03,-0.77,,
0,720,0.05,-6.03,-7.03,-0.77,,
0,720,0.05,-6.03,-7.03,-0.79,,
0,720,0.48,-6.01,-7.55,-0.78,,
0,720,0.48,-6.01,-7.55,-0.78,,
0,720,0.48,-6.01,-7.55,-0.77,,
0,720,0.99,-5.89,-7.78,-0.77,,
0,720,0.99,-5.89,-7.78,-0.77,,
0,720,0.99,-5.89,-7.78,-0.76,,
0,720,0.98,-5.59,-7.68,-0.76,,
0,720,0.98,-5.59,-7.68,-0.75,,
0,720,0.98,-5.59,-7.68,-0.76,,
0,720,0.98,-5.59,-7.68,-0.76,,
0,720,1.08,-5.36,-7.8,-0.76,,
0,720,1.08,-5.36,-7.8,-0.76,,
0,720,1.08,-5.36,-7.8,-0.74,,
0,720,0.97,-5.46,-8.29,-0.72,,
0,720,0.97,-5.46,-8.29,-0.72,,
0,720,0.97,-5.46,-8.29,-0.69,,
0,720,0.82,-5.47,-8.47,-0.69,,
0,720,0.82,-5.47,-8.47,-0.63,,
0,720,0.82,-5.47,-8.47,-0.59,,
0,720,0.61,-5.11,-8.4,-0.59,,
0,720,0.61,-5.11,-8.4,-0.55,,
0,720,0.61,-5.11,-8.4,-0.55,,
0,720,0.94,-5.27,-8.71,-0.52,,
0,720,0.94,-5.27,-8.71,-0.47,,
0,720,0.94,-5.27,-8.71,-0.47,,
0,720,1.18,-5.63,-9.37,-0.4,,
0,720,1.18,-5.63,-9.37,-0.34,,
0,720,1.18,-5.63,-9.37,-0.34,,
0,720,1,-5.48,-9.12,-0.27,,
0,720,1,-5.48,-9.12,-0.27,,
0,720,1,-5.48,-9.12,-0.23,,
0,720,0.79,-5.19,-8.56,-0.2,,
0,720,0.79,-5.19,-8.56,-0.2,,
0,720,0.79,-5.19,-8.56,-0.2,,
0,720,0.79,-5.19,-8.56,-0.2,,
0,720,0.75,-5.08,-8.21,-0.21,,
0,720,0.75,-5.08,-8.21,-0.23,,
0,720,0.75,-5.08,-8.21,-0.23,,
0,720,1.05,-5.14,-8.16,-0.25,,
0,780,1.05,-5.14,-8.16,-0.25,,
0,780,1.05,-5.14,-8.16,-0.29,,
0,780,1.17,-4.98,-8.32,-0.33,,
0,780,1.17,-4.98,-8.32,-0.33,,
0,780,1.17,-4.98,-8.32,-0.36,,
0,780,0.72,-5.44,-8.6,-0.36,,
0,780,0.72,-5.44,-8.6,-0.36,,
0,780,0.72,-5.44,-8.6,-0.36,,
0,780,0.56,-5.23,-8.35,-0.36,,
0,780,0.56,-5.23,-8.35,-0.36,,
0,780,0.56,-5.23,-8.35,-0.36,,
0,780,0.56,-5.23,-8.35,-0.38,,
0,780,0.83,-4.9,-8.31,-0.38,,
0,780,0.83,-4.9,-8.31,-0.41,,
0,780,0.83,-4.9,-8.31,-0.44,,
0,780,0.98,-4.9,-8.6,-0.44,,
0,780,0.98,-4.9,-8.6,-0.44,,
0,780,0.98,-4.9,-8.6,-0.44,,
0,780,0.82,-5.13,-8.74,-0.44,,
0,780,0.82,-5.13,-8.74,-0.42,,
0,780,0.82,-5.13,-8.74,-0.42,,
0,780,0.86,-4.94,-8.29,-0.43,,
0,780,0.86,-4.94,-8.29,-0.43,,
0,780,0.86,-4.94,-8.29,-0.46,,
0,780,0.86,-4.94,-8.29,-0.46,,
0,780,1.1,-4.5,-8.15,-0.52,,
0,780,1.1,-4.5,-8.15,-0.56,,
0,780,1.1,-4.5,-8.15,-0.56,,
0,780,1.27,-4.76,-8.84,-0.56,,
0,780,1.27,-4.76,-8.84,-0.54,,
0,780,1.27,-4.76,-8.84,-0.54,,
0,780,1.13,-5.01,-9.27,-0.5,,
0,780,1.13,-5.01,-9.27,-0.5,,
0,780,1.13,-5.01,-9.27,-0.44,,
0,780,1.58,-4.65,-8.98,-0.39,,
0,780,1.58,-4.65,-8.98,-0.39,,
0,780,1.58,-4.65,-8.98,-0.38,,
0,780,2.2,-4.03,-8.56,-0.38,,
0,780,2.2,-4.03,-8.56,-0.4,,
0,780,2.2,-4.03,-8.56,-0.42,,
0,780,2.07,-3.99,-8.49,-0.42,,
0,780,2.07,-3.99,-8.49,-0.45,,
0,780,2.07,-3.99,-8.49,-0.45,,
0,780,2.07,-3.99,-8.49,-0.48,,
0,780,1.54,-3.85,-8.56,-0.5,,
0,780,1.54,-3.85,-8.56,-0.5,,
0,780,1.54,-3.85,-8.56,-0.52,,
0,780,1.35,-3.88,-8.9,-0.52,,
0,780,1.35,-3.88,-8.9,-0.5,,
0,780,1.35,-3.88,-8.9,-0.48,,
0,780,1.12,-4,-9.25,-0.48,,
0,780,1.12,-4,-9.25,-0.45,,
0,780,1.12,-4,-9.25,-0.42,,
0,780,1.05,-3.95,-9.3,-0.42,,
0,780,1.05,-3.95,-9.3,-0.4,,
0,780,1.05,-3.95,-9.3,-0.4,,
0,780,1.04,-4.02,-9.48,-0.36,,
0,780,1.04,-4.02,-9.48,-0.34,,
0,780,1.04,-4.02,-9.48,-0.34,,
0,780,1.22,-4.19,-9.65,-0.29,,
0,780,1.22,-4.19,-9.65,-0.29,,
0,780,1.22,-4.19,-9.65,-0.24,,
0,780,1.05,-4.03,-9.05,-0.22,,
0,780,1.05,-4.03,-9.05,-0.22,,
0,780,1.05,-4.03,-9.05,-0.24,,
0,780,1.05,-4.03,-9.05,-0.24,,
0,780,1.1,-3.59,-8.63,-0.29,,
0,780,1.1,-3.59,-8.63,-0.32,,
0,780,1.1,-3.59,-8.63,-0.32,,
0,780,0.98,-3.84,-8.93,-0.34,,
0,780,0.98,-3.84,-8.93,-0.34,,
0,780,0.98,-3.84,-8.93,-0.34,,
0,780,1.02,-3.85,-9.05,-0.32,,
0,780,1.02,-3.85,-9.05,-0.32,,
0,780,1.02,-3.85,-9.05,-0.34,,
0,780,1.32,-3.44,-8.88,-0.34,,
0,780,1.32,-3.44,-8.88,-0.36,,
0,780,1.32,-3.44,-8.88,-0.37,,
0,780,1.53,-3.47,-9.12,-0.37,,
0,780,1.53,-3.47,-9.12,-0.37,,
0,780,1.53,-3.47,-9.12,-0.34,,
0,780,1.56,-3.63,-9.44,-0.34,,
0,780,1.56,-3.63,-9.44,-0.32,,
0,780,1.56,-3.63,-9.44,-0.32,,
0,780,1.24,-3.86,-9.63,-0.3,,
0,780,1.24,-3.86,-9.63,-0.26,,
0,780,1.24,-3.86,-9.63,-0.26,,
0,780,1.18,-3.54,-9.03,-0.24,,
0,780,1.18,-3.54,-9.03,-0.24,,
0,780,1.18,-3.54,-9.03,-0.27,,
0,780,1.18,-3.54,-9.03,-0.31,,
0,780,1.5,-3.21,-8.71,-0.31,,
0,780,1.5,-3.21,-8.71,-0.36,,
0,780,1.5,-3.21,-8.71,-0.36,,
0,780,1.16,-3.51,-9.15,-0.39,,
0,780,1.16,-3.51,-9.15,-0.39,,
0,780,1.16,-3.51,-9.15,-0.39,,
0,780,0.88,-3.55,-9.5,-0.37,,
0,780,0.88,-3.55,-9.5,-0.38,,
0,780,0.88,-3.55,-9.5,-0.38,,
0,780,1.16,-3.31,-9.42,-0.37,,
0,780,1.16,-3.31,-9.42,-0.37,,
0,780,1.16,-3.31,-9.42,-0.36,,
0,780,1.36,-3.19,-9.49,-0.35,,
0,780,1.36,-3.19,-9.49,-0.35,,
0,780,1.36,-3.19,-9.49,-0.33,,
0,780,1.5,-3.37,-9.76,-0.33,,
0,780,1.5,-3.37,-9.76,-0.3,,
0,780,1.5,-3.37,-9.76,-0.27,,
0,780,1.5,-3.37,-9.76,-0.27,,
0,780,1.3,-3.26,-9.6,-0.25,,
0,780,1.3,-3.26,-9.6,-0.25,,
0,780,1.3,-3.26,-9.6,-0.24,,
0,780,1.36,-2.92,-9.18,-0.26,,
0,780,1.36,-2.92,-9.18,-0.26,,
0,780,1.36,-2.92,-9.18,-0.28,,
0,780,1.44,-3.03,-9.25,-0.28,,
0,780,1.44,-3.03,-9.25,-0.28,,
0,780,1.44,-3.03,-9.25,-0.28,,
0,780,1.52,-3.09,-9.32,-0.29,,
0,780,1.52,-3.09,-9.32,-0.29,,
0,780,1.52,-3.09,-9.32,-0.29,,
0,780,1.52,-3.09,-9.32,-0.29,,
0,780,1.69,-2.96,-9.36,-0.29,,
0,780,1.69,-2.96,-9.36,-0.3,,
0,780,1.69,-2.96,-9.36,-0.3,,
0,780,1.63,-2.76,-9.3,-0.31,,
0,780,1.63,-2.76,-9.3,-0.31,,
0,780,1.63,-2.76,-9.3,-0.31,,
0,780,1.53,-2.53,-9.3,-0.31,,
0,780,1.53,-2.53,-9.3,-0.31,,
0,780,1.53,-2.53,-9.3,-0.3,,
0,780,1.36,-2.51,-9.51,-0.29,,
0,780,1.36,-2.51,-9.51,-0.29,,
0,780,1.36,-2.51,-9.51,-0.27,,
0,780,1.36,-2.51,-9.51,-0.27,,
0,780,1.54,-2.85,-9.66,-0.24,,
0,780,1.54,-2.85,-9.66,-0.2,,
0,780,1.54,-2.85,-9.66,-0.2,,
0,780,1.82,-2.85,-9.48,-0.17,,
0,780,1.82,-2.85,-9.48,-0.17,,
0,780,1.82,-2.85,-9.48,-0.15,,
0,780,1.85,-2.89,-9.34,-0.14,,
0,780,1.85,-2.89,-9.34,-0.14,,
0,780,1.85,-2.89,-9.34,-0.13,,
0,780,1.98,-2.98,-9.34,-0.13,,
0,780,1.98,-2.98,-9.34,-0.11,,
0,780,1.98,-2.98,-9.34,-0.11,,
0,780,1.82,-2.8,-8.91,-0.11,,
0,780,1.82,-2.8,-8.91,-0.13,,
0,780,1.82,-2.8,-8.91,-0.16,,
0,780,1.85,-2.59,-8.79,-0.16,,
0,780,1.85,-2.59,-8.79,-0.2,,
0,780,1.85,-2.59,-8.79,-0.2,,
0,780,1.62,-2.64,-8.66,-0.24,,
0,780,1.62,-2.64,-8.66,-0.28,,
0,780,1.62,-2.64,-8.66,-0.28,,
0,780,1.44,-2.73,-8.97,-0.3,,
0,780,1.44,-2.73,-8.97,-0.3,,
0,780,1.44,-2.73,-8.97,-0.32,,
0,780,1.44,-2.73,-8.97,-0.31,,
0,780,1.05,-2.91,-9.17,-0.31,,
0,780,1.05,-2.91,-9.17,-0.32,,
0,780,1.05,-2.91,-9.17,-0.32,,
0,780,0.91,-2.82,-8.96,-0.32,,
0,780,0.91,-2.82,-8.96,-0.34,,
0,780,0.91,-2.82,-8.96,-0.34,,
0,780,1.35,-2.59,-8.76,-0.37,,
0,780,1.35,-2.59,-8.76,-0.4,,
0,780,1.35,-2.59,-8.76,-0.4,,
0,780,1.73,-2.29,-8.67,-0.45,,
0,840,1.73,-2.29,-8.67,-0.45,,
0,840,1.73,-2.29,-8.67,-0.5,,
0,840,1.84,-1.99,-8.64,-0.55,,
0,840,1.84,-1.99,-8.64,-0.55,,
0,840,1.84,-1.99,-8.64,-0.6,,
0,840,1.88,-1.97,-8.76,-0.64,,
0,840,1.88,-1.97,-8.76,-0.64,,
0,840,1.88,-1.97,-8.76,-0.67,,
0,840,1.83,-1.72,-8.96,-0.67,,
0,840,1.83,-1.72,-8.96,-0.7,,
0,840,1.83,-1.72,-8.96,-0.7,,
0,840,1.97,-1.55,-9.33,-0.7,,
0,840,1.97,-1.55,-9.33,-0.7,,
0,840,1.97,-1.55,-9.33,-0.7,,
0,840,2,-1.38,-9.35,-0.69,,
0,840,2,-1.38,-9.35,-0.68,,
0,840,2,-1.38,-9.35,-0.68,,
0,840,2,-1.38,-9.35,-0.67,,
0,840,2.19,-1.28,-9.48,-0.67,,
0,840,2.19,-1.28,-9.48,-0.67,,
0,840,2.19,-1.28,-9.48,-0.67,,
0,840,2.54,-1.09,-9.74,-0.67,,
0,840,2.54,-1.09,-9.74,-0.65,,
0,840,2.54,-1.09,-9.74,-0.65,,
0,840,2.7,-1.08,-9.85,-0.62,,
0,840,2.7,-1.08,-9.85,-0.6,,
0,840,2.7,-1.08,-9.85,-0.6,,
0,840,2.81,-0.9,-9.67,-0.58,,
0,840,2.81,-0.9,-9.67,-0.58,,
0,840,2.81,-0.9,-9.67,-0.58,,
0,840,2.74,-0.82,-9.44,-0.57,,
0,840,2.74,-0.82,-9.44,-0.57,,
0,840,2.74,-0.82,-9.44,-0.59,,
0,840,2.63,-0.7,-9.47,-0.62,,
0,840,2.63,-0.7,-9.47,-0.62,,
0,840,2.63,-0.7,-9.47,-0.63,,
0,840,2.5,-0.79,-9.5,-0.64,,
0,840,2.5,-0.79,-9.5,-0.64,,
0,840,2.5,-0.79,-9.5,-0.66,,
0,840,2.6,-0.27,-9.1,-0.66,,
0,840,2.6,-0.27,-9.1,-0.69,,
0,840,2.6,-0.27,-9.1,-0.74,,
0,840,2.32,-0.13,-8.94,-0.74,,
0,840,2.32,-0.13,-8.94,-0.8,,
0,840,2.32,-0.13,-8.94,-0.8,,
0,840,2.32,-0.13,-8.94,-0.84,,
0,840,1.78,-0.32,-9.33,-0.87,,
0,840,1.78,-0.32,-9.33,-0.87,,
0,840,1.78,-0.32,-9.33,-0.88,,
0,840,1.8,-0.39,-9.48,-0.88,,
0,840,1.8,-0.39,-9.48,-0.88,,
0,840,1.8,-0.39,-9.48,-0.88,,
0,840,2.26,0.02,-9.3,-0.88,,
0,840,2.26,0.02,-9.3,-0.89,,
0,840,2.26,0.02,-9.3,-0.89,,
0,840,2.82,0.63,-9.13,-0.93,,
0,840,2.82,0.63,-9.13,-0.96,,
0,840,2.82,0.63,-9.13,-0.96,,
0,840,2.84,0.69,-9.42,-0.96,,
0,840,2.84,0.69,-9.42,-0.96,,
0,840,2.84,0.69,-9.42,-0.95,,
0,840,2.84,0.69,-9.42,-0.94,,
0,840,3,0.57,-9.65,-0.94,,
0,840,3,0.57,-9.65,-0.93,,
0,840,3,0.57,-9.65,-0.93,,
0,840,3.3,0.99,-9.61,-0.92,,
0,840,3.3,0.99,-9.61,-0.92,,
0,840,3.3,0.99,-9.61,-0.92,,
0,840,3.42,1.18,-9.84,-0.9,,
0,840,3.42,1.18,-9.84,-0.9,,
0,840,3.42,1.18,-9.84,-0.85,,
0,840,3.21,1.12,-9.85,-0.85,,
0,840,3.21,1.12,-9.85,-0.8,,
0,840,3.21,1.12,-9.85,-0.77,,
0,840,3.21,1.12,-9.85,-0.77,,
0,840,3.2,1.39,-9.47,-0.76,,
0,840,3.2,1.39,-9.47,-0.76,,
0,840,3.2,1.39,-9.47,-0.77,,
0,840,3.12,1.47,-9.49,-0.76,,
0,840,3.12,1.47,-9.49,-0.76,,
0,840,3.12,1.47,-9.49,-0.74,,
0,840,3.08,1.59,-9.58,-0.71,,
0,840,3.08,1.59,-9.58,-0.71,,
0,840,3.08,1.59,-9.58,-0.67,,
0,840,3.31,1.85,-9.59,-0.67,,
0,840,3.31,1.85,-9.59,-0.64,,
0,840,3.31,1.85,-9.59,-0.62,,
0,840,3.45,2.14,-9.21,-0.62,,
0,840,3.45,2.14,-9.21,-0.61,,
0,840,3.45,2.14,-9.21,-0.62,,
0,840,3.16,2.23,-9.14,-0.62,,
0,840,3.16,2.23,-9.14,-0.63,,
0,840,3.16,2.23,-9.14,-0.63,,
0,840,2.9,1.89,-9.47,-0.61,,
0,840,2.9,1.89,-9.47,-0.58,,
0,840,2.9,1.89,-9.47,-0.58,,
0,840,3.06,1.97,-9.44,-0.56,,
0,840,3.06,1.97,-9.44,-0.53,,
0,840,3.06,1.97,-9.44,-0.53,,
0,840,3.25,2.17,-9.23,-0.5,,
0,840,3.25,2.17,-9.23,-0.5,,
0,840,3.25,2.17,-9.23,-0.49,,
0,840,3.08,2.36,-8.94,-0.5,,
0,840,3.08,2.36,-8.94,-0.5,,
0,840,3.08,2.36,-8.94,-0.51,,
0,840,2.77,2.57,-8.74,-0.51,,
0,840,2.77,2.57,-8.74,-0.51,,
0,840,2.77,2.57,-8.74,-0.5,,
0,840,2.76,2.49,-9.1,-0.5,,
0,840,2.76,2.49,-9.1,-0.47,,
0,840,2.76,2.49,-9.1,-0.42,,
0,840,3.28,2.55,-9.16,-0.42,,
0,840,3.28,2.55,-9.16,-0.36,,
0,840,3.28,2.55,-9.16,-0.34,,
0,840,3.09,2.93,-8.54,-0.34,,
0,840,3.09,2.93,-8.54,-0.34,,
0,840,3.09,2.93,-8.54,-0.34,,
0,840,3.14,2.63,-8.81,-0.36,,
0,840,3.14,2.63,-8.81,-0.35,,
0,840,3.14,2.63,-8.81,-0.35,,
0,840,3.04,2.27,-8.74,-0.32,,
0,840,3.04,2.27,-8.74,-0.31,,
0,840,3.04,2.27,-8.74,-0.31,,
0,840,3.04,2.27,-8.74,-0.33,,
0,840,3.26,2.61,-8.08,-0.33,,
0,840,3.26,2.61,-8.08,-0.37,,
0,840,3.38,2.69,-7.8,-0.41,,
0,840,3.38,2.69,-7.8,-0.41,,
0,840,3.38,2.69,-7.8,-0.46,,
0,840,3.38,2.69,-7.8,-0.51,,
0,840,3.28,2.82,-7.85,-0.51,,
0,840,3.28,2.82,-7.85,-0.55,,
0,840,3.28,2.82,-7.85,-0.55,,
0,840,2.99,2.34,-8.52,-0.56,,
0,840,2.99,2.34,-8.52,-0.54,,
0,840,2.99,2.34,-8.52,-0.54,,
0,840,2.73,2.6,-8.31,-0.52,,
0,840,2.73,2.6,-8.31,-0.52,,
0,840,2.73,2.6,-8.31,-0.52,,
0,840,2.84,2.93,-7.91,-0.54,,
0,840,2.84,2.93,-7.91,-0.54,,
0,840,2.84,2.93,-7.91,-0.56,,
0,840,3.24,3.24,-7.52,-0.59,,
0,840,3.24,3.24,-7.52,-0.59,,
0,840,3.24,3.24,-7.52,-0.64,,
0,840,3.94,3.35,-7.6,-0.64,,
0,840,3.94,3.35,-7.6,-0.67,,
0,840,3.94,3.35,-7.6,-0.66,,
0,840,4.12,2.81,-8.11,-0.66,,
0,840,4.12,2.81,-8.11,-0.64,,
0,840,4.12,2.81,-8.11,-0.64,,
0,840,3.76,2.64,-7.61,-0.6,,
0,840,3.76,2.64,-7.61,-0.6,,
0,840,3.76,2.64,-7.61,-0.6,,
0,840,3.82,2.94,-6.59,-0.61,,
0,840,3.82,2.94,-6.59,-0.61,,
0,840,3.82,2.94,-6.59,-0.65,,
0,840,4.12,3.21,-6.06,-0.7,,
0,840,4.12,3.21,-6.06,-0.7,,
0,840,4.12,3.21,-6.06,-0.79,,
0,840,4.12,3.21,-6.06,-0.86,,
0,840,4.11,3.15,-6,-0.86,,
0,840,4.11,3.15,-6,-0.93,,
0,840,4.11,3.15,-6,-0.93,,
0,840,3.72,3.29,-5.77,-1,,
0,840,3.72,3.29,-5.77,-1.04,,
0,840,3.72,3.29,-5.77,-1.04,,
0,840,3.59,3.07,-5.53,-1.06,,
0,900,3.59,3.07,-5.53,-1.06,,
0,900,3.59,3.07,-5.53,-1.07,,
0,900,4.39,3.39,-5.07,-1.09,,
0,900,4.39,3.39,-5.07,-1.09,,
0,900,4.39,3.39,-5.07,-1.16,,
0,900,4.82,3.81,-4.73,-1.25,,
0,900,4.82,3.81,-4.73,-1.25,,
0,900,4.82,3.81,-4.73,-1.35,,
0,900,4.37,3.72,-5.13,-1.35,,
0,900,4.37,3.72,-5.13,-1.42,,
0,900,4.37,3.72,-5.13,-1.42,,
0,900,4.37,3.72,-5.13,-1.43,,
0,900,3.84,3.3,-5.79,-1.41,,
0,900,3.84,3.3,-5.79,-1.41,,
0,900,3.84,3.3,-5.79,-1.38,,
0,900,3.6,3.43,-5.65,-1.38,,
0,900,3.6,3.43,-5.65,-1.37,,
0,900,3.6,3.43,-5.65,-1.4,,
0,900,4.11,4.12,-5.37,-1.4,,
0,900,4.11,4.12,-5.37,-1.45,,
0,900,4.11,4.12,-5.37,-1.45,,
0,900,5.02,4.5,-5.87,-1.5,,
0,900,5.02,4.5,-5.87,-1.5,,
0,900,5.02,4.5,-5.87,-1.5,,
0,900,5.61,4.58,-6.27,-1.46,,
0,900,5.61,4.58,-6.27,-1.38,,
0,900,5.61,4.58,-6.27,-1.38,,
0,900,6.33,4.63,-6.99,-1.28,,
0,900,6.33,4.63,-6.99,-1.28,,
0,900,6.33,4.63,-6.99,-1.18,,
0,900,5.81,4.24,-7.12,-1.07,,
0,900,5.81,4.24,-7.12,-1.07,,
0,900,5.81,4.24,-7.12,-0.99,,
0,900,5.81,4.24,-7.12,-0.99,,
0,900,5.86,4.5,-6.95,-0.94,,
0,900,5.86,4.5,-6.95,-0.91,,
0,900,5.86,4.5,-6.95,-0.91,,
0,900,6.66,4.61,-6.4,-0.85,,
0,900,6.66,4.61,-6.4,-0.79,,
0,900,6.66,4.61,-6.4,-0.79,,
0,900,8.58,5.26,-5.96,-0.74,,
0,900,8.58,5.26,-5.96,-0.74,,
0,900,8.58,5.26,-5.96,-0.7,,
0,900,10.61,6.01,-5.76,-0.69,,
0,900,10.61,6.01,-5.76,-0.69,,
0,900,10.61,6.01,-5.76,-0.67,,
0,900,11.89,6.66,-6.39,-0.6,,
0,900,11.89,6.66,-6.39,-0.6,,
0,900,11.89,6.66,-6.39,-0.45,,
0,900,12.18,6.6,-8.34,-0.45,,
0,900,12.18,6.6,-8.34,-0.22,,
0,900,12.18,6.6,-8.34,0.02,,
0,900,11.89,6,-9.08,0.02,,
0,900,11.89,6,-9.08,0.32,,
0,900,11.89,6,-9.08,0.63,,
0,900,12.28,6.23,-8.17,0.63,,
0,900,12.28,6.23,-8.17,0.88,,
0,900,12.28,6.23,-8.17,0.88,,
0,900,13.8,5.86,-7.08,1.09,,
0,900,13.8,5.86,-7.08,1.23,,
0,900,13.8,5.86,-7.08,1.23,,
0,900,15.12,5.01,-5.78,1.32,,
0,900,15.12,5.01,-5.78,1.32,,
0,900,15.12,5.01,-5.78,1.37,,
0,900,16.93,5.16,-4.02,1.35,,
0,900,16.93,5.16,-4.02,1.35,,
0,900,16.93,5.16,-4.02,1.22,,
0,900,18.41,4.83,-3.26,1.05,,
0,900,18.41,4.83,-3.26,1.05,,
0,900,18.41,4.83,-3.26,0.85,,
0,900,17.16,3.22,-4.01,0.85,,
0,900,17.16,3.22,-4.01,0.63,,
0,900,17.16,3.22,-4.01,0.57,,
0,900,17.16,3.22,-4.01,0.57,,
0,900,16.54,2,-4.22,0.51,,
0,900,16.54,2,-4.22,0.45,,
0,900,16.54,2,-4.22,0.45,,
0,900,14.37,0.57,-5.07,0.39,,
0,900,14.37,0.57,-5.07,0.39,,
0,900,14.37,0.57,-5.07,0.34,,
0,900,12.41,-1.83,-5.46,0.33,,
0,900,12.41,-1.83,-5.46,0.33,,
0,900,12.41,-1.83,-5.46,0.32,,
0,900,11.6,-3.11,-4.91,0.3,,
0,900,11.6,-3.11,-4.91,0.3,,
0,900,11.6,-3.11,-4.91,0.26,,
0,900,11.26,-2.78,-4.03,0.26,,
0,900,11.26,-2.78,-4.03,0.1,,
0,900,11.26,-2.78,-4.03,-0.08,,
0,900,7.91,-2.75,-3.91,-0.08,,
0,900,7.91,-2.75,-3.91,-0.29,,
0,900,7.91,-2.75,-3.91,-0.29,,
0,900,4.02,-3.89,-4.82,-0.48,,
0,900,4.02,-3.89,-4.82,-0.54,,
0,900,4.02,-3.89,-4.82,-0.54,,
0,900,3.37,-5.01,-5.39,-0.56,,
0,900,3.37,-5.01,-5.39,-0.56,,
0,900,3.37,-5.01,-5.39,-0.62,,
0,900,0.14,-4.88,-5.29,-0.68,,
0,900,0.14,-4.88,-5.29,-0.68,,
0,900,0.14,-4.88,-5.29,-0.72,,
0,900,-1.42,-6.9,-5.76,-0.7,,
0,900,-1.42,-6.9,-5.76,-0.7,,
0,900,-1.42,-6.9,-5.76,-0.63,,
0,900,-1.42,-6.9,-5.76,-0.63,,
0,900,-1.3,-7.76,-5.56,-0.54,,
0,900,-1.3,-7.76,-5.56,-0.49,,
0,900,-1.3,-7.76,-5.56,-0.49,,
0,900,-0.82,-7.82,-5.2,-0.41,,
0,900,-0.82,-7.82,-5.2,-0.41,,
0,900,-0.82,-7.82,-5.2,-0.34,,
0,900,-1.96,-7.56,-4.94,-0.34,,
0,900,-1.96,-7.56,-4.94,-0.27,,
0,900,-1.96,-7.56,-4.94,-0.21,,
0,900,-3.06,-8.23,-4.41,-0.21,,
0,900,-3.06,-8.23,-4.41,-0.17,,
0,900,-3.06,-8.23,-4.41,-0.17,,
0,900,-3.06,-8.23,-4.41,-0.23,,
0,900,-4.99,-6.64,-3.06,-0.31,,
0,900,-4.99,-6.64,-3.06,-0.31,,
0,900,-7,-6.25,-3.62,-0.39,,
0,900,-7,-6.25,-3.62,-0.4,,
0,900,-7,-6.25,-3.62,-0.4,,
0,900,-7,-6.25,-3.62,-0.28,,
0,900,-7.63,-8.39,-4.95,-0.28,,
0,900,-7.63,-8.39,-4.95,-0.1,,
0,900,-7.63,-8.39,-4.95,-0.1,,
0,900,-7.39,-8.12,-3.67,0.1,,
0,900,-7.39,-8.12,-3.67,0.22,,
0,900,-7.39,-8.12,-3.67,0.22,,
0,900,-7.28,-6.4,-1.87,0.28,,
0,900,-7.28,-6.4,-1.87,0.28,,
0,900,-7.28,-6.4,-1.87,0.29,,
0,900,-7.28,-6.4,-1.87,0.18,,
0,900,-8.87,-4.3,1.16,0.18,,
0,900,-8.87,-4.3,1.16,0.01,,
0,900,-8.87,-4.3,1.16,0.01,,
0,900,-10.94,-3,2.77,-0.29,,
0,900,-10.94,-3,2.77,-0.61,,
0,900,-10.94,-3,2.77,-0.61,,
0,900,-11.77,-3.52,2.05,-0.88,,
0,900,-11.77,-3.52,2.05,-0.88,,
0,900,-11.77,-3.52,2.05,-1,,
0,900,-12.47,-4.18,0.69,-1.06,,
0,900,-12.47,-4.18,0.69,-1.06,,
0,900,-12.47,-4.18,0.69,-1.11,,
0,900,-12.64,-3.94,1.85,-1.11,,
0,900,-12.64,-3.94,1.85,-1.21,,
0,900,-12.64,-3.94,1.85,-1.39,,
0,900,-13.2,-2.01,3.59,-1.39,,
0,900,-13.2,-2.01,3.59,-1.64,,
0,900,-13.2,-2.01,3.59,-1.64,,
0,900,-14.34,-0.79,3.6,-1.93,,
0,900,-14.34,-0.79,3.6,-2.15,,
0,900,-14.34,-0.79,3.6,-2.15,,
0,900,-14.34,-0.79,3.6,-2.29,,
0,900,-15.34,-2.96,1.25,-2.28,,
0,900,-15.34,-2.96,1.25,-2.28,,
0,900,-15.34,-2.96,1.25,-2.21,,
0,900,-14.22,-2.4,0.93,-2.21,,
0,900,-14.22,-2.4,0.93,-2.17,,
0,900,-14.22,-2.4,0.93,-2.11,,
0,900,-13.26,-4.01,0.46,-2.11,,
0,900,-13.26,-4.01,0.46,-2,,
0,900,-13.26,-4.01,0.46,-2,,
0,900,-12.44,-4.94,0.48,-1.95,,
0,900,-12.44,-4.94,0.48,-1.89,,
0,900,-12.44,-4.94,0.48,-1.89,,
0,900,-11.18,-6.17,0.74,-1.88,,
0,960,-11.18,-6.17,0.74,-1.88,,
0,960,-11.18,-6.17,0.74,-1.8,,
0,960,-10.81,-5.25,2.12,-1.66,,
0,960,-10.81,-5.25,2.12,-1.66,,
0,960,-10.81,-5.25,2.12,-1.63,,
0,960,-8.98,-5.12,2.34,-1.63,,
0,960,-8.98,-5.12,2.34,-1.69,,
0,960,-8.98,-5.12,2.34,-1.74,,
0,960,-8.98,-5.12,2.34,-1.74,,
0,960,-6.81,-4.45,3.29,-1.83,,
0,960,-6.81,-4.45,3.29,-1.98,,
0,960,-6.81,-4.45,3.29,-1.98,,
0,960,-6.15,-5.09,2.68,-2.16,,
0,960,-6.15,-5.09,2.68,-2.16,,
0,960,-6.15,-5.09,2.68,-2.32,,
0,960,-5.86,-5.12,2.28,-2.48,,
0,960,-5.86,-5.12,2.28,-2.48,,
0,960,-5.86,-5.12,2.28,-2.68,,
0,960,-6.01,-4.13,1.91,-2.68,,
0,960,-6.01,-4.13,1.91,-2.86,,
0,960,-6.01,-4.13,1.91,-2.95,,
0,960,-7.84,-4.69,-0.22,-2.95,,
0,960,-7.84,-4.69,-0.22,-2.93,,
0,960,-7.84,-4.69,-0.22,-2.93,,
0,960,-8.57,-5.84,-2.05,-2.75,,
0,960,-8.57,-5.84,-2.05,-2.58,,
0,960,-8.57,-5.84,-2.05,-2.58,,
0,960,-8.33,-6.37,-2.28,-2.37,,
0,960,-8.33,-6.37,-2.28,-2.21,,
0,960,-8.33,-6.37,-2.28,-2.21,,
0,960,-4.73,-8.19,-2.51,-0.87,,
0,960,-0.95,-8.38,-3.75,-0.23,,
0,960,-1.45,-8.65,-3.86,0.03,,
0,960,-1.87,-8.9,-3.99,0.03,,
0,960,-1.87,-8.9,-3.99,0.1,,
0,960,-1.87,-8.9,-3.99,0.13,,
0,960,-2.53,-8.87,-3.59,0.13,,
0,960,-2.53,-8.87,-3.59,0.16,,
0,960,-2.53,-8.87,-3.59,0.16,,
0,960,-2.51,-8.57,-3.2,0.14,,
0,960,-2.51,-8.57,-3.2,0.11,,
0,960,-2.51,-8.57,-3.2,0.11,,
0,960,-2.38,-8.26,-2.9,0.06,,
0,960,-2.38,-8.26,-2.9,0.01,,
0,960,-2.38,-8.26,-2.9,0.01,,
0,960,-2.38,-8.26,-2.9,-0.03,,
0,960,-2.51,-8.53,-3.23,-0.03,,
0,960,-2.51,-8.53,-3.23,-0.05,,
0,960,-2.51,-8.53,-3.23,-0.05,,
0,960,-2.77,-8.48,-3.52,-0.05,,
0,960,-2.77,-8.48,-3.52,-0.02,,
0,960,-2.77,-8.48,-3.52,-0.02,,
0,960,-2.9,-8.48,-3.9,0.01,,
0,960,-2.9,-8.48,-3.9,0.01,,
0,960,-2.9,-8.48,-3.9,0.07,,
0,960,-2.68,-8.41,-3.89,0.11,,
0,960,-2.68,-8.41,-3.89,0.11,,
0,960,-2.68,-8.41,-3.89,0.14,,
0,960,-2.54,-8.18,-3.51,0.14,,
0,960,-2.54,-8.18,-3.51,0.15,,
0,960,-2.54,-8.18,-3.51,0.16,,
0,960,-2.54,-8.18,-3.51,0.16,,
0,960,-2.51,-8.43,-3.28,0.16,,
0,960,-2.51,-8.43,-3.28,0.16,,
0,960,-2.51,-8.43,-3.28,0.17,,
0,960,-2.38,-8.56,-3.32,0.17,,
0,960,-2.38,-8.56,-3.32,0.17,,
0,960,-2.38,-8.56,-3.32,0.16,,
0,960,-1.98,-8.2,-2.9,0.16,,
0,960,-1.98,-8.2,-2.9,0.11,,
0,960,-1.98,-8.2,-2.9,0.11,,
0,960,-1.98,-8.2,-2.9,0.05,,
0,960,-1.31,-7.71,-3.06,0.02,,
0,960,-1.31,-7.71,-3.06,0.02,,
0,960,-1.31,-7.71,-3.06,0.03,,
0,960,-1.01,-8,-3.9,0.03,,
0,960,-1.01,-8,-3.9,0.09,,
0,960,-1.01,-8,-3.9,0.15,,
0,960,-1.61,-8.2,-3.79,0.15,,
0,960,-1.61,-8.2,-3.79,0.23,,
0,960,-1.61,-8.2,-3.79,0.23,,
0,960,-1.15,-8.76,-3.44,0.3,,
0,960,-1.15,-8.76,-3.44,0.35,,
0,960,-1.15,-8.76,-3.44,0.35,,
0,1020,-0.59,-8.6,-3.02,0.41,,
0,1020,-0.59,-8.6,-3.02,0.39,,
0,1020,-0.59,-8.6,-3.02,0.39,,
0,1020,-0.32,-8.09,-2.06,0.34,,
0,1020,-0.32,-8.09,-2.06,0.34,,
0,1020,-0.32,-8.09,-2.06,0.25,,
0,1020,0.71,-8.21,-1.98,0.17,,
0,1020,0.71,-8.21,-1.98,0.17,,
0,1020,0.71,-8.21,-1.98,0.07,,
0,1020,0.71,-8.21,-1.98,0.07,,
0,1020,0.8,-7.97,-1.86,-0.04,,
0,1020,0.8,-7.97,-1.86,-0.11,,
0,1020,0.8,-7.97,-1.86,-0.11,,
0,1020,0.84,-8.58,-2.72,-0.14,,
0,1020,0.84,-8.58,-2.72,-0.14,,
0,1020,0.84,-8.58,-2.72,-0.14,,
0,1020,0.81,-8.75,-2.95,-0.14,,
0,1020,0.81,-8.75,-2.95,-0.14,,
0,1020,0.81,-8.75,-2.95,-0.11,,
0,1020,1.43,-8.5,-2.96,-0.11,,
0,1020,1.43,-8.5,-2.96,-0.11,,
0,1020,1.43,-8.5,-2.96,-0.1,,
0,1020,1.79,-8.48,-3.13,-0.1,,
0,1020,1.79,-8.48,-3.13,-0.08,,
0,1020,1.79,-8.48,-3.13,-0.05,,
0,1020,2.31,-9,-3.52,-0.05,,
0,1020,2.31,-9,-3.52,-0.01,,
0,1020,2.31,-9,-3.52,0.03,,
0,1020,2.26,-9.27,-3.58,0.03,,
0,1020,2.26,-9.27,-3.58,0.09,,
0,1020,2.26,-9.27,-3.58,0.09,,
0,1020,2.54,-9.3,-3.55,0.16,,
0,1020,2.54,-9.3,-3.55,0.22,,
0,1020,2.54,-9.3,-3.55,0.22,,
0,1020,2.87,-9.15,-3.52,0.28,,
0,1020,2.87,-9.15,-3.52,0.28,,
0,1020,2.87,-9.15,-3.52,0.34,,
0,1020,2.28,-9.34,-3.45,0.38,,
0,1020,2.28,-9.34,-3.45,0.38,,
0,1020,2.28,-9.34,-3.45,0.45,,
0,1020,1.47,-10.07,-3.34,0.52,,
0,1020,1.47,-10.07,-3.34,0.52,,
0,1020,1.47,-10.07,-3.34,0.57,,
0,1020,1.44,-10,-2.57,0.57,,
0,1020,1.44,-10,-2.57,0.6,,
0,1020,1.44,-10,-2.57,0.59,,
0,1020,1.44,-10,-2.57,0.59,,
0,1020,2.37,-9.77,-1.81,0.53,,
0,1020,2.37,-9.77,-1.81,0.46,,
0,1020,2.37,-9.77,-1.81,0.46,,
0,1020,2.73,-9.74,-1.65,0.4,,
0,1020,2.73,-9.74,-1.65,0.4,,
0,1020,2.73,-9.74,-1.65,0.34,,
0,1020,2.02,-10.7,-1.86,0.32,,
0,1020,2.02,-10.7,-1.86,0.32,,
0,1020,2.02,-10.7,-1.86,0.33,,
0,1020,1.54,-10.89,-2,0.33,,
0,1020,1.54,-10.89,-2,0.35,,
0,1020,1.54,-10.89,-2,0.35,,
0,1020,2.11,-10.47,-1.87,0.35,,
0,1020,2.11,-10.47,-1.87,0.35,,
0,1020,2.11,-10.47,-1.87,0.33,,
0,1020,3.38,-10.39,-1.68,0.33,,
0,1020,3.38,-10.39,-1.68,0.3,,
0,1020,3.38,-10.39,-1.68,0.3,,
0,1020,4.46,-9.7,-1.31,0.24,,
0,1020,4.46,-9.7,-1.31,0.18,,
0,1020,4.46,-9.7,-1.31,0.18,,
0,1020,4.92,-9.9,-1.43,0.11,,
0,1020,4.92,-9.9,-1.43,0.08,,
0,1020,4.92,-9.9,-1.43,0.08,,
0,1020,5.09,-10.44,-2.02,0.09,,
0,1020,5.09,-10.44,-2.02,0.09,,
0,1020,5.09,-10.44,-2.02,0.14,,
0,1020,5.2,-10.4,-2.19,0.18,,
0,1020,5.2,-10.4,-2.19,0.18,,
0,1020,5.2,-10.4,-2.19,0.24,,
0,1020,5.2,-10.4,-2.19,0.24,,
0,1020,4.83,-9.99,-1.86,0.28,,
0,1020,4.83,-9.99,-1.86,0.28,,
0,1020,4.83,-9.99,-1.86,0.28,,
0,1020,4.48,-9.75,-1.68,0.29,,
0,1020,4.48,-9.75,-1.68,0.29,,
0,1020,4.48,-9.75,-1.68,0.29,,
0,1020,3.99,-9.79,-1.68,0.29,,
0,1020,3.99,-9.79,-1.68,0.31,,
0,1020,3.99,-9.79,-1.68,0.32,,
0,1020,4.09,-9.99,-1.8,0.32,,
0,1020,4.09,-9.99,-1.8,0.36,,
0,1020,4.09,-9.99,-1.8,0.36,,
0,1020,4.09,-9.99,-1.8,0.4,,
0,1020,4.43,-10.08,-1.55,0.43,,
0,1020,4.43,-10.08,-1.55,0.43,,
0,1020,4.43,-10.08,-1.55,0.45,,
0,1020,4.22,-10,-0.91,0.45,,
0,1020,4.22,-10,-0.91,0.45,,
0,1020,4.22,-10,-0.91,0.45,,
0,1020,4.04,-9.76,-0.61,0.41,,
0,1020,4.04,-9.76,-0.61,0.37,,
0,1020,4.04,-9.76,-0.61,0.37,,
0,1020,4.43,-9.56,-0.53,0.31,,
0,1020,4.43,-9.56,-0.53,0.26,,
0,1020,4.43,-9.56,-0.53,0.26,,
0,1020,4.32,-9.73,-0.79,0.22,,
0,1020,4.32,-9.73,-0.79,0.22,,
0,1020,4.32,-9.73,-0.79,0.21,,
0,1020,4.11,-9.83,-0.95,0.21,,
0,1020,4.11,-9.83,-0.95,0.21,,
0,1020,4.11,-9.83,-0.95,0.22,,
0,1020,4.07,-9.79,-1.02,0.24,,
0,1020,4.07,-9.79,-1.02,0.24,,
0,1020,4.07,-9.79,-1.02,0.25,,
0,1020,4.07,-9.79,-1.02,0.25,,
0,1020,4.06,-9.85,-0.94,0.26,,
0,1020,4.06,-9.85,-0.94,0.28,,
0,1020,4.06,-9.85,-0.94,0.28,,
0,1020,3.89,-9.76,-0.73,0.29,,
0,1020,3.89,-9.76,-0.73,0.29,,
0,1020,3.89,-9.76,-0.73,0.28,,
0,1020,3.25,-9.92,-0.35,0.28,,
0,1020,3.25,-9.92,-0.35,0.28,,
0,1020,3.25,-9.92,-0.35,0.27,,
0,1020,2.97,-9.94,-0.22,0.27,,
0,1020,2.97,-9.94,-0.22,0.25,,
0,1020,2.97,-9.94,-0.22,0.23,,
0,1020,3.16,-9.84,-0.14,0.23,,
0,1020,3.16,-9.84,-0.14,0.2,,
0,1020,3.16,-9.84,-0.14,0.19,,
0,1020,3.61,-10.04,-0.12,0.19,,
0,1020,3.61,-10.04,-0.12,0.19,,
0,1020,3.61,-10.04,-0.12,0.19,,
0,1020,3.94,-9.74,0.17,0.18,,
0,1020,3.94,-9.74,0.17,0.15,,
0,1020,3.94,-9.74,0.17,0.15,,
0,1020,4.05,-9.75,0.11,0.14,,
0,1020,4.05,-9.75,0.11,0.12,,
0,1020,4.05,-9.75,0.11,0.12,,
0,1020,4.19,-9.73,-0.09,0.12,,
0,1020,4.19,-9.73,-0.09,0.12,,
0,1020,4.19,-9.73,-0.09,0.13,,
0,1020,4.19,-9.73,-0.09,0.13,,
0,1020,4.29,-9.46,0.04,0.13,,
0,1020,4.29,-9.46,0.04,0.11,,
0,1020,4.29,-9.46,0.04,0.11,,
0,1020,4.18,-9.42,0.07,0.11,,
0,1020,4.18,-9.42,0.07,0.11,,
0,1020,4.18,-9.42,0.07,0.11,,
0,1020,3.98,-9.68,-0.24,0.13,,
0,1020,3.98,-9.68,-0.24,0.13,,
0,1020,3.98,-9.68,-0.24,0.16,,
0,1020,3.84,-9.73,-0.13,0.19,,
0,1020,3.84,-9.73,-0.13,0.19,,
0,1020,3.84,-9.73,-0.13,0.2,,
0,1020,3.86,-9.55,0.04,0.2,,
0,1020,3.86,-9.55,0.04,0.2,,
0,1020,3.86,-9.55,0.04,0.19,,
0,1020,3.72,-9.4,0.27,0.19,,
0,1020,3.72,-9.4,0.27,0.17,,
0,1020,3.72,-9.4,0.27,0.17,,
0,1020,3.72,-9.4,0.27,0.15,,
0,1020,3.46,-9.55,0.12,0.15,,
0,1020,3.46,-9.55,0.12,0.15,,
0,1020,3.46,-9.55,0.12,0.14,,
0,1020,3.54,-9.63,0.25,0.14,,
0,1020,3.54,-9.63,0.25,0.13,,
0,1020,3.54,-9.63,0.25,0.11,,
0,1020,3.97,-9.35,0.31,0.11,,
0,1020,3.97,-9.35,0.31,0.08,,
0,1020,3.97,-9.35,0.31,0.05,,
0,1080,4.16,-9.32,0.2,0.05,,
0,1080,4.16,-9.32,0.2,0.04,,
0,1080,4.16,-9.32,0.2,0.04,,
0,1080,4.03,-9.44,0,0.02,,
0,1080,4.03,-9.44,0,0.02,,
0,1080,4.03,-9.44,0,0.02,,
0,1080,4.1,-9.12,-0.03,0.01,,
0,1080,4.1,-9.12,-0.03,0.01,,
0,1080,4.1,-9.12,-0.03,-0.02,,
0,1080,3.99,-8.94,-0.13,-0.03,,
0,1080,3.99,-8.94,-0.13,-0.03,,
0,1080,3.99,-8.94,-0.13,-0.04,,
0,1080,3.8,-9.2,-0.61,-0.04,,
0,1080,3.8,-9.2,-0.61,-0.02,,
0,1080,3.8,-9.2,-0.61,0.02,,
0,1080,3.8,-9.2,-0.61,0.02,,
0,1080,3.94,-9.17,-0.69,0.05,,
0,1080,3.94,-9.17,-0.69,0.05,,
0,1080,3.94,-9.17,-0.69,0.09,,
0,1080,3.94,-8.98,-0.63,0.12,,
0,1080,3.94,-8.98,-0.63,0.12,,
0,1080,3.94,-8.98,-0.63,0.14,,
0,1080,3.84,-9.18,-0.65,0.14,,
0,1080,3.84,-9.18,-0.65,0.19,,
0,1080,3.84,-9.18,-0.65,0.21,,
0,1080,3.7,-9.04,-0.43,0.21,,
0,1080,3.7,-9.04,-0.43,0.22,,
0,1080,3.7,-9.04,-0.43,0.22,,
0,1080,3.63,-9.12,-0.19,0.22,,
0,1080,3.63,-9.12,-0.19,0.21,,
0,1080,3.63,-9.12,-0.19,0.21,,
0,1080,3.63,-9.12,-0.19,0.2,,
0,1080,3.7,-9.16,0.05,0.2,,
0,1080,3.7,-9.16,0.05,0.19,,
0,1080,3.7,-9.16,0.05,0.18,,
0,1080,3.69,-9.07,0.15,0.18,,
0,1080,3.69,-9.07,0.15,0.16,,
0,1080,3.69,-9.07,0.15,0.16,,
0,1080,3.62,-9.2,0.04,0.14,,
0,1080,3.62,-9.2,0.04,0.14,,
0,1080,3.62,-9.2,0.04,0.14,,
0,1080,3.79,-9.54,-0.09,0.13,,
0,1080,3.79,-9.54,-0.09,0.13,,
0,1080,3.79,-9.54,-0.09,0.13,,
0,1080,3.88,-9.13,0.24,0.14,,
0,1080,3.88,-9.13,0.24,0.14,,
0,1080,3.88,-9.13,0.24,0.13,,
0,1080,3.84,-9.35,0.08,0.13,,
0,1080,3.84,-9.35,0.08,0.13,,
0,1080,3.84,-9.35,0.08,0.11,,
0,1080,3.84,-9.35,0.08,0.11,,
0,1080,3.76,-9.26,0.35,0.1,,
0,1080,3.76,-9.26,0.35,0.08,,
0,1080,3.76,-9.26,0.35,0.08,,
0,1080,3.84,-9.24,0.36,0.06,,
0,1080,3.84,-9.24,0.36,0.06,,
0,1080,3.84,-9.24,0.36,0.04,,
0,1080,3.99,-9.33,0.36,0.04,,
0,1080,3.99,-9.33,0.36,0.04,,
0,1080,3.99,-9.33,0.36,0.03,,
0,1080,4.12,-9.36,0.3,0.03,,
0,1080,4.12,-9.36,0.3,0.03,,
0,1080,4.12,-9.36,0.3,0.02,,
0,1080,4.09,-9.37,0.3,0.02,,
0,1080,4.09,-9.37,0.3,0.02,,
0,1080,4.09,-9.37,0.3,0.02,,
0,1080,4.04,-9.28,0.22,0.02,,
0,1080,4.04,-9.28,0.22,0.01,,
0,1080,4.04,-9.28,0.22,0.02,,
0,1080,4.08,-9.42,0.25,0.02,,
0,1080,4.08,-9.42,0.25,0.03,,
0,1080,4.08,-9.42,0.25,0.03,,
0,1080,4.68,-9.15,0.29,0.03,,
0,1080,4.68,-9.15,0.29,0.01,,
0,1080,4.68,-9.15,0.29,0.01,,
0,1080,4.87,-9.27,0.21,0.01,,
0,1080,4.87,-9.27,0.21,0.01,,
0,1080,4.87,-9.27,0.21,0,,
0,1080,4.61,-9.36,0.14,0.01,,
0,1080,4.61,-9.36,0.14,0.01,,
0,1080,4.61,-9.36,0.14,0.02,,
0,1080,4.44,-9.45,0.11,0.02,,
0,1080,4.44,-9.45,0.11,0.02,,
0,1080,4.44,-9.45,0.11,0.03,,
0,1080,4.05,-9.38,0.17,0.03,,
0,1080,4.05,-9.38,0.17,0.02,,
0,1080,4.05,-9.38,0.17,0.03,,
0,1080,3.72,-9.54,0.21,0.03,,
0,1080,3.72,-9.54,0.21,0.02,,
0,1080,3.72,-9.54,0.21,0.01,,
0,1080,3.5,-9.45,0.41,0.01,,
0,1080,3.5,-9.45,0.41,-0.02,,
0,1080,3.5,-9.45,0.41,-0.02,,
0,1080,3.5,-9.45,0.41,-0.04,,
0,1080,3.67,-9.36,0.43,-0.06,,
0,1080,3.67,-9.36,0.43,-0.06,,
0,1080,3.67,-9.36,0.43,-0.07,,
0,1080,3.63,-9.5,0.24,-0.07,,
0,1080,3.63,-9.5,0.24,-0.08,,
0,1080,3.63,-9.5,0.24,-0.07,,
0,1080,3.31,-9.46,0.38,-0.07,,
0,1080,3.31,-9.46,0.38,-0.07,,
0,1080,3.31,-9.46,0.38,-0.07,,
0,1080,3.13,-9.66,0.34,-0.07,,
0,1080,3.13,-9.66,0.34,-0.09,,
0,1080,3.13,-9.66,0.34,-0.09,,
0,1080,2.88,-9.74,0.51,-0.09,,
0,1080,2.88,-9.74,0.51,-0.11,,
0,1080,2.88,-9.74,0.51,-0.11,,
0,1080,3.04,-9.77,0.6,-0.11,,
0,1080,3.04,-9.77,0.6,-0.11,,
0,1080,3.04,-9.77,0.6,-0.14,,
0,1080,3.22,-9.48,0.82,-0.17,,
0,1080,3.22,-9.48,0.82,-0.17,,
0,1080,3.22,-9.48,0.82,-0.21,,
0,1080,3.22,-9.48,0.82,-0.21,,
0,1080,2.99,-9.96,0.44,-0.21,,
0,1080,2.99,-9.96,0.44,-0.2,,
0,1080,2.99,-9.96,0.44,-0.2,,
0,1080,2.87,-9.69,0.68,-0.21,,
0,1080,2.87,-9.69,0.68,-0.24,,
0,1080,2.87,-9.69,0.68,-0.24,,
0,1080,2.71,-9.44,0.67,-0.28,,
0,1080,2.71,-9.44,0.67,-0.28,,
0,1080,2.71,-9.44,0.67,-0.28,,
0,1080,2.72,-9.88,0.24,-0.28,,
0,1080,2.72,-9.88,0.24,-0.26,,
0,1080,2.72,-9.88,0.24,-0.23,,
0,1080,2.86,-9.69,0.26,-0.23,,
0,1080,2.86,-9.69,0.26,-0.21,,
0,1080,2.86,-9.69,0.26,-0.21,,
0,1080,2.86,-9.69,0.26,-0.2,,
0,1080,3.37,-9.48,0.49,-0.21,,
0,1080,3.37,-9.48,0.49,-0.21,,
0,1080,3.37,-9.48,0.49,-0.23,,
0,1080,3.42,-9.48,0.37,-0.23,,
0,1080,3.42,-9.48,0.37,-0.25,,
0,1080,3.42,-9.48,0.37,-0.25,,
0,1080,3.44,-9.87,0.14,-0.24,,
0,1080,3.44,-9.87,0.14,-0.22,,
0,1080,3.44,-9.87,0.14,-0.22,,
0,1080,3.78,-9.95,0.18,-0.21,,
0,1080,3.78,-9.95,0.18,-0.21,,
0,1080,3.78,-9.95,0.18,-0.21,,
0,1080,3.78,-9.95,0.18,-0.23,,
0,1080,3.8,-9.89,0.11,-0.23,,
0,1080,3.8,-9.89,0.11,-0.21,,
0,1080,3.8,-9.89,0.11,-0.21,,
0,1080,4.15,-10.16,-0.43,-0.17,,
0,1080,4.15,-10.16,-0.43,-0.17,,
0,1080,4.15,-10.16,-0.43,-0.09,,
0,1080,4.19,-10.36,-0.23,-0.04,,
0,1080,4.19,-10.36,-0.23,-0.04,,
0,1080,4.19,-10.36,-0.23,-0.01,,
0,1080,4.09,-9.91,0.37,-0.01,,
0,1080,4.09,-9.91,0.37,-0.03,,
0,1080,4.09,-9.91,0.37,-0.06,,
0,1080,3.51,-10.08,0.4,-0.06,,
0,1080,3.51,-10.08,0.4,-0.09,,
0,1080,3.51,-10.08,0.4,-0.09,,
0,1080,3.51,-10.08,0.4,-0.1,,
0,1080,2.95,-10.5,0.28,-0.12,,
0,1080,2.95,-10.5,0.28,-0.12,,
0,1080,2.95,-10.5,0.28,-0.13,,
0,1080,2.83,-10.09,0.51,-0.17,,
0,1080,2.83,-10.09,0.51,-0.17,,
0,1080,2.83,-10.09,0.51,-0.2,,
0,1080,2.6,-10.25,0.36,-0.2,,
0,1080,2.6,-10.25,0.36,-0.23,,
0,1080,2.6,-10.25,0.36,-0.23,,
0,1140,2.38,-10.6,0.18,-0.23,,
0,1140,2.38,-10.6,0.18,-0.23,,
0,1140,2.38,-10.6,0.18,-0.23,,
0,1140,2.56,-10.3,0.48,-0.22,,
0,1140,2.56,-10.3,0.48,-0.25,,
0,1140,2.56,-10.3,0.48,-0.25,,
0,1140,2.66,-10.3,0.56,-0.28,,
0,1140,2.66,-10.3,0.56,-0.28,,
0,1140,2.66,-10.3,0.56,-0.31,,
0,1140,2.7,-10.33,0.4,-0.32,,
0,1140,2.7,-10.33,0.4,-0.32,,
0,1140,2.7,-10.33,0.4,-0.35,,
0,1140,2.7,-10.33,0.4,-0.38,,
0,1140,2.61,-10.18,0.24,-0.38,,
0,1140,2.61,-10.18,0.24,-0.38,,
0,1140,2.61,-10.18,0.24,-0.38,,
0,1140,2.37,-10.21,-0.01,-0.37,,
0,1140,2.37,-10.21,-0.01,-0.35,,
0,1140,2.37,-10.21,-0.01,-0.35,,
0,1140,2.18,-10.05,-0.13,-0.32,,
0,1140,2.18,-10.05,-0.13,-0.32,,
0,1140,2.18,-10.05,-0.13,-0.3,,
0,1140,2.11,-9.58,0.13,-0.3,,
0,1140,2.11,-9.58,0.13,-0.3,,
0,1140,2.11,-9.58,0.13,-0.31,,
0,1140,2.04,-9.29,-0.11,-0.31,,
0,1140,2.04,-9.29,-0.11,-0.3,,
0,1140,2.04,-9.29,-0.11,-0.28,,
0,1140,1.81,-9.27,-0.47,-0.28,,
0,1140,1.81,-9.27,-0.47,-0.24,,
0,1140,1.81,-9.27,-0.47,-0.24,,
0,1140,1.53,-9.62,-0.55,-0.17,,
0,1140,1.53,-9.62,-0.55,-0.11,,
0,1140,1.53,-9.62,-0.55,-0.11,,
0,1140,1.53,-9.62,-0.55,-0.09,,
0,1140,1.66,-8.9,0.14,-0.09,,
0,1140,1.66,-8.9,0.14,-0.12,,
0,1140,1.66,-8.9,0.14,-0.16,,
0,1140,1.91,-8.45,0.17,-0.16,,
0,1140,1.91,-8.45,0.17,-0.21,,
0,1140,1.91,-8.45,0.17,-0.21,,
0,1140,1.84,-8.68,-0.46,-0.21,,
0,1140,1.84,-8.68,-0.46,-0.18,,
0,1140,1.84,-8.68,-0.46,-0.18,,
0,1140,1.74,-8.94,-0.92,-0.12,,
0,1140,1.74,-8.94,-0.92,-0.07,,
0,1140,1.74,-8.94,-0.92,-0.07,,
0,1140,1.86,-8.65,-0.71,-0.03,,
0,1140,1.86,-8.65,-0.71,-0.03,,
0,1140,1.86,-8.65,-0.71,-0.01,,
0,1140,1.83,-8.67,-0.93,0.01,,
0,1140,1.83,-8.67,-0.93,0.01,,
0,1140,1.83,-8.67,-0.93,0.03,,
0,1140,1.67,-8.91,-1.14,0.03,,
0,1140,1.67,-8.91,-1.14,0.09,,
0,1140,1.67,-8.91,-1.14,0.14,,
0,1140,1.67,-8.91,-1.14,0.14,,
0,1140,1.45,-8.97,-1.01,0.2,,
0,1140,1.45,-8.97,-1.01,0.2,,
0,1140,1.45,-8.97,-1.01,0.24,,
0,1140,1.45,-8.61,-0.58,0.24,,
0,1140,1.45,-8.61,-0.58,0.24,,
0,1140,1.45,-8.61,-0.58,0.24,,
0,1140,1.24,-8.4,-0.45,0.24,,
0,1140,1.24,-8.4,-0.45,0.24,,
0,1140,1.24,-8.4,-0.45,0.23,,
0,1140,1.22,-8.35,-0.53,0.23,,
0,1140,1.22,-8.35,-0.53,0.23,,
0,1140,1.22,-8.35,-0.53,0.23,,
0,1140,1.12,-8.34,-0.55,0.26,,
0,1140,1.12,-8.34,-0.55,0.28,,
0,1140,1.12,-8.34,-0.55,0.28,,
0,1140,1.18,-8.15,-0.58,0.29,,
0,1140,1.18,-8.15,-0.58,0.29,,
0,1140,1.18,-8.15,-0.58,0.29,,
0,1140,1.18,-8.15,-0.58,0.3,,
0,1140,1.25,-8.26,-0.87,0.3,,
0,1140,1.25,-8.26,-0.87,0.32,,
0,1140,1.25,-8.26,-0.87,0.35,,
0,1140,1.22,-8.3,-1.05,0.35,,
0,1140,1.22,-8.3,-1.05,0.4,,
0,1140,1.22,-8.3,-1.05,0.4,,
0,1140,1.15,-8.4,-0.97,0.44,,
0,1140,1.15,-8.4,-0.97,0.44,,
0,1140,1.15,-8.4,-0.97,0.47,,
0,1140,1.32,-8.39,-0.72,0.49,,
0,1140,1.32,-8.39,-0.72,0.49,,
0,1140,1.32,-8.39,-0.72,0.51,,
0,1140,1.37,-8.69,-0.68,0.51,,
0,1140,1.37,-8.69,-0.68,0.53,,
0,1140,1.37,-8.69,-0.68,0.55,,
0,1140,1.37,-8.69,-0.68,0.55,,
0,1140,1.27,-8.78,-0.41,0.55,,
0,1140,1.27,-8.78,-0.41,0.55,,
0,1140,1.27,-8.78,-0.41,0.55,,
0,1140,1.22,-8.86,-0.17,0.55,,
0,1140,1.22,-8.86,-0.17,0.55,,
0,1140,1.22,-8.86,-0.17,0.53,,
0,1140,1.31,-9,-0.07,0.53,,
0,1140,1.31,-9,-0.07,0.52,,
0,1140,1.31,-9,-0.07,0.49,,
0,1140,1.68,-9.07,0.1,0.49,,
0,1140,1.68,-9.07,0.1,0.47,,
0,1140,1.68,-9.07,0.1,0.47,,
0,1140,1.92,-9.18,0.05,0.43,,
0,1140,1.92,-9.18,0.05,0.42,,
0,1140,1.92,-9.18,0.05,0.42,,
0,1140,2.03,-9.46,0.06,0.42,,
0,1140,2.03,-9.46,0.06,0.42,,
0,1140,2.03,-9.46,0.06,0.42,,
0,1140,2.01,-9.63,0.15,0.42,,
0,1140,2.01,-9.63,0.15,0.42,,
0,1140,2.01,-9.63,0.15,0.4,,
0,1140,2.52,-9.47,0.33,0.37,,
0,1140,2.52,-9.47,0.33,0.37,,
0,1140,2.52,-9.47,0.33,0.34,,
0,1140,2.53,-9.41,0.29,0.32,,
0,1140,2.53,-9.41,0.29,0.32,,
0,1140,2.53,-9.41,0.29,0.31,,
0,1140,2.53,-9.41,0.29,0.31,,
0,1140,2.49,-9.83,0.14,0.31,,
0,1140,2.49,-9.83,0.14,0.31,,
0,1140,2.49,-9.83,0.14,0.31,,
0,1140,3.05,-9.86,-0.01,0.32,,
0,1140,3.05,-9.86,-0.01,0.32,,
0,1140,3.05,-9.86,-0.01,0.35,,
0,1140,3.93,-10.08,-0.2,0.39,,
0,1140,3.93,-10.08,-0.2,0.39,,
0,1140,3.93,-10.08,-0.2,0.44,,
0,1140,4.4,-10.08,0.04,0.47,,
0,1140,4.4,-10.08,0.04,0.47,,
0,1140,4.4,-10.08,0.04,0.48,,
0,1140,4.55,-10.05,0.4,0.48,,
0,1140,4.55,-10.05,0.4,0.48,,
0,1140,4.55,-10.05,0.4,0.49,,
0,1140,4.18,-10.19,0.66,0.49,,
0,1140,4.18,-10.19,0.66,0.49,,
0,1140,4.18,-10.19,0.66,0.5,,
0,1140,3.44,-10.64,0.41,0.5,,
0,1140,3.44,-10.64,0.41,0.53,,
0,1140,3.44,-10.64,0.41,0.53,,
0,1140,2.93,-10.81,0.61,0.55,,
0,1140,2.93,-10.81,0.61,0.58,,
0,1140,2.93,-10.81,0.61,0.58,,
0,1140,2.96,-10.62,1.06,0.58,,
0,1140,2.96,-10.62,1.06,0.58,,
0,1140,2.96,-10.62,1.06,0.58,,
0,1140,2.96,-10.62,1.06,0.57,,
0,1140,2.86,-10.54,1.23,0.57,,
0,1140,2.86,-10.54,1.23,0.56,,
0,1140,2.86,-10.54,1.23,0.56,,
0,1140,2.71,-10.42,1.41,0.55,,
0,1140,2.71,-10.42,1.41,0.53,,
0,1140,2.71,-10.42,1.41,0.53,,
0,1140,2.58,-9.91,1.55,0.49,,
0,1140,2.58,-9.91,1.55,0.47,,
0,1140,2.58,-9.91,1.55,0.47,,
0,1140,2.15,-9.91,1.46,0.45,,
0,1140,2.15,-9.91,1.46,0.45,,
0,1140,2.15,-9.91,1.46,0.44,,
0,1140,1.65,-9.71,1.4,0.44,,
0,1140,1.65,-9.71,1.4,0.44,,
0,1140,1.65,-9.71,1.4,0.43,,
0,1140,1.28,-9.24,1.67,0.43,,
0,1140,1.28,-9.24,1.67,0.43,,
0,1140,1.28,-9.24,1.67,0.43,,
0,1140,0.8,-9.21,1.23,0.43,,
0,1140,0.8,-9.21,1.23,0.45,,
0,1140,0.8,-9.21,1.23,-1.15,,
0,1200,7.43,-13.41,-10.43,-1.15,,
0,1200,7.43,-13.41,-10.43,-1.11,,
0,1200,7.43,-13.41,-10.43,-1.11,,
0,1200,-1,-10.47,-3.26,-0.57,,
0,1200,-1,-10.47,-3.26,-0.26,,
0,1200,-1,-10.47,-3.26,-0.26,,
0,1200,-8.76,-9.24,-6.67,-0.73,,
0,1200,-8.76,-9.24,-6.67,-0.73,,
0,1200,-8.76,-9.24,-6.67,-0.96,,
0,1200,-8.76,-9.24,-6.67,-0.79,,
0,1200,1.15,-9.75,6.29,-0.79,,
0,1200,1.15,-9.75,6.29,-0.65,,
0,1200,1.15,-9.75,6.29,-0.65,,
0,1200,1.59,-11.36,0.46,-0.79,,
0,1200,1.59,-11.36,0.46,-0.85,,
0,1200,1.59,-11.36,0.46,-0.85,,
0,1200,1.12,-8.4,1.31,-0.87,,
0,1200,1.12,-8.4,1.31,-0.87,,
0,1200,1.12,-8.4,1.31,-1,,
0,1200,-0.43,-14.37,0.81,-0.98,,
0,1200,-0.43,-14.37,0.81,-0.98,,
0,1200,-0.43,-14.37,0.81,-0.86,,
0,1200,-0.43,-14.37,0.81,-0.86,,
0,1200,-1.61,-10.1,-3.73,-0.67,,
0,1200,-1.61,-10.1,-3.73,-0.67,,
0,1200,-1.61,-10.1,-3.73,-0.5,,
0,1200,-0.01,-10.7,-1.41,-0.39,,
0,1200,-0.01,-10.7,-1.41,-0.39,,
0,1200,-0.01,-10.7,-1.41,-0.25,,
0,1200,-0.33,-11.77,2.69,-0.25,,
0,1200,-0.33,-11.77,2.69,-0.21,,
0,1200,-0.33,-11.77,2.69,-0.25,,
0,1200,0.84,-8.75,2.12,-0.25,,
0,1200,0.84,-8.75,2.12,-0.29,,
0,1200,0.84,-8.75,2.12,-0.45,,
0,1200,-1.52,-8.02,1.21,-0.45,,
0,1200,-1.52,-8.02,1.21,-0.68,,
0,1200,-1.52,-8.02,1.21,-0.68,,
0,1200,-1.34,-3.41,4.2,-1.06,,
0,1200,-1.34,-3.41,4.2,-1.4,,
0,1200,-1.34,-3.41,4.2,-1.4,,
0,1200,-2.14,-3.69,0.35,-1.82,,
0,1200,-2.14,-3.69,0.35,-1.82,,
0,1200,-2.14,-3.69,0.35,-2.48,,
0,1200,-45.66,-131.9,-41.81,-2.82,,
0,1200,-45.66,-131.9,-41.81,-2.82,,
0,1200,-45.66,-131.9,-41.81,-1.03,,
0,1200,-8.48,-1.22,-3.73,-0.09,,
0,1200,-8.48,-1.22,-3.73,-0.09,,
0,1200,-8.48,-1.22,-3.73,0.38,,
0,1200,12.24,-19.76,-2.04,0.95,,
0,1200,12.24,-19.76,-2.04,0.95,,
0,1200,12.24,-19.76,-2.04,0.02,,
0,1200,12.24,-19.76,-2.04,0.02,,
0,1200,-8.91,-14.88,-1.77,-0.62,,
0,1200,-8.91,-14.88,-1.77,0.12,,
0,1200,-8.91,-14.88,-1.77,0.12,,
0,1200,7.87,-9.58,19.12,0.61,,
0,1200,7.87,-9.58,19.12,-0.3,,
0,1200,7.87,-9.58,19.12,-0.3,,
0,1200,-0.88,-6.98,7.63,-0.01,,
0,1200,-0.88,-6.98,7.63,-0.01,,
0,1200,-0.88,-6.98,7.63,-0.04,,
0,1200,0.27,-10.75,-1.04,0.02,,
0,1200,0.27,-10.75,-1.04,0.02,,
0,1200,0.27,-10.75,-1.04,0.01,,
0,1200,-0.33,-9.78,1.8,-0.02,,
0,1200,-0.33,-9.78,1.8,-0.02,,
0,1200,-0.33,-9.78,1.8,0.02,,
0,1200,0.93,-10.73,-0.61,0.02,,
0,1200,0.93,-10.73,-0.61,0.02,,
0,1200,0.93,-10.73,-0.61,-0.01,,
0,1200,-0.1,-9.62,0.71,-0.01,,
0,1200,-0.1,-9.62,0.71,0,,
0,1200,-0.1,-9.62,0.71,0,,
0,1200,0.57,-9.93,0,0,,
0,1200,0.57,-9.93,0,0,,
0,1200,0.57,-9.93,0,0,,
0,1200,0.19,-9.89,0.04,0,,
0,1200,0.19,-9.89,0.04,0,,
0,1200,0.19,-9.89,0.04,0,,
0,1200,0.13,-9.81,-0.01,0,,
0,1200,0.13,-9.81,-0.01,0,,
0,1200,0.13,-9.81,-0.01,0,,
0,1200,0.42,-10.03,-0.4,-0.01,,
0,1200,0.42,-10.03,-0.4,0,,
0,1200,0.42,-10.03,-0.4,0,,
0,1200,0.12,-9.88,-0.13,-0.01,,
0,1200,0.12,-9.88,-0.13,-0.01,,
0,1200,0.12,-9.88,-0.13,0,,
0,1200,0.01,-9.98,-0.24,-0.01,,
0,1200,0.01,-9.98,-0.24,-0.01,,
0,1200,0.01,-9.98,-0.24,-0.01,,
0,1200,0.03,-10.08,-0.16,-0.01,,
0,1200,0.03,-10.08,-0.16,-0.01,,
0,1200,0.03,-10.08,-0.16,0,,
0,1200,0,-9.98,-0.11,0,,
0,1200,0,-9.98,-0.11,0,,
0,1200,0,-9.98,-0.11,0,,
0,1200,-0.03,-10.05,-0.04,0,,
0,1200,-0.03,-10.05,-0.04,-0.01,,
0,1200,-0.03,-10.05,-0.04,-0.01,,
0,1200,-0.03,-10.05,-0.01,0,,
0,1200,-0.03,-10.05,-0.01,-0.01,,
0,1200,-0.03,-10.05,-0.01,-0.01,,
0,1200,-0.01,-9.96,-0.07,-0.01,,
0,1200,-0.01,-9.96,-0.07,0,,
0,1200,-0.01,-9.96,-0.07,0,,
0,1200,-0.2,-10.11,-0.14,0,,
0,1200,-0.2,-10.11,-0.14,0,,
0,1200,-0.2,-10.11,-0.14,0,,
0,1200,-0.2,-10.11,-0.14,0,,
0,1200,0,-10.11,-0.1,0,,
0,1200,0,-10.11,-0.1,-0.01,,
0,1200,0,-10.11,-0.1,-0.01,,
0,1200,-0.05,-10.08,-0.07,0,,
0,1200,-0.05,-10.08,-0.07,0,,
0,1200,-0.05,-10.08,-0.07,0,,
0,1200,0,-10.04,-0.05,0,,
0,1200,0,-10.04,-0.05,0,,
0,1200,0,-10.04,-0.05,0,,
0,1200,0.1,-9.99,0.02,-0.01,,
0,1200,0.1,-9.99,0.02,-0.01,,
0,1200,0.1,-9.99,0.02,-0.01,,
0,1200,0.01,-10.04,-0.1,-0.01,,
0,1200,0.01,-10.04,-0.1,0,,
0,1200,0.01,-10.04,-0.1,-0.01,,
0,1200,0.01,-10.04,-0.1,-0.01,,
0,1200,-0.11,-10.11,-0.19,-0.01,,
0,1200,-0.11,-10.11,-0.19,-0.01,,
0,1200,-0.11,-10.11,-0.19,0,,
0,1200,-0.1,-10.02,-0.12,0,,
0,1200,-0.1,-10.02,-0.12,0,,
0,1200,-0.1,-10.02,-0.12,0,,
0,1200,0.47,-9.85,0.11,0,,
0,1200,0.47,-9.85,0.11,-0.01,,
0,1200,0.47,-9.85,0.11,-0.01,,
0,1200,0,-10.03,-0.12,0,,
0,1200,0,-10.03,-0.12,0,,
0,1200,0,-10.03,-0.12,0,,
0,1200,-0.11,-9.98,-0.11,-0.01,,
0,1200,-0.11,-9.98,-0.11,-0.01,,
0,1200,-0.11,-9.98,-0.11,-0.01,,
0,1200,-0.11,-9.98,-0.11,0,,
0,1200,0.11,-9.96,-0.06,0,,
0,1200,0.11,-9.96,-0.06,-0.01,,
0,1200,0.11,-9.96,-0.06,0,,
0,1200,-0.09,-9.97,-0.06,0,,
0,1200,-0.09,-9.97,-0.06,0,,
0,1200,-0.09,-9.97,-0.06,0,,
0,1200,0.08,-10,-0.04,-0.01,,
0,1200,0.08,-10,-0.04,0,,
0,1200,0.08,-10,-0.04,0,,
0,1200,-0.01,-10.07,-0.14,-0.01,,
0,1200,-0.01,-10.07,-0.14,-0.01,,
0,1200,-0.01,-10.07,-0.14,-0.01,,
0,1200,0.04,-10.09,-0.11,0,,
0,1200,0.04,-10.09,-0.11,0,,
0,1200,0.04,-10.09,-0.11,-0.01,,
0,1200,0.04,-10.07,-0.1,0,,
0,1200,0.04,-10.07,-0.1,0,,
0,1200,0.04,-10.07,-0.1,-0.01,,
0,1200,0,-9.98,-0.06,0,,
0,1200,0,-9.98,-0.06,0,,
0,1200,0,-9.98,-0.06,-0.01,,
0,1200,0.04,-10,-0.04,-0.01,,
0,1200,0.04,-10,-0.04,-0.01,,
0,1200,0.04,-10,-0.04,-0.01,,
0,1260,-0.02,-10.01,-0.03,-0.01,,
0,1260,-0.02,-10.01,-0.03,-0.01,,
0,1260,-0.02,-10.01,-0.03,-0.01,,
0,1260,0.27,-10.05,-0.02,-0.01,,
0,1260,0.27,-10.05,-0.02,-0.01,,
0,1260,0.27,-10.05,-0.02,-0.01,,
0,1260,0.25,-9.97,-0.1,-0.02,,
0,1260,0.25,-9.97,-0.1,-0.02,,
0,1260,0.25,-9.97,-0.1,-0.02,,
0,1260,0.62,-9.89,0.34,0.01,,
0,1260,0.62,-9.89,0.34,0.01,,
0,1260,0.62,-9.89,0.34,-0.01,,
0,1260,0.55,-10.09,-0.4,-0.01,,
0,1260,0.55,-10.09,-0.4,-0.01,,
0,1260,0.55,-10.09,-0.4,0,,
0,1260,0.55,-10.09,-0.4,0,,
0,1260,0.1,-10.08,-0.09,0,,
0,1260,0.1,-10.08,-0.09,-0.01,,
0,1260,0.1,-10.08,-0.09,-0.01,,
0,1260,-0.3,-10.15,-0.33,0,,
0,1260,-0.3,-10.15,-0.33,0.01,,
0,1260,-0.3,-10.15,-0.33,0.01,,
0,1260,-0.8,-10.13,-0.29,0.02,,
0,1260,-0.8,-10.13,-0.29,0.03,,
0,1260,-0.8,-10.13,-0.29,0.03,,
0,1260,2.39,-9.56,0.48,0.02,,
0,1260,2.39,-9.56,0.48,0.02,,
0,1260,2.39,-9.56,0.48,-0.02,,
0,1260,-0.36,-10.11,-0.11,-0.01,,
0,1260,-0.36,-10.11,-0.11,-0.01,,
0,1260,-0.36,-10.11,-0.11,0,,
0,1260,0.65,-9.99,0.05,-0.01,,
0,1260,0.65,-9.99,0.05,-0.01,,
0,1260,0.65,-9.99,0.05,0,,
0,1260,0.09,-10.02,-0.07,0,,
0,1260,0.09,-10.02,-0.07,0,,
0,1260,0.09,-10.02,-0.07,0,,
0,1260,0.02,-10.05,-0.13,0,,
0,1260,0.02,-10.05,-0.13,0,,
0,1260,0.02,-10.05,-0.13,-0.01,,
0,1260,-0.05,-10.07,-0.16,-0.01,,
0,1260,-0.05,-10.07,-0.16,0,,
0,1260,-0.05,-10.07,-0.16,0,,
0,1260,-0.18,-10.09,-0.23,0,,
0,1260,-0.18,-10.09,-0.23,0,,
0,1260,-0.18,-10.09,-0.23,0,,
0,1260,-0.21,-10.03,-0.09,0,,
0,1260,-0.21,-10.03,-0.09,-0.01,,
0,1260,-0.21,-10.03,-0.09,-0.01,,
0,1260,-0.09,-10.05,-0.09,0,,
0,1260,-0.09,-10.05,-0.09,0,,
0,1260,-0.09,-10.05,-0.09,0,,
0,1260,0.11,-10.04,-0.08,0,,
0,1260,0.11,-10.04,-0.08,0,,
0,1260,0.11,-10.04,-0.08,0,,
0,1260,0.11,-10.04,-0.08,0,,
0,1260,0.09,-10.05,-0.05,0,,
0,1260,0.09,-10.05,-0.05,0,,
0,1260,0.09,-10.05,-0.05,0,,
0,1260,0.13,-9.98,-0.11,0,,
0,1260,0.13,-9.98,-0.11,0,,
0,1260,0.13,-9.98,-0.11,0,,
0,1260,0.03,-10.09,-0.11,-0.01,,
0,1260,0.03,-10.09,-0.11,-0.01,,
0,1260,0.03,-10.09,-0.11,0,,
0,1260,-0.07,-10.04,-0.11,0,,
0,1260,-0.07,-10.04,-0.11,0,,
0,1260,-0.07,-10.04,-0.11,0,,
0,1260,0.05,-10.04,-0.16,0,,
0,1260,0.05,-10.04,-0.16,0,,
0,1260,0.05,-10.04,-0.16,0,,
0,1260,-0.24,-10.05,-0.07,0,,
0,1260,-0.24,-10.05,-0.07,0,,
0,1260,-0.24,-10.05,-0.07,0,,
0,1260,-0.24,-10.05,-0.07,0,,
0,1260,0.06,-10.01,-0.14,0,,
0,1260,0.06,-10.01,-0.14,0,,
0,1260,0.06,-10.01,-0.14,0,,
0,1260,-0.08,-10.02,0,0,,
0,1260,-0.08,-10.02,0,-0.01,,
0,1260,-0.08,-10.02,0,-0.01,,
0,1260,0.02,-10.03,-0.16,0,,
0,1260,0.02,-10.03,-0.16,-0.01,,
0,1260,0.02,-10.03,-0.16,-0.01,,
0,1260,0.06,-10,-0.03,0,,
0,1260,0.06,-10,-0.03,0,,
0,1260,0.06,-10,-0.03,-0.01,,
0,1260,0.04,-10.06,-0.12,-0.01,,
0,1260,0.04,-10.06,-0.12,-0.01,,
0,1260,0.04,-10.06,-0.12,0,,
0,1260,0.02,-10.04,-0.07,0,,
0,1260,0.02,-10.04,-0.07,0,,
0,1260,0.02,-10.04,-0.07,0,,
0,1260,-0.11,-10.09,-0.11,0,,
0,1260,-0.11,-10.09,-0.11,0,,
0,1260,-0.11,-10.09,-0.11,0,,
0,1260,-0.11,-10.09,-0.11,0,,
0,1260,-0.09,-9.96,-0.01,0,,
0,1260,-0.09,-9.96,-0.01,0,,
0,1260,-0.09,-9.96,-0.01,0,,
0,1260,0.13,-9.99,-0.13,-0.01,,
0,1260,0.13,-9.99,-0.13,-0.01,,
0,1260,0.13,-9.99,-0.13,-0.01,,
0,1260,-0.06,-10.04,-0.04,-0.01,,
0,1260,-0.06,-10.04,-0.04,-0.01,,
0,1260,-0.06,-10.04,-0.04,0,,
0,1260,-0.03,-10.05,-0.13,0,,
0,1260,-0.03,-10.05,-0.13,0,,
0,1260,-0.03,-10.05,-0.13,0,,
0,1260,0.07,-10.02,-0.02,0,,
0,1260,0.07,-10.02,-0.02,-0.01,,
0,1260,0.07,-10.02,-0.02,-0.01,,
0,1260,0.04,-10.01,-0.08,0,,
0,1260,0.04,-10.01,-0.08,-0.01,,
0,1260,0.04,-10.01,-0.08,-0.01,,
0,1260,-0.09,-10.03,-0.11,0,,
0,1260,-0.09,-10.03,-0.11,0,,
0,1260,-0.09,-10.03,-0.11,0,,
0,1260,-0.09,-10.03,-0.11,0,,
0,1260,0,-9.99,-0.13,0,,
0,1260,0,-9.99,-0.13,0,,
0,1260,0,-9.99,-0.13,0,,
0,1260,-0.03,-10.03,-0.08,-0.01,,
0,1260,-0.03,-10.03,-0.08,0,,
0,1260,-0.03,-10.03,-0.08,0,,
0,1260,-0.02,-10.07,-0.08,0,,
0,1260,-0.02,-10.07,-0.08,0,,
0,1260,-0.02,-10.07,-0.08,-0.01,,
0,1260,-0.03,-10.03,0,0,,
0,1260,-0.03,-10.03,0,0,,
0,1260,-0.03,-10.03,0,0,,
0,1260,-0.57,-10.07,-0.15,0,,
0,1260,-0.57,-10.07,-0.15,0,,
0,1260,-0.57,-10.07,-0.15,0,,
0,1260,0.6,-10.03,-0.14,0,,
0,1260,0.6,-10.03,-0.14,-0.01,,
0,1260,0.6,-10.03,-0.14,-0.01,,
0,1260,0.6,-10.03,-0.14,-0.01,,
0,1260,0.12,-10.06,-0.14,0,,
0,1260,0.12,-10.06,-0.14,0,,
0,1260,0.12,-10.06,-0.14,-0.01,,
0,1260,-0.06,-10.02,-0.03,0,,
0,1260,-0.06,-10.02,-0.03,0,,
0,1260,-0.06,-10.02,-0.03,-0.01,,
0,1260,0.29,-10.01,-0.11,-0.01,,
0,1260,0.29,-10.01,-0.11,-0.01,,
0,1260,0.29,-10.01,-0.11,0,,
0,1260,0,-10.05,-0.12,0,,
0,1260,0,-10.05,-0.12,-0.01,,
0,1260,0,-10.05,-0.12,-0.01,,
0,1260,0.29,-9.87,0.44,0,,
0,1260,0.29,-9.87,0.44,0,,
0,1260,0.29,-9.87,0.44,0,,
0,1260,-0.17,-9.99,-0.2,0,,
0,1260,-0.17,-9.99,-0.2,0.01,,
0,1260,-0.17,-9.99,-0.2,0.01,,
0,1260,0.24,-9.89,-0.07,-0.01,,
0,1260,0.24,-9.89,-0.07,-0.01,,
0,1260,0.24,-9.89,-0.07,-0.01,,
0,1260,-0.1,-10.11,-0.23,-0.01,,
0,1260,-0.1,-10.11,-0.23,0,,
0,1320,0.63,-9.94,0.37,0,,
0,1320,-0.11,-10.08,0.53,0.03,,
0,1320,-0.11,-10.08,0.53,0.04,,
0,1320,-0.32,-10.27,-0.16,0.04,,
0,1320,-0.32,-10.27,-0.16,0.04,,
0,1320,-0.32,-10.27,-0.16,0.04,,
0,1320,-0.35,-10.72,-0.17,0.06,,
0,1320,-0.35,-10.72,-0.17,0.09,,
0,1320,-0.35,-10.72,-0.17,0.09,,
0,1320,-0.34,-10.03,0.1,0.12,,
0,1320,-0.34,-10.03,0.1,0.12,,
0,1320,-0.34,-10.03,0.1,0.12,,
0,1320,-0.34,-10.03,0.1,0.09,,
0,1320,-0.15,-9.91,0.73,0.09,,
0,1320,-0.15,-9.91,0.73,0.06,,
0,1320,-0.15,-9.91,0.73,0.06,,
0,1320,0.03,-10.67,0.49,0.01,,
0,1320,0.03,-10.67,0.49,-0.04,,
0,1320,0.03,-10.67,0.49,-0.04,,
0,1320,0.7,-10.46,0.96,-0.09,,
0,1320,0.7,-10.46,0.96,-0.14,,
0,1320,0.7,-10.46,0.96,-0.14,,
0,1320,1.58,-9.85,0.88,-0.21,,
0,1320,1.58,-9.85,0.88,-0.21,,
0,1320,1.58,-9.85,0.88,-0.29,,
0,1320,-0.01,-8.5,1.02,-0.32,,
0,1320,-0.01,-8.5,1.02,-0.32,,
0,1320,-0.01,-8.5,1.02,-0.37,,
0,1320,2.05,-8.58,1.13,-0.49,,
0,1320,2.05,-8.58,1.13,-0.49,,
0,1320,2.05,-8.58,1.13,-0.6,,
0,1320,1.06,-8.72,0.84,-0.6,,
0,1320,1.06,-8.72,0.84,-0.66,,
0,1320,1.06,-8.72,0.84,-0.67,,
0,1320,1.81,-9.01,-0.47,-0.67,,
0,1320,1.81,-9.01,-0.47,-0.65,,
0,1320,1.81,-9.01,-0.47,-0.64,,
0,1320,2.39,-9.39,-0.89,-0.64,,
0,1320,2.39,-9.39,-0.89,-0.63,,
0,1320,2.39,-9.39,-0.89,-0.61,,
0,1320,3.43,-9.9,-1.02,-0.61,,
0,1320,3.43,-9.9,-1.02,-0.6,,
0,1320,3.43,-9.9,-1.02,-0.58,,
0,1320,3.13,-10.17,-1.04,-0.58,,
0,1320,3.13,-10.17,-1.04,-0.58,,
0,1320,3.13,-10.17,-1.04,-0.58,,
0,1320,1.81,-8.99,-0.45,-0.57,,
0,1320,1.81,-8.99,-0.45,-0.59,,
0,1320,1.81,-8.99,-0.45,-0.59,,
0,1320,4.56,-10.4,-1.56,-0.59,,
0,1320,4.56,-10.4,-1.56,-0.59,,
0,1320,4.56,-10.4,-1.56,-0.59,,
0,1320,3.31,-9.18,-1.02,-0.59,,
0,1320,3.31,-9.18,-1.02,-0.59,,
0,1320,3.31,-9.18,-1.02,-0.58,,
0,1320,2.85,-8.39,-1.06,-0.58,,
0,1320,2.85,-8.39,-1.06,-0.58,,
0,1320,2.85,-8.39,-1.06,-0.58,,
0,1320,3.75,-9.29,-1.99,-0.55,,
0,1320,3.75,-9.29,-1.99,-0.55,,
0,1320,3.75,-9.29,-1.99,-0.54,,
0,1320,3.86,-8.99,-1.52,-0.52,,
0,1320,3.86,-8.99,-1.52,-0.52,,
0,1320,3.86,-8.99,-1.52,-0.5,,
0,1320,3.14,-8.15,-1.52,-0.5,,
0,1320,3.14,-8.15,-1.52,-0.49,,
0,1320,3.14,-8.15,-1.52,-0.5,,
0,1320,4.75,-7.98,-1.94,-0.5,,
0,1320,4.75,-7.98,-1.94,-0.51,,
0,1320,4.75,-7.98,-1.94,-0.51,,
0,1320,4.75,-7.59,-1.55,-0.51,,
0,1320,4.75,-7.59,-1.55,-0.52,,
0,1320,4.75,-7.59,-1.55,-0.51,,
0,1320,5.93,-7.54,-1.54,-0.51,,
0,1320,5.93,-7.54,-1.54,-0.5,,
0,1320,5.93,-7.54,-1.54,-0.5,,
0,1320,6.69,-8.37,-2.26,-0.48,,
0,1320,6.69,-8.37,-2.26,-0.49,,
0,1320,6.69,-8.37,-2.26,-0.49,,
0,1320,5.26,-7.33,-1.58,-0.52,,
0,1320,5.26,-7.33,-1.58,-0.55,,
0,1320,5.26,-7.33,-1.58,-0.55,,
0,1320,5.25,-7.46,-1.95,-0.61,,
0,1320,5.25,-7.46,-1.95,-0.63,,
0,1320,5.25,-7.46,-1.95,-0.63,,
0,1320,5.28,-8.03,-2.37,-0.63,,
0,1320,5.28,-8.03,-2.37,-0.64,,
0,1320,5.28,-8.03,-2.37,-0.64,,
0,1320,5.05,-8.11,-2.49,-0.64,,
0,1320,5.05,-8.11,-2.49,-0.64,,
0,1320,5.05,-8.11,-2.49,-0.67,,
0,1320,5.41,-7.77,-2.22,-0.7,,
0,1320,5.41,-7.77,-2.22,-0.7,,
0,1320,5.41,-7.77,-2.22,-0.74,,
0,1320,6.29,-7.35,-1.98,-0.79,,
0,1320,6.29,-7.35,-1.98,-0.79,,
0,1320,6.29,-7.35,-1.98,-0.86,,
0,1320,6.56,-7.23,-2.05,-0.93,,
0,1320,6.56,-7.23,-2.05,-0.93,,
0,1320,6.56,-7.23,-2.05,-0.98,,
0,1320,6.45,-6.94,-2.22,-1.06,,
0,1320,6.45,-6.94,-2.22,-1.06,,
0,1320,6.45,-6.94,-2.22,-1.11,,
0,1320,6.14,-6.95,-2.51,-1.16,,
0,1320,6.14,-6.95,-2.51,-1.16,,
0,1320,6.14,-6.95,-2.51,-1.2,,
0,1320,6.24,-6.65,-2.76,-1.2,,
0,1320,6.24,-6.65,-2.76,-1.25,,
0,1320,6.24,-6.65,-2.76,-1.27,,
0,1320,6.6,-6.63,-3.41,-1.27,,
0,1320,6.6,-6.63,-3.41,-1.27,,
0,1320,6.6,-6.63,-3.41,-1.27,,
0,1320,6.53,-6.74,-3.85,-1.27,,
0,1320,6.53,-6.74,-3.85,-1.27,,
0,1320,6.53,-6.74,-3.85,-1.27,,
0,1320,6.13,-6.22,-4.05,-1.27,,
0,1320,6.13,-6.22,-4.05,-1.27,,
0,1320,6.13,-6.22,-4.05,-1.27,,
0,1320,6.27,-6.1,-4.57,-1.26,,
0,1320,6.27,-6.1,-4.57,-1.25,,
0,1320,6.27,-6.1,-4.57,-1.25,,
0,1320,6.16,-5.92,-4.66,-1.23,,
0,1320,6.16,-5.92,-4.66,-1.23,,
0,1320,6.16,-5.92,-4.66,-1.19,,
0,1320,6.8,-5.62,-5.09,-1.16,,
0,1320,6.8,-5.62,-5.09,-1.16,,
0,1380,6.8,-5.62,-5.09,-1.13,,
0,1380,7.15,-5.42,-5.25,-1.11,,
0,1380,7.15,-5.42,-5.25,-1.11,,
0,1380,7.15,-5.42,-5.25,-1.08,,
0,1380,7.02,-5.43,-5.56,-1.08,,
0,1380,7.02,-5.43,-5.56,-1.05,,
0,1380,7.02,-5.43,-5.56,-1.03,,
0,1380,6.88,-5.05,-5.62,-1.03,,
0,1380,6.88,-5.05,-5.62,-1,,
0,1380,6.88,-5.05,-5.62,-0.96,,
0,1380,6.7,-4.58,-5.81,-0.96,,
0,1380,6.7,-4.58,-5.81,-0.9,,
0,1380,6.7,-4.58,-5.81,-0.84,,
0,1380,6.41,-5.16,-6.27,-0.84,,
0,1380,6.41,-5.16,-6.27,-0.77,,
0,1380,6.41,-5.16,-6.27,-0.77,,
0,1380,6.55,-6.11,-6.8,-0.68,,
0,1380,6.55,-6.11,-6.8,-0.6,,
0,1380,6.55,-6.11,-6.8,-0.6,,
0,1380,6.73,-6.22,-6.64,-0.51,,
0,1380,6.73,-6.22,-6.64,-0.45,,
0,1380,6.73,-6.22,-6.64,-0.45,,
0,1380,6.13,-5.73,-5.99,-0.39,,
0,1380,6.13,-5.73,-5.99,-0.36,,
0,1380,6.13,-5.73,-5.99,-0.36,,
0,1380,5.66,-5.62,-5.67,-0.34,,
0,1380,5.66,-5.62,-5.67,-0.34,,
0,1380,5.66,-5.62,-5.67,-0.34,,
0,1380,5.39,-5.66,-5.5,-0.35,,
0,1380,5.39,-5.66,-5.5,-0.35,,
0,1380,5.39,-5.66,-5.5,-0.37,,
0,1380,5.46,-5.98,-5.52,-0.37,,
0,1380,5.46,-5.98,-5.52,-0.37,,
0,1380,5.46,-5.98,-5.52,-0.37,,
0,1380,5.72,-6.06,-5.53,-0.37,,
0,1380,5.72,-6.06,-5.53,-0.37,,
0,1380,5.72,-6.06,-5.53,-0.39,,
0,1380,6.02,-6.02,-5.24,-0.41,,
0,1380,6.02,-6.02,-5.24,-0.41,,
0,1380,6.02,-6.02,-5.24,-0.43,,
0,1380,6.32,-5.58,-4.86,-0.43,,
0,1380,6.32,-5.58,-4.86,-0.46,,
0,1380,6.32,-5.58,-4.86,-0.49,,
0,1380,6.15,-5.72,-5.06,-0.49,,
0,1380,6.15,-5.72,-5.06,-0.52,,
0,1380,6.15,-5.72,-5.06,-0.53,,
0,1380,5.97,-5.92,-5.43,-0.53,,
0,1380,5.97,-5.92,-5.43,-0.53,,
0,1380,5.97,-5.92,-5.43,-0.51,,
0,1380,5.88,-5.82,-5.66,-0.51,,
0,1380,5.88,-5.82,-5.66,-0.48,,
0,1380,5.88,-5.82,-5.66,-0.48,,
0,1380,6.08,-5.86,-5.67,-0.47,,
0,1380,6.08,-5.86,-5.67,-0.46,,
0,1380,6.08,-5.86,-5.67,-0.46,,
0,1380,6.36,-5.67,-5.54,-0.46,,
0,1380,6.36,-5.67,-5.54,-0.46,,
0,1380,6.36,-5.67,-5.54,-0.46,,
0,1380,6.34,-5.38,-5.35,-0.47,,
0,1380,6.34,-5.38,-5.35,-0.47,,
0,1380,6.34,-5.38,-5.35,-0.47,,
0,1380,6.13,-5.55,-5.77,-0.47,,
0,1380,6.13,-5.55,-5.77,-0.48,,
0,1380,6.13,-5.55,-5.77,-0.48,,
0,1380,5.68,-5.38,-5.87,-0.48,,
0,1380,5.68,-5.38,-5.87,-0.48,,
0,1380,5.68,-5.38,-5.87,-0.48,,
0,1380,5.38,-5.09,-6.1,-0.47,,
0,1380,5.38,-5.09,-6.1,-0.47,,
0,1380,5.38,-5.09,-6.1,-0.45,,
0,1380,5.47,-5.35,-6.32,-0.43,,
0,1380,5.47,-5.35,-6.32,-0.43,,
0,1380,5.47,-5.35,-6.32,-0.41,,
0,1380,5.83,-5.21,-6.24,-0.41,,
0,1380,5.83,-5.21,-6.24,-0.41,,
0,1380,5.83,-5.21,-6.24,-0.41,,
0,1380,5.83,-4.98,-6.03,-0.41,,
0,1380,5.83,-4.98,-6.03,-0.43,,
0,1380,5.83,-4.98,-6.03,-0.44,,
0,1380,5.78,-4.87,-6,-0.44,,
0,1380,5.78,-4.87,-6,-0.47,,
0,1380,5.78,-4.87,-6,-0.5,,
0,1380,5.66,-4.49,-6.11,-0.5,,
0,1380,5.66,-4.49,-6.11,-0.51,,
0,1380,5.66,-4.49,-6.11,-0.51,,
0,1380,5.85,-4.88,-6.74,-0.51,,
0,1380,5.85,-4.88,-6.74,-0.49,,
0,1380,5.85,-4.88,-6.74,-0.49,,
0,1380,5.75,-4.9,-6.82,-0.47,,
0,1380,5.75,-4.9,-6.82,-0.45,,
0,1380,5.75,-4.9,-6.82,-0.45,,
0,1380,5.85,-4.75,-6.82,-0.42,,
0,1380,5.85,-4.75,-6.82,-0.42,,
0,1380,5.85,-4.75,-6.82,-0.41,,
0,1380,6.08,-4.44,-6.56,-0.41,,
0,1380,6.08,-4.44,-6.56,-0.41,,
0,1380,6.08,-4.44,-6.56,-0.4,,
0,1380,6.13,-4.18,-6.48,-0.4,,
0,1380,6.13,-4.18,-6.48,-0.4,,
0,1380,6.13,-4.18,-6.48,-0.39,,
0,1380,6.21,-4.28,-6.72,-0.39,,
0,1380,6.21,-4.28,-6.72,-0.38,,
0,1380,6.21,-4.28,-6.72,-0.37,,
0,1380,6.21,-4.28,-6.72,-0.37,,
0,1380,5.85,-4.27,-6.67,-0.38,,
0,1380,5.85,-4.27,-6.67,-0.38,,
0,1380,5.85,-4.27,-6.67,-0.39,,
0,1380,5.81,-4.21,-6.49,-0.41,,
0,1380,5.81,-4.21,-6.49,-0.41,,
0,1380,5.81,-4.21,-6.49,-0.42,,
0,1380,5.71,-3.73,-6.48,-0.42,,
0,1380,5.71,-3.73,-6.48,-0.42,,
0,1380,5.71,-3.73,-6.48,-0.41,,
0,1380,5.78,-3.82,-6.85,-0.41,,
0,1380,5.78,-3.82,-6.85,-0.39,,
0,1380,5.78,-3.82,-6.85,-0.37,,
0,1380,5.87,-4.15,-7.07,-0.37,,
0,1380,5.87,-4.15,-7.07,-0.36,,
0,1380,5.87,-4.15,-7.07,-0.36,,
0,1380,6.21,-4.11,-6.84,-0.35,,
0,1380,6.21,-4.11,-6.84,-0.35,,
0,1380,6.21,-4.11,-6.84,-0.35,,
0,1380,6.8,-3.56,-6.52,-0.34,,
0,1380,6.8,-3.56,-6.52,-0.34,,
0,1380,6.8,-3.56,-6.52,-0.34,,
0,1380,7,-3.68,-6.63,-0.33,,
0,1380,7,-3.68,-6.63,-0.32,,
0,1380,7,-3.68,-6.63,-0.32,,
0,1380,7.02,-3.66,-6.55,-0.29,,
0,1380,7.02,-3.66,-6.55,-0.27,,
0,1380,7.02,-3.66,-6.55,-0.27,,
0,1380,6.81,-3.93,-6.48,-0.26,,
0,1380,6.81,-3.93,-6.48,-0.26,,
0,1380,6.81,-3.93,-6.48,-0.25,,
0,1380,6.8,-3.86,-6.06,-0.26,,
0,1380,6.8,-3.86,-6.06,-0.26,,
0,1380,6.8,-3.86,-6.06,-0.29,,
0,1380,6.77,-3.79,-5.72,-0.34,,
0,1380,6.77,-3.79,-5.72,-0.34,,
0,1380,6.77,-3.79,-5.72,-0.41,,
0,1380,6.36,-3.6,-5.7,-0.48,,
0,1380,6.36,-3.6,-5.7,-0.48,,
0,1380,6.36,-3.6,-5.7,-0.57,,
0,1380,6.08,-3.86,-5.87,-0.64,,
0,1380,6.08,-3.86,-5.87,-0.64,,
0,1380,6.08,-3.86,-5.87,-0.71,,
0,1380,5.98,-3.8,-6.32,-0.71,,
0,1380,5.98,-3.8,-6.32,-0.77,,
0,1380,5.98,-3.8,-6.32,-0.78,,
0,1380,6.2,-3.67,-7.2,-0.78,,
0,1380,6.2,-3.67,-7.2,-0.77,,
0,1380,6.2,-3.67,-7.2,-0.74,,
0,1380,6.09,-3.94,-7.69,-0.74,,
0,1380,6.09,-3.94,-7.69,-0.66,,
0,1380,6.32,-4.13,-8.12,-0.57,,
0,1380,6.32,-4.13,-8.12,-0.57,,
0,1380,6.32,-4.13,-8.12,-0.46,,
0,1380,6.74,-4.3,-8.02,-0.36,,
0,1380,6.74,-4.3,-8.02,-0.36,,
0,1380,6.74,-4.3,-8.02,-0.27,,
0,1380,7.23,-3.89,-7.17,-0.27,,
0,1380,7.23,-3.89,-7.17,-0.2,,
0,1440,7.23,-3.89,-7.17,-0.18,,
0,1440,7.54,-3.33,-6.51,-0.18,,
0,1440,7.54,-3.33,-6.51,-0.17,,
0,1440,7.54,-3.33,-6.51,-0.16,,
0,1440,7.49,-3.26,-6.15,-0.16,,
0,1440,7.49,-3.26,-6.15,-0.16,,
0,1440,7.49,-3.26,-6.15,-0.16,,
0,1440,6.97,-3.39,-5.94,-0.16,,
0,1440,6.97,-3.39,-5.94,-0.17,,
0,1440,6.97,-3.39,-5.94,-0.16,,
0,1440,6.67,-3.36,-5.95,-0.16,,
0,1440,6.67,-3.36,-5.95,-0.16,,
0,1440,6.67,-3.36,-5.95,-0.19,,
0,1440,6.17,-3.51,-5.95,-0.19,,
0,1440,6.17,-3.51,-5.95,-0.17,,
0,1440,6.17,-3.51,-5.95,-0.17,,
0,1440,5.72,-4.11,-6.56,-0.13,,
0,1440,5.72,-4.11,-6.56,-0.12,,
0,1440,5.72,-4.11,-6.56,-0.12,,
0,1440,5.66,-4.04,-6.21,-0.12,,
0,1440,5.66,-4.04,-6.21,-0.14,,
0,1440,5.66,-4.04,-6.21,-0.14,,
0,1440,5.78,-3.97,-5.63,-0.2,,
0,1440,5.78,-3.97,-5.63,-0.27,,
0,1440,5.78,-3.97,-5.63,-0.27,,
0,1440,6.14,-3.89,-5.28,-0.39,,
0,1440,6.14,-3.89,-5.28,-0.49,,
0,1440,6.14,-3.89,-5.28,-0.49,,
0,1440,6.65,-3.85,-5.48,-0.6,,
0,1440,6.65,-3.85,-5.48,-0.68,,
0,1440,6.65,-3.85,-5.48,-0.68,,
0,1440,6.81,-3.87,-6.04,-0.73,,
0,1440,6.81,-3.87,-6.04,-0.73,,
0,1440,6.81,-3.87,-6.04,-0.79,,
0,1440,6.83,-3.78,-6.38,-0.8,,
0,1440,6.83,-3.78,-6.38,-0.8,,
0,1440,6.83,-3.78,-6.38,-0.82,,
0,1440,6.93,-3.68,-6.68,-0.83,,
0,1440,6.93,-3.68,-6.68,-0.83,,
0,1440,6.93,-3.68,-6.68,-0.83,,
0,1440,7.03,-3.49,-6.65,-0.83,,
0,1440,7.03,-3.49,-6.65,-0.83,,
0,1440,7.03,-3.49,-6.65,-0.83,,
0,1440,7.35,-3.32,-6.56,-0.83,,
0,1440,7.35,-3.32,-6.56,-0.84,,
0,1440,7.35,-3.32,-6.56,-0.86,,
0,1440,7.57,-3.17,-6.29,-0.86,,
0,1440,7.57,-3.17,-6.29,-0.9,,
0,1440,7.57,-3.17,-6.29,-0.9,,
0,1440,7.65,-2.99,-6.29,-0.93,,
0,1440,7.65,-2.99,-6.29,-0.95,,
0,1440,7.65,-2.99,-6.29,-0.95,,
0,1440,7.65,-2.99,-6.29,-0.97,,
0,1440,7.31,-3.06,-6.48,-0.97,,
0,1440,7.31,-3.06,-6.48,-0.98,,
0,1440,7.31,-3.06,-6.48,-0.97,,
0,1440,7.08,-2.95,-6.62,-0.97,,
0,1440,7.08,-2.95,-6.62,-0.95,,
0,1440,7.08,-2.95,-6.62,-0.93,,
0,1440,6.85,-2.78,-6.62,-0.93,,
0,1440,6.85,-2.78,-6.62,-0.9,,
0,1440,6.85,-2.78,-6.62,-0.9,,
0,1440,6.74,-2.59,-6.54,-0.88,,
0,1440,6.74,-2.59,-6.54,-0.86,,
0,1440,6.74,-2.59,-6.54,-0.86,,
0,1440,6.69,-2.59,-6.4,-0.85,,
0,1440,6.69,-2.59,-6.4,-0.85,,
0,1440,6.69,-2.59,-6.4,-0.85,,
0,1440,6.77,-2.05,-5.72,-0.87,,
0,1440,6.77,-2.05,-5.72,-0.87,,
0,1440,6.77,-2.05,-5.72,-0.92,,
0,1440,7.13,-1.7,-5.51,-0.96,,
0,1440,7.13,-1.7,-5.51,-0.96,,
0,1440,7.13,-1.7,-5.51,-1.01,,
0,1440,6.99,-1.96,-5.85,-1.05,,
0,1440,6.99,-1.96,-5.85,-1.05,,
0,1440,6.99,-1.96,-5.85,-1.08,,
0,1440,6.87,-1.66,-6.04,-1.1,,
0,1440,6.87,-1.66,-6.04,-1.1,,
0,1440,6.87,-1.66,-6.04,-1.11,,
0,1440,7.24,-1.58,-6.62,-1.11,,
0,1440,7.24,-1.58,-6.62,-1.08,,
0,1440,7.24,-1.58,-6.62,-1.03,,
0,1440,7.25,-2.1,-7.39,-1.03,,
0,1440,7.25,-2.1,-7.39,-0.96,,
0,1440,7.25,-2.1,-7.39,-0.91,,
0,1440,7.66,-1.74,-7.12,-0.91,,
0,1440,7.66,-1.74,-7.12,-0.85,,
0,1440,7.66,-1.74,-7.12,-0.81,,
0,1440,8.14,-1.48,-6.7,-0.81,,
0,1440,8.14,-1.48,-6.7,-0.79,,
0,1440,8.14,-1.48,-6.7,-0.79,,
0,1440,8.55,-1.24,-6.53,-0.78,,
0,1440,8.55,-1.24,-6.53,-0.75,,
0,1440,8.55,-1.24,-6.53,-0.75,,
0,1440,9.05,-1.38,-6.8,-0.71,,
0,1440,9.05,-1.38,-6.8,-0.68,,
0,1440,9.05,-1.38,-6.8,-0.68,,
0,1440,9.44,-1.59,-6.94,-0.63,,
0,1440,9.44,-1.59,-6.94,-0.59,,
0,1440,9.44,-1.59,-6.94,-0.59,,
0,1440,9.56,-1.82,-6.64,-0.56,,
0,1440,9.56,-1.82,-6.64,-0.56,,
0,1440,9.56,-1.82,-6.64,-0.55,,
0,1440,9.94,-1.66,-6.17,-0.58,,
0,1440,9.94,-1.66,-6.17,-0.58,,
0,1440,9.94,-1.66,-6.17,-0.66,,
0,1440,10.27,-1.5,-5.71,-0.72,,
0,1440,10.27,-1.5,-5.71,-0.72,,
0,1440,10.27,-1.5,-5.71,-0.78,,
0,1440,10.15,-1.73,-6.22,-0.78,,
0,1440,10.15,-1.73,-6.22,-0.79,,
0,1440,10.15,-1.73,-6.22,-0.79,,
0,1440,9.81,-2.12,-6.94,-0.79,,
0,1440,9.81,-2.12,-6.94,-0.74,,
0,1440,9.81,-2.12,-6.94,-0.71,,
0,1440,8.94,-2.39,-7.11,-0.71,,
0,1440,8.94,-2.39,-7.11,-0.64,,
0,1440,8.94,-2.39,-7.11,-0.59,,
0,1440,9.18,-2.25,-7.15,-0.59,,
0,1440,9.18,-2.25,-7.15,-0.52,,
0,1440,9.18,-2.25,-7.15,-0.52,,
0,1440,8.91,-2.84,-7.65,-0.38,,
0,1440,8.91,-2.84,-7.65,-0.29,,
0,1440,8.91,-2.84,-7.65,-0.29,,
0,1440,8.02,-3.27,-7.62,-0.18,,
0,1440,8.02,-3.27,-7.62,-0.09,,
0,1440,8.02,-3.27,-7.62,-0.09,,
0,1440,7.36,-3.66,-7.13,0.01,,
0,1440,7.36,-3.66,-7.13,0.06,,
0,1440,7.36,-3.66,-7.13,0.06,,
0,1440,7.38,-3.36,-6.4,0.09,,
0,1440,7.38,-3.36,-6.4,0.09,,
0,1440,7.38,-3.36,-6.4,0.1,,
0,1440,6.53,-3.79,-6.02,0.09,,
0,1440,6.53,-3.79,-6.02,0.09,,
0,1440,6.53,-3.79,-6.02,0.05,,
0,1440,5.32,-4.59,-5.95,0.03,,
0,1440,5.32,-4.59,-5.95,0.03,,
0,1440,5.32,-4.59,-5.95,0,,
0,1440,4.76,-5.08,-5.69,0,,
0,1440,4.76,-5.08,-5.69,-0.05,,
0,1440,4.76,-5.08,-5.69,-0.12,,
0,1440,4.92,-4.64,-5.17,-0.12,,
0,1440,4.92,-4.64,-5.17,-0.2,,
0,1440,4.92,-4.64,-5.17,-0.2,,
0,1440,4.2,-5.06,-5.38,-0.27,,
0,1440,4.2,-5.06,-5.38,-0.32,,
0,1440,4.2,-5.06,-5.38,-0.32,,
0,1440,3.25,-5.39,-5.96,-0.36,,
0,1440,3.25,-5.39,-5.96,-0.39,,
0,1440,3.25,-5.39,-5.96,-0.39,,
0,1440,3.25,-5.39,-5.96,-0.39,,
0,1440,3.02,-6.12,-6.67,-0.39,,
0,1440,3.02,-6.12,-6.67,-0.34,,
0,1440,3.02,-6.12,-6.67,-0.29,,
0,1440,2.48,-6.34,-6.84,-0.29,,
0,1440,2.48,-6.34,-6.84,-0.25,,
0,1440,2.48,-6.34,-6.84,-0.25,,
0,1440,2,-6.3,-6.91,-0.2,,
0,1440,2,-6.3,-6.91,-0.15,,
0,1440,2,-6.3,-6.91,-0.15,,
0,1440,1.48,-6.53,-7.21,-0.1,,
0,1440,1.48,-6.53,-7.21,-0.1,,
0,1500,1.48,-6.53,-7.21,-0.02,,
0,1500,0.83,-6.75,-7.05,0.04,,
0,1500,0.83,-6.75,-7.05,0.04,,
0,1500,0.83,-6.75,-7.05,0.09,,
0,1500,0.65,-6.86,-6.82,0.13,,
0,1500,0.65,-6.86,-6.82,0.13,,
0,1500,0.65,-6.86,-6.82,0.15,,
0,1500,-0.14,-6.94,-6.36,0.15,,
0,1500,-0.14,-6.94,-6.36,0.16,,
0,1500,-0.14,-6.94,-6.36,0.17,,
0,1500,-0.03,-7.1,-5.79,0.17,,
0,1500,-0.03,-7.1,-5.79,0.15,,
0,1500,-0.03,-7.1,-5.79,0.12,,
0,1500,-0.4,-6.75,-5.41,0.12,,
0,1500,-0.4,-6.75,-5.41,0.06,,
0,1500,-0.4,-6.75,-5.41,-0.02,,
0,1500,-0.94,-6.52,-5.32,-0.02,,
0,1500,-0.94,-6.52,-5.32,-0.1,,
0,1500,-0.94,-6.52,-5.32,-0.17,,
0,1500,-1.33,-6.64,-5.58,-0.17,,
0,1500,-1.33,-6.64,-5.58,-0.21,,
0,1500,-1.33,-6.64,-5.58,-0.21,,
0,1500,-1.79,-7.24,-6.09,-0.21,,
0,1500,-1.79,-7.24,-6.09,-0.19,,
0,1500,-1.79,-7.24,-6.09,-0.19,,
0,1500,-1.49,-7.41,-6.18,-0.14,,
0,1500,-1.49,-7.41,-6.18,-0.11,,
0,1500,-1.49,-7.41,-6.18,-0.11,,
0,1500,-1.26,-7.19,-5.7,-0.1,,
0,1500,-1.26,-7.19,-5.7,-0.11,,
0,1500,-1.26,-7.19,-5.7,-0.11,,
0,1500,-1.55,-6.84,-5.13,-0.15,,
0,1500,-1.55,-6.84,-5.13,-0.15,,
0,1500,-1.55,-6.84,-5.13,-0.21,,
0,1500,-2.35,-6.81,-5.24,-0.26,,
0,1500,-2.35,-6.81,-5.24,-0.26,,
0,1500,-2.35,-6.81,-5.24,-0.32,,
0,1500,-2.83,-6.89,-5.52,-0.36,,
0,1500,-2.83,-6.89,-5.52,-0.36,,
0,1500,-2.83,-6.89,-5.52,-0.38,,
0,1500,-3.37,-7.36,-6.2,-0.38,,
0,1500,-3.37,-7.36,-6.2,-0.38,,
0,1500,-3.37,-7.36,-6.2,-0.35,,
0,1500,-3.67,-7.55,-6.34,-0.35,,
0,1500,-3.67,-7.55,-6.34,-0.32,,
0,1500,-3.67,-7.55,-6.34,-0.29,,
0,1500,-3.81,-7.45,-6.26,-0.29,,
0,1500,-3.81,-7.45,-6.26,-0.23,,
0,1500,-3.81,-7.45,-6.26,-0.2,,
0,1500,-3.71,-7.5,-6.11,-0.2,,
0,1500,-3.71,-7.5,-6.11,-0.17,,
0,1500,-3.71,-7.5,-6.11,-0.14,,
0,1500,-4.35,-7.22,-5.77,-0.14,,
0,1500,-4.35,-7.22,-5.77,-0.12,,
0,1500,-4.35,-7.22,-5.77,-0.12,,
0,1500,-4.68,-7.43,-5.41,-0.12,,
0,1500,-4.68,-7.43,-5.41,-0.13,,
0,1500,-4.68,-7.43,-5.41,-0.13,,
0,1500,-5.65,-7.57,-5.22,-0.15,,
0,1500,-5.65,-7.57,-5.22,-0.18,,
0,1500,-5.65,-7.57,-5.22,-0.18,,
0,1500,-6.25,-7.23,-4.72,-0.25,,
0,1500,-6.25,-7.23,-4.72,-0.31,,
0,1500,-6.25,-7.23,-4.72,-0.31,,
0,1500,-6.28,-7.14,-4.54,-0.37,,
0,1500,-6.28,-7.14,-4.54,-0.41,,
0,1500,-6.28,-7.14,-4.54,-0.41,,
0,1500,-6.62,-7.53,-4.64,-0.46,,
0,1500,-6.62,-7.53,-4.64,-0.52,,
0,1500,-6.62,-7.53,-4.64,-0.52,,
0,1500,-6.76,-6.92,-4.16,-0.6,,
0,1500,-6.76,-6.92,-4.16,-0.67,,
0,1500,-6.76,-6.92,-4.16,-0.67,,
0,1500,-6.4,-6.63,-3.9,-0.74,,
0,1500,-6.4,-6.63,-3.9,-0.74,,
0,1500,-6.4,-6.63,-3.9,-0.79,,
0,1500,-6.22,-6.68,-3.94,-0.82,,
0,1500,-6.22,-6.68,-3.94,-0.82,,
0,1500,-6.8,-6.57,-3.89,-0.86,,
0,1500,-6.8,-6.57,-3.89,-0.9,,
0,1500,-6.8,-6.57,-3.89,-0.9,,
0,1500,-8.05,-6.46,-3.71,-0.96,,
0,1500,-8.05,-6.46,-3.71,-1.02,,
0,1500,-8.05,-6.46,-3.71,-1.02,,
0,1500,-8.62,-6.17,-3.55,-1.09,,
0,1500,-8.62,-6.17,-3.55,-1.17,,
0,1500,-8.62,-6.17,-3.55,-1.17,,
0,1500,-8.29,-5.97,-3.49,-1.24,,
0,1500,-8.29,-5.97,-3.49,-1.24,,
0,1500,-8.29,-5.97,-3.49,-1.32,,
0,1500,-8.29,-5.97,-3.49,-1.37,,
0,1500,-7.86,-5.62,-3.45,-1.37,,
0,1500,-7.86,-5.62,-3.45,-1.43,,
0,1500,-7.86,-5.62,-3.45,-1.47,,
0,1500,-8.49,-5.9,-3.48,-1.47,,
0,1500,-8.49,-5.9,-3.48,-1.49,,
0,1500,-8.49,-5.9,-3.48,-1.49,,
0,1500,-8.94,-6.56,-3.6,-1.49,,
0,1500,-8.94,-6.56,-3.6,-1.49,,
0,1500,-8.94,-6.56,-3.6,-1.49,,
0,1500,-8.7,-5.16,-3.32,-1.55,,
0,1500,-8.7,-5.16,-3.32,-1.66,,
0,1500,-8.7,-5.16,-3.32,-1.66,,
0,1500,-8.94,-4.19,-3.15,-1.76,,
0,1500,-8.94,-4.19,-3.15,-1.76,,
0,1500,-8.94,-4.19,-3.15,-1.86,,
0,1500,-9.96,-4.91,-4,-1.89,,
0,1500,-9.96,-4.91,-4,-1.89,,
0,1500,-9.96,-4.91,-4,-1.91,,
0,1500,-10.22,-4.94,-4.3,-1.94,,
0,1500,-10.22,-4.94,-4.3,-1.94,,
0,1500,-10.22,-4.94,-4.3,-1.96,,
0,1500,-9.44,-4.58,-4.43,-1.98,,
0,1500,-9.44,-4.58,-4.43,-1.98,,
0,1500,-8.76,-4.17,-4.28,-2.01,,
0,1500,-8.76,-4.17,-4.28,-2.02,,
0,1500,-8.76,-4.17,-4.28,-2.02,,
0,1500,-8.19,-4.67,-4.81,-2.02,,
0,1500,-8.19,-4.67,-4.81,-1.98,,
0,1500,-8.19,-4.67,-4.81,-1.98,,
0,1500,-7.88,-5,-5.14,-1.93,,
0,1500,-7.88,-5,-5.14,-1.89,,
0,1500,-7.88,-5,-5.14,-1.89,,
0,1500,-7.78,-4.43,-4.82,-1.87,,
0,1500,-7.78,-4.43,-4.82,-1.87,,
0,1500,-7.78,-4.43,-4.82,-1.9,,
0,1500,-7.57,-4.37,-4.83,-1.92,,
0,1500,-7.57,-4.37,-4.83,-1.92,,
0,1500,-7.57,-4.37,-4.83,-1.93,,
0,1500,-7.09,-4.86,-5.19,-1.93,,
0,1500,-7.09,-4.86,-5.19,-1.93,,
0,1500,-7.09,-4.86,-5.19,-1.89,,
0,1500,-6.22,-5.16,-5.54,-1.86,,
0,1500,-6.22,-5.16,-5.54,-1.86,,
0,1500,-6.22,-5.16,-5.54,-1.83,,
0,1500,-5.99,-4.66,-5.1,-1.83,,
0,1500,-5.99,-4.66,-5.1,-1.83,,
0,1500,-5.99,-4.66,-5.1,-1.85,,
0,1500,-5.92,-4.3,-5.02,-1.87,,
0,1500,-5.92,-4.3,-5.02,-1.87,,
0,1500,-5.92,-4.3,-5.02,-1.88,,
0,1500,-5.72,-4.32,-5.48,-1.89,,
0,1500,-5.72,-4.32,-5.48,-1.89,,
0,1500,-5.72,-4.32,-5.48,-1.87,,
0,1500,-5.62,-4.29,-6.13,-1.84,,
0,1500,-5.62,-4.29,-6.13,-1.84,,
0,1500,-5.62,-4.29,-6.13,-1.79,,
0,1500,-5.92,-4.69,-6.54,-1.73,,
0,1500,-5.92,-4.69,-6.54,-1.73,,
0,1500,-5.92,-4.69,-6.54,-1.68,,
0,1500,-5.63,-4.84,-6.58,-1.68,,
0,1500,-5.63,-4.84,-6.58,-1.62,,
0,1500,-5.63,-4.84,-6.58,-1.6,,
0,1500,-5.61,-4.75,-6.04,-1.6,,
0,1500,-5.61,-4.75,-6.04,-1.61,,
0,1500,-4.71,-4.21,-5.41,-1.63,,
0,1500,-4.71,-4.21,-5.41,-1.63,,
0,1500,-4.71,-4.21,-5.41,-1.69,,
0,1500,-4.03,-4.1,-5.35,-1.75,,
0,1500,-4.03,-4.1,-5.35,-1.75,,
0,1560,-4.03,-4.1,-5.35,-1.84,,
0,1560,-3.97,-4.01,-5.59,-1.9,,
0,1560,-3.97,-4.01,-5.59,-1.9,,
0,1560,-3.97,-4.01,-5.59,-1.97,,
0,1560,-3.04,-4.18,-5.7,-2.01,,
0,1560,-3.04,-4.18,-5.7,-2.01,,
0,1560,-3.04,-4.18,-5.7,-2.05,,
0,1560,-1.92,-3.75,-5.75,-2.1,,
0,1560,-1.92,-3.75,-5.75,-2.1,,
0,1560,-1.92,-3.75,-5.75,-2.14,,
0,1560,-0.49,-4.14,-6.3,-2.17,,
0,1560,-0.49,-4.14,-6.3,-2.17,,
0,1560,-0.49,-4.14,-6.3,-2.19,,
0,1560,-4.4,-2.9,-5.88,-2.27,,
0,1560,-4.4,-2.9,-5.88,-2.27,,
0,1560,-4.4,-2.9,-5.88,-2.31,,
0,1560,-3.54,-2.98,-7.12,-2.32,,
0,1560,-3.54,-2.98,-7.12,-2.32,,
0,1560,-3.54,-2.98,-7.12,-2.33,,
0,1560,-2.9,-2.57,-7.78,-2.32,,
0,1560,-2.9,-2.57,-7.78,-2.32,,
0,1560,-2.9,-2.57,-7.78,-2.29,,
0,1560,-1.65,-2.26,-7.77,-2.24,,
0,1560,-1.65,-2.26,-7.77,-2.24,,
0,1560,-1.1,-2.58,-7.88,-2.19,,
0,1560,-1.1,-2.58,-7.88,-2.19,,
0,1560,-1.1,-2.58,-7.88,-2.16,,
0,1560,0.06,-2.17,-8.02,-2.14,,
0,1560,0.06,-2.17,-8.02,-2.14,,
0,1560,0.06,-2.17,-8.02,-2.1,,
0,1560,1.94,-2.1,-8.75,-2.04,,
0,1560,1.94,-2.1,-8.75,-2.04,,
0,1560,1.94,-2.1,-8.75,-1.93,,
0,1560,1.94,-2.1,-8.75,-1.93,,
0,1560,2.94,-2.15,-9.34,-1.77,,
0,1560,2.94,-2.15,-9.34,-1.67,,
0,1560,2.94,-2.15,-9.34,-1.67,,
0,1560,3.87,-1.58,-9.32,-1.54,,
0,1560,3.87,-1.58,-9.32,-1.46,,
0,1560,4.54,-1.48,-9.42,-1.46,,
0,1560,4.54,-1.48,-9.42,-1.37,,
0,1560,4.54,-1.48,-9.42,-1.29,,
0,1560,4.91,-1.48,-9.25,-1.29,,
0,1560,4.91,-1.48,-9.25,-1.22,,
0,1560,4.91,-1.48,-9.25,-1.18,,
0,1560,4.91,-1.48,-9.25,-1.18,,
0,1560,4.61,-1.38,-9.01,-1.16,,
0,1560,4.61,-1.38,-9.01,-1.16,,
0,1560,4.61,-1.38,-9.01,-1.15,,
0,1560,4.7,-0.96,-8.91,-1.16,,
0,1560,4.7,-0.96,-8.91,-1.16,,
0,1560,4.7,-0.96,-8.91,-1.16,,
0,1560,5.23,-0.77,-9.55,-1.13,,
0,1560,5.23,-0.77,-9.55,-1.13,,
0,1560,5.23,-0.77,-9.55,-1.09,,
0,1560,5.42,-0.92,-9.76,-1.09,,
0,1560,5.42,-0.92,-9.76,-1.02,,
0,1560,5.49,-0.89,-9.75,-0.97,,
0,1560,5.49,-0.89,-9.75,-0.97,,
0,1560,5.49,-0.89,-9.75,-0.93,,
0,1560,6.08,-0.71,-9.17,-0.9,,
0,1560,6.08,-0.71,-9.17,-0.9,,
0,1560,6.08,-0.71,-9.17,-0.9,,
0,1560,6.66,-0.01,-8.54,-0.93,,
0,1560,6.66,-0.01,-8.54,-0.93,,
0,1560,6.66,-0.01,-8.54,-0.97,,
0,1560,6.64,0.4,-8.78,-1.01,,
0,1560,6.64,0.4,-8.78,-1.01,,
0,1560,6.64,0.4,-8.78,-0.99,,
0,1560,6.63,0.18,-9.7,-0.91,,
0,1560,6.63,0.18,-9.7,-0.91,,
0,1560,6.63,0.18,-9.7,-0.8,,
0,1560,6.78,-0.11,-10.02,-0.67,,
0,1560,6.78,-0.11,-10.02,-0.67,,
0,1560,6.78,-0.11,-10.02,-0.58,,
0,1560,6.37,-0.09,-9.02,-0.52,,
0,1560,6.37,-0.09,-9.02,-0.52,,
0,1560,6.37,-0.09,-9.02,-0.52,,
0,1560,6.25,0.35,-8.14,-0.52,,
0,1560,6.25,0.35,-8.14,-0.55,,
0,1560,6.25,0.35,-8.14,-0.59,,
0,1560,6.01,0.52,-8.29,-0.59,,
0,1560,6.01,0.52,-8.29,-0.62,,
0,1560,6.01,0.52,-8.29,-0.61,,
0,1560,6.41,0.11,-8.98,-0.61,,
0,1560,6.41,0.11,-8.98,-0.56,,
0,1560,6.41,0.11,-8.98,-0.5,,
0,1560,7.46,-0.06,-8.49,-0.5,,
0,1560,7.46,-0.06,-8.49,-0.41,,
0,1560,7.46,-0.06,-8.49,-0.34,,
0,1560,7.63,-0.33,-8.27,-0.34,,
0,1560,7.63,-0.33,-8.27,-0.31,,
0,1560,7.63,-0.33,-8.27,-0.31,,
0,1560,5.75,-0.92,-6.69,-0.38,,
0,1560,5.75,-0.92,-6.69,-0.44,,
0,1560,5.75,-0.92,-6.69,-0.44,,
0,1560,6.28,-0.36,-6.14,-0.61,,
0,1560,6.28,-0.36,-6.14,-0.77,,
0,1560,6.28,-0.36,-6.14,-0.77,,
0,1560,8.06,-0.04,-6.13,-0.92,,
0,1560,8.06,-0.04,-6.13,-1.06,,
0,1560,8.06,-0.04,-6.13,-1.06,,
0,1560,9.21,0.36,-6.61,-1.16,,
0,1560,9.21,0.36,-6.61,-1.2,,
0,1560,9.21,0.36,-6.61,-1.2,,
0,1560,9.21,0.14,-7.64,-1.19,,
0,1560,9.21,0.14,-7.64,-1.15,,
0,1560,9.21,0.14,-7.64,-1.15,,
0,1560,8.37,0.16,-7.85,-1.09,,
0,1560,8.37,0.16,-7.85,-1.09,,
0,1560,8.37,0.16,-7.85,-1.02,,
0,1560,8.1,0,-7.69,-0.98,,
0,1560,8.1,0,-7.69,-0.98,,
0,1560,8.59,0.07,-6.88,-0.94,,
0,1560,8.59,0.07,-6.88,-0.9,,
0,1560,8.59,0.07,-6.88,-0.9,,
0,1560,8.97,0.84,-6.01,-0.91,,
0,1560,8.97,0.84,-6.01,-0.94,,
0,1560,8.97,0.84,-6.01,-0.94,,
0,1560,8.71,1.02,-6.07,-0.98,,
0,1560,8.71,1.02,-6.07,-1.04,,
0,1560,8.71,1.02,-6.07,-1.04,,
0,1560,8.44,0.82,-6.6,-1.05,,
0,1560,8.44,0.82,-6.6,-1.06,,
0,1560,8.44,0.82,-6.6,-1.06,,
0,1560,8.49,0.63,-6.94,-1.05,,
0,1560,8.49,0.63,-6.94,-1.01,,
0,1560,8.49,0.63,-6.94,-1.01,,
0,1560,8.95,0.72,-6.56,-0.99,,
0,1560,8.95,0.72,-6.56,-0.99,,
0,1560,8.95,0.72,-6.56,-0.94,,
0,1560,9.2,0.64,-6.18,-0.91,,
0,1560,9.2,0.64,-6.18,-0.91,,
0,1560,9.2,0.64,-6.18,-0.88,,
0,1560,9.54,0.56,-6.21,-0.87,,
0,1560,9.54,0.56,-6.21,-0.87,,
0,1560,9.54,0.56,-6.21,-0.84,,
0,1560,9.63,0.62,-6.12,-0.83,,
0,1560,9.63,0.62,-6.12,-0.83,,
0,1560,9.63,0.62,-6.12,-0.83,,
0,1560,9.48,0.41,-6.22,-0.82,,
0,1560,9.48,0.41,-6.22,-0.82,,
0,1560,9.48,0.41,-6.22,-0.83,,
0,1560,9.21,0.69,-6.27,-0.83,,
0,1560,9.21,0.69,-6.27,-0.83,,
0,1560,9.21,0.69,-6.27,-0.81,,
0,1560,9.23,0.45,-6.73,-0.77,,
0,1560,9.23,0.45,-6.73,-0.77,,
0,1560,9.23,0.45,-6.73,-0.72,,
0,1560,9.23,0.34,-7.04,-0.68,,
0,1560,9.23,0.34,-7.04,-0.68,,
0,1560,9.23,0.34,-7.04,-0.65,,
0,1560,8.83,0,-6.96,-0.65,,
0,1560,8.83,0,-6.96,-0.57,,
0,1560,8.83,0,-6.96,-0.5,,
0,1560,8.6,-0.26,-7.07,-0.5,,
0,1560,8.6,-0.26,-7.07,-0.44,,
0,1560,8.6,-0.26,-7.07,-0.39,,
0,1560,7.96,-0.45,-6.8,-0.39,,
0,1620,7.96,-0.45,-6.8,-0.35,,
0,1620,7.96,-0.45,-6.8,-0.35,,
0,1620,7.88,-0.34,-6.83,-0.31,,
0,1620,7.88,-0.34,-6.83,-0.28,,
0,1620,7.88,-0.34,-6.83,-0.28,,
0,1620,7.62,-0.69,-7.29,-0.23,,
0,1620,7.62,-0.69,-7.29,-0.19,,
0,1620,7.62,-0.69,-7.29,-0.19,,
0,1620,7.63,-0.6,-7.31,-0.13,,
0,1620,7.63,-0.6,-7.31,-0.09,,
0,1620,7.63,-0.6,-7.31,-0.09,,
0,1620,7.02,-0.96,-7.29,-0.04,,
0,1620,7.02,-0.96,-7.29,0.05,,
0,1620,7.02,-0.96,-7.29,0.05,,
0,1620,6.49,-1.2,-7.45,0.13,,
0,1620,6.49,-1.2,-7.45,0.13,,
0,1620,6.49,-1.2,-7.45,0.2,,
0,1620,6.19,-1.11,-7.05,0.22,,
0,1620,6.19,-1.11,-7.05,0.22,,
0,1620,6.19,-1.11,-7.05,0.24,,
0,1620,5.62,-1.33,-6.82,0.24,,
0,1620,5.62,-1.33,-6.82,0.24,,
0,1620,5.62,-1.33,-6.82,0.24,,
0,1620,5.28,-1.55,-6.9,0.24,,
0,1620,5.28,-1.55,-6.9,0.25,,
0,1620,5.28,-1.55,-6.9,0.26,,
0,1620,5.09,-1.57,-6.99,0.26,,
0,1620,5.09,-1.57,-6.99,0.28,,
0,1620,5.09,-1.57,-6.99,0.3,,
0,1620,4.41,-1.72,-7.05,0.3,,
0,1620,4.41,-1.72,-7.05,0.3,,
0,1620,4.41,-1.72,-7.05,0.34,,
0,1620,3.69,-2.13,-7.59,0.34,,
0,1620,3.69,-2.13,-7.59,0.38,,
0,1620,3.69,-2.13,-7.59,0.38,,
0,1620,2.92,-2.04,-7.55,0.41,,
0,1620,2.92,-2.04,-7.55,0.44,,
0,1620,2.92,-2.04,-7.55,0.44,,
0,1620,2.65,-2.77,-7.93,0.51,,
0,1620,2.65,-2.77,-7.93,0.54,,
0,1620,2.65,-2.77,-7.93,0.54,,
0,1620,2.28,-2.85,-7.71,0.57,,
0,1620,2.28,-2.85,-7.71,0.57,,
0,1620,2.28,-2.85,-7.71,0.57,,
0,1620,2.09,-3.26,-7.79,0.57,,
0,1620,2.09,-3.26,-7.79,0.57,,
0,1620,2.09,-3.26,-7.79,0.58,,
0,1620,1.7,-3.97,-7.93,0.58,,
0,1620,1.7,-3.97,-7.93,0.58,,
0,1620,1.7,-3.97,-7.93,0.6,,
0,1620,1.93,-4.04,-7.69,0.6,,
0,1620,1.93,-4.04,-7.69,0.6,,
0,1620,1.93,-4.04,-7.69,0.6,,
0,1620,2.1,-4.11,-7.49,0.6,,
0,1620,2.1,-4.11,-7.49,0.59,,
0,1620,2.1,-4.11,-7.49,0.58,,
0,1620,1.92,-4.24,-7.51,0.58,,
0,1620,1.92,-4.24,-7.51,0.56,,
0,1620,1.92,-4.24,-7.51,0.55,,
0,1620,1.43,-4.59,-7.89,0.55,,
0,1620,1.43,-4.59,-7.89,0.55,,
0,1620,1.43,-4.59,-7.89,0.56,,
0,1620,0.82,-4.8,-8.2,0.56,,
0,1620,0.82,-4.8,-8.2,0.58,,
0,1620,0.82,-4.8,-8.2,0.58,,
0,1620,1.21,-5.2,-8.34,0.64,,
0,1620,1.21,-5.2,-8.34,0.69,,
0,1620,1.21,-5.2,-8.34,0.69,,
0,1620,0.85,-5.38,-7.92,0.74,,
0,1620,0.85,-5.38,-7.92,0.78,,
0,1620,0.85,-5.38,-7.92,0.78,,
0,1620,0.33,-5.59,-7.69,0.8,,
0,1620,0.33,-5.59,-7.69,0.81,,
0,1620,0.33,-5.59,-7.69,0.81,,
0,1620,-0.19,-5.97,-7.53,0.79,,
0,1620,-0.19,-5.97,-7.53,0.79,,
0,1620,-0.19,-5.97,-7.53,0.78,,
0,1620,-0.16,-6.31,-7.29,0.76,,
0,1620,-0.16,-6.31,-7.29,0.76,,
0,1620,-0.16,-6.31,-7.29,0.72,,
0,1620,-0.71,-6.26,-6.78,0.67,,
0,1620,-0.71,-6.26,-6.78,0.67,,
0,1620,-0.71,-6.26,-6.78,0.62,,
0,1620,-0.77,-6.44,-6.37,0.62,,
0,1620,-0.77,-6.44,-6.37,0.56,,
0,1620,-0.77,-6.44,-6.37,0.51,,
0,1620,-1.17,-6.46,-6.43,0.51,,
0,1620,-1.17,-6.46,-6.43,0.44,,
0,1620,-1.17,-6.46,-6.43,0.38,,
0,1620,-1.75,-6.84,-6.69,0.38,,
0,1620,-1.75,-6.84,-6.69,0.33,,
0,1620,-1.75,-6.84,-6.69,0.33,,
0,1620,-2.04,-7.04,-7,0.3,,
0,1620,-2.04,-7.04,-7,0.28,,
0,1620,-2.04,-7.04,-7,0.28,,
0,1620,-2.16,-7.32,-7.02,0.27,,
0,1620,-2.16,-7.32,-7.02,0.27,,
0,1620,-2.16,-7.32,-7.02,0.27,,
0,1620,-2.37,-7.31,-6.91,0.27,,
0,1620,-2.37,-7.31,-6.91,0.27,,
0,1620,-2.37,-7.31,-6.91,0.26,,
0,1620,-2.37,-7.31,-6.91,0.23,,
0,1620,-2.36,-7.38,-6.99,0.23,,
0,1620,-2.36,-7.38,-6.99,0.22,,
0,1620,-2.36,-7.38,-6.99,0.22,,
0,1620,-2.58,-7.56,-7.02,0.21,,
0,1620,-2.58,-7.56,-7.02,0.24,,
0,1620,-2.58,-7.56,-7.02,0.24,,
0,1620,-3.22,-7.35,-6.64,0.24,,
0,1620,-3.22,-7.35,-6.64,0.24,,
0,1620,-3.22,-7.35,-6.64,0.24,,
0,1620,-3.58,-7.63,-6.71,0.22,,
0,1620,-3.58,-7.63,-6.71,0.22,,
0,1620,-3.58,-7.63,-6.71,0.19,,
0,1620,-4.02,-7.71,-6.22,0.17,,
0,1620,-4.02,-7.71,-6.22,0.17,,
0,1620,-4.02,-7.71,-6.22,0.13,,
0,1620,-3.91,-7.91,-5.9,0.09,,
0,1620,-3.91,-7.91,-5.9,0.09,,
0,1620,-3.91,-7.91,-5.9,0.06,,
0,1620,-5.96,-7.71,-5.1,-0.47,,
0,1680,-7.69,-5.53,-3.19,-1,,
0,1680,-8.57,-5.57,-3.46,-1.33,,
0,1680,-8.57,-5.57,-3.46,-1.33,,
0,1680,-9.2,-5.4,-3.63,-1.35,,
0,1680,-9.2,-5.4,-3.63,-1.37,,
0,1680,-9.2,-5.4,-3.63,-1.37,,
0,1680,-8.75,-4.8,-3.46,-1.4,,
0,1680,-8.75,-4.8,-3.46,-1.44,,
0,1680,-8.75,-4.8,-3.46,-1.44,,
0,1680,-8.16,-4.58,-3.69,-1.49,,
0,1680,-8.16,-4.58,-3.69,-1.52,,
0,1680,-8.16,-4.58,-3.69,-1.52,,
0,1680,-8.24,-5.03,-4.15,-1.53,,
0,1680,-8.24,-5.03,-4.15,-1.53,,
0,1680,-8.24,-5.03,-4.15,-1.48,,
0,1680,-7.94,-5.03,-4.68,-1.45,,
0,1680,-7.94,-5.03,-4.68,-1.45,,
0,1680,-7.94,-5.03,-4.68,-1.39,,
0,1680,-7.55,-4.87,-4.62,-1.36,,
0,1680,-7.55,-4.87,-4.62,-1.36,,
0,1680,-7.55,-4.87,-4.62,-1.34,,
0,1680,-6.48,-4.37,-4.42,-1.33,,
0,1680,-6.48,-4.37,-4.42,-1.33,,
0,1680,-6.48,-4.37,-4.42,-1.34,,
0,1680,-6.23,-4.14,-4.56,-1.34,,
0,1680,-6.23,-4.14,-4.56,-1.34,,
0,1680,-6.23,-4.14,-4.56,-1.33,,
0,1680,-6.28,-4.35,-4.97,-1.3,,
0,1680,-6.28,-4.35,-4.97,-1.3,,
0,1680,-6.22,-4.71,-5.43,-1.25,,
0,1680,-6.22,-4.71,-5.43,-1.18,,
0,1680,-6.22,-4.71,-5.43,-1.18,,
0,1680,-6,-4.5,-5.52,-1.12,,
0,1680,-6,-4.5,-5.52,-1.06,,
0,1680,-6,-4.5,-5.52,-1.06,,
0,1680,-5.74,-4.07,-5.53,-1.01,,
0,1680,-5.74,-4.07,-5.53,-0.98,,
0,1680,-5.74,-4.07,-5.53,-0.98,,
0,1680,-5.88,-3.81,-5.53,-0.96,,
0,1680,-5.88,-3.81,-5.53,-0.94,,
0,1680,-5.88,-3.81,-5.53,-0.94,,
0,1680,-5.66,-4.09,-5.73,-0.92,,
0,1680,-5.66,-4.09,-5.73,-0.89,,
0,1680,-5.66,-4.09,-5.73,-0.89,,
0,1680,-5.68,-4.4,-6,-0.87,,
0,1680,-5.68,-4.4,-6,-0.83,,
0,1680,-5.68,-4.4,-6,-0.83,,
0,1680,-5.09,-4.05,-5.86,-0.8,,
0,1680,-5.09,-4.05,-5.86,-0.79,,
0,1680,-5.09,-4.05,-5.86,-0.79,,
0,1680,-4.03,-3.85,-5.68,-0.77,,
0,1680,-4.03,-3.85,-5.68,-0.77,,
0,1680,-4.03,-3.85,-5.68,-0.75,,
0,1680,-3.41,-4.24,-6.01,-0.72,,
0,1680,-3.41,-4.24,-6.01,-0.72,,
0,1680,-3.41,-4.24,-6.01,-0.64,,
0,1680,-3.55,-5.04,-6.68,-0.58,,
0,1680,-3.55,-5.04,-6.68,-0.58,,
0,1680,-3.24,-5.71,-6.99,-0.49,,
0,1680,-3.24,-5.71,-6.99,-0.42,,
0,1680,-3.24,-5.71,-6.99,-0.42,,
0,1680,-2.62,-5.81,-6.85,-0.34,,
0,1680,-2.62,-5.81,-6.85,-0.28,,
0,1680,-2.62,-5.81,-6.85,-0.28,,
0,1680,-1.91,-5.73,-6.43,-0.24,,
0,1680,-1.91,-5.73,-6.43,-0.23,,
0,1680,-1.91,-5.73,-6.43,-0.23,,
0,1680,-1.04,-5.71,-6.17,-0.23,,
0,1680,-1.04,-5.71,-6.17,-0.23,,
0,1680,-1.04,-5.71,-6.17,-0.23,,
0,1680,-0.58,-5.92,-6.13,-0.23,,
0,1680,-0.58,-5.92,-6.13,-0.23,,
0,1680,-0.58,-5.92,-6.13,-0.23,,
0,1680,0.01,-6.16,-6.15,-0.25,,
0,1680,0.01,-6.16,-6.15,-0.27,,
0,1680,0.01,-6.16,-6.15,-0.27,,
0,1680,0.78,-6.13,-5.99,-0.29,,
0,1680,0.78,-6.13,-5.99,-0.31,,
0,1680,0.78,-6.13,-5.99,-0.31,,
0,1680,1.52,-6.38,-6.16,-0.33,,
0,1680,1.52,-6.38,-6.16,-0.36,,
0,1680,1.52,-6.38,-6.16,-0.36,,
0,1680,2.09,-6.2,-6.32,-0.4,,
0,1680,2.09,-6.2,-6.32,-0.44,,
0,1680,2.45,-6.31,-6.48,-0.44,,
0,1680,2.45,-6.31,-6.48,-0.47,,
0,1680,2.45,-6.31,-6.48,-0.48,,
0,1680,2.81,-6.51,-6.97,-0.48,,
0,1680,2.81,-6.51,-6.97,-0.47,,
0,1680,2.81,-6.51,-6.97,-0.47,,
0,1680,3.17,-6.62,-7.26,-0.45,,
0,1680,3.17,-6.62,-7.26,-0.42,,
0,1680,3.17,-6.62,-7.26,-0.42,,
0,1680,3.48,-6.49,-7.21,-0.38,,
0,1680,3.48,-6.49,-7.21,-0.36,,
0,1680,3.48,-6.49,-7.21,-0.36,,
0,1680,3.48,-6.56,-6.93,-0.33,,
0,1680,3.48,-6.56,-6.93,-0.34,,
0,1680,3.48,-6.56,-6.93,-0.34,,
0,1680,3.39,-6.65,-6.88,-0.34,,
0,1680,3.39,-6.65,-6.88,-0.36,,
0,1680,3.39,-6.65,-6.88,-0.36,,
0,1680,3.8,-6.75,-6.84,-0.37,,
0,1680,3.8,-6.75,-6.84,-0.37,,
0,1680,3.8,-6.75,-6.84,-0.37,,
0,1680,4.64,-6.92,-6.86,-0.37,,
0,1680,4.64,-6.92,-6.86,-0.37,,
0,1680,4.64,-6.92,-6.86,-0.37,,
0,1680,5.4,-6.61,-6.43,-0.4,,
0,1680,5.4,-6.61,-6.43,-0.41,,
0,1680,5.4,-6.61,-6.43,-0.41,,
0,1680,6.31,-6.27,-6.18,-0.43,,
0,1680,6.31,-6.27,-6.18,-0.45,,
0,1680,6.34,-6.48,-6.53,-0.45,,
0,1680,6.34,-6.48,-6.53,-0.45,,
0,1680,6.34,-6.48,-6.53,-0.43,,
0,1680,6.46,-7.25,-7.09,-0.43,,
0,1680,6.46,-7.25,-7.09,-0.38,,
0,1680,6.46,-7.25,-7.09,-0.36,,
0,1680,6.31,-7.22,-6.76,-0.36,,
0,1680,6.31,-7.22,-6.76,-0.36,,
0,1680,6.31,-7.22,-6.76,-0.38,,
0,1680,6.14,-6.91,-6.12,-0.42,,
0,1680,6.14,-6.91,-6.12,-0.42,,
0,1680,6.14,-6.91,-6.12,-0.45,,
0,1680,6.42,-7,-6.06,-0.5,,
0,1680,6.42,-7,-6.06,-0.5,,
0,1680,6.87,-7.22,-6.11,-0.53,,
0,1740,6.87,-7.22,-6.11,-0.56,,
0,1740,6.87,-7.22,-6.11,-0.56,,
0,1740,7.23,-7.23,-5.94,-0.6,,
0,1740,7.23,-7.23,-5.94,-0.65,,
0,1740,7.23,-7.23,-5.94,-0.65,,
0,1740,7.54,-6.9,-5.48,-0.73,,
0,1740,7.54,-6.9,-5.48,-0.82,,
0,1740,7.54,-6.9,-5.48,-0.82,,
0,1740,8.24,-6.47,-5.31,-0.92,,
0,1740,8.24,-6.47,-5.31,-1.01,,
0,1740,8.24,-6.47,-5.31,-1.01,,
0,1740,8.91,-6.67,-5.65,-1.07,,
0,1740,8.91,-6.67,-5.65,-1.13,,
0,1740,8.91,-6.67,-5.65,-1.13,,
0,1740,9.47,-6.11,-5.73,-1.19,,
0,1740,9.47,-6.11,-5.73,-1.25,,
0,1740,9.47,-6.11,-5.73,-1.25,,
0,1740,9.1,-5.68,-5.83,-1.31,,
0,1740,9.1,-5.68,-5.83,-1.31,,
0,1740,9.1,-5.68,-5.83,-1.37,,
0,1740,8.61,-5.57,-6.47,-1.38,,
0,1740,8.61,-5.57,-6.47,-1.38,,
0,1740,8.61,-5.57,-6.47,-1.38,,
0,1740,7.92,-5.47,-6.84,-1.37,,
0,1740,7.92,-5.47,-6.84,-1.37,,
0,1740,7.74,-5.4,-7.19,-1.33,,
0,1740,7.74,-5.4,-7.19,-1.3,,
0,1740,7.74,-5.4,-7.19,-1.3,,
0,1740,7.37,-5.07,-7.21,-1.25,,
0,1740,7.37,-5.07,-7.21,-1.23,,
0,1740,7.37,-5.07,-7.21,-1.2,,
0,1740,6.96,-4.63,-7.1,-1.2,,
0,1740,6.96,-4.63,-7.1,-1.19,,
0,1740,6.96,-4.63,-7.1,-1.19,,
0,1740,6.69,-4.25,-7.09,-1.19,,
0,1740,6.69,-4.25,-7.09,-1.18,,
0,1740,6.69,-4.25,-7.09,-1.17,,
0,1740,6.43,-3.98,-7.18,-1.17,,
0,1740,6.43,-3.98,-7.18,-1.17,,
0,1740,6.43,-3.98,-7.18,-1.17,,
0,1740,5.96,-3.52,-7.35,-1.17,,
0,1740,5.96,-3.52,-7.35,-1.16,,
0,1740,5.27,-3.38,-7.66,-1.15,,
0,1740,5.27,-3.38,-7.66,-1.15,,
0,1740,5.27,-3.38,-7.66,-1.13,,
0,1740,4.98,-3.13,-7.91,-1.1,,
0,1740,4.98,-3.13,-7.91,-1.1,,
0,1740,4.98,-3.13,-7.91,-1.07,,
0,1740,4.71,-2.92,-8.27,-1.01,,
0,1740,4.71,-2.92,-8.27,-1.01,,
0,1740,4.71,-2.92,-8.27,-0.95,,
0,1740,4.37,-2.75,-8.62,-0.95,,
0,1740,4.37,-2.75,-8.62,-0.87,,
0,1740,4.37,-2.75,-8.62,-0.79,,
0,1740,3.76,-2.9,-8.86,-0.79,,
0,1740,3.76,-2.9,-8.86,-0.69,,
0,1740,3.76,-2.9,-8.86,-0.63,,
0,1740,2.83,-2.59,-8.71,-0.63,,
0,1740,2.83,-2.59,-8.71,-0.56,,
0,1740,2.83,-2.59,-8.71,-0.47,,
0,1740,3.04,-2.99,-8.8,-0.47,,
0,1740,3.04,-2.99,-8.8,-0.38,,
0,1740,3.04,-2.99,-8.8,-0.29,,
0,1740,2.27,-3.07,-9.06,-0.29,,
0,1740,2.27,-3.07,-9.06,-0.21,,
0,1740,2.27,-3.07,-9.06,-0.21,,
0,1740,1.76,-3.18,-8.99,-0.13,,
0,1740,1.76,-3.18,-8.99,-0.08,,
0,1740,1.76,-3.18,-8.99,-0.08,,
0,1740,1.79,-3.57,-8.91,-0.01,,
0,1740,1.79,-3.57,-8.91,0.04,,
0,1740,1.79,-3.57,-8.91,0.04,,
0,1740,1.73,-3.51,-8.69,0.07,,
0,1740,1.73,-3.51,-8.69,0.1,,
0,1740,1.73,-3.51,-8.69,0.1,,
0,1740,1.64,-3.74,-8.58,0.13,,
0,1740,1.64,-3.74,-8.58,0.13,,
0,1740,1.64,-3.74,-8.58,0.16,,
0,1740,1.62,-3.8,-8.48,0.18,,
0,1740,1.62,-3.8,-8.48,0.18,,
0,1740,1.62,-3.8,-8.48,0.21,,
0,1740,1.03,-3.65,-8.35,0.24,,
0,1740,1.03,-3.65,-8.35,0.24,,
0,1740,1.03,-3.65,-8.35,0.3,,
0,1740,-0.26,-3.73,-8.26,0.32,,
0,1740,-0.26,-3.73,-8.26,0.32,,
0,1740,-0.26,-3.73,-8.26,0.35,,
0,1740,-0.26,-4.32,-8.14,0.38,,
0,1740,-0.26,-4.32,-8.14,0.38,,
0,1740,0.12,-4.28,-7.77,0.42,,
0,1740,0.12,-4.28,-7.77,0.41,,
0,1740,0.12,-4.28,-7.77,0.41,,
0,1740,-0.08,-4.2,-7.5,0.39,,
0,1740,-0.08,-4.2,-7.5,0.38,,
0,1740,-0.08,-4.2,-7.5,0.38,,
0,1740,-0.14,-4.76,-7.7,0.39,,
0,1740,-0.14,-4.76,-7.7,0.41,,
0,1740,-0.14,-4.76,-7.7,0.41,,
0,1740,-0.48,-4.74,-7.54,0.45,,
0,1740,-0.48,-4.74,-7.54,0.48,,
0,1740,-0.48,-4.74,-7.54,0.48,,
0,1740,-0.94,-5.16,-7.46,0.54,,
0,1740,-0.94,-5.16,-7.46,0.58,,
0,1740,-0.94,-5.16,-7.46,0.58,,
0,1740,-1.64,-5.45,-7.37,0.64,,
0,1740,-1.64,-5.45,-7.37,0.68,,
0,1740,-1.64,-5.45,-7.37,0.68,,
0,1740,-1.94,-5.84,-7.22,0.71,,
0,1740,-1.94,-5.84,-7.22,0.73,,
0,1740,-1.94,-5.84,-7.22,0.73,,
0,1740,-1.79,-6.05,-6.78,0.74,,
0,1740,-1.79,-6.05,-6.78,0.75,,
0,1740,-1.79,-6.05,-6.78,0.75,,
0,1740,-1.77,-6.37,-6.45,0.76,,
0,1740,-1.77,-6.37,-6.45,0.77,,
0,1740,-1.92,-6.7,-6.12,0.77,,
0,1740,-1.92,-6.7,-6.12,0.79,,
0,1740,-1.92,-6.7,-6.12,0.81,,
0,1740,-2.36,-7.3,-5.8,0.81,,
0,1740,-2.36,-7.3,-5.8,0.84,,
0,1740,-2.36,-7.3,-5.8,0.86,,
0,1740,-3.06,-7.9,-5.49,0.86,,
0,1740,-3.06,-7.9,-5.49,0.85,,
0,1740,-3.06,-7.9,-5.49,0.84,,
0,1740,-3.35,-8.35,-5.24,0.84,,
0,1740,-3.35,-8.35,-5.24,0.82,,
0,1740,-3.35,-8.35,-5.24,0.82,,
0,1740,-3.72,-8.99,-5.01,0.82,,
0,1740,-3.72,-8.99,-5.01,0.84,,
0,1740,-3.72,-8.99,-5.01,0.88,,
0,1740,-4.29,-9.7,-4.61,0.88,,
0,1740,-4.29,-9.7,-4.61,0.91,,
0,1740,-4.29,-9.7,-4.61,0.91,,
0,1740,-4.25,-10.49,-3.96,0.91,,
0,1740,-4.25,-10.49,-3.96,0.91,,
0,1740,-4.98,-9.79,-3.25,0.86,,
0,1740,-4.98,-9.79,-3.25,0.86,,
0,1740,-4.98,-9.79,-3.25,0.82,,
0,1740,-4.68,-9.82,-2.54,0.8,,
0,1740,-4.68,-9.82,-2.54,0.8,,
0,1740,-4.68,-9.82,-2.54,0.77,,
0,1740,-5.43,-9.4,-2.28,0.71,,
0,1740,-5.43,-9.4,-2.28,0.71,,
0,1740,-5.43,-9.4,-2.28,0.65,,
0,1740,-5.4,-9.11,-2.02,0.65,,
0,1740,-5.4,-9.11,-2.02,0.65,,
0,1740,-5.4,-9.11,-2.02,0.67,,
0,1740,-5.86,-8.57,-1.63,0.68,,
0,1740,-5.86,-8.57,-1.63,0.68,,
0,1740,-5.86,-8.57,-1.63,0.68,,
0,1740,-6.76,-8.55,-1.18,0.67,,
0,1740,-6.76,-8.55,-1.18,0.67,,
0,1740,-6.76,-8.55,-1.18,0.65,,
0,1740,-7.42,-7.73,0.53,0.55,,
0,1740,-7.42,-7.73,0.53,0.55,,
0,1740,-7.9,-7.38,1.22,0.39,,
0,1800,-7.9,-7.38,1.22,0.19,,
0,1800,-7.9,-7.38,1.22,0.19,,
0,1800,-7.89,-7.08,1.81,0,,
0,1800,-7.89,-7.08,1.81,-0.19,,
0,1800,-7.89,-7.08,1.81,-0.19,,
0,1800,-7.89,-6.59,2.11,-0.4,,
0,1800,-7.89,-6.59,2.11,-0.61,,
0,1800,-7.89,-6.59,2.11,-0.61,,
0,1800,-9,-7.57,1.16,-0.76,,
0,1800,-9,-7.57,1.16,-0.84,,
0,1800,-9,-7.57,1.16,-0.84,,
0,1800,-9.66,-7.62,0.56,-0.88,,
0,1800,-9.66,-7.62,0.56,-0.94,,
0,1800,-9.66,-7.62,0.56,-0.94,,
0,1800,-9.83,-7.56,0.18,-1,,
0,1800,-9.83,-7.56,0.18,-1,,
0,1800,-9.83,-7.56,0.18,-1.05,,
0,1800,-10.39,-7.8,-0.39,-1.06,,
0,1800,-10.39,-7.8,-0.39,-1.06,,
0,1800,-10.39,-7.8,-0.39,-1.11,,
0,1800,-10.79,-7.53,-0.3,-1.15,,
0,1800,-10.79,-7.53,-0.3,-1.15,,
0,1800,-10.79,-7.53,-0.3,-1.19,,
0,1800,-11.14,-7.55,-0.48,-1.22,,
0,1800,-11.14,-7.55,-0.48,-1.22,,
0,1800,-11.14,-7.55,-0.48,-1.26,,
0,1800,-11.04,-7.39,-0.26,-1.3,,
0,1800,-11.04,-7.39,-0.26,-1.3,,
0,1800,-11.04,-7.39,-0.26,-1.36,,
0,1800,-10.17,-7.21,-0.23,-1.4,,
0,1800,-10.17,-7.21,-0.23,-1.4,,
0,1800,-10.17,-7.21,-0.23,-1.43,,
0,1800,-9.25,-7.8,-1.01,-1.46,,
0,1800,-9.25,-7.8,-1.01,-1.46,,
0,1800,-8.14,-7.54,-1.14,-1.45,,
0,1800,-8.14,-7.54,-1.14,-1.44,,
0,1800,-8.14,-7.54,-1.14,-1.44,,
0,1800,-6.51,-7.26,-1.01,-1.46,,
0,1800,-6.51,-7.26,-1.01,-1.51,,
0,1800,-6.51,-7.26,-1.01,-1.51,,
0,1800,-5.67,-7.28,-1.28,-1.57,,
0,1800,-5.67,-7.28,-1.28,-1.63,,
0,1800,-5.67,-7.28,-1.28,-1.63,,
0,1800,-5.79,-7.45,-1.89,-1.67,,
0,1800,-5.79,-7.45,-1.89,-1.7,,
0,1800,-5.79,-7.45,-1.89,-1.7,,
0,1800,-5.53,-7.53,-2.45,-1.72,,
0,1800,-5.53,-7.53,-2.45,-1.72,,
0,1800,-5.53,-7.53,-2.45,-1.75,,
0,1800,-4.36,-6.66,-2.7,-1.8,,
0,1800,-4.36,-6.66,-2.7,-1.8,,
0,1800,-4.36,-6.66,-2.7,-1.85,,
0,1800,-3.74,-6.04,-3.38,-1.88,,
0,1800,-3.74,-6.04,-3.38,-1.88,,
0,1800,-3.74,-6.04,-3.38,-1.93,,
0,1800,-3.96,-5.49,-4.05,-1.96,,
0,1800,-3.96,-5.49,-4.05,-1.96,,
0,1800,-3.96,-5.49,-4.05,-1.98,,
0,1800,-4.33,-5.4,-4.91,-1.96,,
0,1800,-4.33,-5.4,-4.91,-1.96,,
0,1800,-5.2,-5.23,-5.3,-1.92,,
0,1800,-5.2,-5.23,-5.3,-1.87,,
0,1800,-5.2,-5.23,-5.3,-1.87,,
0,1800,-5.62,-4.89,-5.72,-1.8,,
0,1800,-5.62,-4.89,-5.72,-1.73,,
0,1800,-5.62,-4.89,-5.72,-1.73,,
0,1800,-6.21,-4.62,-6.08,-1.65,,
0,1800,-6.21,-4.62,-6.08,-1.59,,
0,1800,-6.21,-4.62,-6.08,-1.59,,
0,1800,-6.66,-4.48,-6.34,-1.5,,
0,1800,-6.66,-4.48,-6.34,-1.42,,
0,1800,-6.66,-4.48,-6.34,-1.42,,
0,1800,-7.41,-4.48,-6.36,-1.34,,
0,1800,-7.41,-4.48,-6.36,-1.27,,
0,1800,-7.41,-4.48,-6.36,-1.27,,
0,1800,-7.23,-3.88,-5.88,-1.22,,
0,1800,-7.23,-3.88,-5.88,-1.22,,
0,1800,-7.23,-3.88,-5.88,-1.22,,
0,1800,-6.93,-3.28,-5.29,-1.24,,
0,1800,-6.93,-3.28,-5.29,-1.26,,
0,1800,-6.93,-3.28,-5.29,-1.26,,
0,1800,-6.27,-3.21,-5.81,-1.25,,
0,1800,-6.27,-3.21,-5.81,-1.22,,
0,1800,-6.27,-3.21,-5.81,-1.22,,
0,1800,-6.1,-3.34,-6.35,-1.17,,
0,1800,-6.1,-3.34,-6.35,-1.17,,
0,1800,-6.1,-3.34,-6.35,-1.07,,
0,1800,-6.54,-3.6,-6.78,-1,,
0,1800,-6.54,-3.6,-6.78,-1,,
0,1800,-5.63,-3.35,-6.88,-0.89,,
0,1800,-5.63,-3.35,-6.88,-0.81,,
0,1800,-5.63,-3.35,-6.88,-0.81,,
0,1800,-4.74,-3.44,-6.99,-0.71,,
0,1800,-4.74,-3.44,-6.99,-0.63,,
0,1800,-4.74,-3.44,-6.99,-0.63,,
0,1800,-3.84,-3.96,-7.24,-0.5,,
0,1800,-3.84,-3.96,-7.24,-0.41,,
0,1800,-3.84,-3.96,-7.24,-0.41,,
0,1800,-3.64,-3.97,-6.82,-0.28,,
0,1800,-3.64,-3.97,-6.82,-0.21,,
0,1800,-3.64,-3.97,-6.82,-0.21,,
0,1800,-3.04,-3.53,-6.45,-0.16,,
0,1800,-3.04,-3.53,-6.45,-0.1,,
0,1800,-3.04,-3.53,-6.45,-0.1,,
0,1800,-2.45,-3.9,-6.72,-0.04,,
0,1800,-2.45,-3.9,-6.72,0.04,,
0,1800,-2.45,-3.9,-6.72,0.04,,
0,1800,-2.04,-4.54,-6.85,0.12,,
0,1800,-2.04,-4.54,-6.85,0.24,,
0,1800,-2.04,-4.54,-6.85,0.24,,
0,1800,-2.08,-5.21,-6.88,0.34,,
0,1800,-2.08,-5.21,-6.88,0.34,,
0,1800,-2.08,-5.21,-6.88,0.41,,
0,1800,-1.24,-4.82,-5.88,0.42,,
0,1800,-1.24,-4.82,-5.88,0.42,,
0,1800,-1.24,-4.82,-5.88,0.41,,
0,1800,-0.42,-4.81,-5.35,0.38,,
0,1800,-0.42,-4.81,-5.35,0.38,,
0,1800,-0.42,-4.81,-5.35,0.35,,
0,1800,0.26,-5.62,-5.51,0.33,,
0,1800,0.26,-5.62,-5.51,0.33,,
0,1800,0.26,-5.62,-5.51,0.31,,
0,1800,1.41,-5.99,-5.36,0.29,,
0,1800,1.41,-5.99,-5.36,0.29,,
0,1800,1.41,-5.99,-5.36,0.25,,
0,1800,2.34,-6.14,-4.97,0.25,,
0,1800,2.34,-6.14,-4.97,0.2,,
0,1800,2.34,-6.14,-4.97,0.16,,
0,1800,3.18,-6.59,-5.09,0.16,,
0,1800,3.18,-6.59,-5.09,0.13,,
0,1800,3.18,-6.59,-5.09,0.11,,
0,1800,4.05,-7.41,-5.45,0.11,,
0,1800,4.05,-7.41,-5.45,0.1,,
0,1800,4.05,-7.41,-5.45,0.1,,
0,1800,5.17,-7.56,-5.38,0.07,,
0,1800,5.17,-7.56,-5.38,0.06,,
0,1800,5.17,-7.56,-5.38,0.06,,
0,1800,5.66,-8.34,-5.44,0.07,,
0,1800,5.66,-8.34,-5.44,0.07,,
0,1800,5.66,-8.34,-5.44,0.07,,
0,1800,6.55,-8.94,-5.66,0.06,,
0,1800,6.55,-8.94,-5.66,0.06,,
0,1800,6.55,-8.94,-5.66,0.06,,
0,1800,7.43,-8.99,-5.31,0.06,,
0,1800,7.43,-8.99,-5.31,0.03,,
0,1800,7.43,-8.99,-5.31,0.03,,
0,1800,8.34,-9.33,-5.22,0.01,,
0,1800,8.34,-9.33,-5.22,-0.01,,
0,1800,8.34,-9.33,-5.22,-0.01,,
0,1800,8.53,-9.36,-5.02,-0.05,,
0,1800,8.53,-9.36,-5.02,-0.1,,
0,1800,8.4,-9.56,-5.1,-0.1,,
0,1800,8.4,-9.56,-5.1,-0.14,,
0,1800,8.4,-9.56,-5.1,-0.18,,
0,1800,8.37,-9.84,-5.12,-0.18,,
0,1800,8.37,-9.84,-5.12,-0.21,,
0,1800,8.37,-9.84,-5.12,-0.24,,
0,1860,8.44,-9.96,-4.95,-0.24,,
0,1860,8.44,-9.96,-4.95,-0.26,,
0,1860,8.44,-9.96,-4.95,-0.32,,
0,1860,8.57,-9.59,-4.47,-0.32,,
0,1860,8.57,-9.59,-4.47,-0.39,,
0,1860,8.57,-9.59,-4.47,-0.47,,
0,1860,8.71,-9.55,-4.53,-0.47,,
0,1860,8.71,-9.55,-4.53,-0.54,,
0,1860,8.71,-9.55,-4.53,-0.61,,
0,1860,8.96,-9.5,-4.71,-0.61,,
0,1860,8.96,-9.5,-4.71,-0.68,,
0,1860,8.96,-9.5,-4.71,-0.74,,
0,1860,8.96,-9.23,-4.62,-0.74,,
0,1860,8.96,-9.23,-4.62,-0.82,,
0,1860,8.96,-9.23,-4.62,-0.89,,
0,1860,9.13,-8.84,-4.67,-0.89,,
0,1860,9.13,-8.84,-4.67,-0.98,,
0,1860,8.94,-8.27,-4.51,-1.06,,
0,1860,8.94,-8.27,-4.51,-1.06,,
0,1860,8.94,-8.27,-4.51,-1.15,,
0,1860,8.99,-7.64,-4.55,-1.15,,
0,1860,8.99,-7.64,-4.55,-1.23,,
0,1860,8.99,-7.64,-4.55,-1.3,,
0,1860,8.68,-6.95,-5.09,-1.3,,
0,1860,8.68,-6.95,-5.09,-1.38,,
0,1860,8.68,-6.95,-5.09,-1.4,,
0,1860,8.16,-6.77,-5.8,-1.41,,
0,1860,8.16,-6.77,-5.8,-1.41,,
0,1860,8.16,-6.77,-5.8,-1.42,,
0,1860,7.86,-6.1,-6.27,-1.41,,
0,1860,7.86,-6.1,-6.27,-1.41,,
0,1860,7.86,-6.1,-6.27,-1.4,,
0,1860,7.29,-5.52,-6.66,-1.4,,
0,1860,7.29,-5.52,-6.66,-1.37,,
0,1860,7.29,-5.52,-6.66,-1.34,,
0,1860,6.67,-5.24,-6.89,-1.34,,
0,1860,6.67,-5.24,-6.89,-1.29,,
0,1860,6.67,-5.24,-6.89,-1.26,,
0,1860,6.17,-4.67,-6.6,-1.26,,
0,1860,6.17,-4.67,-6.6,-1.23,,
0,1860,6.03,-4.06,-6.43,-1.24,,
0,1860,6.03,-4.06,-6.43,-1.24,,
0,1860,6.03,-4.06,-6.43,-1.26,,
0,1860,5.43,-3.26,-6.44,-1.29,,
0,1860,5.43,-3.26,-6.44,-1.29,,
0,1860,5.43,-3.26,-6.44,-1.33,,
0,1860,4.37,-2.77,-7.09,-1.36,,
0,1860,4.37,-2.77,-7.09,-1.36,,
0,1860,4.37,-2.77,-7.09,-1.37,,
0,1860,3.5,-2.99,-8.04,-1.34,,
0,1860,3.5,-2.99,-8.04,-1.34,,
0,1860,3.5,-2.99,-8.04,-1.27,,
0,1860,2.71,-2.72,-8.66,-1.22,,
0,1860,2.71,-2.72,-8.66,-1.22,,
0,1860,2.71,-2.72,-8.66,-1.13,,
0,1860,2.3,-2.49,-9.31,-1.04,,
0,1860,2.3,-2.49,-9.31,-0.92,,
0,1860,2.3,-2.49,-9.31,-0.92,,
0,1860,1.47,-2.66,-9.57,-0.79,,
0,1860,1.47,-2.66,-9.57,-0.79,,
0,1860,1.47,-2.66,-9.57,-0.62,,
0,1860,0.84,-3.12,-10.42,-0.49,,
0,1860,0.84,-3.12,-10.42,-0.49,,
0,1860,0.31,-2.94,-10.32,-0.28,,
0,1860,0.31,-2.94,-10.32,-0.13,,
0,1860,0.31,-2.94,-10.32,-0.13,,
0,1860,0.55,-3.19,-10.35,0.08,,
0,1860,0.55,-3.19,-10.35,0.24,,
0,1860,0.55,-3.19,-10.35,0.24,,
0,1860,0.6,-3.11,-9.55,0.41,,
0,1860,0.6,-3.11,-9.55,0.52,,
0,1860,0.6,-3.11,-9.55,0.52,,
0,1860,0.44,-3.5,-8.93,0.64,,
0,1860,0.44,-3.5,-8.93,0.72,,
0,1860,0.44,-3.5,-8.93,0.72,,
0,1860,0.22,-3.65,-8.12,0.77,,
0,1860,0.22,-3.65,-8.12,0.8,,
0,1860,0.22,-3.65,-8.12,0.8,,
0,1860,0.31,-3.83,-7.57,0.84,,
0,1860,0.31,-3.83,-7.57,0.84,,
0,1860,0.31,-3.83,-7.57,0.88,,
0,1860,-0.03,-4.07,-6.93,0.89,,
0,1860,-0.03,-4.07,-6.93,0.89,,
0,1860,-0.03,-4.07,-6.93,0.89,,
0,1860,-0.69,-4.36,-6.36,0.87,,
0,1860,-0.69,-4.36,-6.36,0.87,,
0,1860,-0.69,-4.36,-6.36,0.83,,
0,1860,-1.32,-4.68,-6.15,0.79,,
0,1860,-1.32,-4.68,-6.15,0.79,,
0,1860,-1.32,-4.68,-6.15,0.78,,
0,1860,-1.54,-5.82,-6.43,0.8,,
0,1860,-1.54,-5.82,-6.43,0.8,,
0,1860,-1.54,-5.82,-6.43,0.83,,
0,1860,-1.62,-6.58,-6.49,0.87,,
0,1860,-1.62,-6.58,-6.49,0.87,,
0,1860,-1.62,-6.58,-6.49,0.91,,
0,1860,-1.58,-6.68,-5.92,0.94,,
0,1860,-1.58,-6.68,-5.92,0.94,,
0,1860,-1.85,-7.16,-5.45,0.96,,
0,1860,-1.85,-7.16,-5.45,0.97,,
0,1860,-1.85,-7.16,-5.45,0.97,,
0,1860,-1.55,-7.49,-5,0.97,,
0,1860,-1.55,-7.49,-5,0.94,,
0,1860,-1.55,-7.49,-5,0.94,,
0,1860,-1.61,-8.05,-4.75,0.91,,
0,1860,-1.61,-8.05,-4.75,0.89,,
0,1860,-1.61,-8.05,-4.75,0.89,,
0,1860,-1.32,-8.95,-4.75,0.9,,
0,1860,-1.32,-8.95,-4.75,0.91,,
0,1860,-1.32,-8.95,-4.75,0.91,,
0,1860,-1.52,-9.26,-3.96,0.9,,
0,1860,-1.52,-9.26,-3.96,0.88,,
0,1860,-1.52,-9.26,-3.96,0.88,,
0,1860,-2.14,-9.52,-3.26,0.86,,
0,1860,-2.14,-9.52,-3.26,0.85,,
0,1860,-2.14,-9.52,-3.26,0.85,,
0,1860,-2.61,-10.59,-3.23,0.83,,
0,1860,-2.61,-10.59,-3.23,0.8,,
0,1860,-2.32,-10.79,-2.84,0.8,,
0,1860,-2.32,-10.79,-2.84,0.76,,
0,1860,-2.32,-10.79,-2.84,0.72,,
0,1860,-1.99,-10.43,-2.1,0.72,,
0,1860,-1.99,-10.43,-2.1,0.64,,
0,1860,-1.99,-10.43,-2.1,0.59,,
0,1860,-2.28,-11.33,-1.79,0.59,,
0,1860,-2.28,-11.33,-1.79,0.54,,
0,1860,-2.28,-11.33,-1.79,0.49,,
0,1860,-2.73,-11.45,-1.35,0.49,,
0,1860,-2.73,-11.45,-1.35,0.42,,
0,1860,-2.73,-11.45,-1.35,0.36,,
0,1860,-2.8,-11.79,-1.23,0.36,,
0,1860,-2.8,-11.79,-1.23,0.28,,
0,1860,-2.8,-11.79,-1.23,0.21,,
0,1860,-3.29,-11.32,-0.5,0.21,,
0,1860,-3.29,-11.32,-0.5,0.12,,
0,1860,-3.29,-11.32,-0.5,0.03,,
0,1860,-4.15,-10.97,0.16,0.03,,
0,1860,-4.15,-10.97,0.16,-0.1,,
0,1860,-4.15,-10.97,0.16,-0.24,,
0,1860,-4.28,-10.5,0.54,-0.24,,
0,1860,-4.28,-10.5,0.54,-0.43,,
0,1860,-4.15,-10.58,0.58,-0.57,,
0,1860,-4.15,-10.58,0.58,-0.57,,
0,1860,-4.15,-10.58,0.58,-0.7,,
0,1860,-4.4,-10.89,-0.21,-0.76,,
0,1860,-4.4,-10.89,-0.21,-0.76,,
0,1860,-4.4,-10.89,-0.21,-0.81,,
0,1860,-5.15,-11.02,-0.43,-0.84,,
0,1860,-5.15,-11.02,-0.43,-0.84,,
0,1860,-5.15,-11.02,-0.43,-0.88,,
0,1860,-5.82,-11.08,-0.18,-0.92,,
0,1860,-5.82,-11.08,-0.18,-0.92,,
0,1860,-5.82,-11.08,-0.18,-0.99,,
0,1860,-7.02,-11.65,0,-1.04,,
0,1860,-7.02,-11.65,0,-1.03,,
0,1920,-7.64,-11.43,-0.09,-1.03,,
0,1920,-7.64,-11.43,-0.09,-1.06,,
0,1920,-7.64,-11.43,-0.09,-1.14,,
0,1920,-6.8,-10.79,0.57,-1.14,,
0,1920,-6.8,-10.79,0.57,-1.23,,
0,1920,-6.8,-10.79,0.57,-1.38,,
0,1920,-6.98,-9.88,1.52,-1.38,,
0,1920,-6.98,-9.88,1.52,-1.55,,
0,1920,-6.98,-9.88,1.52,-1.72,,
0,1920,-6.94,-10.6,0.63,-1.72,,
0,1920,-6.94,-10.6,0.63,-1.83,,
0,1920,-6.94,-10.6,0.63,-1.88,,
0,1920,-6.79,-10.35,-0.18,-1.88,,
0,1920,-6.79,-10.35,-0.18,-1.94,,
0,1920,-6.79,-10.35,-0.18,-1.94,,
0,1920,-6.17,-8.88,-0.33,-2.03,,
0,1920,-6.17,-8.88,-0.33,-2.09,,
0,1920,-6.17,-8.88,-0.33,-2.09,,
0,1920,-7.01,-8.78,-1.29,-2.13,,
0,1920,-7.01,-8.78,-1.29,-2.12,,
0,1920,-7.01,-8.78,-1.29,-2.12,,
0,1920,-7.65,-7.47,-1.75,-2.12,,
0,1920,-7.65,-7.47,-1.75,-2.16,,
0,1920,-7.65,-7.47,-1.75,-2.16,,
0,1920,-8.71,-6.36,-2.33,-2.2,,
0,1920,-8.71,-6.36,-2.33,-2.22,,
0,1920,-8.92,-6.15,-3.01,-2.22,,
0,1920,-8.92,-6.15,-3.01,-2.19,,
0,1920,-8.92,-6.15,-3.01,-2.13,,
0,1920,-8.61,-5.39,-3.37,-2.13,,
0,1920,-8.61,-5.39,-3.37,-2.08,,
0,1920,-8.61,-5.39,-3.37,-2.04,,
0,1920,-7.84,-4.69,-3.49,-2.04,,
0,1920,-7.84,-4.69,-3.49,-2.01,,
0,1920,-7.84,-4.69,-3.49,-1.98,,
0,1920,-6.93,-4.15,-3.71,-1.98,,
0,1920,-6.93,-4.15,-3.71,-1.97,,
0,1920,-6.93,-4.15,-3.71,-1.93,,
0,1920,-6.37,-4.06,-4.47,-1.93,,
0,1920,-6.37,-4.06,-4.47,-1.89,,
0,1920,-6.37,-4.06,-4.47,-1.81,,
0,1920,-6.34,-4.44,-5.21,-1.81,,
0,1920,-6.34,-4.44,-5.21,-1.73,,
0,1920,-6.34,-4.44,-5.21,-1.63,,
0,1920,-5.43,-4.49,-5.6,-1.63,,
0,1920,-5.43,-4.49,-5.6,-1.52,,
0,1920,-5.43,-4.49,-5.6,-1.45,,
0,1920,-4.53,-4.08,-5.61,-1.45,,
0,1920,-4.53,-4.08,-5.61,-1.38,,
0,1920,-3.73,-4.03,-5.94,-1.34,,
0,1920,-3.73,-4.03,-5.94,-1.34,,
0,1920,-3.73,-4.03,-5.94,-1.27,,
0,1920,-3.26,-4.27,-6.49,-1.19,,
0,1920,-3.26,-4.27,-6.49,-1.19,,
0,1920,-3.26,-4.27,-6.49,-1.06,,
0,1920,-2.65,-4.81,-6.96,-0.95,,
0,1920,-2.65,-4.81,-6.96,-0.82,,
0,1920,-2.65,-4.81,-6.96,-0.82,,
0,1920,-1.69,-4.81,-6.82,-0.7,,
0,1920,-1.69,-4.81,-6.82,-0.58,,
0,1920,-1.69,-4.81,-6.82,-0.58,,
0,1920,-1.08,-4.6,-6.51,-0.49,,
0,1920,-1.08,-4.6,-6.51,-0.42,,
0,1920,-1.12,-5.13,-6.67,-0.42,,
0,1920,-1.12,-5.13,-6.67,-0.35,,
0,1920,-1.12,-5.13,-6.67,-0.3,,
0,1920,-0.9,-5.41,-6.34,-0.3,,
0,1920,-0.9,-5.41,-6.34,-0.27,,
0,1920,-0.9,-5.41,-6.34,-0.26,,
0,1920,-0.02,-5.47,-5.88,-0.26,,
0,1920,-0.02,-5.47,-5.88,-0.29,,
0,1920,-0.02,-5.47,-5.88,-0.29,,
0,1920,1.01,-5.35,-5.64,-0.34,,
0,1920,1.01,-5.35,-5.64,-0.4,,
0,1920,1.01,-5.35,-5.64,-0.4,,
0,1920,1.82,-5.37,-5.79,-0.46,,
0,1920,1.82,-5.37,-5.79,-0.51,,
0,1920,1.82,-5.37,-5.79,-0.51,,
0,1920,2.41,-5.66,-6.24,-0.53,,
0,1920,2.41,-5.66,-6.24,-0.54,,
0,1920,2.41,-5.66,-6.24,-0.54,,
0,1920,2.57,-6.15,-6.74,-0.52,,
0,1920,2.57,-6.15,-6.74,-0.5,,
0,1920,2.57,-6.15,-6.74,-0.5,,
0,1920,3.02,-6.14,-6.77,-0.49,,
0,1920,3.02,-6.14,-6.77,-0.49,,
0,1920,3.02,-6.14,-6.77,-0.49,,
0,1920,3.7,-5.99,-6.77,-0.5,,
0,1920,3.7,-5.99,-6.77,-0.51,,
0,1920,4.27,-5.91,-6.9,-0.51,,
0,1920,4.27,-5.91,-6.9,-0.53,,
0,1920,4.27,-5.91,-6.9,-0.51,,
0,1920,4.66,-6.13,-6.83,-0.51,,
0,1920,4.66,-6.13,-6.83,-0.47,,
0,1920,4.66,-6.13,-6.83,-0.42,,
0,1920,4.68,-6.36,-6.48,-0.42,,
0,1920,4.68,-6.36,-6.48,-0.4,,
0,1920,4.68,-6.36,-6.48,-0.41,,
0,1920,4.98,-5.9,-6.02,-0.41,,
0,1920,4.98,-5.9,-6.02,-0.44,,
0,1920,4.98,-5.9,-6.02,-0.48,,
0,1920,5.18,-5.8,-6.38,-0.48,,
0,1920,5.18,-5.8,-6.38,-0.5,,
0,1920,5.18,-5.8,-6.38,-0.48,,
0,1920,5.54,-6.31,-6.86,-0.48,,
0,1920,5.54,-6.31,-6.86,-0.44,,
0,1920,5.54,-6.31,-6.86,-0.39,,
0,1920,5.83,-6.47,-6.55,-0.39,,
0,1920,5.83,-6.47,-6.55,-0.34,,
0,1920,6.04,-6.05,-6.16,-0.33,,
0,1920,6.04,-6.05,-6.16,-0.33,,
0,1920,6.04,-6.05,-6.16,-0.34,,
0,1920,6.03,-5.97,-6.1,-0.34,,
0,1920,6.03,-5.97,-6.1,-0.34,,
0,1920,6.03,-5.97,-6.1,-0.34,,
0,1920,6.2,-6.68,-6.42,-0.31,,
0,1920,6.2,-6.68,-6.42,-0.31,,
0,1920,6.2,-6.68,-6.42,-0.27,,
0,1920,7.2,-6.39,-5.83,-0.26,,
0,1920,7.2,-6.39,-5.83,-0.26,,
0,1920,7.2,-6.39,-5.83,-0.29,,
0,1920,7.72,-6.01,-5.35,-0.33,,
0,1920,7.72,-6.01,-5.35,-0.33,,
0,1920,7.72,-6.01,-5.35,-0.38,,
0,1920,7.79,-6.24,-5.68,-0.42,,
0,1920,7.79,-6.24,-5.68,-0.42,,
0,1920,7.79,-6.24,-5.68,-0.45,,
0,1920,8.82,-6.49,-6.3,-0.41,,
0,1920,8.82,-6.49,-6.3,-0.35,,
0,1920,10.11,-6.59,-6.2,-0.35,,
0,1920,10.11,-6.59,-6.2,-0.27,,
0,1920,10.11,-6.59,-6.2,-0.22,,
0,1920,10.57,-6.49,-5.93,-0.22,,
0,1920,10.57,-6.49,-5.93,-0.2,,
0,1920,10.57,-6.49,-5.93,-0.2,,
0,1920,10.23,-6.3,-5.78,-0.2,,
0,1920,10.23,-6.3,-5.78,-0.21,,
0,1920,10.23,-6.3,-5.78,-0.21,,
0,1920,9.19,-6.83,-6.14,-0.21,,
0,1920,9.19,-6.83,-6.14,-0.18,,
0,1920,9.19,-6.83,-6.14,-0.18,,
0,1920,8.71,-7.27,-5.89,-0.13,,
0,1920,8.71,-7.27,-5.89,-0.1,,
0,1920,8.71,-7.27,-5.89,-0.1,,
0,1920,8.31,-6.94,-5.05,-0.13,,
0,1920,8.31,-6.94,-5.05,-0.18,,
0,1920,8.31,-6.94,-5.05,-0.18,,
0,1920,7.51,-6.59,-4.56,-0.26,,
0,1920,7.51,-6.59,-4.56,-0.34,,
0,1920,7.51,-6.59,-4.56,-0.34,,
0,1920,6.26,-7.35,-4.41,-0.41,,
0,1920,6.26,-7.35,-4.41,-0.45,,
0,1920,6.59,-7.46,-4.53,-0.45,,
0,1920,6.59,-7.46,-4.53,-0.54,,
0,1920,6.59,-7.46,-4.53,-0.61,,
0,1980,6.3,-7.23,-4.31,-0.61,,
0,1980,6.3,-7.23,-4.31,-0.73,,
0,1980,6.3,-7.23,-4.31,-0.81,,
0,1980,6.58,-7.28,-4.56,-0.9,,
0,1980,6.58,-7.28,-4.56,-0.9,,
0,1980,6.58,-7.28,-4.56,-0.96,,
0,1980,7.31,-7.25,-4.94,-1,,
0,1980,7.31,-7.25,-4.94,-1,,
0,1980,7.31,-7.25,-4.94,-1.01,,
0,1980,7.92,-7,-5.08,-1.04,,
0,1980,7.92,-7,-5.08,-1.04,,
0,1980,7.91,-6.29,-5.25,-1.07,,
0,1980,7.91,-6.29,-5.25,-1.09,,
0,1980,7.91,-6.29,-5.25,-1.09,,
0,1980,7.35,-6.81,-6.23,-1.07,,
0,1980,7.35,-6.81,-6.23,-1.01,,
0,1980,7.35,-6.81,-6.23,-1.01,,
0,1980,7.6,-6.56,-6.59,-0.94,,
0,1980,7.6,-6.56,-6.59,-0.85,,
0,1980,7.6,-6.56,-6.59,-0.85,,
0,1980,7.35,-6.12,-6.66,-0.78,,
0,1980,7.35,-6.12,-6.66,-0.72,,
0,1980,7.35,-6.12,-6.66,-0.72,,
0,1980,5.92,-5.97,-6.84,-0.66,,
0,1980,5.92,-5.97,-6.84,-0.61,,
0,1980,5.92,-5.97,-6.84,-0.61,,
0,1980,4.47,-5.82,-6.75,-0.55,,
0,1980,4.47,-5.82,-6.75,-0.5,,
0,1980,3.71,-5.94,-6.68,-0.5,,
0,1980,3.71,-5.94,-6.68,-0.45,,
0,1980,3.71,-5.94,-6.68,-0.42,,
0,1980,2.7,-5.16,-6.09,-0.42,,
0,1980,2.7,-5.16,-6.09,-0.42,,
0,1980,2.7,-5.16,-6.09,-0.44,,
0,1980,2.11,-4.92,-6.33,-0.44,,
0,1980,2.11,-4.92,-6.33,-0.44,,
0,1980,2.11,-4.92,-6.33,-0.43,,
0,1980,1.91,-4.73,-6.66,-0.43,,
0,1980,1.91,-4.73,-6.66,-0.4,,
0,1980,1.91,-4.73,-6.66,-0.37,,
0,1980,0.97,-5.54,-7.44,-0.37,,
0,1980,0.97,-5.54,-7.44,-0.3,,
0,1980,0.97,-5.54,-7.44,-0.21,,
0,1980,1.28,-5.34,-7.37,-0.21,,
0,1980,1.28,-5.34,-7.37,-0.16,,
0,1980,1.28,-5.34,-7.37,-0.11,,
0,1980,2,-5.03,-7.43,-0.11,,
0,1980,2,-5.03,-7.43,-0.05,,
0,1980,2,-5.03,-7.43,0.02,,
0,1980,1.95,-4.95,-7.5,0.02,,
0,1980,1.95,-4.95,-7.5,0.09,,
0,1980,1.95,-4.95,-7.5,0.09,,
0,1980,1.36,-5.27,-7.79,0.18,,
0,1980,1.36,-5.27,-7.79,0.25,,
0,1980,1.36,-5.27,-7.79,0.25,,
0,1980,1.21,-5.39,-7.75,0.36,,
0,1980,1.21,-5.39,-7.75,0.42,,
0,1980,0.74,-5.38,-7.45,0.51,,
0,1980,0.74,-5.38,-7.45,0.51,,
0,1980,0.74,-5.38,-7.45,0.56,,
0,1980,-0.12,-5.55,-7.18,0.56,,
0,1980,-0.12,-5.55,-7.18,0.64,,
0,1980,-0.12,-5.55,-7.18,0.67,,
0,1980,0.03,-5.76,-6.79,0.67,,
0,1980,0.03,-5.76,-6.79,0.74,,
0,1980,0.03,-5.76,-6.79,0.77,,
0,1980,-0.16,-5.99,-6.28,0.77,,
0,1980,-0.16,-5.99,-6.28,0.8,,
0,1980,-0.16,-5.99,-6.28,0.81,,
0,1980,-0.12,-6.1,-5.8,0.81,,
0,1980,-0.12,-6.1,-5.8,0.81,,
0,1980,-0.12,-6.1,-5.8,0.82,,
0,1980,-0.76,-6.45,-5.75,0.82,,
0,1980,-0.76,-6.45,-5.75,0.81,,
0,1980,-0.76,-6.45,-5.75,0.81,,
0,1980,-1.46,-6.73,-5.56,0.81,,
0,1980,-1.46,-6.73,-5.56,0.82,,
0,1980,-1.46,-6.73,-5.56,0.82,,
0,1980,-1.85,-7.44,-5.54,0.82,,
0,1980,-1.85,-7.44,-5.54,0.85,,
0,1980,-1.85,-7.44,-5.54,0.85,,
0,1980,-1.76,-7.47,-4.92,0.87,,
0,1980,-1.76,-7.47,-4.92,0.85,,
0,1980,-1.76,-7.47,-4.92,0.85,,
0,1980,-1.69,-7.2,-4.12,0.81,,
0,1980,-1.69,-7.2,-4.12,0.81,,
0,1980,-1.69,-7.2,-4.12,0.73,,
0,1980,-1.68,-7.64,-3.94,0.68,,
0,1980,-1.68,-7.64,-3.94,0.68,,
0,1980,-1.68,-7.64,-3.94,0.63,,
0,1980,-1.81,-8.01,-3.71,0.6,,
0,1980,-1.81,-8.01,-3.71,0.6,,
0,1980,-1.81,-8.01,-3.71,0.57,,
0,1980,-2.03,-7.86,-3.39,0.52,,
0,1980,-2.03,-7.86,-3.39,0.52,,
0,1980,-2.03,-7.86,-3.39,0.46,,
0,1980,-3.43,-8.37,-3.59,0.46,,
0,1980,-3.43,-8.37,-3.59,0.38,,
0,1980,-3.43,-8.37,-3.59,0.34,,
0,1980,-4.95,-8.98,-3.87,0.34,,
0,1980,-4.95,-8.98,-3.87,0.29,,
0,1980,-4.95,-8.98,-3.87,0.28,,
0,1980,-5.97,-9.28,-3.94,0.28,,
0,1980,-5.97,-9.28,-3.94,0.25,,
0,1980,-5.97,-9.28,-3.94,0.22,,
0,1980,-5.67,-9.39,-3.65,0.22,,
0,1980,-5.67,-9.39,-3.65,0.17,,
0,1980,-5.67,-9.39,-3.65,0.14,,
0,1980,-4.71,-9.61,-3.4,0.14,,
0,1980,-4.71,-9.61,-3.4,0.11,,
0,1980,-4.71,-9.61,-3.4,0.09,,
0,1980,-3.74,-10.03,-3.3,0.09,,
0,1980,-3.74,-10.03,-3.3,0.05,,
0,1980,-3.74,-10.03,-3.3,-0.04,,
0,1980,-3.67,-9.56,-2.5,-0.04,,
0,1980,-3.67,-9.56,-2.5,-0.16,,
0,1980,-4.76,-9.96,-2.61,-0.28,,
0,1980,-4.76,-9.96,-2.61,-0.28,,
0,1980,-4.76,-9.96,-2.61,-0.39,,
0,1980,-4.85,-9.98,-3.33,-0.46,,
0,1980,-4.85,-9.98,-3.33,-0.46,,
0,1980,-4.85,-9.98,-3.33,-0.5,,
0,1980,-3.23,-9.75,-3.8,-0.44,,
0,1980,-3.23,-9.75,-3.8,-0.44,,
0,1980,-3.23,-9.75,-3.8,-0.33,,
0,1980,-0.31,-9.9,-3.78,-0.21,,
0,1980,-0.31,-9.9,-3.78,-0.21,,
0,1980,-0.31,-9.9,-3.78,-0.11,,
0,1980,0.61,-10.13,-3.41,-0.01,,
0,1980,0.61,-10.13,-3.41,-0.01,,
0,1980,0.61,-10.13,-3.41,0.09,,
0,1980,0.49,-10.64,-3.36,0.19,,
0,1980,0.49,-10.64,-3.36,0.19,,
0,1980,0.49,-10.64,-3.36,0.28,,
0,1980,0.71,-11,-2.78,0.4,,
0,1980,0.71,-11,-2.78,0.4,,
0,1980,0.71,-11,-2.78,0.54,,
0,1980,2.96,-11.4,-2.77,0.7,,
0,1980,2.96,-11.4,-2.77,0.7,,
0,1980,1.42,-11.2,-1.25,0.95,,
0,1980,1.42,-11.2,-1.25,0.98,,
0,1980,0.75,-10.65,-0.74,0.98,,
0,1980,0.75,-10.65,-0.74,0.92,,
0,1980,0.75,-10.65,-0.74,0.82,,
0,1980,0.99,-10.02,-0.45,0.82,,
0,1980,0.99,-10.02,-0.45,0.72,,
0,1980,0.99,-10.02,-0.45,0.72,,
0,1980,1.31,-9.65,-0.35,0.58,,
0,1980,1.31,-9.65,-0.35,0.49,,
0,1980,0.78,-10.07,-0.56,0.49,,
0,1980,0.78,-10.07,-0.56,0.38,,
0,1980,0.78,-10.07,-0.56,0.3,,
0,2040,0.84,-9.54,-0.55,0.3,,
0,2040,0.84,-9.54,-0.55,0.19,,
0,2040,0.84,-9.54,-0.55,0.07,,
0,2040,0.58,-9.06,-0.75,0.07,,
0,2040,0.58,-9.06,-0.75,-0.03,,
0,2040,0.58,-9.06,-0.75,-0.1,,
0,2040,0.19,-9.16,-1.82,-0.1,,
0,2040,0.19,-9.16,-1.82,-0.13,,
0,2040,0.19,-9.16,-1.82,-0.12,,
0,2040,-0.34,-9.3,-2.47,-0.12,,
0,2040,-0.34,-9.3,-2.47,-0.07,,
0,2040,-0.34,-9.3,-2.47,-0.01,,
0,2040,-0.83,-9.26,-2.66,-0.01,,
0,2040,-0.83,-9.26,-2.66,0.04,,
0,2040,-0.83,-9.26,-2.66,0.07,,
0,2040,-1.02,-8.9,-2.4,0.07,,
0,2040,-1.02,-8.9,-2.4,0.09,,
0,2040,-1.02,-8.9,-2.4,0.09,,
0,2040,-1.64,-8.74,-2.41,0.09,,
0,2040,-1.64,-8.74,-2.41,0.09,,
0,2040,-1.64,-8.74,-2.41,0.1,,
0,2040,-2.43,-9.02,-2.68,0.1,,
0,2040,-2.43,-9.02,-2.68,0.11,,
0,2040,-2.9,-8.85,-2.41,0.11,,
0,2040,-2.9,-8.85,-2.41,0.11,,
0,2040,-2.9,-8.85,-2.41,0.1,,
0,2040,-3.37,-9.09,-2.6,0.08,,
0,2040,-3.37,-9.09,-2.6,0.08,,
0,2040,-3.37,-9.09,-2.6,0.05,,
0,2040,-3.85,-9.29,-2.69,0.05,,
0,2040,-3.85,-9.29,-2.69,0.03,,
0,2040,-3.85,-9.29,-2.69,0.04,,
0,2040,-3.46,-10.34,-3.32,0.04,,
0,2040,-3.46,-10.34,-3.32,0.1,,
0,2040,-3.46,-10.34,-3.32,0.16,,
0,2040,-2.61,-10.16,-2.85,0.16,,
0,2040,-2.61,-10.16,-2.85,0.2,,
0,2040,-2.61,-10.16,-2.85,0.2,,
0,2040,-2.24,-10.18,-1.88,0.2,,
0,2040,-2.24,-10.18,-1.88,0.18,,
0,2040,-2.24,-10.18,-1.88,0.15,,
0,2040,-1.48,-9.81,-1.63,0.15,,
0,2040,-1.48,-9.81,-1.63,0.08,,
0,2040,-1.48,-9.81,-1.63,0.08,,
0,2040,-0.78,-9.35,-1.53,-0.02,,
0,2040,-0.78,-9.35,-1.53,-0.1,,
0,2040,-0.78,-9.35,-1.53,-0.1,,
0,2040,-0.51,-8.63,-2.32,-0.18,,
0,2040,-0.51,-8.63,-2.32,-0.22,,
0,2040,-0.51,-8.63,-2.32,-0.22,,
0,2040,-0.95,-8.82,-3.9,-0.2,,
0,2040,-0.95,-8.82,-3.9,-0.07,,
0,2040,-0.95,-8.82,-3.9,-0.07,,
0,2040,-1.3,-11.13,-4.68,0.18,,
0,2040,-1.3,-11.13,-4.68,0.41,,
0,2040,-1.3,-11.13,-4.68,0.41,,
0,2040,-0.4,-9.29,-2.62,0.53,,
0,2040,-0.4,-9.29,-2.62,0.55,,
0,2040,-0.4,-9.29,-2.62,0.55,,
0,2040,1.6,-8.02,-1.68,0.52,,
0,2040,1.6,-8.02,-1.68,0.5,,
0,2040,1.6,-8.02,-1.68,0.5,,
0,2040,1.84,-8.51,-2.27,0.51,,
0,2040,1.84,-8.51,-2.27,0.58,,
0,2040,1.84,-8.51,-2.27,0.58,,
0,2040,1.55,-9.89,-2.81,0.69,,
0,2040,1.55,-9.89,-2.81,0.77,,
0,2040,1.77,-9.78,-1.96,0.77,,
0,2040,1.77,-9.78,-1.96,0.83,,
0,2040,1.77,-9.78,-1.96,0.84,,
0,2040,3.34,-9.51,-1.01,0.84,,
0,2040,3.34,-9.51,-1.01,0.86,,
0,2040,3.34,-9.51,-1.01,0.87,,
0,2040,4.26,-8.95,-0.72,0.87,,
0,2040,4.26,-8.95,-0.72,0.8,,
0,2040,4.26,-8.95,-0.72,0.78,,
0,2040,4.32,-10.54,-2.16,0.78,,
0,2040,4.32,-10.54,-2.16,0.86,,
0,2040,4.32,-10.54,-2.16,0.92,,
0,2040,4.53,-9.81,-1.52,0.92,,
0,2040,4.53,-9.81,-1.52,0.98,,
0,2040,4.53,-9.81,-1.52,1.06,,
0,2040,5.03,-9.88,-1.51,1.06,,
0,2040,5.03,-9.88,-1.51,1.14,,
0,2040,5.19,-9.59,-1.05,1.21,,
0,2040,5.19,-9.59,-1.05,1.21,,
0,2040,5.19,-9.59,-1.05,1.28,,
0,2040,4.83,-9.34,-1.19,1.3,,
0,2040,4.83,-9.34,-1.19,1.3,,
0,2040,4.83,-9.34,-1.19,1.35,,
0,2040,3.82,-9.23,-0.57,1.41,,
0,2040,3.82,-9.23,-0.57,1.41,,
0,2040,3.82,-9.23,-0.57,1.44,,
0,2040,2.57,-10.21,-0.59,1.45,,
0,2040,2.57,-10.21,-0.59,1.45,,
0,2040,2.57,-10.21,-0.59,1.47,,
0,2040,1.79,-9.65,0.23,1.47,,
0,2040,1.79,-9.65,0.23,1.47,,
0,2040,1.79,-9.65,0.23,1.42,,
0,2040,0.48,-9.78,0.85,1.35,,
0,2040,0.48,-9.78,0.85,1.35,,
0,2040,0.48,-9.78,0.85,1.22,,
0,2040,-1.87,-9.65,2.04,1.07,,
0,2040,-1.87,-9.65,2.04,1.07,,
0,2040,-3.39,-9.79,2.68,0.84,,
0,2040,-3.39,-9.79,2.68,0.68,,
0,2040,-3.39,-9.79,2.68,0.68,,
0,2040,-4.39,-9.72,2.92,0.43,,
0,2040,-4.39,-9.72,2.92,0.25,,
0,2040,-4.39,-9.72,2.92,0.25,,
0,2040,-5.24,-10.33,2.64,0.04,,
0,2040,-5.24,-10.33,2.64,-0.09,,
0,2040,-5.24,-10.33,2.64,-0.22,,
0,2040,-5.32,-10.48,1.99,-0.22,,
0,2040,-5.32,-10.48,1.99,-0.35,,
0,2040,-5.32,-10.48,1.99,-0.42,,
0,2040,-5.61,-10.86,1.19,-0.42,,
0,2040,-5.61,-10.86,1.19,-0.49,,
0,2040,-5.61,-10.86,1.19,-0.59,,
0,2040,-5.03,-10.16,1.5,-0.59,,
0,2040,-5.03,-10.16,1.5,-0.68,,
0,2040,-4.07,-10.16,1.26,-0.79,,
0,2040,-4.07,-10.16,1.26,-0.79,,
0,2040,-4.07,-10.16,1.26,-0.89,,
0,2040,-3.2,-10.59,0.76,-0.97,,
0,2040,-3.2,-10.59,0.76,-0.97,,
0,2040,-3.2,-10.59,0.76,-1.02,,
0,2040,-1.22,-10.07,0.22,-1.06,,
0,2040,-1.22,-10.07,0.22,-1.06,,
0,2040,-1.22,-10.07,0.22,-1.1,,
0,2040,0.61,-9.57,-1.17,-1.08,,
0,2040,0.61,-9.57,-1.17,-1.08,,
0,2040,0.61,-9.57,-1.17,-0.97,,
0,2040,1.05,-10.59,-3.23,-0.97,,
0,2040,1.05,-10.59,-3.23,-0.75,,
0,2040,1.05,-10.59,-3.23,-0.58,,
0,2040,2.43,-10.85,-2.89,-0.58,,
0,2040,2.43,-10.85,-2.89,-0.39,,
0,2040,2.43,-10.85,-2.89,-0.3,,
0,2040,5.29,-9.66,-1.38,-0.3,,
0,2040,5.29,-9.66,-1.38,-0.25,,
0,2040,5.29,-9.66,-1.38,-0.26,,
0,2040,5.72,-9.19,-0.13,-0.26,,
0,2040,5.72,-9.19,-0.13,-0.29,,
0,2040,5.72,-9.19,-0.13,-0.34,,
0,2040,4.18,-9.56,-0.48,-0.34,,
0,2040,4.18,-9.56,-0.48,-0.36,,
0,2040,4.18,-9.56,-0.48,-0.36,,
0,2040,2.36,-9.93,-1.18,-0.31,,
0,2040,2.36,-9.93,-1.18,-0.27,,
0,2040,2.36,-9.93,-1.18,-0.27,,
0,2040,1.19,-9.57,-1.02,-0.24,,
0,2040,1.19,-9.57,-1.02,-0.23,,
0,2040,1.19,-9.57,-1.02,-0.23,,
0,2040,0.69,-9.16,-0.3,-0.28,,
0,2040,0.69,-9.16,-0.3,-0.41,,
0,2100,0.69,-9.16,-0.3,-0.41,,
0,2100,-0.64,-7.69,1.19,-0.63,,
0,2100,-0.64,-7.69,1.19,-0.92,,
0,2100,-0.64,-7.69,1.19,-0.92,,
0,2100,-2.11,-6.67,0.53,-1.26,,
0,2100,-2.11,-6.67,0.53,-1.26,,
0,2100,-2.11,-6.67,0.53,-1.67,,
0,2100,-0.5,-5.15,-1.63,-1.93,,
0,2100,-0.5,-5.15,-1.63,-2.14,,
0,2100,4.73,-4.7,-4.66,-2.14,,
0,2100,4.73,-4.7,-4.66,-2.27,,
0,2100,4.73,-4.7,-4.66,-2.34,,
0,2100,10.95,-4.64,-6.36,-2.34,,
0,2100,10.95,-4.64,-6.36,-2.26,,
0,2100,10.95,-4.64,-6.36,-2.01,,
0,2100,16.59,-6.91,-8.35,-2.01,,
0,2100,16.59,-6.91,-8.35,-1.68,,
0,2100,16.59,-6.91,-8.35,-1.32,,
0,2100,19.07,-5.48,-8.01,-1.32,,
0,2100,19.07,-5.48,-8.01,-0.97,,
0,2100,19.07,-5.48,-8.01,-0.57,,
0,2100,17.38,-5.05,-9.33,-0.57,,
0,2100,17.38,-5.05,-9.33,-0.1,,
0,2100,17.38,-5.05,-9.33,0.47,,
0,2100,14.79,-6.11,-11.98,0.47,,
0,2100,14.79,-6.11,-11.98,1.04,,
0,2100,14.79,-6.11,-11.98,1.52,,
0,2100,11.62,-2.74,-11,1.52,,
0,2100,11.62,-2.74,-11,1.88,,
0,2100,11.62,-2.74,-11,1.88,,
0,2100,6.83,-1.51,-10.04,2.21,,
0,2100,6.83,-1.51,-10.04,2.38,,
0,2100,0.69,-3.73,-7.34,2.38,,
0,2100,0.69,-3.73,-7.34,2.56,,
0,2100,0.69,-3.73,-7.34,2.58,,
0,2100,-5.68,-5.08,-2.21,2.58,,
0,2100,-5.68,-5.08,-2.21,2.31,,
0,2100,-5.68,-5.08,-2.21,1.86,,
0,2100,-12.58,-7.13,3.99,1.86,,
0,2100,-12.58,-7.13,3.99,1.16,,
0,2100,-12.58,-7.13,3.99,0.49,,
0,2100,-15.01,-8.62,5.2,0.49,,
0,2100,-15.01,-8.62,5.2,-0.35,,
0,2100,-15.01,-8.62,5.2,-0.96,,
0,2100,-12.07,-8.42,3.16,-0.96,,
0,2100,-12.07,-8.42,3.16,-1.58,,
0,2100,-12.07,-8.42,3.16,-2.17,,
0,2100,-4.72,-4.31,1.3,-2.17,,
0,2100,-4.72,-4.31,1.3,-2.72,,
0,2100,-4.72,-4.31,1.3,-3.14,,
0,2100,0.59,-2.93,-1.93,-3.14,,
0,2100,0.59,-2.93,-1.93,-3.38,,
0,2100,0.59,-2.93,-1.93,-3.4,,
0,2100,2.37,-5.22,-5.89,-3.4,,
0,2100,2.37,-5.22,-5.89,-3.23,,
0,2100,2.37,-5.22,-5.89,-2.91,,
0,2100,2.48,-6.52,-7.81,-2.91,,
0,2100,2.48,-6.52,-7.81,-2.48,,
0,2100,2.48,-6.52,-7.81,-1.99,,
0,2100,3.66,-6.74,-8.61,-1.99,,
0,2100,3.66,-6.74,-8.61,-1.47,,
0,2100,6.12,-7.22,-9.43,-0.95,,
0,2100,6.12,-7.22,-9.43,-0.95,,
0,2100,6.12,-7.22,-9.43,-0.4,,
0,2100,11.53,-6.72,-9.62,0.16,,
0,2100,11.53,-6.72,-9.62,0.16,,
0,2100,11.53,-6.72,-9.62,0.71,,
0,2100,15.91,-6.02,-9.86,1.27,,
0,2100,15.91,-6.02,-9.86,1.27,,
0,2100,15.91,-6.02,-9.86,1.85,,
0,2100,16.05,-5.09,-9.35,2.37,,
0,2100,16.05,-5.09,-9.35,2.37,,
0,2100,16.05,-5.09,-9.35,2.79,,
0,2100,11.25,-4.11,-7.81,2.79,,
0,2100,11.25,-4.11,-7.81,3.13,,
0,2100,11.25,-4.11,-7.81,3.3,,
0,2100,5.09,-4.84,-6.01,3.3,,
0,2100,5.09,-4.84,-6.01,3.5,,
0,2100,5.09,-4.84,-6.01,3.58,,
0,2100,0.69,-6.45,-3.7,3.59,,
0,2100,0.69,-6.45,-3.7,3.59,,
0,2100,0.69,-6.45,-3.7,3.49,,
0,2100,-3.11,-7.4,0.36,3.49,,
0,2100,-3.11,-7.4,0.36,3.23,,
0,2100,-3.11,-7.4,0.36,3.01,,
0,2100,-4.44,-8.81,2.48,3.01,,
0,2100,-4.44,-8.81,2.48,2.68,,
0,2100,-3.38,-8.66,4.08,2.37,,
0,2100,-3.38,-8.66,4.08,2.37,,
0,2100,-3.38,-8.66,4.08,1.93,,
0,2100,-0.11,-7.46,4.98,1.52,,
0,2100,-0.11,-7.46,4.98,1.52,,
0,2100,-0.11,-7.46,4.98,1.01,,
0,2100,2.45,-6.37,5.19,0.6,,
0,2100,2.45,-6.37,5.19,0.6,,
0,2100,2.45,-6.37,5.19,0.2,,
0,2100,1.86,-8.79,2.13,-0.03,,
0,2100,1.86,-8.79,2.13,-0.03,,
0,2100,1.86,-8.79,2.13,-0.08,,
0,2100,2.23,-9.99,-0.19,-0.08,,
0,2100,2.23,-9.99,-0.19,0.04,,
0,2100,2.23,-9.99,-0.19,0.21,,
0,2100,4.45,-10.14,-0.68,0.21,,
0,2100,4.45,-10.14,-0.68,0.47,,
0,2100,4.45,-10.14,-0.68,0.68,,
0,2100,6.77,-9.56,0.45,0.68,,
0,2100,6.77,-9.56,0.45,0.85,,
0,2100,6.77,-9.56,0.45,0.95,,
0,2100,7.8,-8.11,1.85,0.95,,
0,2100,7.8,-8.11,1.85,0.94,,
0,2100,7.8,-8.11,1.85,0.91,,
0,2100,7.34,-8.05,2.34,0.91,,
0,2100,7.34,-8.05,2.34,0.87,,
0,2100,7.34,-8.05,2.34,0.85,,
0,2100,5.83,-8.41,2.08,0.85,,
0,2100,5.83,-8.41,2.08,0.87,,
0,2100,5.83,-8.41,2.08,0.91,,
0,2100,5.31,-8.5,1.85,0.91,,
0,2100,5.31,-8.5,1.85,0.99,,
0,2100,5.31,-8.5,1.85,1.06,,
0,2100,38.07,-42.3,-4.57,1.06,,
0,2100,38.07,-42.3,-4.57,-0.74,,
0,2100,5.3,-4.66,-2.9,-1.18,,
0,2100,5.3,-4.66,-2.9,-1.18,,
0,2100,5.3,-4.66,-2.9,-0.86,,
0,2100,2.69,-7.43,1.75,-0.43,,
0,2100,2.69,-7.43,1.75,-0.43,,
0,2100,2.69,-7.43,1.75,-0.1,,
0,2100,3.65,-7.51,0.09,0.29,,
0,2100,3.65,-7.51,0.09,0.29,,
0,2100,3.65,-7.51,0.09,-0.32,,
0,2100,5.88,-3.3,0.37,-0.2,,
0,2100,5.88,-3.3,0.37,-0.2,,
0,2100,5.88,-3.3,0.37,-0.37,,
0,2100,3.08,-6.59,4.66,-0.54,,
0,2100,3.08,-6.59,4.66,-0.54,,
0,2100,3.08,-6.59,4.66,-0.64,,
0,2100,2.34,0.13,3.08,-0.76,,
0,2100,2.34,0.13,3.08,-0.76,,
0,2100,2.34,0.13,3.08,-0.9,,
0,2160,-1.02,-14.38,-1.64,-0.64,,
0,2160,-3.71,-13.67,-1.02,-0.39,,
0,2160,-3.71,-13.67,-1.02,-0.23,,
0,2160,-1.6,-8.32,0.77,-0.23,,
0,2160,-1.6,-8.32,0.77,-0.24,,
0,2160,-1.6,-8.32,0.77,-0.47,,
0,2160,-1.49,-5.21,3.62,-0.47,,
0,2160,-1.49,-5.21,3.62,-0.74,,
0,2160,-1.49,-5.21,3.62,-1.12,,
0,2160,0.91,-2,3.73,-1.12,,
0,2160,0.91,-2,3.73,-1.41,,
0,2160,0.91,-2,3.73,-1.79,,
0,2160,-2.43,-5.02,3.32,-1.79,,
0,2160,-2.43,-5.02,3.32,-2.14,,
0,2160,-2.43,-5.02,3.32,-2.56,,
0,2160,-21.09,-5.25,5.47,-2.56,,
0,2160,-21.09,-5.25,5.47,-0.5,,
0,2160,-21.09,-5.25,5.47,0.29,,
0,2160,0.37,-6.58,-11.59,0.29,,
0,2160,-0.43,-8.54,3.23,0.02,,
0,2160,-2.73,-9.73,0.83,-0.04,,
0,2160,-2.73,-9.73,0.83,0.04,,
0,2160,-2.73,-9.73,0.83,0.04,,
0,2160,0.09,-10.39,-0.06,0.01,,
0,2160,0.09,-10.39,-0.06,0,,
0,2160,0.09,-10.39,-0.06,0,,
0,2160,-0.28,-9.84,0.46,0,,
0,2160,-0.28,-9.84,0.46,0,,
0,2160,-0.28,-9.84,0.46,0.01,,
0,2160,-0.03,-9.69,0.31,0.01,,
0,2160,-0.03,-9.69,0.31,0.01,,
0,2160,0.44,-9.73,-0.18,0.01,,
0,2160,0.44,-9.73,-0.18,0.02,,
0,2160,0.44,-9.73,-0.18,0.01,,
0,2160,1.09,-9.63,0.09,0.01,,
0,2160,1.09,-9.63,0.09,-0.01,,
0,2160,1.09,-9.63,0.09,-0.01,,
0,2160,0.02,-10.24,-0.34,-0.01,,
0,2160,0.02,-10.24,-0.34,-0.01,,
0,2160,0.03,-9.98,-0.12,0,,
0,2160,0.03,-9.98,-0.12,-0.01,,
0,2160,0.07,-10.1,-0.1,-0.01,,
0,2160,0.07,-10.1,-0.1,0,,
0,2160,0.07,-10.1,-0.1,0,,
0,2160,0.09,-9.91,-0.1,0,,
0,2160,0.09,-9.91,-0.1,-0.01,,
0,2160,0.09,-9.91,-0.1,-0.01,,
0,2160,-0.06,-10.14,-0.16,-0.01,,
0,2160,-0.06,-10.14,-0.16,-0.01,,
0,2160,-0.06,-10.14,-0.16,-0.01,,
0,2160,0,-10.1,-0.13,-0.01,,
0,2160,0,-10.1,-0.13,0,,
0,2160,0,-10.1,-0.13,0,,
0,2160,0.04,-9.98,-0.07,0,,
0,2160,0.04,-9.98,-0.07,0,,
0,2160,0.04,-9.98,-0.07,0,,
0,2160,0.04,-10.1,-0.1,0,,
0,2160,0.04,-10.1,-0.1,0,,
0,2160,0.04,-10.1,-0.1,0,,
0,2160,0.08,-9.98,-0.08,0,,
0,2160,0.08,-9.98,-0.08,-0.01,,
0,2160,0.08,-9.98,-0.08,-0.01,,
0,2160,0.11,-10.02,-0.16,-0.01,,
0,2160,0.11,-10.02,-0.16,0,,
0,2160,0.11,-10.02,-0.16,0,,
0,2160,-0.05,-10.1,-0.1,-0.01,,
0,2160,-0.05,-10.1,-0.1,-0.01,,
0,2160,-0.05,-10.1,-0.1,0,,
0,2160,0,-9.94,-0.13,0,,
0,2160,0,-9.94,-0.13,0,,
0,2160,0,-9.94,-0.13,0,,
0,2160,0,-9.99,-0.1,0,,
0,2160,0,-9.99,-0.1,0,,
0,2160,0,-9.99,-0.1,-0.01,,
0,2160,0.07,-9.97,-0.07,0,,
0,2160,0.07,-9.97,-0.07,0,,
0,2160,0.07,-9.97,-0.07,-0.01,,
0,2160,-0.03,-10.01,-0.06,-0.01,,
0,2160,-0.03,-10.01,-0.06,0,,
0,2160,-0.03,-10.01,-0.06,-0.01,,
0,2160,-0.02,-10.02,-0.07,-0.01,,
0,2160,-0.02,-10.02,-0.07,-0.01,,
0,2160,-0.02,-10.02,-0.07,-0.01,,
0,2160,0.07,-10.03,-0.16,-0.01,,
0,2160,0.07,-10.03,-0.16,0,,
0,2160,0.07,-10.03,-0.16,0,,
0,2160,0,-10,-0.21,0,,
0,2160,0,-10,-0.21,-0.01,,
0,2160,0,-10,-0.21,0,,
0,2160,0,-10.06,-0.12,0,,
0,2160,0,-10.06,-0.12,0,,
0,2160,0.1,-10.06,-0.01,0,,
0,2160,0.1,-10.06,-0.01,0,,
0,2160,0.1,-10.06,-0.01,-0.01,,
0,2160,-0.01,-10.02,-0.11,0,,
0,2160,-0.01,-10.02,-0.11,0,,
0,2160,-0.01,-10.02,-0.11,-0.01,,
0,2160,-0.05,-9.98,-0.07,0,,
0,2160,-0.05,-9.98,-0.07,0,,
0,2160,-0.05,-9.98,-0.07,0,,
0,2160,0.05,-10.04,-0.1,-0.01,,
0,2160,0.05,-10.04,-0.1,-0.01,,
0,2160,0.05,-10.04,-0.1,0,,
0,2160,0.11,-9.98,-0.07,-0.01,,
0,2160,0.11,-9.98,-0.07,-0.01,,
0,2160,0.11,-9.98,-0.07,-0.01,,
0,2160,-0.06,-10.08,-0.08,-0.01,,
0,2160,-0.06,-10.08,-0.08,-0.01,,
0,2160,-0.06,-10.08,-0.08,0,,
0,2160,-0.03,-10.05,-0.14,-0.01,,
0,2160,-0.03,-10.05,-0.14,-0.01,,
0,2160,-0.03,-10.05,-0.14,0,,
0,2160,0.05,-10.02,-0.11,0,,
0,2160,0.05,-10.02,-0.11,0,,
0,2160,0.05,-10.02,-0.11,-0.01,,
0,2160,0.03,-10.02,-0.08,-0.01,,
0,2160,0.03,-10.02,-0.08,0,,
0,2160,-0.01,-10.11,-0.09,0,,
0,2160,-0.01,-10.11,-0.09,0,,
0,2160,-0.01,-10.11,-0.09,0,,
0,2160,0.16,-10.07,-0.04,0,,
0,2160,0.16,-10.07,-0.04,0,,
0,2220,0.16,-10.07,-0.04,-0.01,,
0,2220,0.01,-9.97,-0.07,0,,
0,2220,0.01,-9.97,-0.07,0,,
0,2220,0.01,-9.97,-0.07,-0.01,,
0,2220,-0.06,-10.14,-0.16,0,,
0,2220,-0.06,-10.14,-0.16,0,,
0,2220,-0.06,-10.14,-0.16,0,,
0,2220,-0.08,-10.03,-0.05,0,,
0,2220,-0.08,-10.03,-0.05,0,,
0,2220,-0.08,-10.03,-0.05,-0.01,,
0,2220,0.07,-10.03,-0.02,0,,
0,2220,0.07,-10.03,-0.02,0,,
0,2220,0.07,-10.03,-0.02,-0.01,,
0,2220,0,-10.04,-0.16,0,,
0,2220,0,-10.04,-0.16,0,,
0,2220,0,-10.04,-0.16,0,,
0,2220,-0.04,-10,-0.18,-0.01,,
0,2220,-0.04,-10,-0.18,-0.01,,
0,2220,-0.04,-10,-0.18,0,,
0,2220,-0.03,-9.97,-0.04,0,,
0,2220,-0.03,-9.97,-0.04,0,,
0,2220,0.02,-9.98,-0.01,-0.01,,
0,2220,0.02,-9.98,-0.01,0,,
0,2220,0.02,-9.98,-0.01,0,,
0,2220,0.09,-10.01,-0.08,-0.01,,
0,2220,0.09,-10.01,-0.08,-0.01,,
0,2220,0.09,-10.01,-0.08,-0.01,,
0,2220,0,-10.07,-0.11,0,,
0,2220,0,-10.07,-0.11,0,,
0,2220,0,-10.07,-0.11,0,,
0,2220,-0.1,-10.07,-0.18,-0.01,,
0,2220,-0.1,-10.07,-0.18,0,,
0,2220,-0.1,-10.07,-0.18,0,,
0,2220,0.02,-10,-0.13,0,,
0,2220,0.02,-10,-0.13,0,,
0,2220,0.02,-10,-0.13,0,,
0,2220,0.09,-10.01,-0.07,0,,
0,2220,0.09,-10.01,-0.07,-0.01,,
0,2220,0.09,-10.01,-0.07,-0.01,,
0,2220,0,-10.06,-0.09,0,,
0,2220,0,-10.06,-0.09,0,,
0,2220,0,-10.06,-0.09,0,,
0,2220,0,-10.04,-0.08,0,,
0,2220,0,-10.04,-0.08,0,,
0,2220,0,-10.04,-0.08,-0.01,,
0,2220,0.08,-9.98,-0.05,-0.01,,
0,2220,0.08,-9.98,-0.05,-0.01,,
0,2220,0.08,-9.98,-0.05,-0.01,,
0,2220,0,-10.01,-0.12,-0.01,,
0,2220,0,-10.01,-0.12,-0.01,,
0,2220,0,-10.01,-0.12,0,,
0,2220,-0.11,-10.06,-0.12,0,,
0,2220,-0.11,-10.06,-0.12,0,,
0,2220,-0.11,-10.06,-0.12,-0.01,,
0,2220,0.03,-9.99,-0.06,0,,
0,2220,0.03,-9.99,-0.06,0,,
0,2220,0.03,-9.99,-0.06,0,,
0,2220,0.11,-9.98,0,0,,
0,2220,0.11,-9.98,0,-0.01,,
0,2220,0.11,-9.98,0,-0.01,,
0,2220,0.03,-10.07,-0.15,-0.01,,
0,2220,0.03,-10.07,-0.15,-0.01,,
0,2220,-0.04,-10.07,-0.14,-0.01,,
0,2220,-0.04,-10.07,-0.14,-0.01,,
0,2220,-0.04,-10.07,-0.14,0,,
0,2220,0.01,-10.06,-0.12,0,,
0,2220,0.01,-10.06,-0.12,0,,
0,2220,0.01,-10.06,-0.12,-0.01,,
0,2220,0.05,-10.04,-0.15,-0.01,,
0,2220,0.05,-10.04,-0.15,-0.01,,
0,2220,0.05,-10.04,-0.15,0,,
0,2220,-0.01,-10,-0.06,0,,
0,2220,-0.01,-10,-0.06,0,,
0,2220,-0.01,-10,-0.06,-0.01,,
0,2220,-0.01,-10.06,-0.18,-0.01,,
0,2220,-0.01,-10.06,-0.18,-0.01,,
0,2220,-0.01,-10.06,-0.18,-0.01,,
0,2220,0.03,-10.01,-0.07,0,,
0,2220,0.03,-10.01,-0.07,0,,
0,2220,0.03,-10.01,-0.07,0,,
0,2220,-0.07,-9.98,-0.11,-0.01,,
0,2220,-0.07,-9.98,-0.11,-0.01,,
0,2220,0.07,-10.08,-0.07,0,,
0,2220,0.07,-10.08,-0.07,-0.01,,
0,2220,0.07,-10.08,-0.07,-0.01,,
0,2220,-0.05,-10.03,-0.11,0,,
0,2220,-0.05,-10.03,-0.11,0,,
0,2220,-0.05,-10.03,-0.11,0,,
0,2220,0.01,-10.03,-0.08,0,,
0,2220,0.01,-10.03,-0.08,0,,
0,2220,0.01,-10.03,-0.08,0,,
0,2220,0.03,-10.02,-0.11,0,,
0,2220,0.03,-10.02,-0.11,-0.01,,
0,2220,0.03,-10.02,-0.11,-0.01,,
0,2220,0.01,-9.98,-0.13,-0.01,,
0,2220,0.01,-9.98,-0.13,-0.01,,
0,2220,0.01,-9.98,-0.13,-0.01,,
0,2220,-0.05,-10.01,-0.09,0,,
0,2220,-0.05,-10.01,-0.09,0,,
0,2220,-0.05,-10.01,-0.09,0,,
0,2220,0,-10.05,-0.05,0,,
0,2220,0,-10.05,-0.05,-0.01,,
0,2220,0.07,-10.03,-0.08,-0.01,,
0,2220,0.07,-10.03,-0.08,0,,
0,2220,0.07,-10.03,-0.08,0,,
0,2220,0.02,-9.99,-0.11,0,,
0,2220,0.02,-9.99,-0.11,0,,
0,2220,0.02,-9.99,-0.11,-0.01,,
0,2220,0.01,-10.07,-0.07,-0.01,,
0,2220,0.01,-10.07,-0.07,0,,
0,2220,0.01,-10.07,-0.07,0,,
0,2220,0.08,-9.96,-0.03,0,,
0,2220,0.08,-9.96,-0.03,-0.01,,
0,2220,0.08,-9.96,-0.03,-0.01,,
0,2220,0.14,-10.03,-0.11,-0.01,,
0,2220,0.14,-10.03,-0.11,-0.01,,
0,2220,0.14,-10.03,-0.11,-0.01,,
0,2220,0.03,-10,-0.12,-0.01,,
0,2220,0.03,-10,-0.12,-0.01,,
0,2220,0.03,-10,-0.12,0,,
0,2220,0.02,-10.02,-0.09,0,,
0,2220,0.02,-10.02,-0.09,-0.01,,
0,2220,0.02,-10.02,-0.09,0,,
0,2220,0.01,-10.07,-0.06,0,,
0,2220,0.01,-10.07,-0.06,-0.01,,
0,2220,-0.04,-10.02,-0.02,0,,
0,2220,-0.04,-10.02,-0.02,0,,
0,2220,-0.04,-10.02,-0.02,0,,
0,2220,-0.05,-10.03,-0.11,0,,
0,2220,-0.05,-10.03,-0.11,0,,
0,2220,-0.05,-10.03,-0.11,-0.01,,
0,2220,-0.05,-9.95,-0.03,0,,
0,2220,-0.05,-9.95,-0.03,0,,
0,2220,-0.05,-9.95,-0.03,0,,
0,2220,0.04,-10.07,-0.05,0,,
0,2220,0.04,-10.07,-0.05,0,,
0,2220,0.04,-10.07,-0.05,0,,
0,2220,0.02,-10,-0.09,0,,
0,2220,0.02,-10,-0.09,0,,
0,2220,0.02,-10,-0.09,-0.01,,
0,2220,-0.07,-10.09,-0.11,-0.01,,
0,2220,-0.07,-10.09,-0.11,-0.01,,
0,2220,-0.07,-10.09,-0.11,0,,
0,2220,0.06,-9.98,-0.1,0,,
0,2220,0.06,-9.98,-0.1,0,,
0,2220,0.06,-9.98,-0.1,-0.01,,
0,2220,0.03,-10.05,-0.06,-0.01,,
0,2220,0.03,-10.05,-0.06,-0.01,,
0,2220,0.03,-10.05,-0.06,-0.01,,
0,2220,-0.01,-10.01,-0.09,0,,
0,2220,-0.01,-10.01,-0.09,0,,
0,2220,-0.01,-10.01,-0.09,-0.01,,
0,2220,-0.03,-9.99,-0.11,-0.01,,
0,2220,-0.03,-9.99,-0.11,0,,
0,2220,-0.03,-9.99,-0.11,-0.01,,
0,2220,0.02,-10.07,-0.1,-0.01,,
0,2280,0.02,-10.07,-0.1,-0.01,,
0,2280,0.02,-10.07,-0.1,0,,
0,2280,0.01,-10.04,-0.09,0,,
0,2280,0.01,-10.04,-0.09,0,,
0,2280,-0.04,-9.99,-0.08,-0.01,,
0,2280,-0.04,-9.99,-0.08,-0.01,,
0,2280,-0.04,-9.99,-0.08,0,,
0,2280,0.06,-10.1,-0.11,0,,
0,2280,0.06,-10.1,-0.11,0,,
0,2280,0.06,-10.1,-0.11,-0.01,,
0,2280,0.06,-9.98,-0.11,0,,
0,2280,0.06,-9.98,-0.11,0,,
0,2280,0.06,-9.98,-0.11,0,,
0,2280,0.03,-10.02,-0.18,-0.01,,
0,2280,0.03,-10.02,-0.18,-0.01,,
0,2280,0.03,-10.02,-0.18,0,,
0,2280,0.02,-10.04,-0.08,-0.01,,
0,2280,0.02,-10.04,-0.08,-0.01,,
0,2280,0.02,-10.04,-0.08,0,,
0,2280,0.12,-10.05,-0.1,-0.01,,
0,2280,0.12,-10.05,-0.1,-0.01,,
0,2280,0.12,-10.05,-0.1,0,,
0,2280,-0.11,-10.07,-0.12,-0.01,,
0,2280,-0.11,-10.07,-0.12,-0.01,,
0,2280,-0.01,-9.99,-0.11,0,,
0,2280,-0.01,-9.99,-0.11,0,,
0,2280,-0.01,-9.99,-0.11,0,,
0,2280,0.08,-10.04,-0.11,-0.01,,
0,2280,0.08,-10.04,-0.11,0,,
0,2280,0.08,-10.04,-0.11,0,,
0,2280,0.05,-10.01,-0.08,0,,
0,2280,0.05,-10.01,-0.08,0,,
0,2280,0.05,-10.01,-0.08,0,,
0,2280,-0.03,-9.99,-0.08,0,,
0,2280,-0.03,-9.99,-0.08,-0.01,,
0,2280,-0.03,-9.99,-0.08,-0.01,,
0,2280,0,-10.07,-0.08,0,,
0,2280,0,-10.07,-0.08,-0.01,,
0,2280,0,-10.07,-0.08,0,,
0,2280,0.06,-9.99,-0.09,0,,
0,2280,0.06,-9.99,-0.09,0,,
0,2280,0.08,-10.07,-0.08,0,,
0,2280,0.08,-10.07,-0.08,0,,
0,2280,0.08,-10.07,-0.08,-0.01,,
0,2280,0,-10.07,-0.03,0,,
0,2280,0,-10.07,-0.03,0,,
0,2280,0,-10.07,-0.03,0,,
0,2280,0.04,-10.09,-0.16,0,,
0,2280,0.04,-10.09,-0.16,0,,
0,2280,0.04,-10.09,-0.16,0,,
0,2280,-0.04,-10.04,-0.17,-0.01,,
0,2280,-0.04,-10.04,-0.17,-0.01,,
0,2280,-0.04,-10.04,-0.17,0,,
0,2280,0.05,-10.09,-0.07,0,,
0,2280,0.05,-10.09,-0.07,0,,
0,2280,0.05,-10,-0.11,-0.01,,
0,2280,0.05,-10,-0.11,0,,
0,2280,0.05,-10,-0.11,0,,
0,2280,0.04,-10.06,-0.15,0,,
0,2280,0.04,-10.06,-0.15,-0.01,,
0,2280,0.04,-10.06,-0.15,-0.01,,
0,2280,-0.01,-10.07,-0.09,-0.01,,
0,2280,-0.01,-10.07,-0.09,0,,
0,2280,-0.01,-10.07,-0.09,0,,
0,2280,0.01,-10.01,-0.08,0,,
0,2280,0.01,-10.01,-0.08,-0.01,,
0,2280,0.01,-10.01,-0.08,0,,
0,2280,0.01,-9.92,-0.02,0,,
0,2280,0.01,-9.92,-0.02,-0.01,,
0,2280,0.01,-10.06,-0.08,-0.01,,
0,2280,0.01,-10.06,-0.08,-0.01,,
0,2280,0.01,-10.06,-0.08,-0.01,,
0,2280,0,-10.05,-0.15,-0.01,,
0,2280,0,-10.05,-0.15,-0.01,,
0,2280,0,-10.05,-0.15,0,,
0,2280,0.01,-10.02,-0.09,0,,
0,2280,0.01,-10.02,-0.09,0,,
0,2280,0.01,-10.02,-0.09,-0.01,,
0,2280,0.03,-10.01,-0.1,0,,
0,2280,0.03,-10.01,-0.1,0,,
0,2280,0.03,-10.01,-0.1,-0.01,,
0,2280,0.01,-9.98,-0.12,0,,
0,2280,0.01,-9.98,-0.12,0,,
0,2280,0.01,-9.98,-0.12,-0.01,,
0,2280,0.04,-10.05,-0.09,-0.01,,
0,2280,0.04,-10.05,-0.09,-0.01,,
0,2280,0.04,-10.05,-0.09,0,,
0,2280,0,-10.1,-0.12,0,,
0,2280,0,-10.1,-0.12,0,,
0,2280,-0.03,-9.91,-0.13,-0.01,,
0,2280,-0.03,-9.91,-0.13,0,,
0,2280,-0.03,-9.91,-0.13,0,,
0,2280,0.07,-10.01,-0.13,-0.01,,
0,2280,0.07,-10.01,-0.13,0,,
0,2280,0.07,-10.01,-0.13,0,,
0,2280,0.05,-9.99,-0.13,0,,
0,2280,0.05,-9.99,-0.13,0,,
0,2280,0.05,-9.99,-0.13,0,,
0,2280,0,-10.01,-0.1,0,,
0,2280,0,-10.01,-0.1,0,,
0,2280,0,-10.01,-0.1,0,,
0,2280,-0.03,-10,-0.13,0,,
0,2280,-0.03,-10,-0.13,-0.01,,
0,2280,-0.03,-10,-0.13,-0.01,,
0,2280,-0.03,-10,-0.13,-0.01,,
0,2280,-0.03,-10,-0.13,0,,
0,2280,-0.03,-10,-0.13,0,,
0,2280,0,-10.01,-0.1,0,,
0,2280,0,-10.01,-0.1,-0.01,,
0,2280,0,-10.01,-0.1,-0.01,,
0,2280,0.02,-10.02,-0.11,-0.01,,
0,2280,0.02,-10.02,-0.11,-0.01,,
0,2280,0.02,-10.02,-0.11,-0.01,,
0,2280,0.09,-9.96,-0.09,-0.01,,
0,2280,0.09,-9.96,-0.09,-0.01,,
0,2280,0.09,-9.96,-0.09,0,,
0,2280,-0.02,-10.01,-0.07,0,,
0,2280,-0.02,-10.01,-0.07,0,,
0,2280,-0.04,-10.04,-0.12,0,,
0,2280,-0.04,-10.04,-0.12,0,,
0,2280,-0.04,-10.04,-0.12,0,,
0,2280,0.04,-10.02,-0.11,-0.01,,
0,2280,0.04,-10.02,-0.11,-0.01,,
0,2280,0.04,-10.02,-0.11,-0.01,,
0,2280,0.05,-10.02,-0.08,0,,
0,2280,0.05,-10.02,-0.08,-0.01,,
0,2280,0.05,-10.02,-0.08,-0.01,,
0,2280,-0.05,-10.07,-0.14,0,,
0,2280,-0.05,-10.07,-0.14,-0.01,,
0,2280,-0.05,-10.07,-0.14,-0.01,,
0,2280,-0.02,-10.09,-0.12,-0.01,,
0,2280,-0.02,-10.09,-0.12,0,,
0,2280,-0.02,-10.09,-0.12,0,,
0,2280,-0.02,-10.07,-0.08,0,,
0,2280,-0.02,-10.07,-0.08,-0.01,,
0,2280,0,-10.07,-0.02,-0.01,,
0,2280,0,-10.07,-0.02,0,,
0,2280,0,-10.07,-0.02,0,,
0,2280,0.04,-10.02,-0.07,0,,
0,2280,0.04,-10.02,-0.07,0,,
0,2280,0.04,-10.02,-0.07,-0.01,,
0,2280,-0.02,-10.06,-0.06,-0.01,,
0,2280,-0.02,-10.06,-0.06,-0.01,,
0,2280,-0.02,-10.06,-0.06,-0.01,,
0,2280,0,-10,-0.18,-0.01,,
0,2280,0,-10,-0.18,-0.01,,
0,2280,0,-10,-0.18,0,,
0,2280,-0.04,-10.05,-0.1,0,,
0,2280,-0.04,-10.05,-0.1,-0.01,,
0,2280,-0.04,-10.05,-0.1,0,,
0,2280,0.04,-10.05,-0.12,0,,
0,2280,0.04,-10.05,-0.12,0,,
0,2280,0.04,-10.05,-0.12,-0.01,,
0,2280,0,-10.1,-0.09,0,,
0,2340,0,-10.1,-0.09,0,,
0,2340,-0.01,-10.04,-0.11,0,,
0,2340,-0.01,-10.04,-0.11,0,,
0,2340,-0.01,-10.04,-0.11,0,,
0,2340,0.03,-10.05,-0.09,-0.01,,
0,2340,0.03,-10.05,-0.09,0,,
0,2340,0.03,-10.05,-0.09,0,,
0,2340,-0.05,-9.96,-0.1,0,,
0,2340,-0.05,-9.96,-0.1,0,,
0,2340,-0.05,-9.96,-0.1,0,,
0,2340,-0.01,-10.01,-0.13,-0.01,,
0,2340,-0.01,-10.01,-0.13,0,,
0,2340,-0.01,-10.01,-0.13,0,,
0,2340,0.05,-9.99,-0.11,0,,
0,2340,0.05,-9.99,-0.11,-0.01,,
0,2340,0.08,-10.04,-0.11,-0.01,,
0,2340,0.08,-10.04,-0.11,0,,
0,2340,0.08,-10.04,-0.11,-0.01,,
0,2340,0.11,-10.1,-0.11,-0.01,,
0,2340,0.11,-10.1,-0.11,0,,
0,2340,0.11,-10.1,-0.11,0,,
0,2340,0.01,-10.01,-0.12,0,,
0,2340,0.01,-10.01,-0.12,-0.01,,
0,2340,0.01,-10.01,-0.12,-0.01,,
0,2340,0.04,-10.1,-0.13,-0.01,,
0,2340,0.04,-10.1,-0.13,0,,
0,2340,0.04,-10.1,-0.13,0,,
0,2340,-0.05,-10.12,-0.1,0,,
0,2340,-0.05,-10.12,-0.1,-0.01,,
0,2340,-0.05,-10.12,-0.1,-0.01,,
0,2340,-0.11,-10.05,-0.16,-0.01,,
0,2340,-0.11,-10.05,-0.16,0.01,,
0,2340,0.05,-10.04,-0.1,0,,
0,2340,0.05,-10.04,-0.1,0,,
0,2340,0.05,-10.04,-0.1,0,,
0,2340,0.17,-10.01,-0.03,0,,
0,2340,0.17,-10.01,-0.03,-0.01,,
0,2340,0.17,-10.01,-0.03,-0.01,,
0,2340,-0.04,-10.04,-0.18,-0.01,,
0,2340,-0.04,-10.04,-0.18,0,,
0,2340,-0.04,-10.04,-0.18,0,,
0,2340,-0.02,-10.01,-0.17,0,,
0,2340,-0.02,-10.01,-0.17,0,,
0,2340,-0.02,-10.01,-0.17,0,,
0,2340,0.09,-10.01,-0.09,0,,
0,2340,0.09,-10.01,-0.09,0,,
0,2340,0.09,-10.01,-0.09,0,,
0,2340,0.09,-10.05,-0.11,-0.01,,
0,2340,0.09,-10.05,-0.11,-0.01,,
0,2340,0.09,-10.05,-0.11,-0.01,,
0,2340,-0.05,-10.04,-0.1,-0.01,,
0,2340,-0.05,-10.04,-0.1,0,,
0,2340,-0.05,-10.04,-0.1,0,,
0,2340,-0.06,-9.99,-0.13,0,,
0,2340,-0.06,-9.99,-0.13,0,,
0,2340,-0.06,-9.99,-0.13,0,,
0,2340,0.1,-10.02,-0.09,0,,
0,2340,0.1,-10.02,-0.09,0,,
0,2340,0.1,-10.02,-0.09,-0.01,,
0,2340,-0.06,-10.04,-0.06,-0.01,,
0,2340,-0.06,-10.04,-0.06,0,,
0,2340,-0.06,-10.04,-0.06,0,,
0,2340,0.02,-10.01,-0.17,0,,
0,2340,0.02,-10.01,-0.17,0,,
0,2340,0.02,-10.01,-0.17,0,,
0,2340,-0.02,-10.05,-0.07,0,,
0,2340,-0.02,-10.05,-0.07,0,,
0,2340,-0.02,-10.05,-0.07,0,,
0,2340,0,-10.02,-0.11,-0.01,,
0,2340,0,-10.02,-0.11,0,,
0,2340,0,-10.02,-0.11,0,,
0,2340,0,-10.01,-0.08,0,,
0,2340,0,-10.01,-0.08,0,,
0,2340,0,-10.01,-0.08,0,,
0,2340,-0.01,-10.02,-0.07,-0.01,,
0,2340,-0.01,-10.02,-0.07,0,,
0,2340,-0.01,-10.02,-0.07,0,,
0,2340,0,-10.01,-0.1,-0.01,,
0,2340,0,-10.01,-0.1,0,,
0,2340,0,-10.01,-0.1,0,,
0,2340,0,-9.93,-0.11,0,,
0,2340,0,-9.93,-0.11,0,,
0,2340,0,-9.93,-0.11,0,,
0,2340,-0.03,-10.01,-0.1,-0.01,,
0,2340,-0.03,-10.01,-0.1,-0.01,,
0,2340,0.07,-10.02,-0.11,-0.01,,
0,2340,0.07,-10.02,-0.11,-0.01,,
0,2340,0.07,-10.02,-0.11,-0.01,,
0,2340,0,-10.08,-0.1,-0.01,,
0,2340,0,-10.08,-0.1,0,,
0,2340,0,-10.08,-0.1,0,,
0,2340,0.02,-10.04,-0.18,0,,
0,2340,0.02,-10.04,-0.18,-0.01,,
0,2340,0.02,-10.04,-0.18,-0.01,,
0,2340,-0.01,-10.06,-0.12,0,,
0,2340,-0.01,-10.06,-0.12,-0.01,,
0,2340,-0.01,-10.06,-0.12,-0.01,,
0,2340,-0.04,-10.03,-0.06,0,,
0,2340,-0.04,-10.03,-0.06,0,,
0,2340,-0.04,-10.03,-0.06,0,,
0,2340,0.1,-10.02,-0.01,0,,
0,2340,0.1,-10.02,-0.01,-0.01,,
0,2340,0.1,-10.02,-0.01,-0.01,,
0,2340,0.06,-10.05,-0.11,-0.01,,
0,2340,0.06,-10.05,-0.11,-0.01,,
0,2340,0.06,-10.05,-0.11,-0.01,,
0,2340,-0.02,-10.05,-0.16,-0.01,,
0,2340,-0.02,-10.05,-0.16,0,,
0,2340,-0.02,-10.05,-0.16,0,,
0,2340,-0.01,-10.01,-0.13,0,,
0,2340,-0.01,-10.01,-0.13,0,,
0,2340,-0.01,-10.01,-0.13,0,,
0,2340,0.1,-9.99,-0.11,0,,
0,2340,0.1,-9.99,-0.11,0,,
0,2340,-0.03,-10.05,-0.04,0,,
0,2340,-0.03,-10.05,-0.04,-0.01,,
0,2340,-0.03,-10.05,-0.04,0,,
0,2340,-0.12,-10.02,-0.14,0,,
0,2340,-0.12,-10.02,-0.14,-0.01,,
0,2340,-0.12,-10.02,-0.14,0,,
0,2340,0.01,-10.05,-0.16,0,,
0,2340,0.01,-10.05,-0.16,-0.01,,
0,2340,0.01,-10.05,-0.16,-0.01,,
0,2340,0.02,-10.04,-0.11,-0.01,,
0,2340,0.02,-10.04,-0.11,-0.01,,
0,2340,0.02,-10.04,-0.11,0,,
0,2340,0.04,-10,-0.09,0,,
0,2340,0.04,-10,-0.09,0,,
0,2340,0.04,-10,-0.09,-0.01,,
0,2340,0.03,-9.94,-0.1,-0.01,,
0,2340,0.03,-9.94,-0.1,-0.01,,
0,2340,0.03,-9.94,-0.1,0,,
0,2340,0.06,-10.05,-0.13,0,,
0,2340,0.06,-10.05,-0.13,0,,
0,2340,0.06,-10.05,-0.13,0,,
0,2340,-0.01,-10.04,-0.15,0,,
0,2340,-0.01,-10.04,-0.15,-0.01,,
0,2340,-0.01,-10.04,-0.15,-0.01,,
0,2340,0.06,-10.05,-0.07,0,,
0,2340,0.06,-10.05,-0.07,0,,
0,2340,0.01,-9.96,-0.03,0,,
0,2340,0.01,-9.96,-0.03,0,,
0,2340,0.01,-9.96,-0.03,-0.01,,
0,2340,-0.05,-10.05,-0.06,0,,
0,2340,-0.05,-10.05,-0.06,0,,
0,2340,-0.05,-10.05,-0.06,-0.01,,
0,2340,-0.02,-10,0,-0.01,,
0,2340,-0.02,-10,0,-0.01,,
0,2340,-0.02,-10,0,-0.01,,
0,2340,0.03,-10.04,-0.11,-0.01,,
0,2340,-0.06,-10.06,-0.18,-0.01,,
0,2340,-0.06,-10.06,-0.18,0,,
0,2400,-0.06,-10.06,-0.18,0,,
0,2400,0.01,-10.02,-0.08,0,,
0,2400,0.01,-10.02,-0.08,-0.01,,
0,2400,0.01,-10.02,-0.08,-0.01,,
0,2400,0.13,-9.95,-0.01,0,,
0,2400,0.13,-9.95,-0.01,-0.01,,
0,2400,0.13,-9.95,-0.01,-0.01,,
0,2400,0.05,-10,-0.14,-0.01,,
0,2400,0.05,-10,-0.14,-0.01,,
0,2400,0.05,-10,-0.14,-0.01,,
0,2400,-0.01,-10.03,-0.11,0,,
0,2400,-0.01,-10.03,-0.11,0,,
0,2400,-0.01,-10.03,-0.11,0,,
0,2400,0.07,-10.04,-0.13,0,,
0,2400,0.07,-10.04,-0.13,0,,
0,2400,0.07,-10.04,-0.13,-0.01,,
0,2400,0,-10.05,-0.09,-0.01,,
0,2400,0,-10.05,-0.09,-0.01,,
0,2400,0,-10.05,-0.09,-0.01,,
0,2400,0.02,-9.95,-0.08,-0.01,,
0,2400,0.02,-9.95,-0.08,0,,
0,2400,0.02,-9.95,-0.08,0,,
0,2400,-0.04,-10.02,-0.01,0,,
0,2400,-0.04,-10.02,-0.01,-0.01,,
0,2400,-0.04,-10.02,-0.01,0,,
0,2400,0.08,-10.02,-0.03,0,,
0,2400,0.08,-10.02,-0.03,-0.01,,
0,2400,0.08,-10.02,-0.03,-0.01,,
0,2400,0.11,-10.41,-0.33,-0.01,,
0,2400,0.11,-10.41,-0.33,-0.01,,
0,2400,0.11,-10.41,-0.33,-0.01,,
0,2400,-0.16,-9.94,-0.17,-0.01,,
0,2400,-0.16,-9.94,-0.17,0,,
0,2400,-0.16,-9.94,-0.17,0,,
0,2400,-0.09,-9.98,-0.13,0,,
0,2400,-0.09,-9.98,-0.13,0,,
0,2400,-0.09,-9.98,-0.13,0.01,,
0,2400,0.19,-9.98,0.04,0.01,,
0,2400,0.19,-9.98,0.04,-0.01,,
0,2400,0.19,-9.98,0.04,-0.01,,
0,2400,0.07,-10.05,-0.03,-0.01,,
0,2400,0.07,-10.05,-0.03,-0.01,,
0,2400,0.07,-10.05,-0.03,-0.01,,
0,2400,-0.13,-10.08,-0.11,-0.01,,
0,2400,-0.13,-10.08,-0.11,0,,
0,2400,-0.07,-10.01,-0.12,-0.01,,
0,2400,-0.07,-10.01,-0.12,-0.01,,
0,2400,-0.07,-10.01,-0.12,-0.01,,
0,2400,0.07,-9.96,-0.14,0,,
0,2400,0.07,-9.96,-0.14,0,,
0,2400,0.07,-9.96,-0.14,0,,
0,2400,-0.02,-10.01,-0.24,0,,
0,2400,-0.02,-10.01,-0.24,0,,
0,2400,-0.02,-10.01,-0.24,0,,
0,2400,0,-9.97,-0.11,0,,
0,2400,0,-9.97,-0.11,0,,
0,2400,0,-9.97,-0.11,0,,
0,2400,0.21,-9.97,-0.05,0,,
0,2400,0.21,-9.97,-0.05,0,,
0,2400,0.21,-9.97,-0.05,-0.01,,
0,2400,0.09,-10.07,-0.08,-0.01,,
0,2400,0.09,-10.07,-0.08,-0.01,,
0,2400,0.09,-10.07,-0.08,0,,
0,2400,-0.13,-10.05,-0.16,-0.01,,
0,2400,-0.13,-10.05,-0.16,-0.01,,
0,2400,-0.13,-10.05,-0.16,-0.01,,
0,2400,0.02,-9.99,-0.1,0,,
0,2400,0.02,-9.99,-0.1,0,,
0,2400,0.06,-10.01,-0.04,0,,
0,2400,0.06,-10.01,-0.04,0,,
0,2400,0.06,-10.01,-0.04,0,,
0,2400,0.09,-9.97,-0.11,-0.01,,
0,2400,0.09,-9.97,-0.11,-0.01,,
0,2400,0.09,-9.97,-0.11,-0.01,,
0,2400,-0.06,-10.07,-0.15,0,,
0,2400,-0.06,-10.07,-0.15,0,,
0,2400,-0.06,-10.07,-0.15,-0.01,,
0,2400,-0.04,-10.06,-0.09,0,,
0,2400,-0.04,-10.06,-0.09,0,,
0,2400,-0.04,-10.06,-0.09,0,,
0,2400,0.2,-9.95,-0.04,0,,
0,2400,0.2,-9.95,-0.04,0,,
0,2400,0.2,-9.95,-0.04,-0.01,,
0,2400,0.1,-10.05,-0.06,-0.01,,
0,2400,0.1,-10.05,-0.06,-0.01,,
0,2400,0.1,-10.05,-0.06,-0.01,,
0,2400,-0.16,-10.07,-0.08,-0.01,,
0,2400,-0.16,-10.07,-0.08,-0.01,,
0,2400,-0.16,-10.07,-0.08,0,,
0,2400,0.04,-10.06,-0.08,0,,
0,2400,0.04,-10.06,-0.08,-0.01,,
0,2400,0.12,-9.95,-0.05,-0.01,,
0,2400,0.12,-9.95,-0.05,0,,
0,2400,0.12,-9.95,-0.05,0,,
0,2400,0.13,-9.95,-0.19,0,,
0,2400,0.13,-9.95,-0.19,-0.01,,
0,2400,0.13,-9.95,-0.19,-0.01,,
0,2400,-0.09,-10.04,-0.21,-0.01,,
0,2400,-0.09,-10.04,-0.21,0,,
0,2400,-0.09,-10.04,-0.21,0,,
0,2400,0.02,-9.9,-0.13,0,,
0,2400,0.02,-9.9,-0.13,0,,
0,2400,0.02,-9.9,-0.13,0,,
0,2400,0.08,-9.98,-0.08,0,,
0,2400,0.08,-9.98,-0.08,-0.01,,
0,2400,0.08,-9.98,-0.08,-0.01,,
0,2400,-0.05,-9.99,-0.06,0,,
0,2400,-0.05,-9.99,-0.06,-0.01,,
0,2400,-0.05,-9.99,-0.06,-0.01,,
0,2400,0,-9.97,-0.15,0,,
0,2400,0,-9.97,-0.15,0,,
0,2400,0,-9.97,-0.15,0,,
0,2400,-0.03,-9.96,-0.11,-0.01,,
0,2400,-0.03,-9.96,-0.11,0,,
0,2400,-0.03,-9.96,-0.11,0,,
0,2400,-0.06,-10.05,-0.13,0,,
0,2400,-0.06,-10.05,-0.13,0,,
0,2400,-0.06,-10.05,-0.13,0,,
0,2400,0.05,-10,-0.09,-0.01,,
0,2400,0.05,-10,-0.09,-0.01,,
0,2400,0.05,-10,-0.09,-0.01,,
0,2400,0.04,-10.03,-0.05,-0.01,,
0,2400,0.04,-10.03,-0.05,-0.01,,
0,2400,0.04,-10.03,-0.05,-0.01,,
0,2400,0.04,-10.07,-0.14,-0.01,,
0,2400,0.04,-10.07,-0.14,-0.01,,
0,2400,0.04,-10.07,-0.14,-0.01,,
0,2400,-0.04,-10,-0.1,-0.01,,
0,2400,-0.04,-10,-0.1,-0.01,,
0,2400,0.05,-10.01,-0.04,0,,
0,2400,0.05,-10.01,-0.04,0,,
0,2400,0.05,-10.01,-0.04,0,,
0,2400,0.05,-9.99,-0.04,0,,
0,2400,0.05,-9.99,-0.04,-0.01,,
0,2400,0.05,-9.99,-0.04,-0.01,,
0,2400,-0.04,-10.02,-0.13,-0.01,,
0,2400,-0.04,-10.02,-0.13,-0.01,,
0,2400,-0.04,-10.02,-0.13,-0.01,,
0,2400,-0.05,-10.06,-0.15,0,,
0,2400,-0.05,-10.06,-0.15,0,,
0,2400,-0.05,-10.06,-0.15,0,,
0,2400,0.1,-10.01,-0.08,0,,
0,2400,0.1,-10.01,-0.08,-0.01,,
0,2400,0.1,-10.01,-0.08,-0.01,,
0,2400,0,-10.06,-0.13,0,,
0,2400,0,-10.06,-0.13,-0.01,,
0,2400,0,-10.06,-0.13,-0.01,,
0,2400,0,-10.02,-0.13,0,,
0,2400,0,-10.02,-0.13,0,,
0,2400,0,-10.02,-0.13,0,,
0,2400,0.03,-10.05,-0.13,0,,
0,2400,0.03,-10.05,-0.13,0,,
0,2400,-0.01,-10.02,-0.08,0,,
0,2400,-0.01,-10.02,-0.08,0,,
0,2400,-0.01,-10.02,-0.08,0,,
0,2400,0,-9.99,-0.1,0,,
0,2460,0,-9.99,-0.1,-0.01,,
0,2460,0,-9.99,-0.1,0,,
0,2460,0.02,-10.04,-0.14,0,,
0,2460,0.02,-10.04,-0.14,0,,
0,2460,0.02,-10.04,-0.14,-0.01,,
0,2460,-0.02,-10.04,-0.12,-0.01,,
0,2460,-0.02,-10.04,-0.12,-0.01,,
0,2460,-0.02,-10.04,-0.12,0,,
0,2460,-0.02,-10.02,-0.04,0,,
0,2460,-0.02,-10.02,-0.04,0,,
0,2460,-0.02,-10.02,-0.04,-0.01,,
0,2460,0.09,-10.05,-0.11,-0.01,,
0,2460,0.09,-10.05,-0.11,0,,
0,2460,0.09,-10.05,-0.11,-0.01,,
0,2460,0,-10.04,-0.08,-0.01,,
0,2460,0,-10.04,-0.08,-0.01,,
0,2460,-0.05,-9.99,-0.14,0,,
0,2460,-0.05,-9.99,-0.14,0,,
0,2460,-0.05,-9.99,-0.14,0,,
0,2460,0.02,-9.96,-0.09,0,,
0,2460,0.02,-9.96,-0.09,0,,
0,2460,0.02,-9.96,-0.09,0,,
0,2460,0.08,-9.98,-0.09,0,,
0,2460,0.08,-9.98,-0.09,0,,
0,2460,0.08,-9.98,-0.09,-0.01,,
0,2460,0.06,-9.99,-0.14,0,,
0,2460,0.06,-9.99,-0.14,0,,
0,2460,0.06,-9.99,-0.14,-0.01,,
0,2460,-0.08,-10.02,-0.09,0,,
0,2460,-0.08,-10.02,-0.09,0,,
0,2460,-0.08,-10.02,-0.09,0,,
0,2460,-0.03,-10.02,-0.12,0,,
0,2460,-0.03,-10.02,-0.12,0,,
0,2460,-0.03,-10.02,-0.12,-0.01,,
0,2460,-0.01,-10.03,-0.03,-0.01,,
0,2460,-0.01,-10.03,-0.03,-0.01,,
0,2460,0.03,-10.02,-0.1,-0.01,,
0,2460,0.03,-10.02,-0.1,-0.01,,
0,2460,0.03,-10.02,-0.1,-0.01,,
0,2460,0.04,-10,-0.13,-0.01,,
0,2460,0.04,-10,-0.13,0,,
0,2460,0.04,-10,-0.13,0,,
0,2460,0.08,-10.03,-0.11,0,,
0,2460,0.08,-10.03,-0.11,0,,
0,2460,0.08,-10.03,-0.11,0,,
0,2460,0.05,-10.02,-0.07,0,,
0,2460,0.05,-10.02,-0.07,0,,
0,2460,0.05,-10.02,-0.07,0,,
0,2460,0.02,-10.01,-0.1,0,,
0,2460,0.02,-10.01,-0.1,0,,
0,2460,0.02,-10.01,-0.1,0,,
0,2460,0.07,-10.05,-0.1,0,,
0,2460,0.07,-10.05,-0.1,0,,
0,2460,0.07,-10.05,-0.1,0,,
0,2460,0.03,-10.07,-0.1,0,,
0,2460,0.03,-10.07,-0.1,0,,
0,2460,0.03,-10.07,-0.1,0,,
0,2460,0.09,-10.01,-0.13,0,,
0,2460,0.09,-10.01,-0.13,0,,
0,2460,0.09,-10.01,-0.13,-0.01,,
0,2460,-0.07,-10.06,-0.11,0,,
0,2460,-0.07,-10.06,-0.11,0,,
0,2460,-0.07,-10.06,-0.11,0,,
0,2460,-0.08,-10.04,-0.15,0,,
0,2460,-0.08,-10.04,-0.15,0,,
0,2460,-0.08,-10.04,-0.15,0,,
0,2460,0.01,-9.98,-0.14,0,,
0,2460,0.01,-9.98,-0.14,-0.01,,
0,2460,0.01,-9.98,-0.14,0,,
0,2460,0.01,-9.99,-0.11,0,,
0,2460,0.01,-9.99,-0.11,-0.01,,
0,2460,0.01,-9.99,-0.11,-0.01,,
0,2460,0.06,-10.06,-0.12,-0.01,,
0,2460,0.06,-10.06,-0.12,-0.01,,
0,2460,0.06,-10.06,-0.12,0,,
0,2460,0.09,-10.01,-0.11,0,,
0,2460,0.09,-10.01,-0.11,-0.01,,
0,2460,0.09,-10.01,-0.11,-0.01,,
0,2460,0.03,-9.99,-0.12,0,,
0,2460,0.03,-9.99,-0.12,-0.01,,
0,2460,0.03,-9.99,-0.12,-0.01,,
0,2460,-0.04,-9.98,-0.05,-0.01,,
0,2460,-0.04,-9.98,-0.05,0,,
0,2460,0.01,-10.05,-0.05,0,,
0,2460,0.01,-10.05,-0.05,-0.01,,
0,2460,0.01,-10.05,-0.05,0,,
0,2460,0.04,-9.98,-0.04,0,,
0,2460,0.04,-9.98,-0.04,-0.01,,
0,2460,0.04,-9.98,-0.04,0,,
0,2460,-0.01,-10.07,-0.14,0,,
0,2460,-0.01,-10.07,-0.14,0,,
0,2460,-0.01,-10.07,-0.14,0,,
0,2460,0.1,-9.97,-0.09,-0.01,,
0,2460,0.1,-9.97,-0.09,-0.01,,
0,2460,0.1,-9.97,-0.09,0,,
0,2460,0.08,-10.02,-0.15,-0.01,,
0,2460,0.08,-10.02,-0.15,-0.01,,
0,2460,0.08,-10.02,-0.15,0,,
0,2460,0.12,-10.13,-0.2,0,,
0,2460,0.12,-10.13,-0.2,0,,
0,2460,0.12,-10.13,-0.2,0,,
0,2460,0.06,-10.06,-0.13,-0.01,,
0,2460,0.06,-10.06,-0.13,-0.01,,
0,2460,0.06,-10.01,-0.11,0,,
0,2460,0.06,-10.01,-0.11,0,,
0,2460,0.06,-10.01,-0.11,0,,
0,2460,-0.02,-10.04,-0.04,-0.01,,
0,2460,-0.02,-10.04,-0.04,-0.01,,
0,2460,-0.02,-10.04,-0.04,0,,
0,2460,-0.02,-10.01,-0.1,-0.01,,
0,2460,-0.02,-10.01,-0.1,-0.01,,
0,2460,-0.02,-10.01,-0.1,0,,
0,2460,-0.1,-10.09,-0.05,-0.01,,
0,2460,-0.1,-10.09,-0.05,-0.01,,
0,2460,-0.1,-10.09,-0.05,-0.01,,
0,2460,0.02,-9.84,-0.16,0,,
0,2460,0.02,-9.84,-0.16,0,,
0,2460,0.02,-9.84,-0.16,0,,
0,2460,0.09,-10.03,-0.08,-0.01,,
0,2460,0.09,-10.03,-0.08,-0.01,,
0,2460,0.09,-10.03,-0.08,0,,
0,2460,0.09,-9.98,-0.08,0,,
0,2460,0.09,-9.98,-0.08,-0.01,,
0,2460,0.03,-10.1,-0.17,-0.01,,
0,2460,0.03,-10.1,-0.17,-0.01,,
0,2460,0.03,-10.1,-0.17,0,,
0,2460,-0.05,-10.07,-0.14,0,,
0,2460,-0.05,-10.07,-0.14,0,,
0,2460,-0.05,-10.07,-0.14,0,,
0,2460,0.03,-9.97,-0.05,0,,
0,2460,0.03,-9.97,-0.05,0,,
0,2460,0.03,-9.97,-0.05,-0.01,,
0,2460,0.08,-9.96,-0.09,-0.01,,
0,2460,0.08,-9.96,-0.09,-0.01,,
0,2460,0.08,-9.96,-0.09,-0.01,,
0,2460,0.03,-10.06,-0.17,-0.01,,
0,2460,0.03,-10.06,-0.17,0,,
0,2460,0.03,-10.06,-0.17,0,,
0,2460,-0.04,-10.07,-0.11,0,,
0,2460,-0.04,-10.07,-0.11,0,,
0,2460,-0.04,-10.07,-0.11,0,,
0,2460,0.05,-9.93,-0.1,0,,
0,2460,0.05,-9.93,-0.1,-0.01,,
0,2460,0.05,-9.93,-0.1,-0.01,,
0,2460,0.05,-9.93,-0.07,0,,
0,2460,0.05,-9.93,-0.07,-0.01,,
0,2460,0.01,-10.06,-0.08,-0.01,,
0,2460,0.01,-10.06,-0.08,-0.01,,
0,2460,0.01,-10.06,-0.08,0,,
0,2460,-0.01,-10.08,-0.12,0,,
0,2460,-0.01,-10.08,-0.12,0,,
0,2460,-0.01,-10.08,-0.12,0,,
0,2460,-0.03,-10.08,-0.04,0,,
0,2460,-0.03,-10.08,-0.04,0,,
0,2460,-0.03,-10.08,-0.04,0,,
0,2460,0.03,-10.07,-0.06,0,,
0,2520,0.03,-10.07,-0.06,0,,
0,2520,0.03,-10.07,-0.06,-0.01,,
0,2520,0.03,-10.03,-0.11,-0.01,,
0,2520,0.03,-10.03,-0.11,-0.01,,
0,2520,0.03,-10.03,-0.11,-0.01,,
0,2520,0,-10.06,-0.12,-0.01,,
0,2520,0,-10.06,-0.12,0,,
0,2520,0,-10.06,-0.12,0,,
0,2520,0.02,-9.96,-0.09,0,,
0,2520,0.02,-9.96,-0.09,-0.01,,
0,2520,0.02,-9.96,-0.09,0,,
0,2520,0.15,-10.01,-0.03,0,,
0,2520,0.15,-10.01,-0.03,-0.01,,
0,2520,0.15,-10.01,-0.03,-0.01,,
0,2520,-0.01,-10.01,-0.13,0,,
0,2520,-0.01,-10.01,-0.13,-0.01,,
0,2520,-0.01,-10.01,-0.13,-0.01,,
0,2520,0.02,-10,-0.05,0,,
0,2520,0.02,-10,-0.05,-0.01,,
0,2520,0.02,-10,-0.05,-0.01,,
0,2520,0.08,-9.99,-0.04,0,,
0,2520,0.08,-9.99,-0.04,0,,
0,2520,0.08,-9.99,-0.04,0,,
0,2520,0.03,-9.95,-0.09,-0.01,,
0,2520,0.03,-9.95,-0.09,-0.01,,
0,2520,0.03,-9.95,-0.09,-0.01,,
0,2520,-0.06,-10.04,-0.18,-0.01,,
0,2520,-0.06,-10.04,-0.18,-0.01,,
0,2520,-0.06,-10.04,-0.18,0,,
0,2520,-0.01,-10.02,-0.14,0,,
0,2520,-0.01,-10.02,-0.14,0,,
0,2520,-0.01,-10.02,-0.14,0.01,,
0,2520,0.11,-10.02,0.02,0,,
0,2520,0.11,-10.02,0.02,0,,
0,2520,0.11,-10.02,0.02,-0.01,,
0,2520,-0.01,-9.98,-0.06,-0.01,,
0,2520,-0.01,-9.98,-0.06,-0.01,,
0,2520,-0.08,-10.01,-0.04,0,,
0,2520,-0.08,-10.01,-0.04,0,,
0,2520,-0.08,-10.01,-0.04,0,,
0,2520,-0.02,-10.01,-0.07,0,,
0,2520,-0.02,-10.01,-0.07,-0.01,,
0,2520,-0.02,-10.01,-0.07,-0.01,,
0,2520,0.03,-10.05,-0.1,0,,
0,2520,0.03,-10.05,-0.1,0,,
0,2520,0.03,-10.05,-0.1,0,,
0,2520,0.03,-10,-0.01,-0.01,,
0,2520,0.03,-10,-0.01,-0.01,,
0,2520,0.03,-10,-0.01,-0.01,,
0,2520,-0.01,-10.08,-0.04,-0.01,,
0,2520,-0.01,-10.08,-0.04,0,,
0,2520,-0.01,-10.08,-0.04,0,,
0,2520,-0.05,-10.04,-0.09,0,,
0,2520,-0.05,-10.04,-0.09,-0.01,,
0,2520,-0.05,-10.04,-0.09,-0.01,,
0,2520,0,-10.03,-0.1,0,,
0,2520,0,-10.03,-0.1,0,,
0,2520,0,-10.03,-0.1,0,,
0,2520,0.11,-10,-0.15,0,,
0,2520,0.11,-10,-0.15,0,,
0,2520,0.11,-10,-0.15,0,,
0,2520,0.02,-10.18,-0.1,-0.01,,
0,2520,0.02,-10.18,-0.1,-0.01,,
0,2520,0.02,-10.18,-0.1,0,,
0,2520,0.1,-10.04,-0.12,-0.01,,
0,2520,0.1,-10.04,-0.12,-0.01,,
0,2520,0.1,-10.08,-0.15,0,,
0,2520,0.1,-10.08,-0.15,-0.01,,
0,2520,0.1,-10.08,-0.15,-0.01,,
0,2520,-0.08,-10.07,-0.16,-0.01,,
0,2520,-0.08,-10.07,-0.16,0,,
0,2520,-0.08,-10.07,-0.16,0,,
0,2520,-0.02,-9.99,-0.02,0,,
0,2520,-0.02,-9.99,-0.02,0,,
0,2520,-0.02,-9.99,-0.02,0,,
0,2520,0.35,-9.91,0.03,0,,
0,2520,0.35,-9.91,0.03,-0.01,,
0,2520,0.35,-9.91,0.03,-0.01,,
0,2520,0.02,-10.04,-0.21,-0.01,,
0,2520,0.02,-10.04,-0.21,-0.01,,
0,2520,0.02,-10.04,-0.21,-0.01,,
0,2520,-0.17,-10.05,-0.25,-0.01,,
0,2520,-0.17,-10.05,-0.25,0,,
0,2520,-0.17,-10.05,-0.25,0,,
0,2520,0.13,-10.02,-0.03,0,,
0,2520,0.13,-10.02,-0.03,0,,
0,2520,0.13,-10.02,-0.03,0,,
0,2520,0.22,-9.97,0.05,-0.01,,
0,2520,0.22,-9.97,0.05,-0.01,,
0,2520,0.22,-9.97,0.05,-0.01,,
0,2520,-0.25,-10.1,-0.17,-0.01,,
0,2520,-0.25,-10.1,-0.17,0,,
0,2520,-0.21,-10.01,-0.14,0,,
0,2520,-0.21,-10.01,-0.14,0,,
0,2520,-0.21,-10.01,-0.14,0.01,,
0,2520,0.15,-9.94,-0.07,0.01,,
0,2520,0.15,-9.94,-0.07,0,,
0,2520,0.15,-9.94,-0.07,-0.01,,
0,2520,0.11,-10.02,-0.07,-0.01,,
0,2520,0.11,-10.02,-0.07,-0.01,,
0,2520,0.11,-10.02,-0.07,0,,
0,2520,-0.1,-10.01,-0.15,0,,
0,2520,-0.1,-10.01,-0.15,0,,
0,2520,-0.1,-10.01,-0.15,0,,
0,2520,-0.04,-10.05,-0.11,0,,
0,2520,-0.04,-10.05,-0.11,0,,
0,2520,-0.04,-10.05,-0.11,0,,
0,2520,0.06,-9.88,-0.06,0,,
0,2520,0.06,-9.88,-0.06,-0.01,,
0,2520,0.06,-9.88,-0.06,-0.01,,
0,2520,-0.03,-10.04,-0.07,-0.01,,
0,2520,-0.03,-10.04,-0.07,-0.01,,
0,2520,-0.03,-10.04,-0.07,-0.01,,
0,2520,-0.02,-10.02,-0.17,-0.01,,
0,2520,-0.02,-10.02,-0.17,0,,
0,2520,-0.02,-10.02,-0.17,0,,
0,2520,0.07,-10.09,-0.13,0,,
0,2520,0.07,-10.09,-0.13,0,,
0,2520,0.07,-10.09,-0.13,0,,
0,2520,0.06,-10.03,-0.09,0,,
0,2520,0.06,-10.03,-0.09,0,,
0,2520,0.06,-10.03,-0.09,0,,
0,2520,0.04,-10,-0.1,-0.01,,
0,2520,0.04,-10,-0.1,-0.01,,
0,2520,0.04,-10,-0.1,-0.01,,
0,2520,-0.03,-10.06,-0.06,0,,
0,2520,-0.03,-10.06,-0.06,0,,
0,2520,-0.03,-10.06,-0.06,-0.01,,
0,2520,0.01,-10.01,-0.11,-0.01,,
0,2520,0.01,-10.01,-0.11,-0.01,,
0,2520,0.01,-10.01,-0.11,0,,
0,2520,-0.1,-9.96,-0.11,0,,
0,2520,-0.1,-9.96,-0.11,0,,
0,2520,-0.1,-9.96,-0.11,-0.01,,
0,2520,0.05,-9.98,-0.07,-0.01,,
0,2520,0.05,-9.98,-0.07,0,,
0,2520,0.05,-9.98,-0.07,-0.01,,
0,2520,0.03,-10.05,-0.08,-0.01,,
0,2520,0.03,-10.05,-0.08,0,,
0,2520,0.03,-10.05,-0.08,-0.01,,
0,2520,0,-10.06,-0.16,-0.01,,
0,2520,0,-10.06,-0.16,0,,
0,2520,0.01,-10.05,-0.11,0,,
0,2520,0.01,-10.05,-0.11,0,,
0,2520,0.01,-10.05,-0.11,0,,
0,2520,0.11,-10,-0.12,0,,
0,2520,0.11,-10,-0.12,0,,
0,2520,0.11,-10,-0.12,-0.01,,
0,2520,0.08,-9.99,-0.05,0,,
0,2520,0.08,-9.99,-0.05,0,,
0,2520,0.08,-9.99,-0.05,-0.01,,
0,2520,-0.1,-10.07,-0.12,0,,
0,2520,-0.1,-10.07,-0.12,0,,
0,2520,-0.1,-10.07,-0.12,0,,
0,2520,-0.01,-10.02,-0.12,0,,
0,2520,-0.01,-10.02,-0.12,0,,
0,2520,-0.01,-10.02,-0.12,0,,
0,2580,0.03,-10.04,-0.09,0,,
0,2580,0.03,-10.04,-0.09,0,,
0,2580,0.03,-10.04,-0.09,-0.01,,
0,2580,0.03,-10.01,-0.11,-0.01,,
0,2580,0.03,-10.01,-0.11,-0.01,,
0,2580,0.03,-10.01,-0.11,0,,
0,2580,0.03,-9.95,-0.07,0,,
0,2580,0.03,-9.95,-0.07,0,,
0,2580,-0.08,-10.07,-0.15,0,,
0,2580,-0.08,-10.07,-0.15,0,,
0,2580,-0.08,-10.07,-0.15,0,,
0,2580,0.02,-10.03,-0.05,-0.01,,
0,2580,0.02,-10.03,-0.05,0,,
0,2580,0.02,-10.03,-0.05,0,,
0,2580,-0.08,-9.85,-0.02,0,,
0,2580,-0.08,-9.85,-0.02,0,,
0,2580,-0.08,-9.85,-0.02,0,,
0,2580,0.08,-10.34,-0.26,0,,
0,2580,0.08,-10.34,-0.26,0,,
0,2580,0.08,-10.34,-0.26,0,,
0,2580,0.05,-9.94,-0.2,-0.01,,
0,2580,0.05,-9.94,-0.2,0,,
0,2580,0.05,-9.94,-0.2,0,,
0,2580,-0.02,-10.03,0,0,,
0,2580,-0.02,-10.03,0,0,,
0,2580,-0.02,-10.03,0,0,,
0,2580,0,-9.97,-0.03,-0.01,,
0,2580,0,-9.97,-0.03,0,,
0,2580,-0.01,-10.07,-0.12,0,,
0,2580,-0.01,-10.07,-0.12,-0.01,,
0,2580,-0.01,-10.07,-0.12,0,,
0,2580,-0.05,-10.01,-0.11,0,,
0,2580,-0.05,-10.01,-0.11,0,,
0,2580,-0.05,-10.01,-0.11,0,,
0,2580,0.03,-10,-0.18,0,,
0,2580,0.03,-10,-0.18,0,,
0,2580,0.03,-10,-0.18,-0.01,,
0,2580,0.04,-10.04,-0.13,-0.01,,
0,2580,0.04,-10.04,-0.13,0,,
0,2580,0.04,-10.04,-0.13,-0.01,,
0,2580,0.01,-10.01,-0.13,-0.01,,
0,2580,0.01,-10.01,-0.13,-0.01,,
0,2580,0.01,-10.01,-0.13,0,,
0,2580,0.05,-10.07,-0.15,0,,
0,2580,0.05,-10.07,-0.15,0,,
0,2580,0.05,-10.07,-0.15,0,,
0,2580,-0.06,-10.05,0.03,0,,
0,2580,-0.06,-10.05,0.03,-0.01,,
0,2580,0.09,-9.97,-0.01,0,,
0,2580,0.09,-9.97,-0.01,0,,
0,2580,0.09,-9.97,-0.01,-0.01,,
0,2580,-0.1,-9.98,-0.05,-0.01,,
0,2580,-0.1,-9.98,-0.05,-0.01,,
0,2580,-0.1,-9.98,-0.05,0,,
0,2580,-0.06,-10.09,-0.17,0,,
0,2580,-0.06,-10.09,-0.17,0,,
0,2580,-0.06,-10.09,-0.17,0,,
0,2580,0.04,-10,-0.06,0.01,,
0,2580,0.04,-10,-0.06,0.01,,
0,2580,0.04,-10,-0.06,0,,
0,2580,0.15,-10.04,-0.11,0,,
0,2580,0.15,-10.04,-0.11,-0.01,,
0,2580,0.15,-10.04,-0.11,-0.01,,
0,2580,0.06,-10.03,-0.15,-0.01,,
0,2580,0.06,-10.03,-0.15,-0.01,,
0,2580,0.06,-10.03,-0.15,-0.01,,
0,2580,-0.17,-8.92,-0.35,-0.01,,
0,2580,-0.17,-8.92,-0.35,0,,
0,2580,-0.17,-8.92,-0.35,0,,
0,2580,0.22,-10.31,-0.2,0,,
0,2580,0.22,-10.31,-0.2,-0.01,,
0,2580,0.22,-10.31,-0.2,-0.01,,
0,2580,0,-9.73,0.02,-0.01,,
0,2580,0,-9.73,0.02,0,,
0,2580,0,-9.73,0.02,0,,
0,2580,0.11,-10.08,-0.13,-0.01,,
0,2580,0.11,-10.08,-0.13,0,,
0,2580,0.11,-10.08,-0.13,0,,
0,2580,-0.05,-10.04,-0.16,-0.01,,
0,2580,-0.05,-10.04,-0.16,-0.01,,
0,2580,-0.05,-10.04,-0.16,-0.01,,
0,2580,-0.09,-10.08,-0.2,0,,
0,2580,-0.09,-10.08,-0.2,0,,
0,2580,-0.09,-10.08,-0.2,0,,
0,2580,0.1,-10.01,-0.09,0,,
0,2580,0.1,-10.01,-0.09,0,,
0,2580,0.1,-10.01,-0.09,0,,
0,2580,0.12,-9.97,-0.11,-0.01,,
0,2580,0.12,-9.97,-0.11,-0.01,,
0,2580,0.12,-9.97,-0.11,-0.01,,
0,2580,-0.01,-10.04,-0.18,-0.01,,
0,2580,-0.01,-10.04,-0.18,-0.01,,
0,2580,-0.01,-10.04,-0.18,-0.01,,
0,2580,-0.04,-10.05,-0.12,0,,
0,2580,-0.04,-10.05,-0.12,0,,
0,2580,0.05,-10.06,-0.06,0,,
0,2580,0.05,-10.06,-0.06,0,,
0,2580,0.05,-10.06,-0.06,0,,
0,2580,-0.01,-10.06,-0.12,0,,
0,2580,-0.01,-10.06,-0.12,0,,
0,2580,-0.01,-10.06,-0.12,-0.01,,
0,2580,-0.04,-9.99,-0.15,-0.01,,
0,2580,-0.04,-9.99,-0.15,0,,
0,2580,-0.04,-9.99,-0.15,0,,
0,2580,-0.02,-10.07,-0.09,0,,
0,2580,-0.02,-10.07,-0.09,0,,
0,2580,-0.02,-10.07,-0.09,0,,
0,2580,0.1,-10.03,-0.09,0,,
0,2580,0.1,-10.03,-0.09,0,,
0,2580,0.1,-10.03,-0.09,-0.01,,
0,2580,-0.02,-10.03,-0.22,-0.01,,
0,2580,-0.02,-10.03,-0.22,-0.01,,
0,2580,-0.02,-10.03,-0.22,0,,
0,2580,0.01,-10.07,-0.1,0,,
0,2580,0.01,-10.07,-0.1,0,,
0,2580,0.06,-9.98,-0.12,0,,
0,2580,0.06,-9.98,-0.12,0,,
0,2580,0.06,-9.98,-0.12,-0.01,,
0,2580,0.1,-10.03,-0.09,0,,
0,2580,0.1,-10.03,-0.09,0,,
0,2580,0.1,-10.03,-0.09,0,,
0,2580,-0.02,-10.05,-0.11,-0.01,,
0,2580,-0.02,-10.05,-0.11,-0.01,,
0,2580,-0.02,-10.05,-0.11,0,,
0,2580,-0.02,-10.02,-0.08,0,,
0,2580,-0.02,-10.02,-0.08,0,,
0,2580,-0.02,-10.02,-0.08,0,,
0,2580,-0.08,-10.04,-0.1,0,,
0,2580,-0.08,-10.04,-0.1,0,,
0,2580,-0.08,-10.04,-0.1,0,,
0,2580,-0.04,-10.04,-0.14,-0.01,,
0,2580,-0.04,-10.04,-0.14,0,,
0,2580,0.04,-9.98,-0.12,0,,
0,2580,0.04,-9.98,-0.12,-0.01,,
0,2580,0.04,-9.98,-0.12,-0.01,,
0,2580,0.12,-10.07,-0.1,-0.01,,
0,2580,0.12,-10.07,-0.1,-0.01,,
0,2580,0.12,-10.07,-0.1,-0.01,,
0,2580,-0.03,-10.02,-0.14,-0.01,,
0,2580,-0.03,-10.02,-0.14,-0.01,,
0,2580,-0.03,-10.02,-0.14,-0.01,,
0,2580,0,-10,-0.15,-0.01,,
0,2580,0,-10,-0.15,0,,
0,2580,0,-10,-0.15,-0.01,,
0,2580,0,-10.04,-0.05,-0.01,,
0,2580,0,-10.04,-0.05,-0.01,,
0,2580,0,-10.05,-0.08,0,,
0,2580,0,-10.05,-0.08,0,,
0,2580,0,-10.05,-0.08,0,,
0,2580,-0.09,-9.92,-0.11,0,,
0,0,0,-1.25,-0.01,0,0,
0,0,0,-1.25,-0.01,0,0,
0,0,0,-1.25,-0.01,0,0,
0,0,-0.01,-1.25,-0.01,0,0,
0,0,-0.01,-1.25,-0.01,0,0,
0,0,-0.01,-1.25,-0.01,0,0,
0,0,0,-1.25,-0.01,0,0,
0,0,0,-1.25,-0.01,0,0,
0,0,0,-1.25,-0.01,0,0,
0,0,0.01,-1.25,-0.01,0,0,
0,0,0.01,-1.25,-0.01,0,0,
0,0,0.01,-1.25,-0.01,0,0,
0,0,-0.01,-1.26,-0.01,0,0,
0,0,-0.01,-1.26,-0.01,0,0,
0,0,-0.01,-1.26,-0.01,0,0,
0,0,0,-1.25,-0.01,0,0,
0,0,0,-1.25,-0.01,0,0,
0,0,-0.01,-1.25,-0.01,0,0,
0,0,-0.01,-1.25,-0.01,0,0,
0,0,-0.01,-1.25,-0.01,0,0,
0,0,0,-1.25,-0.01,0,0,
0,0,0,-1.25,-0.01,0,0,
0,0,0,-1.25,-0.01,0,0,
0,0,0,-1.26,-0.01,0,0,
0,0,0,-1.26,-0.01,0,0,
0,0,0,-1.26,-0.01,0,0,
0,0,0,-1.25,-0.01,0,0,
0,0,0,-1.25,-0.01,0,0,
0,0,0,-1.25,-0.01,0,0,
0,0,0,-1.25,-0.01,0,0,
0,0,0,-1.25,-0.01,0,0,
0,0,0,-1.25,-0.01,0,0,
0,0,0,-1.25,-0.01,0,0,
0,0,0,-1.25,-0.01,0,0,
0,0,0,-1.25,-0.01,0,0,
0,0,0,-1.25,-0.01,0,0,
0,0,0,-1.25,-0.01,0,0,
0,0,0,-1.25,-0.01,0,0,
0,0,0,-1.25,-0.01,0,0,
0,0,0,-1.25,-0.01,0,0,
0,0,0,-1.26,-0.01,0,0,
0,0,0,-1.26,-0.01,0,0,
0,0,0,-1.26,-0.01,0,0,
0,0,0,-1.25,-0.01,0,0,
0,0,0,-1.25,-0.01,0,0,
0,0,0,-1.25,-0.01,0,0,
0,0,0,-1.25,-0.02,0,0,
0,0,0,-1.25,-0.02,0,0,
0,0,0,-1.25,-0.02,0,0,
0,0,0,-1.25,-0.01,0,0,
0,0,0,-1.25,-0.01,0,0,
0,0,0,-1.25,-0.01,0,0,
0,0,0,-1.25,-0.01,0,0,
0,0,0,-1.25,-0.01,0,0,
0,0,0,-1.26,-0.01,0,0,
0,0,0,-1.26,-0.01,0,0,
0,0,0,-1.26,-0.01,0,0,
0,0,0,-1.26,-0.01,0,0,
0,0,0,-1.26,-0.01,0,0,
0,0,0,-1.26,-0.01,0,0,
0,0,0,-1.26,-0.01,0,0,
0,0,0,-1.26,-0.01,0,0,
0,0,0,-1.26,-0.01,0,0,
0,0,0,-1.25,-0.02,0,0,
0,0,0,-1.25,-0.02,0,0,
0,0,0,-1.25,-0.02,0,0,
0,0,0.01,-1.25,-0.01,0,0,
0,0,0.01,-1.25,-0.01,0,0,
0,0,0.01,-1.25,-0.01,0,0,
0,0,0,-1.25,-0.01,0,0,
0,0,0,-1.25,-0.01,0,0,
0,0,0,-1.25,-0.01,0,0,
0,0,0,-1.25,-0.01,0,0,
0,0,0,-1.25,-0.01,0,0,
0,0,0,-1.26,-0.01,0,0,
0,0,0,-1.26,-0.01,0,0,
0,0,0,-1.26,-0.01,0,0,
0,0,0,-1.26,-0.01,0,0,
0,0,0,-1.26,-0.01,0,0,
0,0,0,-1.26,-0.01,0,0,
0,0,0,-1.25,-0.01,0,0,
0,0,0,-1.25,-0.01,0,0,
0,0,0,-1.25,-0.01,0,0,
0,0,0,-1.25,-0.01,0,0,
0,0,0,-1.25,-0.01,0,0,
0,0,0,-1.25,-0.01,0,0,
0,0,0,-1.25,-0.01,0,0,
0,0,0,-1.25,-0.01,0,0,
0,0,0,-1.25,-0.01,0,0,
0,0,-0.01,-1.25,-0.01,0,0,
0,0,-0.01,-1.25,-0.01,0,0,
0,0,-0.01,-1.25,-0.01,0,0,
0,0,0.01,-1.26,-0.01,0,0,
0,0,0.01,-1.26,-0.01,0,0,
0,0,0.01,-1.26,-0.01,0,0,
0,0,0,-1.25,-0.01,0,0,
0,0,0,-1.25,-0.01,0,0,
0,0,0,-1.25,-0.01,0,0,
0,0,0,-1.25,-0.01,0,0,
0,0,0,-1.25,-0.01,0,0,
0,0,0,-1.26,-0.01,0,0,
0,0,0,-1.26,-0.01,0,0,
0,0,0,-1.26,-0.01,0,0,
0,0,0,-1.25,-0.01,0,0,
0,0,0,-1.25,-0.01,0,0,
0,0,0,-1.25,-0.01,0,0,
0,0,0,-1.26,-0.01,0,0,
0,0,0,-1.26,-0.01,0,0,
0,0,0,-1.26,-0.01,0,0,
0,0,0.01,-1.25,-0.01,0,0,
0,0,0.01,-1.25,-0.01,0,0,
0,0,0.01,-1.25,-0.01,0,0,
0,0,0,-1.25,-0.01,0,0,
0,0,0,-1.25,-0.01,0,0,
0,0,0,-1.25,-0.01,0,0,
0,0,0,-1.25,-0.01,0,0,
0,0,0,-1.25,-0.01,0,0,
0,0,0,-1.25,-0.01,0,0,
0,0,0,-1.25,-0.01,0,0,
0,0,0,-1.25,-0.01,0,0,
0,0,0,-1.25,-0.01,0,0,
0,0,0,-1.25,-0.01,0,0,
0,0,0,-1.25,-0.01,0,0,
0,0,0,-1.25,-0.01,0,0,
0,0,0,-1.25,-0.01,0,0,
0,0,0,-1.25,-0.01,0,0,
0,0,0,-1.25,-0.01,0,0,
0,0,0,-1.25,-0.01,0,0,
0,0,0,-1.25,-0.01,0,0,
0,0,0,-1.25,-0.01,0,0,
0,0,0,-1.25,-0.01,0,0,
0,0,0,-1.25,-0.01,0,0,
0,0,0,-1.25,-0.01,0,0,
0,0,0,-1.25,-0.01,0,0,
0,0,0,-1.25,-0.01,0,0,
0,0,0,-1.25,-0.01,0,0,
0,0,0,-1.25,-0.01,0,0,
0,0,0,-1.25,-0.01,0,0,
0,0,0,-1.25,-0.01,0,0,
0,0,0,-1.25,-0.01,0,0,
0,0,0,-1.25,-0.01,0,0,
0,0,0,-1.25,-0.01,0,0,
0,0,0,-1.25,-0.01,0,0,
0,0,0,-1.26,-0.01,0,0,
0,0,0,-1.26,-0.01,0,0,
0,0,0,-1.26,-0.01,0,0,
0,0,0,-1.26,-0.02,0,0,
0,0,0,-1.26,-0.02,0,0,
0,0,0,-1.26,-0.02,0,0,
0,0,0,-1.25,-0.01,0,0,
0,0,0,-1.25,-0.01,0,0,
0,0,0,-1.25,-0.01,0,0,
0,0,0,-1.25,-0.01,0,0,
0,0,0,-1.25,-0.01,0,0,
0,0,0,-1.25,-0.01,0,0,
0,0,0,-1.25,-0.02,0,0,
0,0,0,-1.25,-0.02,0,0,
0,0,0,-1.25,-0.02,0,0,
0,0,0,-1.25,-0.01,0,0,
0,0,0,-1.25,-0.01,0,0,
0,0,0,-1.25,-0.01,0,0,
0,0,0,-1.26,-0.01,0,0,
0,0,0,-1.26,-0.01,0,0,
0,0,0,-1.25,-0.01,0,0,
0,0,0,-1.25,-0.01,0,0,
0,0,0,-1.25,-0.01,0,0,
0,0,0,-1.25,-0.01,0,0,
0,0,0,-1.25,-0.01,0,0,
0,0,0,-1.25,-0.01,0,0,
0,0,0.01,-1.26,-0.02,0,0,
0,0,0.01,-1.26,-0.02,0,0,
0,0,0.01,-1.26,-0.02,0,0,
0,0,0,-1.25,0,0,0,
0,0,0,-1.25,0,0,0,
0,0,0,-1.25,0,0,0,
0,0,0,-1.25,-0.01,0,0,
0,0,0,-1.25,-0.01,0,0,
0,0,0,-1.25,-0.01,0,0,
0,0,0,-1.24,-0.01,0,0,
0,0,0,-1.24,-0.01,0,0,
0,0,0,-1.24,-0.01,0,0,
0,0,-0.01,-1.26,-0.02,0,0,
0,0,-0.01,-1.26,-0.02,0,0,
0,0,-0.01,-1.26,-0.02,0,0,
0,0,0.01,-1.25,-0.01,0,0,
0,0,0.01,-1.25,-0.01,0,0,
0,0,0.01,-1.25,-0.01,0,0,
0,0,0,-1.25,-0.01,0,0,
0,0,0,-1.25,-0.01,0,0,
0,0,0,-1.25,-0.01,0,0,
0,0,0,-1.25,0,0,0,
0,0,0,-1.25,0,0,0,
0,0,0.01,-1.25,-0.01,0,0,
0,0,0.01,-1.25,-0.01,0,0,
0,0,0.01,-1.25,-0.01,0,0,
0,0,0,-1.26,-0.01,0,0,
0,0,0,-1.26,-0.01,0,0,
0,0,0,-1.26,-0.01,0,0,
0,0,0,-1.25,-0.01,0,0,
0,0,0,-1.25,-0.01,0,0,
0,0,0,-1.25,-0.01,0,0,
0,0,0,-1.25,0,0,0,
0,0,0,-1.25,0,0,0,
0,0,0,-1.25,0,0,0,
0,0,0,-1.25,-0.01,0,0,
0,0,0,-1.25,-0.01,0,0,
0,0,0,-1.25,-0.01,0,0,
0,0,0,-1.26,-0.01,0,0,
0,0,0,-1.26,-0.01,0,0,
0,0,0,-1.26,-0.01,0,0,
0,0,0,-1.25,-0.01,0,0,
0,0,0,-1.25,-0.01,0,0,
0,0,0,-1.25,-0.01,0,0,
0,0,0,-1.26,0,0,0,
0,0,0,-1.26,0,0,0,
0,0,0,-1.26,0,0,0,
0,0,0.01,-1.25,-0.01,0,0,
0,0,0.01,-1.25,-0.01,0,0,
0,0,0.01,-1.25,-0.01,0,0,
0,0,-0.01,-1.26,-0.02,0,0,
0,0,-0.01,-1.26,-0.02,0,0,
0,0,-0.01,-1.26,-0.02,0,0,
0,0,0.01,-1.27,-0.02,0,0,
0,0,0.01,-1.27,-0.02,0,0,
0,0,0.01,-1.27,-0.02,0,0,
0,0,-0.01,-1.25,-0.01,0,0,
0,0,-0.01,-1.25,-0.01,0,0,
0,0,-0.01,-1.25,-0.01,0,0,
0,0,0,-1.24,-0.01,0,0,
0,0,0,-1.24,-0.01,0,0,
0,0,0,-1.24,-0.01,0,0,
0,0,0,-1.25,-0.01,0,0,
0,0,0,-1.25,-0.01,0,0,
0,0,0,-1.25,-0.01,0,0,
0,0,0,-1.26,-0.01,0,0,
0,0,0,-1.26,-0.01,0,0,
0,0,0,-1.26,-0.01,0,0,
0,0,0,-1.26,-0.02,0,0,
0,0,0,-1.26,-0.02,0,0,
0,0,0,-1.26,-0.02,0,0,
0,0,0,-1.25,-0.01,0,0,
0,0,0,-1.25,-0.01,0,0,
0,0,0,-1.25,-0.01,0,0,
0,0,0,-1.24,-0.01,0,0,
0,0,0,-1.24,-0.01,0,0,
0,0,0,-1.24,-0.01,0,0,
0,0,0,-1.25,-0.01,0,0,
0,0,0,-1.25,-0.01,0,0,
0,0,0,-1.25,-0.01,0,0,
0,0,0,-1.27,-0.01,0,0,
0,0,0,-1.27,-0.01,0,0,
0,0,-0.01,-1.24,-0.01,0,0,
0,0,-0.01,-1.24,-0.01,0,0,
0,0,-0.01,-1.24,-0.01,0,0,
0,0,0,-1.26,-0.01,0,0,
0,0,0,-1.26,-0.01,0,0,
0,0,0,-1.26,-0.01,0,0,
0,0,0,-1.26,-0.01,0,0,
0,0,0,-1.26,-0.01,0,0,
0,0,0,-1.26,-0.01,0,0,
0,0,0,-1.25,-0.02,0,0,
0,0,0,-1.25,-0.02,0,0,
0,0,0,-1.25,-0.02,0,0,
0,0,0,-1.25,-0.01,0,0,
0,0,0,-1.25,-0.01,0,0,
0,0,0,-1.25,-0.01,0,0,
0,0,0.01,-1.25,-0.01,0,0,
0,0,0.01,-1.25,-0.01,0,0,
0,0,0.01,-1.25,-0.01,0,0,
0,0,0,-1.26,-0.01,0,0,
0,0,-0.02,-1.27,-0.01,0,0,
0,0,-0.02,-1.27,-0.01,0,0,
0,0,-0.02,-1.27,-0.01,0,0,
0,0,0,-1.25,0.01,0,0,
0,0,0,-1.25,0.01,0,0,
0,0,0,-1.25,0.01,0,0,
0,0,0,-1.23,0.01,0,0,
0,0,0,-1.23,0.01,0,0,
0,0,0,-1.23,0.01,0,0,
0,0,0,-1.26,-0.01,0,0,
0,0,0,-1.26,-0.01,0,0,
0,0,0,-1.26,-0.01,0,0,
0,0,0.01,-1.26,-0.02,0,0,
0,0,0.01,-1.26,-0.02,0,0,
0,0,0.01,-1.26,-0.02,0,0,
0,0,0,-1.25,-0.02,0,0,
0,0,0,-1.25,-0.02,0,0,
0,0,0,-1.25,-0.02,0,0,
0,0,0,-1.25,-0.02,0,0,
0,0,0,-1.25,-0.02,0,0,
0,0,0,-1.26,-0.01,0,0,
0,0,0,-1.26,-0.01,0,0,
0,0,0,-1.26,-0.01,0,0,
0,0,0,-1.25,-0.01,0,0,
0,0,0,-1.25,-0.01,0,0,
0,0,0,-1.25,-0.01,0,0,
0,0,0.01,-1.25,-0.01,0,0,
0,0,0.01,-1.25,-0.01,0,0,
0,0,0.01,-1.25,-0.01,0,0,
0,0,0.02,-1.24,0,0,0,
0,0,0.02,-1.24,0,0,0,
0,0,0.02,-1.24,0,0,0,
0,0,0,-1.26,-0.02,0,0,
0,0,0,-1.26,-0.02,0,0,
0,0,0,-1.26,-0.02,0,0,
0,0,0,-1.26,-0.02,0,0,
0,0,0,-1.26,-0.02,0,0,
0,0,0,-1.26,-0.02,0,0,
0,0,0,-1.26,-0.01,0,0,
0,0,0,-1.26,-0.01,0,0,
0,0,0,-1.26,-0.01,0,0,
0,0,0,-1.25,-0.01,0,0,
0,0,0,-1.25,-0.01,0,0,
0,0,0,-1.25,-0.01,0,0,
0,0,0.01,-1.25,-0.01,0,0,
0,0,0.01,-1.25,-0.01,0,0,
0,0,0.01,-1.25,-0.01,0,0,
0,0,0,-1.25,-0.01,0,0,
0,0,0,-1.25,-0.01,0,0,
0,0,0,-1.25,-0.01,0,0,
0,0,0,-1.25,-0.01,0,0,
0,0,0,-1.25,-0.01,0,0,
0,0,0,-1.25,-0.01,0,0,
0,0,0,-1.25,-0.01,0,0,
0,0,0,-1.25,-0.01,0,0,
0,0,0,-1.25,-0.01,0,0,
0,0,0.01,-1.25,-0.02,0,0,
0,0,0.01,-1.25,-0.02,0,0,
0,0,0.01,-1.25,-0.02,0,0,
0,0,0.01,-1.26,-0.01,0,0,
0,0,0.01,-1.26,-0.01,0,0,
0,0,0.01,-1.26,-0.01,0,0,
0,0,0.01,-1.26,-0.01,0,0,
0,0,0.01,-1.26,-0.01,0,0,
0,0,0,-1.25,-0.01,0,0,
0,0,0,-1.25,-0.01,0,0,
0,0,0,-1.25,-0.01,0,0,
0,0,0,-1.26,-0.01,0,0,
0,0,0,-1.26,-0.01,0,0,
0,0,0,-1.26,-0.01,0,0,
0,0,0,-1.25,-0.01,0,0,
0,0,0,-1.25,-0.01,0,0,
0,0,0,-1.25,-0.01,0,0,
0,0,0,-1.25,-0.01,0,0,
0,0,0,-1.25,-0.01,0,0,
0,0,0,-1.25,-0.01,0,0,
0,0,0,-1.25,-0.01,0,0,
0,0,0,-1.25,-0.01,0,0,
0,0,0,-1.25,-0.01,0,0,
0,0,0.01,-1.25,-0.01,0,0,
0,0,0.01,-1.25,-0.01,0,0,
0,0,0.01,-1.25,-0.01,0,0,
0,0,0,-1.25,-0.01,0,0,
0,0,0,-1.25,-0.01,0,0,
0,0,0,-1.26,-0.01,0,0,
0,0,0,-1.26,-0.01,0,0,
0,0,0,-1.26,-0.01,0,0,
0,0,0,-1.25,-0.01,0,0,
0,0,0,-1.25,-0.01,0,0,
0,0,0,-1.25,-0.01,0,0,
0,0,0,-1.26,0,0,0,
0,0,0,-1.26,0,0,0,
0,0,0,-1.26,0,0,0,
0,0,0,-1.25,-0.01,0,0,
0,0,0,-1.25,-0.01,0,0,
0,0,0,-1.25,-0.01,0,0,
0,0,0,-1.25,-0.01,0,0,
0,0,0,-1.25,-0.01,0,0,
0,0,0,-1.25,-0.01,0,0,
0,0,0,-1.25,0,0,0,
0,0,0,-1.25,0,0,0,
0,0,0,-1.25,0,0,0,
0,0,0,-1.26,-0.01,0,0,
0,0,0,-1.26,-0.01,0,0,
0,0,0,-1.25,-0.01,0,0,
0,0,0,-1.25,-0.01,0,0,
0,0,0,-1.25,-0.01,0,0,
0,0,-0.01,-1.26,-0.01,0,0,
0,0,-0.01,-1.26,-0.01,0,0,
0,0,-0.01,-1.26,-0.01,0,0,
0,0,0,-1.25,0,0,0,
0,0,0,-1.25,0,0,0,
0,0,0,-1.25,0,0,0,
0,0,0,-1.25,-0.01,0,0,
0,0,0,-1.25,-0.01,0,0,
0,0,0,-1.25,-0.01,0,0,
0,0,0,-1.26,-0.01,0,0,
0,0,0,-1.26,-0.01,0,0,
0,0,0,-1.26,-0.01,0,0,
0,0,-0.01,-1.26,-0.01,0,0,
0,0,-0.01,-1.26,-0.01,0,0,
0,0,0,-1.25,-0.01,0,0,
0,0,0,-1.25,-0.01,0,0,
0,0,0,-1.25,-0.01,0,0,
0,0,0,-1.25,-0.01,0,0,
0,0,0,-1.25,-0.01,0,0,
0,0,0,-1.25,-0.01,0,0,
0,0,0.01,-1.25,-0.01,0,0,
0,0,0.01,-1.25,-0.01,0,0,
0,0,0.01,-1.25,-0.01,0,0,
0,0,0,-1.25,0,0,0,
0,0,0,-1.25,0,0,0,
0,0,0,-1.25,0,0,0,
0,0,0,-1.25,0,0,0,
0,0,0,-1.25,0,0,0,
0,0,0,-1.25,0,0,0,
0,0,0,-1.26,-0.01,0,0,
0,0,0,-1.26,-0.01,0,0,
0,0,0,-1.26,-0.01,0,0,
0,0,0,-1.26,-0.01,0,0,
0,0,0,-1.26,-0.01,0,0,
0,0,0,-1.26,-0.01,0,0,
0,0,0,-1.26,-0.01,0,0,
0,0,0,-1.26,-0.01,0,0,
0,0,0,-1.26,-0.01,0,0,
0,0,0,-1.26,-0.01,0,0,
0,0,0,-1.26,-0.01,0,0,
0,0,0,-1.26,-0.01,0,0,
0,0,-0.01,-1.25,-0.01,0,0,
0,0,-0.01,-1.25,-0.01,0,0,
0,0,-0.01,-1.25,-0.01,0,0,
0,0,0,-1.25,-0.01,0,0,
0,0,0,-1.25,-0.01,0,0,
0,0,0,-1.25,-0.01,0,0,
0,0,0,-1.25,-0.01,0,0,
0,0,0,-1.25,-0.01,0,0,
0,0,0,-1.25,-0.01,0,0,
0,0,0,-1.26,-0.01,0,0,
0,0,0,-1.26,-0.01,0,0,
0,0,0,-1.26,-0.01,0,0,
0,0,0,-1.25,-0.01,0,0,
0,0,0,-1.25,-0.01,0,0,
0,0,0,-1.25,-0.01,0,0,
0,0,0,-1.25,0,0,0,
0,0,0,-1.25,0,0,0,
0,0,0,-1.26,-0.01,0,0,
0,0,0,-1.26,-0.01,0,0,
0,0,0,-1.26,-0.01,0,0,
0,0,0,-1.24,-0.01,0,0,
0,0,0,-1.24,-0.01,0,0,
0,0,0,-1.24,-0.01,0,0,
0,0,0,-1.25,-0.01,0,0,
0,0,0,-1.25,-0.01,0,0,
0,0,0,-1.25,-0.01,0,0,
0,0,-0.01,-1.25,-0.01,0,0,
0,0,-0.01,-1.25,-0.01,0,0,
0,0,-0.01,-1.25,-0.01,0,0,
0,0,0,-1.25,0,0,0,
0,0,0,-1.25,0,0,0,
0,0,0,-1.25,0,0,0,
0,0,0.01,-1.25,-0.01,0,0,
0,0,0.01,-1.25,-0.01,0,0,
0,0,0.01,-1.25,-0.01,0,0,
0,0,0,-1.25,-0.01,0,0,
0,0,0,-1.25,-0.01,0,0,
0,0,0,-1.25,-0.01,0,0,
0,0,0,-1.25,-0.01,0,0,
0,0,0,-1.25,-0.01,0,0,
0,0,0,-1.25,-0.01,0,0,
0,0,0,-1.25,-0.01,0,0,
0,0,0,-1.25,-0.01,0,0,
0,0,0,-1.25,0,0,0,
0,0,0,-1.25,0,0,0,
0,0,0,-1.25,0,0,0,
0,0,0.01,-1.26,-0.01,0,0,
0,0,0.01,-1.26,-0.01,0,0,
0,0,0.01,-1.26,-0.01,0,0,
0,0,0.01,-1.25,-0.01,0,0,
0,0,0.01,-1.25,-0.01,0,0,
0,0,0.01,-1.25,-0.01,0,0,
0,0,-0.01,-1.26,-0.02,0,0,
0,0,-0.01,-1.26,-0.02,0,0,
0,0,-0.01,-1.26,-0.02,0,0,
0,0,0,-1.25,-0.01,0,0,
0,0,0,-1.25,-0.01,0,0,
0,0,0,-1.25,-0.01,0,0,
0,0,0,-1.25,-0.01,0,0,
0,0,0,-1.25,-0.01,0,0,
0,0,0,-1.25,-0.01,0,0,
0,0,0,-1.25,0,0,0,
0,0,0,-1.25,0,0,0,
0,0,0,-1.25,0,0,0,
0,0,0,-1.26,-0.01,0,0,
0,0,0,-1.26,-0.01,0,0,
0,0,0,-1.26,-0.01,0,0,
0,0,0.01,-1.25,-0.01,0,0,
0,0,0.01,-1.25,-0.01,0,0,
0,0,0.01,-1.26,-0.01,0,0,
0,0,0.01,-1.26,-0.01,0,0,
0,0,0.01,-1.26,-0.01,0,0,
0,0,0,-1.25,-0.01,0,0,
0,0,0,-1.25,-0.01,0,0,
0,0,0,-1.25,-0.01,0,0,
0,0,0,-1.25,-0.01,0,0,
0,0,0,-1.25,-0.01,0,0,
0,0,0,-1.25,-0.01,0,0,
0,0,0.01,-1.25,-0.01,0,0,
0,0,0.01,-1.25,-0.01,0,0,
0,0,0.01,-1.25,-0.01,0,0,
0,0,0,-1.25,-0.01,0,0,
0,0,0,-1.25,-0.01,0,0,
0,0,0,-1.25,-0.01,0,0,
0,0,0,-1.26,-0.01,0,0,
0,0,0,-1.26,-0.01,0,0,
0,0,0,-1.26,-0.01,0,0,
0,0,0,-1.25,-0.01,0,0,
0,0,0,-1.25,-0.01,0,0,
0,0,0,-1.25,-0.01,0,0,
0,0,0,-1.26,-0.01,0,0,
0,0,0,-1.26,-0.01,0,0,
0,0,0,-1.26,-0.01,0,0,
0,0,-0.01,-1.26,-0.01,0,0,
0,0,-0.01,-1.26,-0.01,0,0,
0,0,-0.01,-1.26,-0.01,0,0,
0,0,0,-1.25,-0.01,0,0,
0,0,0,-1.25,-0.01,0,0,
0,0,0,-1.25,-0.01,0,0,
0,0,0,-1.25,-0.01,0,0,
0,0,0,-1.25,-0.01,0,0,
0,0,0,-1.24,0,0,0,
0,0,0,-1.24,0,0,0,
0,0,0,-1.24,0,0,0,
0,0,0,-1.25,-0.01,0,0,
0,0,0,-1.25,-0.01,0,0,
0,0,0,-1.25,-0.01,0,0,
0,0,-0.01,-1.25,-0.01,0,0,
0,0,-0.01,-1.25,-0.01,0,0,
0,0,-0.01,-1.25,-0.01,0,0,
0,0,0,-1.25,-0.01,0,0,
0,0,0,-1.25,-0.01,0,0,
0,0,0,-1.25,-0.01,0,0,
0,0,0.01,-1.25,-0.01,0,0,
0,0,0.01,-1.25,-0.01,0,0,
0,0,0.01,-1.25,-0.01,0,0,
0,0,0.01,-1.25,0,0,0,
0,0,0.01,-1.25,0,0,0,
0,0,0.01,-1.25,0,0,0,
0,0,0,-1.25,-0.02,0,0,
0,0,0,-1.25,-0.02,0,0,
0,0,0,-1.25,-0.02,0,0,
0,0,-0.01,-1.25,-0.01,0,0,
0,0,-0.01,-1.25,-0.01,0,0,
0,0,-0.01,-1.25,-0.01,0,0,
0,0,0,-1.26,-0.01,0,0,
0,0,0,-1.26,-0.01,0,0,
0,0,0,-1.25,-0.01,0,0,
0,0,0,-1.25,-0.01,0,0,
0,0,0,-1.25,-0.01,0,0,
0,0,0,-1.26,-0.01,0,0,
0,0,0,-1.26,-0.01,0,0,
0,0,0,-1.26,-0.01,0,0,
0,0,0,-1.25,-0.01,0,0,
0,0,0,-1.25,-0.01,0,0,
0,0,0,-1.25,-0.01,0,0,
0,0,0.01,-1.25,-0.02,0,0,
0,0,0.01,-1.25,-0.02,0,0,
0,0,0.01,-1.25,-0.02,0,0,
0,0,0,-1.25,-0.01,0,0,
0,0,0,-1.25,-0.01,0,0,
0,0,0,-1.25,-0.01,0,0,
0,0,0,-1.25,-0.02,0,0,
0,0,0,-1.25,-0.02,0,0,
0,0,0,-1.25,-0.01,0,0,
0,0,0,-1.25,-0.01,0,0,
0,0,0,-1.25,-0.01,0,0,
0,0,0,-1.25,-0.01,0,0,
0,0,0,-1.25,-0.01,0,0,
0,0,0,-1.25,-0.01,0,0,
0,0,-0.01,-1.26,-0.01,0,0,
0,0,-0.01,-1.26,-0.01,0,0,
0,0,-0.01,-1.26,-0.01,0,0,
0,0,0.01,-1.24,-0.01,0,0,
0,0,0.01,-1.24,-0.01,0,0,
0,0,0.01,-1.24,-0.01,0,0,
0,0,0,-1.25,0,0,0,
0,0,0,-1.25,0,0,0,
0,0,0,-1.25,0,0,0,
0,0,0,-1.25,-0.01,0,0,
0,0,0,-1.25,-0.01,0,0,
0,0,0,-1.25,0,0,0,
0,0,0,-1.25,0,0,0,
0,0,0,-1.25,0,0,0,
0,0,0,-1.25,-0.01,0,0,
0,0,0,-1.25,-0.01,0,0,
0,0,0,-1.25,-0.01,0,0,
0,0,0,-1.26,-0.01,0,0,
0,0,0,-1.26,-0.01,0,0,
0,0,0,-1.26,-0.01,0,0,
0,0,0.01,-1.25,-0.01,0,0,
0,0,0.01,-1.25,-0.01,0,0,
0,0,0.01,-1.25,-0.01,0,0,
0,0,0.01,-1.26,-0.01,0,0,
0,0,0.01,-1.26,-0.01,0,0,
0,0,0.01,-1.26,-0.01,0,0,
0,0,0,-1.25,-0.01,0,0,
0,0,0,-1.25,-0.01,0,0,
0,0,0,-1.25,-0.01,0,0,
0,0,-0.01,-1.26,-0.01,0,0,
0,0,-0.01,-1.26,-0.01,0,0,
0,0,-0.01,-1.26,-0.01,0,0,
0,0,0,-1.25,-0.01,0,0,
0,0,0,-1.25,-0.01,0,0,
0,0,0,-1.25,-0.01,0,0,
0,0,0,-1.25,-0.01,0,0,
0,0,0,-1.25,-0.01,0,0,
0,0,0,-1.25,-0.01,0,0,
0,0,0,-1.26,-0.01,0,0,
0,0,0,-1.26,-0.01,0,0,
0,0,0,-1.26,-0.01,0,0,
0,0,0.01,-1.25,-0.01,0,0,
0,0,0.01,-1.25,-0.01,0,0,
0,0,0.01,-1.25,-0.01,0,0,
0,0,0,-1.26,-0.01,0,0,
0,0,0,-1.26,-0.01,0,0,
0,0,0,-1.26,-0.01,0,0,
0,0,0,-1.25,-0.01,0,0,
0,0,0,-1.25,-0.01,0,0,
0,0,0,-1.25,-0.01,0,0,
0,0,0,-1.25,-0.01,0,0,
0,0,0,-1.25,-0.01,0,0,
0,0,0,-1.25,-0.01,0,0,
0,0,0,-1.25,0,0,0,
0,0,0,-1.25,0,0,0,
0,0,0,-1.25,0,0,0,
0,0,-0.01,-1.26,-0.01,0,0,
0,0,-0.01,-1.26,-0.01,0,0,
0,0,-0.01,-1.26,-0.01,0,0,
0,0,0,-1.25,-0.01,0,0,
0,0,0,-1.25,-0.01,0,0,
0,0,0,-1.25,-0.01,0,0,
0,0,0,-1.25,-0.02,0,0,
0,0,0,-1.25,-0.02,0,0,
0,0,0,-1.25,-0.02,0,0,
0,0,0,-1.25,-0.01,0,0,
0,0,0,-1.25,-0.01,0,0,
0,0,0,-1.24,-0.02,0,0,
0,0,0,-1.24,-0.02,0,0,
0,0,0,-1.24,-0.02,0,0,
0,0,-0.01,-1.25,0,0,0,
0,0,-0.01,-1.25,0,0,0,
0,0,-0.01,-1.25,0,0,0,
0,0,0.01,-1.26,-0.01,0,0,
0,0,0.01,-1.26,-0.01,0,0,
0,0,0.01,-1.26,-0.01,0,0,
0,0,-0.01,-1.25,-0.01,0,0,
0,0,-0.01,-1.25,-0.01,0,0,
0,0,-0.01,-1.25,-0.01,0,0,
0,0,0,-1.26,-0.01,0,0,
0,0,0,-1.26,-0.01,0,0,
0,0,0,-1.26,-0.01,0,0,
0,0,0,-1.26,-0.01,0,0,
0,0,0,-1.26,-0.01,0,0,
0,0,0,-1.26,-0.01,0,0,
0,0,0,-1.25,-0.01,0,0,
0,0,0,-1.25,-0.01,0,0,
0,0,0,-1.25,-0.01,0,0,
0,0,0,-1.26,-0.02,0,0,
0,0,0,-1.26,-0.02,0,0,
0,0,0,-1.26,-0.02,0,0,
0,0,-0.01,-1.26,-0.01,0,0,
0,0,-0.01,-1.26,-0.01,0,0,
0,0,0,-1.25,-0.01,0,0,
0,0,0,-1.25,-0.01,0,0,
0,0,0,-1.25,-0.01,0,0,
0,0,0,-1.25,-0.01,0,0,
0,0,0,-1.25,-0.01,0,0,
0,0,0,-1.25,-0.01,0,0,
0,0,0,-1.26,-0.02,0,0,
0,0,0,-1.26,-0.02,0,0,
0,0,0,-1.26,-0.02,0,0,
0,0,0,-1.26,0,0,0,
0,0,0,-1.26,0,0,0,
0,0,0,-1.26,0,0,0,
0,0,-0.01,-1.25,-0.01,0,0,
0,0,-0.01,-1.25,-0.01,0,0,
0,0,-0.01,-1.25,-0.01,0,0,
0,0,0,-1.25,-0.02,0,0,
0,0,0,-1.25,-0.02,0,0,
0,0,0,-1.25,-0.02,0,0,
0,0,0,-1.24,-0.02,0,0,
0,0,0,-1.24,-0.02,0,0,
0,0,0,-1.24,-0.02,0,0,
0,0,-0.01,-1.25,0,0,0,
0,0,-0.01,-1.25,0,0,0,
0,0,-0.01,-1.25,0,0,0,
0,0,0.01,-1.25,-0.01,0,0,
0,0,0.01,-1.25,-0.01,0,0,
0,0,0.01,-1.25,-0.01,0,0,
0,0,0,-1.25,-0.01,0,0,
0,0,0,-1.25,-0.01,0,0,
0,0,0,-1.25,-0.01,0,0,
0,0,0,-1.25,-0.01,0,0,
0,0,0,-1.25,-0.01,0,0,
0,0,0.01,-1.25,-0.01,0,0,
0,0,0.01,-1.25,-0.01,0,0,
0,0,0.01,-1.25,-0.01,0,0,
0,0,0,-1.26,-0.01,0,0,
0,0,0,-1.26,-0.01,0,0,
0,0,0,-1.26,-0.01,0,0,
0,0,0.01,-1.26,-0.01,0,0,
0,0,0.01,-1.26,-0.01,0,0,
0,0,0.01,-1.26,-0.01,0,0,
0,0,0.01,-1.25,-0.01,0,0,
0,0,0.01,-1.25,-0.01,0,0,
0,0,0.01,-1.25,-0.01,0,0,
0,0,0.01,-1.25,-0.01,0,0,
0,0,0.01,-1.25,-0.01,0,0,
0,0,0.01,-1.25,-0.01,0,0,
0,0,0,-1.26,-0.01,0,0,
0,0,0,-1.26,-0.01,0,0,
0,0,0,-1.26,-0.01,0,0,
0,0,0.01,-1.25,-0.01,0,0,
0,0,0.01,-1.25,-0.01,0,0,
0,0,0.01,-1.25,-0.01,0,0,
0,0,0,-1.25,-0.01,0,0,
0,0,0,-1.25,-0.01,0,0,
0,0,0,-1.25,-0.01,0,0,
0,0,-0.01,-1.25,-0.01,0,0,
0,0,-0.01,-1.25,-0.01,0,0,
0,0,-0.01,-1.25,-0.01,0,0,
0,0,0,-1.25,0,0,0,
0,0,0,-1.25,0,0,0,
0,0,0,-1.25,0,0,0,
0,0,0.01,-1.24,-0.01,0,0,
0,0,0.01,-1.24,-0.01,0,0,
0,0,0.01,-1.24,-0.01,0,0,
0,0,0,-1.25,-0.01,0,0,
0,0,0,-1.25,-0.01,0,0,
0,0,0,-1.25,-0.01,0,0,
0,0,0.01,-1.25,-0.02,0,0,
0,0,0.01,-1.25,-0.02,0,0,
0,0,0.01,-1.25,-0.02,0,0,
0,0,0.01,-1.25,0,0,0,
0,0,0.01,-1.25,0,0,0,
0,0,0.01,-1.25,0,0,0,
0,0,0.01,-1.26,0,0,0,
0,0,0.01,-1.26,0,0,0,
0,0,0.01,-1.25,-0.01,0,0,
0,0,0.01,-1.25,-0.01,0,0,
0,0,0.01,-1.25,-0.01,0,0,
0,0,0,-1.25,-0.01,0,0,
0,0,0,-1.25,-0.01,0,0,
0,0,0,-1.25,-0.01,0,0,
0,0,-0.01,-1.25,-0.01,0,0,
0,0,-0.01,-1.25,-0.01,0,0,
0,0,-0.01,-1.25,-0.01,0,0,
0,0,0,-1.25,-0.01,0,0,
0,0,0,-1.25,-0.01,0,0,
0,0,0,-1.25,-0.01,0,0,
0,0,0,-1.25,-0.01,0,0,
0,0,0,-1.25,-0.01,0,0,
0,0,0,-1.25,-0.01,0,0,
0,0,0.01,-1.25,-0.01,0,0,
0,0,0.01,-1.25,-0.01,0,0,
0,0,0.01,-1.25,-0.01,0,0,
0,0,0,-1.25,0,0,0,
0,0,0,-1.25,0,0,0,
0,0,0,-1.25,0,0,0,
0,0,0.01,-1.26,-0.01,0,0,
0,0,0.01,-1.26,-0.01,0,0,
0,0,0.01,-1.26,-0.01,0,0,
0,0,0.01,-1.25,-0.01,0,0,
0,0,0.01,-1.25,-0.01,0,0,
0,0,0,-1.25,0,0,0,
0,0,0,-1.25,0,0,0,
0,0,0,-1.25,0,0,0,
0,0,0,-1.25,0,0,0,
0,0,0,-1.25,0,0,0,
0,0,0,-1.25,0,0,0,
0,0,-0.01,-1.25,-0.01,0,0,
0,0,-0.01,-1.25,-0.01,0,0,
0,0,-0.01,-1.25,-0.01,0,0,
0,0,-0.01,-1.25,0,0,0,
0,0,-0.01,-1.25,0,0,0,
0,0,-0.01,-1.25,0,0,0,
0,0,0,-1.25,-0.01,0,0,
0,0,0,-1.25,-0.01,0,0,
0,0,0,-1.25,-0.01,0,0,
0,0,0,-1.25,-0.01,0,0,
0,0,0,-1.25,-0.01,0,0,
0,0,0,-1.25,-0.01,0,0,
0,0,0,-1.25,-0.01,0,0,
0,0,0,-1.25,-0.01,0,0,
0,0,0,-1.26,-0.01,0,0,
0,0,0,-1.26,-0.01,0,0,
0,0,0,-1.26,-0.01,0,0,
0,0,-0.01,-1.25,0,0,0,
0,0,-0.01,-1.25,0,0,0,
0,0,-0.01,-1.25,0,0,0,
0,0,0,-1.24,-0.01,0,0,
0,0,0,-1.24,-0.01,0,0,
0,0,0,-1.24,-0.01,0,0,
0,0,0,-1.25,-0.02,0,0,
0,0,0,-1.25,-0.02,0,0,
0,0,0,-1.25,-0.02,0,0,
0,0,0,-1.25,-0.01,0,0,
0,0,0,-1.25,-0.01,0,0,
0,0,0,-1.25,-0.01,0,0,
0,0,0,-1.25,-0.01,0,0,
0,0,0,-1.25,-0.01,0,0,
0,0,0,-1.25,-0.01,0,0,
0,0,0,-1.25,-0.01,0,0,
0,0,0,-1.25,-0.01,0,0,
0,0,0,-1.25,-0.01,0,0,
0,0,0,-1.25,0,0,0,
0,0,0,-1.25,0,0,0,
0,0,0,-1.25,0,0,0,
0,0,0,-1.26,-0.01,0,0,
0,0,0,-1.26,-0.01,0,0,
0,0,0,-1.25,-0.01,0,0,
0,0,0,-1.25,-0.01,0,0,
0,0,0,-1.25,-0.01,0,0,
0,0,0,-1.25,-0.01,0,0,
0,0,0,-1.25,-0.01,0,0,
0,0,0,-1.25,-0.01,0,0,
0,0,0,-1.25,-0.01,0,0,
0,0,0,-1.25,-0.01,0,0,
0,0,0,-1.25,-0.01,0,0,
0,0,-0.01,-1.26,-0.01,0,0,
0,0,-0.01,-1.26,-0.01,0,0,
0,0,-0.01,-1.26,-0.01,0,0,
0,0,-0.01,-1.25,-0.01,0,0,
0,0,-0.01,-1.25,-0.01,0,0,
0,0,-0.01,-1.25,-0.01,0,0,
0,0,0,-1.25,0,0,0,
0,0,0,-1.25,0,0,0,
0,0,0,-1.25,0,0,0,
0,0,0.01,-1.25,0,0,0,
0,0,0.01,-1.25,0,0,0,
0,0,0.01,-1.25,0,0,0,
0,0,0,-1.26,-0.02,0,0,
0,0,0,-1.26,-0.02,0,0,
0,0,0,-1.26,-0.02,0,0,
0,0,0.01,-1.25,-0.01,0,0,
0,0,0.01,-1.25,-0.01,0,0,
0,0,0.01,-1.25,-0.01,0,0,
0,0,0.01,-1.26,0,0,0,
0,0,0.01,-1.26,0,0,0,
0,0,0,-1.24,0,0,0,
0,0,0,-1.24,0,0,0,
0,0,0,-1.24,0,0,0,
0,0,0,-1.25,-0.01,0,0,
0,0,0,-1.25,-0.01,0,0,
0,0,0,-1.25,-0.01,0,0,
0,0,0,-1.26,-0.01,0,0,
0,0,0,-1.26,-0.01,0,0,
0,0,0,-1.26,-0.01,0,0,
0,0,0,-1.26,-0.01,0,0,
0,0,0,-1.26,-0.01,0,0,
0,0,0,-1.26,-0.01,0,0,
0,0,-0.01,-1.25,0,0,0,
0,0,-0.01,-1.25,0,0,0,
0,0,-0.01,-1.25,0,0,0,
0,0,0,-1.25,-0.01,0,0,
0,0,0,-1.25,-0.01,0,0,
0,0,0,-1.25,-0.01,0,0,
0,0,-0.01,-1.26,-0.02,0,0,
0,0,-0.01,-1.26,-0.02,0,0,
0,0,0,-1.26,-0.02,0,0,
0,0,0,-1.26,-0.02,0,0,
0,0,0,-1.26,-0.02,0,0,
0,0,0,-1.25,0,0,0,
0,0,0,-1.25,0,0,0,
0,0,0,-1.25,0,0,0,
0,0,0.01,-1.24,0,0,0,
0,0,0.01,-1.24,0,0,0,
0,0,0.01,-1.24,0,0,0,
0,0,0,-1.25,-0.01,0,0,
0,0,0,-1.25,-0.01,0,0,
0,0,0,-1.25,-0.01,0,0,
0,0,-0.01,-1.26,-0.01,0,0,
0,0,-0.01,-1.26,-0.01,0,0,
0,0,-0.01,-1.26,-0.01,0,0,
0,0,-0.01,-1.25,0,0,0,
0,0,-0.01,-1.25,0,0,0,
0,0,-0.01,-1.25,0,0,0,
0,0,0,-1.25,0,0,0,
0,0,0,-1.25,0,0,0,
0,0,0.01,-1.25,-0.02,0,0,
0,0,0.01,-1.25,-0.02,0,0,
0,0,0.01,-1.25,-0.02,0,0,
0,0,0,-1.25,-0.02,0,0,
0,0,0,-1.25,-0.02,0,0,
0,0,0,-1.25,-0.02,0,0,
0,0,0.01,-1.26,-0.01,0,0,
0,0,0.01,-1.26,-0.01,0,0,
0,0,0.01,-1.26,-0.01,0,0,
0,0,0,-1.25,-0.01,0,0,
0,0,0,-1.25,-0.01,0,0,
0,0,0,-1.25,-0.01,0,0,
0,0,-0.01,-1.25,-0.01,0,0,
0,0,-0.01,-1.25,-0.01,0,0,
0,0,0,-1.26,-0.02,0,0,
0,0,0,-1.26,-0.02,0,0,
0,0,0,-1.26,-0.02,0,0,
0,0,0,-1.26,-0.01,0,0,
0,0,0,-1.26,-0.01,0,0,
0,0,0,-1.26,-0.01,0,0,
0,0,0,-1.24,0,0,0,
0,0,0,-1.24,0,0,0,
0,0,0,-1.24,0,0,0,
0,0,0,-1.25,0,0,0,
0,0,0,-1.25,0,0,0,
0,0,0,-1.25,0,0,0,
0,0,-0.01,-1.26,-0.01,0,0,
0,0,-0.01,-1.26,-0.01,0,0,
0,0,-0.01,-1.26,-0.01,0,0,
0,0,0,-1.25,-0.01,0,0,
0,0,0,-1.25,-0.01,0,0,
0,0,0,-1.25,-0.01,0,0,
0,0,0,-1.25,-0.01,0,0,
0,0,0,-1.25,-0.01,0,0,
0,0,0,-1.25,-0.01,0,0,
0,0,0,-1.25,-0.01,0,0,
0,0,0,-1.25,-0.01,0,0,
0,0,0,-1.26,-0.02,0,0,
0,0,0,-1.26,-0.02,0,0,
0,0,0,-1.26,-0.02,0,0,
0,0,0,-1.25,-0.01,0,0,
0,0,0,-1.25,-0.01,0,0,
0,0,0,-1.25,-0.01,0,0,
0,0,0,-1.25,0,0,0,
0,0,0,-1.25,0,0,0,
0,0,0,-1.25,0,0,0,
0,0,-0.01,-1.25,0,0,0,
0,0,-0.01,-1.25,0,0,0,
0,0,-0.01,-1.25,0,0,0,
0,0,0,-1.25,-0.03,0,0,
0,0,0,-1.25,-0.03,0,0,
0,0,0,-1.25,-0.03,0,0,
0,0,0,-1.25,-0.01,0,0,
0,0,0,-1.25,-0.01,0,0,
0,0,0,-1.25,-0.01,0,0,
0,0,-0.01,-1.25,0,0,0,
0,0,-0.01,-1.25,0,0,0,
0,0,0,-1.25,-0.01,0,0,
0,0,0,-1.25,-0.01,0,0,
0,0,0,-1.25,-0.01,0,0,
0,0,0,-1.25,-0.03,0,0,
0,0,0,-1.25,-0.03,0,0,
0,0,0,-1.25,-0.03,0,0,
0,0,0.01,-1.25,-0.01,0,0,
0,0,0.01,-1.25,-0.01,0,0,
0,0,0.01,-1.25,-0.01,0,0,
0,0,0,-1.25,0.01,0,0,
0,0,0,-1.25,0.01,0,0,
0,0,0,-1.25,0.01,0,0,
0,0,0.01,-1.24,0,0,0,
0,0,0.01,-1.24,0,0,0,
0,0,0.01,-1.24,0,0,0,
0,0,-0.01,-1.26,-0.02,0,0,
0,0,-0.01,-1.26,-0.02,0,0,
0,0,-0.01,-1.26,-0.02,0,0,
0,0,0,-1.25,-0.01,0,0,
0,0,0,-1.25,-0.01,0,0,
0,0,0.01,-1.26,-0.02,0,0,
0,0,0.01,-1.26,-0.02,0,0,
0,0,0.01,-1.26,-0.02,0,0,
0,0,0,-1.25,-0.01,0,0,
0,0,0,-1.25,-0.01,0,0,
0,0,0,-1.25,-0.01,0,0,
0,0,0,-1.25,-0.01,0,0,
0,0,0,-1.25,-0.01,0,0,
0,0,0,-1.25,-0.01,0,0,
0,0,0,-1.25,0,0,0,
0,0,0,-1.25,0,0,0,
0,0,0,-1.25,0,0,0,
0,0,0,-1.26,-0.01,0,0,
0,0,0,-1.26,-0.01,0,0,
0,0,0,-1.26,-0.01,0,0,
0,0,0.01,-1.24,-0.01,0,0,
0,0,0.01,-1.24,-0.01,0,0,
0,0,0.01,-1.24,-0.01,0,0,
0,0,0,-1.26,-0.01,0,0,
0,0,0,-1.26,-0.01,0,0,
0,0,-0.01,-1.25,-0.01,0,0,
0,0,-0.01,-1.25,-0.01,0,0,
0,0,-0.01,-1.25,-0.01,0,0,
0,0,0,-1.25,-0.01,0,0,
0,0,0,-1.25,-0.01,0,0,
0,0,0,-1.25,-0.01,0,0,
0,0,0,-1.25,-0.01,0,0,
0,0,0,-1.25,-0.01,0,0,
0,0,0,-1.25,-0.01,0,0,
0,0,0,-1.26,-0.01,0,0,
0,0,0,-1.26,-0.01,0,0,
0,0,0,-1.26,-0.01,0,0,
0,0,0.01,-1.25,-0.01,0,0,
0,0,0.01,-1.25,-0.01,0,0,
0,0,0.01,-1.25,-0.01,0,0,
0,0,0,-1.26,0,0,0,
0,0,0,-1.26,0,0,0,
0,0,0,-1.26,-0.02,0,0,
0,0,0,-1.26,-0.02,0,0,
0,0,0,-1.26,-0.02,0,0,
0,0,0,-1.26,-0.02,0,0,
0,0,0,-1.26,-0.02,0,0,
0,0,0,-1.26,-0.02,0,0,
0,0,0,-1.25,-0.01,0,0,
0,0,0,-1.25,-0.01,0,0,
0,0,0,-1.25,-0.01,0,0,
0,0,0,-1.25,-0.01,0,0,
0,0,0,-1.25,-0.01,0,0,
0,0,0,-1.25,-0.01,0,0,
0,0,0.01,-1.25,-0.01,0,0,
0,0,0.01,-1.25,-0.01,0,0,
0,0,0.01,-1.25,-0.01,0,0,
0,0,0,-1.25,-0.02,0,0,
0,0,0,-1.25,-0.02,0,0,
0,0,0,-1.25,-0.02,0,0,
0,0,0,-1.25,-0.01,0,0,
0,0,0,-1.25,-0.01,0,0,
0,0,0,-1.25,-0.01,0,0,
0,0,0,-1.26,-0.01,0,0,
0,0,0,-1.26,-0.01,0,0,
0,0,0,-1.26,-0.01,0,0,
0,0,0,-1.25,-0.02,0,0,
0,0,0,-1.25,-0.02,0,0,
0,0,0,-1.25,-0.02,0,0,
0,0,0,-1.26,-0.02,0,0,
0,0,0,-1.26,-0.02,0,0,
0,0,0,-1.26,-0.02,0,0,
0,0,0,-1.25,-0.01,0,0,
0,0,0,-1.25,-0.01,0,0,
0,0,0,-1.25,-0.01,0,0,
0,0,0,-1.25,-0.01,0,0,
0,0,0,-1.25,-0.01,0,0,
0,0,0,-1.25,-0.01,0,0,
0,0,0,-1.25,-0.01,0,0,
0,0,0,-1.25,-0.01,0,0,
0,0,0,-1.25,-0.01,0,0,
0,0,0,-1.25,-0.01,0,0,
0,0,0,-1.25,-0.01,0,0,
0,0,0,-1.25,-0.01,0,0,
0,0,0,-1.25,-0.01,0,0,
0,0,0,-1.25,-0.01,0,0,
0,0,0,-1.25,-0.02,0,0,
0,0,0,-1.25,-0.02,0,0,
0,0,0,-1.25,-0.02,0,0,
0,0,0,-1.25,-0.01,0,0,
0,0,0,-1.25,-0.01,0,0,
0,0,0,-1.25,-0.01,0,0,
0,0,0,-1.26,-0.01,0,0,
0,0,0,-1.26,-0.01,0,0,
0,0,0,-1.25,-0.01,0,0,
0,0,0,-1.25,-0.01,0,0,
0,0,0,-1.25,-0.01,0,0,
0,0,0,-1.26,-0.01,0,0,
0,0,0,-1.26,-0.01,0,0,
0,0,0,-1.26,-0.01,0,0,
0,0,0,-1.26,-0.01,0,0,
0,0,0,-1.26,-0.01,0,0,
0,0,0,-1.26,-0.01,0,0,
0,0,0,-1.26,-0.01,0,0,
0,0,0,-1.26,-0.01,0,0,
0,0,0,-1.26,-0.01,0,0,
0,0,0,-1.25,-0.01,0,0,
0,0,0,-1.25,-0.01,0,0,
0,0,0,-1.25,-0.01,0,0,
0,0,0,-1.25,-0.01,0,0,
0,0,0,-1.25,-0.01,0,0,
0,0,0,-1.25,-0.01,0,0,
0,0,0,-1.25,-0.01,0,0,
0,0,0,-1.25,-0.01,0,0,
0,0,0,-1.25,-0.01,0,0,
0,0,-0.01,-1.25,-0.01,0,0,
0,0,-0.01,-1.25,-0.01,0,0,
0,0,-0.01,-1.25,-0.01,0,0,
0,0,0,-1.25,-0.01,0,0,
0,0,0,-1.25,-0.01,0,0,
0,0,0,-1.25,-0.01,0,0,
0,0,0,-1.25,-0.01,0,0,
0,0,0,-1.25,-0.01,0,0,
0,0,0.01,-1.25,-0.01,0,0,
0,0,0.01,-1.25,-0.01,0,0,
0,0,0.01,-1.25,-0.01,0,0,
0,0,0,-1.25,-0.01,0,0,
0,0,0,-1.25,-0.01,0,0,
0,0,0,-1.25,-0.01,0,0,
0,0,0,-1.25,-0.01,0,0,
0,0,0,-1.25,-0.01,0,0,
0,0,0,-1.25,-0.01,0,0,
0,0,0,-1.26,-0.01,0,0,
0,0,0,-1.26,-0.01,0,0,
0,0,0,-1.26,-0.01,0,0,
0,0,0,-1.26,-0.02,0,0,
0,0,0,-1.26,-0.02,0,0,
0,0,0,-1.26,-0.02,0,0,
0,0,0,-1.26,-0.01,0,0,
0,0,0,-1.26,-0.01,0,0,
0,0,0,-1.26,-0.01,0,0,
0,0,0,-1.25,-0.01,0,0,
0,0,0,-1.25,-0.01,0,0,
0,0,0,-1.25,-0.01,0,0,
0,0,0,-1.26,-0.01,0,0,
0,0,0,-1.26,-0.01,0,0,
0,0,0,-1.26,-0.01,0,0,
0,0,0,-1.25,-0.01,0,0,
0,0,0,-1.25,-0.01,0,0,
0,0,0,-1.25,-0.01,0,0,
0,0,-0.01,-1.26,0,0,0,
0,0,-0.01,-1.26,0,0,0,
0,0,-0.01,-1.26,0,0,0,
0,0,-0.01,-1.24,-0.01,0,0,
0,0,-0.01,-1.24,-0.01,0,0,
0,0,-0.01,-1.24,-0.01,0,0,
0,0,0,-1.25,-0.01,0,0,
0,0,0,-1.25,-0.01,0,0,
0,0,0,-1.26,-0.01,0,0,
0,0,0,-1.26,-0.01,0,0,
0,0,0,-1.26,-0.01,0,0,
0,0,0,-1.26,-0.01,0,0,
0,0,0,-1.25,-0.01,0,0,
0,0,0,-1.25,-0.01,0,0,
0,0,0,-1.25,-0.01,0,0,
0,0,-0.01,-1.26,-0.01,0,0,
0,0,-0.01,-1.26,-0.01,0,0,
0,0,-0.01,-1.26,-0.01,0,0,
0,0,-0.01,-1.25,-0.02,0,0,
0,0,-0.01,-1.25,-0.02,0,0,
0,0,-0.01,-1.25,-0.02,0,0,
0,0,0,-1.25,-0.01,0,0,
0,0,0,-1.25,-0.01,0,0,
0,0,0,-1.25,-0.01,0,0,
0,0,0,-1.26,-0.01,0,0,
0,0,0,-1.26,-0.01,0,0,
0,0,0,-1.26,-0.01,0,0,
0,0,0,-1.25,-0.01,0,0,
0,0,0,-1.25,-0.01,0,0,
0,0,0.01,-1.25,-0.01,0,0,
0,0,0.01,-1.25,-0.01,0,0,
0,0,0.01,-1.25,-0.01,0,0,
0,0,0,-1.26,0,0,0,
0,0,0,-1.26,0,0,0,
0,0,0,-1.26,0,0,0,
0,0,0,-1.24,-0.01,0,0,
0,0,0,-1.24,-0.01,0,0,
0,0,0,-1.24,-0.01,0,0,
0,0,0.01,-1.24,-0.01,0,0,
0,0,0.01,-1.24,-0.01,0,0,
0,0,0.01,-1.24,-0.01,0,0,
0,0,0,-1.25,-0.01,0,0,
0,0,0,-1.25,-0.01,0,0,
0,0,0,-1.25,-0.01,0,0,
0,0,0,-1.25,-0.01,0,0,
0,0,0,-1.25,-0.01,0,0,
0,0,0,-1.25,-0.01,0,0,
0,0,0,-1.25,-0.01,0,0,
0,0,0,-1.25,-0.01,0,0,
0,0,0,-1.25,-0.01,0,0,
0,0,0,-1.25,-0.01,0,0,
0,0,0,-1.25,-0.01,0,0,
0,0,0,-1.25,-0.01,0,0,
0,0,0,-1.25,-0.01,0,0,
0,0,0,-1.25,-0.01,0,0,
0,0,0,-1.26,-0.01,0,0,
0,0,0,-1.26,-0.01,0,0,
0,0,0,-1.26,-0.01,0,0,
0,0,-0.01,-1.25,-0.01,0,0,
0,0,0,-1.25,-0.01,0,0,
0,0,-0.01,-1.25,0,0,0,
0,0,0.01,-1.25,-0.01,0,0,
0,0,0,-1.25,-0.02,0,0,
0,0,0,-1.25,-0.01,0,0,
0,0,0,-1.25,-0.01,0,0,
0,0,0,-1.25,-0.01,0,0,
0,0,0,-1.25,-0.01,0,0,
0,0,0,-1.25,-0.01,0,0,
0,0,0,-1.25,-0.01,0,0,
0,0,0,-1.25,-0.01,0,0,
0,0,0,-1.25,-0.01,0,0,
0,0,0,-1.25,-0.01,0,0,
0,0,0,-1.25,-0.01,0,0,
0,0,0,-1.25,-0.01,0,0,
0,0,0,-1.25,-0.01,0,0,
0,0,0,-1.25,-0.01,0,0,
0,0,0,-1.25,-0.01,0,0,
0,0,0,-1.25,-0.01,0,0,
0,0,0,-1.25,-0.01,0,0,
0,0,0.01,-1.25,-0.01,0,0,
0,0,0.01,-1.25,-0.01,0,0,
0,0,0.01,-1.25,-0.01,0,0,
0,0,0,-1.26,-0.02,0,0,
0,0,0,-1.26,-0.02,0,0,
0,0,0,-1.26,-0.02,0,0,
0,0,0,-1.25,-0.02,0,0,
0,0,0,-1.25,-0.02,0,0,
0,0,0,-1.25,-0.02,0,0,
0,0,0,-1.25,-0.01,0,0,
0,0,0,-1.25,-0.01,0,0,
0,0,0,-1.25,-0.01,0,0,
0,0,0.01,-1.25,-0.01,0,0,
0,0,0.01,-1.25,-0.01,0,0,
0,0,0.01,-1.25,-0.01,0,0,
0,0,0,-1.26,-0.01,0,0,
0,0,0,-1.26,-0.01,0,0,
0,0,0,-1.26,-0.01,0,0,
0,0,0,-1.26,-0.01,0,0,
0,0,0,-1.26,-0.01,0,0,
0,0,0,-1.26,-0.01,0,0,
0,0,0.01,-1.25,-0.01,0,0,
0,0,0.01,-1.25,-0.01,0,0,
0,0,0.01,-1.25,-0.01,0,0,
0,0,0.01,-1.25,-0.01,0,0,
0,0,0.01,-1.25,-0.01,0,0,
0,0,0.01,-1.25,-0.01,0,0,
0,0,0.01,-1.25,-0.01,0,0,
0,0,0,-1.25,-0.01,0,0,
0,0,0,-1.25,-0.01,0,0,
0,0,0,-1.25,-0.01,0,0,
0,0,0,-1.25,-0.01,0,0,
0,0,0,-1.25,-0.01,0,0,
0,0,0,-1.25,-0.01,0,0,
0,0,0,-1.26,-0.01,0,0,
0,0,0,-1.26,-0.01,0,0,
0,0,0,-1.26,-0.01,0,0,
0,0,0,-1.25,-0.01,0,0,
0,0,0,-1.25,-0.01,0,0,
0,0,0,-1.25,-0.01,0,0,
0,0,0,-1.25,-0.01,0,0,
0,0,0,-1.25,-0.01,0,0,
0,0,0,-1.25,-0.01,0,0,
0,0,0.01,-1.25,-0.01,0,0,
0,0,0.01,-1.25,-0.01,0,0,
0,0,0.01,-1.25,-0.01,0,0,
0,0,0,-1.25,0,0,0,
0,0,0,-1.25,0,0,0,
0,0,0,-1.25,0,0,0,
0,0,0,-1.25,-0.01,0,0,
0,0,0,-1.25,-0.01,0,0,
0,0,0,-1.25,-0.01,0,0,
0,0,0,-1.25,-0.01,0,0,
0,0,0,-1.25,-0.01,0,0,
0,0,0,-1.25,-0.01,0,0,
0,0,0,-1.25,-0.01,0,0,
0,0,0,-1.25,-0.01,0,0,
0,0,0,-1.25,-0.01,0,0,
0,0,0,-1.25,-0.01,0,0,
0,0,0,-1.25,-0.01,0,0,
0,0,0,-1.25,-0.01,0,0,
0,0,0,-1.24,-0.01,0,0,
0,0,0,-1.24,-0.01,0,0,
0,0,0,-1.24,-0.01,0,0,
0,0,0,-1.26,-0.01,0,0,
0,0,0,-1.26,-0.01,0,0,
0,0,0,-1.26,-0.01,0,0,
0,0,0.01,-1.25,-0.01,0,0,
0,0,0.01,-1.25,-0.01,0,0,
0,0,0.01,-1.25,-0.01,0,0,
0,0,0,-1.26,-0.02,0,0,
0,0,0,-1.26,-0.02,0,0,
0,0,0,-1.26,-0.02,0,0,
0,0,0,-1.25,-0.02,0,0,
0,0,0,-1.25,-0.02,0,0,
0,0,0,-1.25,-0.02,0,0,
0,0,0,-1.26,-0.01,0,0,
0,0,0,-1.26,-0.01,0,0,
0,0,0,-1.26,-0.01,0,0,
0,0,0,-1.24,0,0,0,
0,0,0,-1.24,0,0,0,
0,0,0,-1.24,0,0,0,
0,0,0.01,-1.26,-0.01,0,0,
0,0,0.01,-1.26,-0.01,0,0,
0,0,0.01,-1.26,-0.01,0,0,
0,0,0,-1.26,-0.01,0,0,
0,0,0,-1.26,-0.01,0,0,
0,0,0,-1.26,-0.01,0,0,
0,0,0,-1.25,-0.01,0,0,
0,0,0,-1.25,-0.01,0,0,
0,0,0,-1.25,-0.01,0,0,
0,0,0,-1.27,-0.01,0,0,
0,0,0,-1.27,-0.01,0,0,
0,0,0,-1.27,-0.01,0,0,
0,0,0,-1.25,-0.01,0,0,
0,0,0,-1.25,-0.01,0,0,
0,0,0,-1.25,-0.01,0,0,
0,0,0,-1.25,-0.03,0,0,
0,0,0,-1.25,-0.03,0,0,
0,0,0,-1.25,-0.02,0,0,
0,0,0,-1.25,-0.02,0,0,
0,0,0,-1.25,-0.02,0,0,
0,0,0,-1.25,-0.01,0,0,
0,0,0,-1.25,-0.01,0,0,
0,0,0,-1.25,-0.01,0,0,
0,0,-0.01,-1.25,-0.01,0,0,
0,0,-0.01,-1.25,-0.01,0,0,
0,0,-0.01,-1.25,-0.01,0,0,
0,0,0,-1.26,-0.01,0,0,
0,0,0,-1.26,-0.01,0,0,
0,0,0,-1.26,-0.01,0,0,
0,0,0,-1.26,-0.01,0,0,
0,0,0,-1.26,-0.01,0,0,
0,0,0,-1.26,-0.01,0,0,
0,0,0,-1.25,-0.01,0,0,
0,0,0,-1.25,-0.01,0,0,
0,0,0,-1.25,-0.01,0,0,
0,0,0,-1.25,-0.01,0,0,
0,0,0,-1.25,-0.01,0,0,
0,0,0,-1.25,-0.01,0,0,
0,0,0,-1.25,-0.01,0,0,
0,0,0,-1.25,-0.01,0,0,
0,0,0,-1.25,-0.01,0,0,
0,0,0,-1.26,-0.01,0,0,
0,0,0,-1.26,-0.01,0,0,
0,0,0,-1.26,-0.01,0,0,
0,0,0,-1.26,-0.01,0,0,
0,0,0,-1.26,-0.01,0,0,
0,0,0,-1.26,-0.01,0,0,
0,0,0,-1.25,-0.02,0,0,
0,0,0,-1.25,-0.02,0,0,
0,0,0,-1.25,-0.02,0,0,
0,0,0,-1.25,-0.02,0,0,
0,0,0,-1.25,-0.01,0,0,
0,0,0,-1.25,-0.01,0,0,
0,0,0,-1.25,-0.01,0,0,
0,0,0,-1.25,-0.01,0,0,
0,0,0,-1.25,-0.01,0,0,
0,0,0,-1.25,-0.01,0,0,
0,0,0,-1.25,0,0,0,
0,0,0,-1.25,0,0,0,
0,0,0,-1.25,0,0,0,
0,0,0.01,-1.25,-0.01,0,0,
0,0,0.01,-1.25,-0.01,0,0,
0,0,0.01,-1.25,-0.01,0,0,
0,0,0,-1.25,0,0,0,
0,0,0,-1.25,0,0,0,
0,0,0,-1.25,0,0,0,
0,0,0,-1.25,-0.01,0,0,
0,0,0,-1.25,-0.01,0,0,
0,0,0,-1.25,-0.01,0,0,
0,0,0,-1.26,-0.01,0,0,
0,0,0,-1.26,-0.01,0,0,
0,0,0,-1.26,-0.01,0,0,
0,0,0,-1.25,-0.01,0,0,
0,0,0,-1.25,-0.01,0,0,
0,0,0,-1.25,-0.01,0,0,
0,0,-0.01,-1.25,0,0,0,
0,0,-0.01,-1.25,0,0,0,
0,0,-0.01,-1.25,0,0,0,
0,0,-0.01,-1.26,0,0,0,
0,0,-0.01,-1.26,0,0,0,
0,0,-0.01,-1.26,0,0,0,
0,0,0,-1.26,-0.01,0,0,
0,0,0,-1.26,-0.01,0,0,
0,0,0,-1.26,-0.01,0,0,
0,0,0,-1.26,-0.02,0,0,
0,0,0,-1.26,-0.02,0,0,
0,0,0,-1.26,-0.02,0,0,
0,0,0.01,-1.25,-0.02,0,0,
0,0,0.01,-1.25,-0.02,0,0,
0,0,0.01,-1.25,-0.01,0,0,
0,0,0.01,-1.25,-0.01,0,0,
0,0,0.01,-1.25,-0.01,0,0,
0,0,0.01,-1.25,-0.01,0,0,
0,0,0.01,-1.27,-0.01,0,0,
0,0,0.01,-1.27,-0.01,0,0,
0,0,0.01,-1.27,-0.01,0,0,
0,0,0.01,-1.27,-0.02,0,0,
0,0,0.01,-1.27,-0.02,0,0,
0,0,0.01,-1.27,-0.02,0,0,
0,0,0,-1.26,-0.01,0,0,
0,0,0,-1.26,-0.01,0,0,
0,0,0,-1.26,-0.01,0,0,
0,0,-0.01,-1.25,-0.01,0,0,
0,0,-0.01,-1.25,-0.01,0,0,
0,0,-0.01,-1.25,-0.01,0,0,
0,0,-0.01,-1.25,-0.01,0,0,
0,0,-0.01,-1.25,-0.01,0,0,
0,0,-0.01,-1.25,-0.01,0,0,
0,0,0,-1.27,-0.02,0,0,
0,0,0,-1.27,-0.02,0,0,
0,0,0,-1.27,-0.02,0,0,
0,0,0.01,-1.25,-0.02,0,0,
0,0,0.01,-1.25,-0.02,0,0,
0,0,0.01,-1.25,-0.02,0,0,
0,0,0,-1.25,0,0,0,
0,0,0,-1.25,0,0,0,
0,0,0,-1.25,0,0,0,
0,0,0.01,-1.25,-0.01,0,0,
0,0,0.01,-1.25,-0.01,0,0,
0,0,0.01,-1.25,-0.01,0,0,
0,0,0,-1.26,-0.01,0,0,
0,0,0,-1.26,-0.01,0,0,
0,0,-0.01,-1.26,-0.02,0,0,
0,0,-0.01,-1.26,-0.02,0,0,
0,0,-0.01,-1.26,-0.02,0,0,
0,0,0,-1.25,-0.01,0,0,
0,0,0,-1.25,-0.01,0,0,
0,0,0,-1.25,-0.01,0,0,
0,0,0,-1.25,-0.01,0,0,
0,0,0,-1.25,-0.01,0,0,
0,0,0,-1.25,-0.01,0,0,
0,0,0,-1.27,-0.02,0,0,
0,0,0,-1.27,-0.02,0,0,
0,0,0,-1.27,-0.02,0,0,
0,0,0,-1.27,-0.02,0,0,
0,0,0,-1.25,0,0,0,
0,0,0,-1.25,0,0,0,
0,0,0,-1.25,0,0,0,
0,0,0,-1.26,0,0,0,
0,0,0,-1.26,0,0,0,
0,0,0,-1.26,0,0,0,
0,0,-0.01,-1.25,-0.01,0,0,
0,0,-0.01,-1.25,-0.01,0,0,
0,0,-0.01,-1.25,-0.01,0,0,
0,0,0,-1.26,-0.02,0,0,
0,0,0,-1.26,-0.02,0,0,
0,0,0,-1.26,-0.02,0,0,
0,0,0,-1.25,-0.01,0,0,
0,0,0,-1.25,-0.01,0,0,
0,0,0,-1.25,-0.01,0,0,
0,0,0,-1.26,-0.01,0,0,
0,0,0,-1.26,-0.01,0,0,
0,0,0,-1.26,-0.01,0,0,
0,0,0,-1.24,-0.01,0,0,
0,0,0,-1.24,-0.01,0,0,
0,0,0,-1.24,-0.01,0,0,
0,0,0,-1.26,-0.02,0,0,
0,0,0,-1.26,-0.02,0,0,
0,0,0,-1.26,-0.02,0,0,
0,0,0,-1.26,-0.01,0,0,
0,0,0,-1.26,-0.01,0,0,
0,0,0,-1.26,-0.01,0,0,
0,0,0,-1.25,0,0,0,
0,0,0,-1.25,0,0,0,
0,0,0,-1.25,0,0,0,
0,0,0,-1.25,-0.01,0,0,
0,0,0,-1.25,-0.01,0,0,
0,0,0,-1.25,-0.01,0,0,
0,0,-0.01,-1.26,-0.02,0,0,
0,0,-0.01,-1.26,-0.02,0,0,
0,0,-0.01,-1.26,-0.02,0,0,
0,0,0,-1.25,-0.01,0,0,
0,0,0,-1.25,-0.01,0,0,
0,0,0,-1.25,-0.01,0,0,
0,0,0,-1.25,0,0,0,
0,0,0,-1.25,0,0,0,
0,0,0,-1.25,0,0,0,
0,0,0,-1.25,-0.01,0,0,
0,0,0,-1.25,-0.01,0,0,
0,0,0,-1.25,-0.01,0,0,
0,0,0,-1.25,-0.01,0,0,
0,0,0,-1.25,-0.01,0,0,
0,0,0,-1.25,-0.01,0,0,
0,0,0,-1.26,-0.01,0,0,
0,0,0,-1.26,-0.01,0,0,
0,0,0,-1.26,-0.01,0,0,
0,0,0,-1.25,0,0,0,
0,0,0,-1.25,0,0,0,
0,0,0,-1.25,0,0,0,
0,0,0,-1.26,-0.01,0,0,
0,0,0,-1.26,-0.01,0,0,
0,0,0,-1.26,-0.01,0,0,
0,0,0,-1.26,-0.03,0,0,
0,0,0,-1.26,-0.03,0,0,
0,0,0,-1.26,-0.03,0,0,
0,0,-0.02,-1.26,-0.03,0,0,
0,0,-0.02,-1.26,-0.03,0,0,
0,0,-0.02,-1.26,-0.03,0,0,
0,0,0.02,-1.25,0,0,0,
0,0,0.02,-1.25,0,0,0,
0,0,0.02,-1.25,0,0,0,
0,0,0.01,-1.24,-0.01,0,0,
0,0,0.01,-1.24,-0.01,0,0,
0,0,0.01,-1.24,-0.01,0,0,
0,0,0,-1.26,0,0,0,
0,0,0,-1.26,0,0,0,
0,0,0,-1.26,0,0,0,
0,0,0.01,-1.26,-0.02,0,0,
0,0,0.01,-1.26,-0.02,0,0,
0,0,0.01,-1.26,-0.02,0,0,
0,0,-0.01,-1.26,0,0,0,
0,0,-0.01,-1.26,0,0,0,
0,0,-0.01,-1.26,0,0,0,
0,0,0,-1.24,-0.01,0,0,
0,0,0,-1.24,-0.01,0,0,
0,0,0,-1.24,-0.01,0,0,
0,0,-0.01,-1.26,-0.02,0,0,
0,0,-0.01,-1.26,-0.02,0,0,
0,0,-0.01,-1.26,-0.02,0,0,
0,0,0.01,-1.26,-0.02,0,0,
0,0,0.01,-1.26,-0.02,0,0,
0,0,0.01,-1.26,-0.02,0,0,
0,0,-0.01,-1.26,-0.01,0,0,
0,0,-0.01,-1.26,-0.01,0,0,
0,0,-0.01,-1.26,-0.01,0,0,
0,0,0.01,-1.24,0,0,0,
0,0,0.01,-1.24,0,0,0,
0,0,0.01,-1.24,0,0,0,
0,0,-0.02,-1.25,-0.01,0,0,
0,0,-0.02,-1.25,-0.01,0,0,
0,0,-0.02,-1.25,-0.01,0,0,
0,0,0,-1.26,-0.02,0,0,
0,0,0,-1.26,-0.02,0,0,
0,0,0,-1.26,-0.02,0,0,
0,0,0,-1.24,-0.02,0,0,
0,0,0,-1.24,-0.02,0,0,
0,0,0,-1.24,-0.02,0,0,
0,0,0.03,-1.25,0,0,0,
0,0,0.03,-1.25,0,0,0,
0,0,0.03,-1.25,0,0,0,
0,0,-0.01,-1.25,-0.03,0,0,
0,0,-0.01,-1.25,-0.03,0,0,
0,0,-0.01,-1.25,-0.03,0,0,
0,0,0,-1.25,-0.03,0,0,
0,0,0,-1.25,-0.03,0,0,
0,0,0,-1.25,-0.03,0,0,
0,0,-0.02,-1.26,-0.01,0,0,
0,0,-0.02,-1.26,-0.01,0,0,
0,0,-0.02,-1.26,-0.01,0,0,
0,0,0.01,-1.25,0,0,0,
0,0,0.01,-1.25,0,0,0,
0,0,0.01,-1.25,0,0,0,
0,0,0,-1.25,0,0,0,
0,0,0,-1.25,0,0,0,
0,0,0,-1.25,0,0,0,
0,0,0,-1.26,-0.02,0,0,
0,0,0,-1.26,-0.02,0,0,
0,0,0,-1.26,-0.02,0,0,
0,0,0.01,-1.24,-0.01,0,0,
0,0,0.01,-1.24,-0.01,0,0,
0,0,0.01,-1.24,-0.01,0,0,
0,0,0,-1.25,-0.01,0,0,
0,0,0,-1.25,-0.01,0,0,
0,0,0,-1.25,-0.01,0,0,
0,0,0,-1.25,-0.01,0,0,
0,0,0,-1.25,-0.01,0,0,
0,0,0,-1.25,-0.01,0,0,
0,0,0,-1.25,-0.01,0,0,
0,0,0,-1.26,-0.02,0,0,
0,0,0,-1.26,-0.02,0,0,
0,0,0,-1.26,-0.02,0,0,
0,0,0,-1.25,-0.02,0,0,
0,0,0,-1.25,-0.02,0,0,
0,0,0,-1.25,-0.02,0,0,
0,0,0.01,-1.26,-0.01,0,0,
0,0,0.01,-1.26,-0.01,0,0,
0,0,0.01,-1.24,0,0,0,
0,0,0.01,-1.24,0,0,0,
0,0,0.01,-1.24,0,0,0,
0,0,-0.01,-1.26,-0.01,0,0,
0,0,-0.01,-1.26,-0.01,0,0,
0,0,-0.01,-1.26,-0.01,0,0,
0,0,0,-1.25,-0.01,0,0,
0,0,0,-1.25,-0.01,0,0,
0,0,0,-1.25,-0.01,0,0,
0,0,0,-1.25,-0.01,0,0,
0,0,0,-1.25,0,0,0,
0,0,0,-1.25,0,0,0,
0,0,0,-1.25,0,0,0,
0,0,0,-1.25,-0.01,0,0,
0,0,0,-1.25,-0.01,0,0,
0,0,0,-1.25,-0.01,0,0,
0,0,0,-1.26,-0.01,0,0,
0,0,0,-1.26,-0.01,0,0,
0,0,0,-1.26,-0.01,0,0,
0,0,0,-1.24,-0.01,0,0,
0,0,0,-1.24,-0.01,0,0,
0,0,0,-1.24,-0.01,0,0,
0,0,0,-1.25,-0.01,0,0,
0,0,0,-1.25,-0.01,0,0,
0,0,0,-1.25,-0.01,0,0,
0,0,0,-1.25,-0.01,0,0,
0,0,0,-1.25,-0.01,0,0,
0,0,0,-1.25,-0.01,0,0,
0,0,0,-1.25,-0.01,0,0,
0,0,0,-1.25,-0.01,0,0,
0,0,0,-1.25,-0.01,0,0,
0,0,0,-1.25,-0.01,0,0,
0,0,0,-1.25,-0.01,0,0,
0,0,0,-1.25,-0.01,0,0,
0,0,0,-1.25,-0.01,0,0,
0,0,0,-1.25,-0.01,0,0,
0,0,0,-1.25,-0.01,0,0,
0,0,0,-1.25,-0.02,0,0,
0,0,0,-1.25,-0.02,0,0,
0,0,0,-1.25,-0.02,0,0,
0,0,0.01,-1.26,-0.01,0,0,
0,0,0.01,-1.26,-0.01,0,0,
0,0,0.01,-1.26,-0.01,0,0,
0,0,0,-1.25,-0.01,0,0,
0,0,0,-1.25,-0.01,0,0,
0,0,0,-1.25,-0.01,0,0,
0,0,-0.01,-1.25,-0.01,0,0,
0,0,-0.01,-1.25,-0.01,0,0,
0,0,-0.01,-1.25,-0.01,0,0,
0,0,0,-1.26,-0.01,0,0,
0,0,0,-1.26,-0.01,0,0,
0,0,0,-1.26,-0.01,0,0,
0,0,0,-1.26,-0.02,0,0,
0,0,0,-1.26,-0.02,0,0,
0,0,0,-1.26,-0.02,0,0,
0,0,0,-1.25,0,0,0,
0,0,0,-1.25,0,0,0,
0,0,0,-1.25,0,0,0,
0,0,0,-1.26,-0.01,0,0,
0,0,0,-1.26,-0.01,0,0,
0,0,0,-1.26,-0.01,0,0,
0,0,0,-1.25,0,0,0,
0,0,0,-1.25,0,0,0,
0,0,0,-1.25,0,0,0,
0,0,-0.01,-1.26,-0.01,0,0,
0,0,-0.01,-1.26,-0.01,0,0,
0,0,-0.01,-1.26,-0.01,0,0,
0,0,0,-1.26,-0.01,0,0,
0,0,0,-1.26,-0.01,0,0,
0,0,0,-1.26,-0.01,0,0,
0,0,0,-1.25,-0.01,0,0,
0,0,0,-1.25,-0.01,0,0,
0,0,0,-1.25,-0.01,0,0,
0,0,0,-1.25,0,0,0,
0,0,0,-1.25,0,0,0,
0,0,0,-1.25,0,0,0,
0,0,0.01,-1.25,-0.02,0,0,
0,0,0.01,-1.25,-0.02,0,0,
0,0,0.01,-1.25,-0.02,0,0,
0,0,-0.01,-1.25,-0.01,0,0,
0,0,-0.01,-1.25,-0.01,0,0,
0,0,-0.01,-1.25,-0.01,0,0,
0,0,0,-1.25,-0.01,0,0,
0,0,0,-1.25,-0.01,0,0,
0,0,0,-1.25,-0.01,0,0,
0,0,0,-1.26,0,0,0,
0,0,0,-1.26,0,0,0,
0,0,0,-1.26,0,0,0,
0,0,0,-1.24,-0.01,0,0,
0,0,0,-1.24,-0.01,0,0,
0,0,0,-1.24,-0.01,0,0,
0,0,0,-1.26,-0.02,0,0,
0,0,0,-1.26,-0.02,0,0,
0,0,0,-1.26,-0.02,0,0,
0,0,0,-1.26,-0.01,0,0,
0,0,0,-1.26,-0.01,0,0,
0,0,0,-1.26,-0.01,0,0,
0,0,-0.01,-1.25,-0.01,0,0,
0,0,-0.01,-1.25,-0.01,0,0,
0,0,-0.01,-1.25,-0.01,0,0,
0,0,0.01,-1.25,-0.01,0,0,
0,0,0.01,-1.25,-0.01,0,0,
0,0,0.01,-1.25,-0.01,0,0,
0,0,-0.01,-1.25,-0.01,0,0,
0,0,-0.01,-1.25,-0.01,0,0,
0,0,-0.01,-1.25,-0.01,0,0,
0,0,-0.01,-1.25,-0.02,0,0,
0,0,-0.01,-1.25,-0.02,0,0,
0,0,-0.01,-1.25,-0.02,0,0,
0,0,0,-1.26,-0.01,0,0,
0,0,0,-1.26,-0.01,0,0,
0,0,0,-1.26,-0.01,0,0,
0,0,0,-1.24,-0.01,0,0,
0,0,0,-1.24,-0.01,0,0,
0,0,0,-1.24,-0.01,0,0,
0,0,-0.01,-1.25,-0.01,0,0,
0,0,-0.01,-1.25,-0.01,0,0,
0,0,-0.01,-1.25,-0.01,0,0,
0,0,0.01,-1.25,-0.01,0,0,
0,0,0.01,-1.25,-0.01,0,0,
0,0,0.01,-1.25,-0.01,0,0,
0,0,0,-1.26,-0.01,0,0,
0,0,0,-1.26,-0.01,0,0,
0,0,0,-1.26,-0.01,0,0,
0,0,0.01,-1.26,-0.01,0,0,
0,0,0.01,-1.26,-0.01,0,0,
0,0,0.01,-1.26,-0.01,0,0,
0,0,0.01,-1.26,-0.01,0,0,
0,0,0.01,-1.26,-0.01,0,0,
0,0,0.01,-1.26,-0.01,0,0,
0,0,0,-1.25,-0.01,0,0,
0,0,0,-1.25,-0.01,0,0,
0,0,0,-1.25,-0.01,0,0,
0,0,0,-1.25,-0.01,0,0,
0,0,0,-1.25,-0.01,0,0,
0,0,0,-1.25,-0.01,0,0,
0,0,-0.01,-1.26,-0.01,0,0,
0,0,-0.01,-1.26,-0.01,0,0,
0,0,-0.01,-1.26,-0.01,0,0,
0,0,0,-1.25,-0.01,0,0,
0,0,0,-1.25,-0.01,0,0,
0,0,0,-1.25,-0.01,0,0,
0,0,0,-1.25,0,0,0,
0,0,0,-1.25,0,0,0,
0,0,0,-1.25,0,0,0,
0,0,0,-1.25,-0.01,0,0,
0,0,0,-1.25,-0.01,0,0,
0,0,0,-1.25,-0.01,0,0,
0,0,0,-1.26,-0.01,0,0,
0,0,0,-1.26,-0.01,0,0,
0,0,0,-1.26,-0.01,0,0,
0,0,0,-1.25,-0.01,0,0,
0,0,0,-1.25,-0.01,0,0,
0,0,0,-1.25,-0.01,0,0,
0,0,-0.01,-1.26,-0.01,0,0,
0,0,-0.01,-1.26,-0.01,0,0,
0,0,-0.01,-1.26,-0.01,0,0,
0,0,-0.01,-1.25,-0.01,0,0,
0,0,-0.01,-1.25,-0.01,0,0,
0,0,-0.01,-1.25,-0.01,0,0,
0,0,0.01,-1.26,-0.02,0,0,
0,0,0.01,-1.26,-0.02,0,0,
0,0,0.01,-1.26,-0.02,0,0,
0,0,-0.01,-1.25,-0.01,0,0,
0,0,-0.01,-1.25,-0.01,0,0,
0,0,-0.01,-1.25,-0.01,0,0,
0,0,0.02,-1.25,0,0,0,
0,0,0.02,-1.25,0,0,0,
0,0,0.02,-1.25,0,0,0,
0,0,0.01,-1.25,-0.02,0,0,
0,0,0.01,-1.25,-0.02,0,0,
0,0,0.01,-1.25,-0.02,0,0,
0,0,0,-1.26,-0.02,0,0,
0,0,0,-1.26,-0.02,0,0,
0,0,0,-1.26,-0.02,0,0,
0,0,-0.01,-1.25,-0.01,0,0,
0,0,-0.01,-1.25,-0.01,0,0,
0,0,-0.01,-1.25,-0.01,0,0,
0,0,0,-1.25,-0.01,0,0,
0,0,0,-1.25,-0.01,0,0,
0,0,0,-1.25,-0.01,0,0,
0,0,0,-1.26,-0.02,0,0,
0,0,0,-1.26,-0.02,0,0,
0,0,0,-1.26,-0.02,0,0,
0,0,0,-1.25,-0.02,0,0,
0,0,0,-1.25,-0.02,0,0,
0,0,0,-1.25,-0.02,0,0,
0,0,0,-1.25,0.01,0,0,
0,0,0,-1.25,0.01,0,0,
0,0,0,-1.25,0.01,0,0,
0,0,0,-1.26,-0.01,0,0,
0,0,0,-1.26,-0.01,0,0,
0,0,0,-1.26,-0.01,0,0,
0,0,-0.01,-1.25,-0.02,0,0,
0,0,-0.01,-1.25,-0.02,0,0,
0,0,-0.01,-1.25,-0.02,0,0,
0,0,-0.01,-1.26,-0.02,0,0,
0,0,-0.01,-1.26,-0.02,0,0,
0,0,-0.01,-1.26,-0.02,0,0,
0,0,0,-1.24,0,0,0,
0,0,0,-1.24,0,0,0,
0,0,0,-1.24,0,0,0,
0,0,0,-1.24,0,0,0,
0,0,0,-1.24,0,0,0,
0,0,0,-1.24,0,0,0,
0,0,0,-1.25,-0.02,0,0,
0,0,0,-1.25,-0.02,0,0,
0,0,0,-1.25,-0.02,0,0,
0,0,0,-1.25,-0.02,0,0,
0,0,0,-1.25,-0.02,0,0,
0,0,0,-1.25,-0.02,0,0,
0,0,-0.01,-1.26,0.02,0,0,
0,0,-0.01,-1.26,0.02,0,0,
0,0,-0.01,-1.26,0.02,0,0,
0,0,0.01,-1.24,0,0,0,
0,0,0.01,-1.24,0,0,0,
0,0,0.01,-1.24,0,0,0,
0,0,-0.01,-1.27,-0.02,0,0,
0,0,-0.01,-1.27,-0.02,0,0,
0,0,-0.01,-1.27,-0.02,0,0,
0,0,0,-1.25,-0.03,0,0,
0,0,0,-1.25,-0.03,0,0,
0,0,0,-1.25,-0.03,0,0,
0,0,0,-1.26,-0.01,0,0,
0,0,0,-1.26,-0.01,0,0,
0,0,0,-1.26,-0.01,0,0,
0,0,0,-1.25,-0.01,0,0,
0,0,0,-1.25,-0.01,0,0,
0,0,0,-1.25,-0.01,0,0,
0,0,0,-1.25,-0.01,0,0,
0,0,0,-1.25,-0.01,0,0,
0,0,0.01,-1.26,-0.01,0,0,
0,0,0.01,-1.26,-0.01,0,0,
0,0,0.01,-1.26,-0.01,0,0,
0,0,0,-1.25,-0.01,0,0,
0,0,0,-1.25,-0.01,0,0,
0,0,0,-1.25,-0.01,0,0,
0,0,0,-1.24,0,0,0,
0,0,0,-1.24,0,0,0,
0,0,0,-1.24,0,0,0,
0,0,0.01,-1.24,-0.01,0,0,
0,0,0.01,-1.24,-0.01,0,0,
0,0,0.01,-1.24,-0.01,0,0,
0,0,0,-1.26,-0.01,0,0,
0,0,0,-1.26,-0.01,0,0,
0,0,0,-1.26,-0.01,0,0,
0,0,-0.01,-1.25,-0.02,0,0,
0,0,-0.01,-1.25,-0.02,0,0,
0,0,-0.01,-1.25,-0.02,0,0,
0,0,-0.01,-1.26,-0.02,0,0,
0,0,-0.01,-1.26,-0.02,0,0,
0,0,-0.01,-1.26,-0.02,0,0,
0,0,0.01,-1.25,-0.01,0,0,
0,0,0.01,-1.25,-0.01,0,0,
0,0,0.01,-1.25,-0.01,0,0,
0,0,0,-1.26,-0.03,0,0,
0,0,0,-1.26,-0.03,0,0,
0,0,0,-1.26,-0.03,0,0,
0,0,0,-1.25,-0.01,0,0,
0,0,0,-1.25,-0.01,0,0,
0,0,0,-1.25,-0.01,0,0,
0,0,0,-1.25,0,0,0,
0,0,0,-1.25,0,0,0,
0,0,0,-1.25,0,0,0,
0,0,0,-1.25,0,0,0,
0,0,0,-1.25,0,0,0,
0,0,0,-1.25,0,0,0,
0,0,0,-1.26,-0.01,0,0,
0,0,0,-1.26,-0.01,0,0,
0,0,0,-1.26,-0.01,0,0,
0,0,-0.01,-1.25,-0.01,0,0,
0,0,-0.01,-1.25,-0.01,0,0,
0,0,-0.01,-1.25,-0.01,0,0,
0,0,0,-1.24,-0.02,0,0,
0,0,0,-1.24,-0.02,0,0,
0,0,0,-1.24,-0.02,0,0,
0,0,0,-1.25,-0.01,0,0,
0,0,0,-1.25,-0.01,0,0,
0,0,0,-1.25,-0.01,0,0,
0,0,0,-1.25,-0.01,0,0,
0,0,0,-1.25,-0.01,0,0,
0,0,0,-1.25,-0.01,0,0,
0,0,-0.01,-1.25,-0.01,0,0,
0,0,-0.01,-1.25,-0.01,0,0,
0,0,-0.01,-1.25,-0.01,0,0,
0,0,0,-1.26,-0.02,0,0,
0,0,0,-1.26,-0.02,0,0,
0,0,0,-1.25,-0.01,0,0,
0,0,0,-1.25,-0.01,0,0,
0,0,0,-1.25,-0.01,0,0,
0,0,0.01,-1.25,-0.01,0,0,
0,0,0.01,-1.25,-0.01,0,0,
0,0,0.01,-1.25,-0.01,0,0,
0,0,0,-1.25,-0.01,0,0,
0,0,0,-1.25,-0.01,0,0,
0,0,0,-1.25,-0.01,0,0,
0,0,-0.01,-1.25,-0.02,0,0,
0,0,-0.01,-1.25,-0.02,0,0,
0,0,-0.01,-1.25,-0.02,0,0,
0,0,0,-1.26,-0.01,0,0,
0,0,0,-1.26,-0.01,0,0,
0,0,0,-1.26,-0.01,0,0,
0,0,0.01,-1.24,-0.01,0,0,
0,0,0.01,-1.24,-0.01,0,0,
0,0,0.01,-1.24,-0.01,0,0,
0,0,0,-1.25,-0.01,0,0,
0,0,0,-1.25,-0.01,0,0,
0,0,0,-1.25,-0.01,0,0,
0,0,0.01,-1.25,-0.01,0,0,
0,0,0.01,-1.25,-0.01,0,0,
0,0,0.01,-1.25,-0.01,0,0,
0,0,-0.01,-1.25,0,0,0,
0,0,-0.01,-1.25,0,0,0,
0,0,-0.01,-1.25,0,0,0,
0,0,0,-1.26,-0.01,0,0,
0,0,0,-1.26,-0.01,0,0,
0,0,0,-1.26,-0.01,0,0,
0,0,0,-1.24,-0.01,0,0,
0,0,0,-1.24,-0.01,0,0,
0,0,0,-1.24,-0.01,0,0,
0,0,0,-1.26,-0.01,0,0,
0,0,0,-1.26,-0.01,0,0,
0,0,0,-1.26,-0.01,0,0,
0,0,0,-1.25,-0.01,0,0,
0,0,0,-1.25,-0.01,0,0,
0,0,0,-1.25,-0.01,0,0,
0,0,0,-1.25,-0.01,0,0,
0,0,0,-1.25,-0.01,0,0,
0,0,0,-1.25,-0.01,0,0,
0,0,0.01,-1.25,-0.02,0,0,
0,0,0.01,-1.25,-0.02,0,0,
0,0,0.01,-1.25,-0.02,0,0,
0,0,0,-1.25,-0.01,0,0,
0,0,0,-1.25,-0.01,0,0,
0,0,-0.05,-10.08,-0.17,0,-0.01,
0,0,0.02,-10.05,-0.18,-0.01,-0.01,
0,0,0.02,-10.05,-0.18,0,-0.01,
0,0,0.03,-10.06,-0.11,0,-0.01,
0,0,0.03,-10.06,-0.11,0,-0.01,
0,0,0.03,-10.06,-0.11,0,-0.01,
0,0,-0.01,-10,-0.11,0,-0.01,
0,0,-0.01,-10,-0.11,-0.01,-0.01,
0,0,-0.01,-10,-0.11,-0.01,-0.01,
0,0,0.05,-9.98,-0.18,-0.01,-0.01,
0,0,0.05,-9.98,-0.18,0,-0.01,
0,0,0.05,-9.98,-0.18,-0.01,-0.01,
0,0,0.05,-10.01,-0.12,-0.01,-0.01,
0,0,0.05,-10.01,-0.12,-0.01,-0.01,
0,0,0.05,-10.01,-0.12,0,-0.01,
0,0,0.01,-10.03,-0.06,0,-0.01,
0,0,0.01,-10.03,-0.06,0,-0.01,
0,0,0.01,-10.03,-0.06,0,-0.01,
0,0,0.03,-9.95,-0.03,0,-0.01,
0,0,0.03,-9.95,-0.03,-0.01,-0.01,
0,0,0.03,-9.95,-0.03,-0.01,-0.01,
0,0,-0.03,-10,-0.15,-0.01,-0.01,
0,0,-0.03,-10,-0.15,0,-0.01,
0,0,-0.03,-10,-0.15,0,-0.01,
0,0,-0.02,-9.97,-0.14,0,-0.01,
0,0,-0.02,-9.97,-0.14,0,-0.01,
0,0,-0.02,-9.97,-0.14,0,-0.01,
0,0,0,-10.03,-0.02,0,-0.01,
0,0,0,-10.03,-0.02,-0.01,-0.01,
0,0,0,-10.03,-0.02,-0.01,-0.01,
0,0,0.02,-10.02,-0.05,-0.01,-0.01,
0,0,0.02,-10.02,-0.05,-0.01,-0.01,
0,0,0.02,-10.02,-0.05,-0.01,-0.01,
0,0,0.03,-9.98,-0.1,0,-0.01,
0,0,0.03,-9.98,-0.1,0,-0.01,
0,0,0.03,-9.98,-0.1,0,-0.01,
0,0,0,-10.02,-0.1,0,-0.01,
0,0,0,-10.02,-0.1,0,-0.01,
0,0,0,-10.02,-0.1,-0.01,-0.01,
0,0,-0.02,-10.01,-0.03,-0.01,-0.01,
0,0,-0.02,-10.01,-0.03,-0.01,-0.01,
0,0,-0.02,-10.01,-0.03,0,-0.01,
0,0,0,-10.05,-0.11,0,-0.01,
0,0,0,-10.05,-0.11,0,-0.01,
0,0,0,-10.05,-0.11,0,-0.01,
0,0,0,-10.03,-0.08,0,-0.01,
0,0,0,-10.03,-0.08,0,0,
0,0,0,-10.03,-0.08,0,-0.01,
0,0,0.04,-9.99,-0.09,0,-0.01,
0,0,0.04,-9.99,-0.09,-0.01,-0.01,
0,0,0.04,-9.99,-0.09,0,-0.01,
0,0,0.02,-10.02,-0.14,0,-0.01,
0,0,0.02,-10.02,-0.14,-0.01,-0.01,
0,0,0.02,-10.02,-0.14,-0.01,-0.01,
0,0,-0.02,-10.03,-0.12,-0.01,-0.01,
0,0,-0.02,-10.03,-0.12,-0.01,-0.01,
0,0,-0.02,-10.03,-0.12,0,-0.01,
0,0,0.04,-10.06,-0.09,0,-0.01,
0,0,0.04,-10.06,-0.09,-0.01,-0.01,
0,0,0.04,-10.06,-0.09,0,0,
0,0,0.08,-9.96,-0.13,0,0,
0,0,0.08,-9.96,-0.13,-0.01,-0.01,
0,0,0.08,-9.96,-0.13,-0.01,-0.01,
0,0,0,-10,-0.03,-0.01,0,
0,0,0,-10,-0.03,-0.01,-0.01,
0,0,0,-10,-0.03,-0.01,-0.01,
0,0,0.1,-10,-0.09,0,-0.01,
0,0,0.1,-10,-0.09,0,-0.01,
0,0,0.1,-10,-0.09,0,-0.01,
0,0,-0.12,-10.02,-0.04,0,-0.01,
0,0,-0.12,-10.02,-0.04,0,-0.01,
0,0,-0.12,-10.02,-0.04,0,-0.01,
0,0,-0.02,-10,-0.09,-0.01,-0.01,
0,0,-0.02,-10,-0.09,0,-0.01,
0,0,-0.02,-10,-0.09,0,-0.01,
0,0,0.01,-10.03,-0.06,-0.01,-0.01,
0,0,0.01,-10.03,-0.06,-0.01,-0.01,
0,0,0.01,-10.03,-0.06,-0.01,-0.01,
0,0,0.01,-10.07,-0.07,0,-0.01,
0,0,0.01,-10.07,-0.07,0,-0.01,
0,0,0.01,-10.07,-0.07,-0.01,-0.01,
0,0,0.02,-9.98,-0.08,0,-0.01,
0,0,0.02,-9.98,-0.08,0,-0.01,
0,0,0.02,-9.98,-0.08,0,-0.01,
0,0,0,-9.99,-0.07,0,-0.01,
0,0,0,-9.99,-0.07,0,-0.01,
0,0,0,-9.99,-0.07,0,-0.01,
0,0,-0.02,-10.02,-0.16,0,-0.01,
0,0,-0.02,-10.02,-0.16,0,-0.01,
0,0,-0.02,-10.02,-0.16,0,-0.01,
0,0,0.01,-10.01,-0.1,0,-0.01,
0,0,0.01,-10.01,-0.1,-0.01,-0.01,
0,0,0.01,-10.01,-0.1,0,-0.01,
0,0,0.02,-10.03,-0.11,0,-0.01,
0,0,0.02,-10.03,-0.11,0,-0.01,
0,0,0.02,-10.03,-0.11,0,-0.01,
0,0,0.01,-10.01,-0.09,-0.01,-0.01,
0,0,0.01,-10.01,-0.09,0,-0.01,
0,0,0.01,-10.01,-0.09,0,-0.01,
0,0,0,-10.09,-0.09,0,-0.01,
0,0,0,-10.09,-0.09,0,-0.01,
0,0,0,-10.09,-0.09,0,-0.01,
0,0,0.02,-10.01,-0.06,-0.01,-0.01,
0,0,0.02,-10.01,-0.06,0,-0.01,
0,0,0.02,-10.01,-0.06,0,-0.01,
0,0,-0.03,-10.04,-0.07,0,0,
0,0,-0.03,-10.04,-0.07,0,0,
0,0,-0.03,-10.04,-0.07,-0.01,-0.01,
0,0,0.04,-10.02,-0.1,0,-0.01,
0,0,0.04,-10.02,-0.1,0,-0.01,
0,0,0.04,-10.02,-0.1,0,-0.01,
0,0,0,-9.99,-0.11,0,-0.01,
0,0,0,-9.99,-0.11,0,-0.01,
0,0,0,-9.99,-0.11,0,-0.01,
0,0,0,-10.02,-0.06,0,-0.01,
0,0,0,-10.02,-0.06,0,-0.01,
0,0,0,-10.02,-0.06,-0.01,-0.01,
0,0,-0.03,-10.02,-0.09,-0.01,-0.01,
0,0,-0.03,-10.02,-0.09,0,-0.01,
0,0,-0.03,-10.02,-0.09,-0.01,-0.01,
0,0,0,-10,-0.07,-0.01,-0.01,
0,0,0,-10,-0.07,-0.01,-0.01,
0,0,0,-10,-0.07,-0.01,-0.01,
0,0,0.02,-10.05,-0.13,0,-0.01,
0,0,0.02,-10.05,-0.13,-0.01,-0.01,
0,0,0.02,-10.05,-0.13,-0.01,-0.01,
0,0,0.05,-9.94,-0.06,0,-0.01,
0,0,0.05,-9.94,-0.06,0,-0.01,
0,0,0.05,-9.94,-0.06,0,-0.01,
0,0,0.02,-10.07,-0.07,-0.01,-0.01,
0,0,0.02,-10.07,-0.07,-0.01,-0.01,
0,0,0.02,-10.07,-0.07,0,-0.01,
0,0,0.01,-10.02,-0.06,-0.01,-0.01,
0,0,0.01,-10.02,-0.06,-0.01,-0.01,
0,0,0.01,-10.02,-0.06,-0.01,-0.01,
0,0,0.01,-10.02,-0.06,-0.01,-0.01,
0,0,-0.01,-10.01,-0.05,0,-0.01,
0,0,-0.01,-10.01,-0.05,-0.01,-0.01,
0,0,-0.01,-10.01,-0.05,-0.01,-0.01,
0,0,0.06,-10.04,-0.12,-0.01,-0.01,
0,0,0.06,-10.04,-0.12,-0.01,-0.01,
0,0,0.06,-10.04,-0.12,0,-0.01,
0,0,0.04,-10.02,-0.08,-0.01,-0.01,
0,0,0.04,-10.02,-0.08,-0.01,-0.01,
0,0,0.04,-10.02,-0.08,0,0,
0,0,0,-10,-0.06,-0.01,-0.01,
0,0,0,-10,-0.06,-0.01,-0.01,
0,0,0,-10,-0.06,-0.01,-0.01,
0,0,-0.02,-10.05,-0.1,0,-0.01,
0,0,-0.02,-10.05,-0.1,0,-0.01,
0,0,-0.02,-10.05,-0.1,-0.01,-0.01,
0,0,-0.04,-10.01,-0.04,-0.01,-0.01,
0,0,-0.04,-10.01,-0.04,-0.01,-0.01,
0,0,-0.04,-10.01,-0.04,0,-0.01,
0,0,0.06,-10.01,-0.05,0,-0.01,
0,0,0.06,-10.01,-0.05,0,-0.01,
0,0,0.06,-10.01,-0.05,-0.01,-0.01,
0,0,-0.01,-10.05,-0.11,-0.01,-0.01,
0,0,-0.01,-10.05,-0.11,0,-0.01,
0,0,-0.01,-10.05,-0.11,0,-0.01,
0,0,0.07,-10.1,-0.09,0,-0.01,
0,0,0.07,-10.1,-0.09,0,-0.01,
0,0,0.07,-10.1,-0.09,0,-0.01,
0,0,0,-10.02,0,-0.01,-0.01,
0,0,0,-10.02,0,0,-0.01,
0,0,0,-10.02,0,0,-0.01,
0,0,0.05,-10.07,-0.11,0,-0.01,
0,0,0.05,-10.07,-0.11,-0.01,-0.01,
0,0,0.05,-10.07,-0.11,-0.01,-0.01,
0,0,0,-10.03,-0.1,-0.01,-0.01,
0,0,0,-10.03,-0.1,-0.01,-0.01,
0,0,0,-10.03,-0.1,-0.01,-0.01,
0,0,0.01,-10.06,-0.15,0,-0.01,
0,0,0.01,-10.06,-0.15,-0.01,-0.01,
0,0,0.01,-10.06,-0.15,-0.01,-0.01,
0,0,0.03,-10.02,-0.05,0,-0.01,
0,0,0.03,-10.02,-0.05,0,-0.01,
0,0,0.03,-10.02,-0.05,-0.01,-0.01,
0,0,0.05,-10.04,-0.06,0,-0.01,
0,0,0.02,-10.04,-0.04,0,-0.01,
0,0,0.02,-10.04,-0.04,-0.01,-0.01,
0,0,0.02,-10.04,-0.04,-0.01,-0.01,
0,0,0.03,-10.01,-0.06,-0.01,-0.01,
0,0,0.03,-10.01,-0.06,0,-0.01,
0,0,0.03,-10.01,-0.06,0,-0.01,
0,0,-0.03,-10.02,-0.11,0,-0.01,
0,0,-0.03,-10.02,-0.11,0,-0.01,
0,0,-0.03,-10.02,-0.11,0,-0.01,
0,0,-0.03,-10.02,-0.11,-0.01,-0.01,
0,0,-0.03,-10.02,-0.11,-0.01,-0.01,
0,0,-0.03,-10.02,-0.11,0,-0.01,
0,0,-0.01,-10.02,-0.11,0,-0.01,
0,0,-0.01,-10.02,-0.11,0,-0.01,
0,0,-0.01,-10.02,-0.11,-0.01,-0.01,
0,0,0,-9.99,-0.09,-0.01,-0.01,
0,0,0,-9.99,-0.09,-0.01,-0.01,
0,0,0,-9.99,-0.09,0,-0.01,
0,0,-0.02,-9.98,-0.04,0,-0.01,
0,0,-0.02,-9.98,-0.04,-0.01,-0.01,
0,0,-0.02,-9.98,-0.04,-0.01,-0.01,
0,0,0.03,-10.02,-0.12,-0.01,-0.01,
0,0,0.03,-10.02,-0.12,-0.01,-0.01,
0,0,0.03,-10.02,-0.12,0,-0.01,
0,0,0,-10.02,-0.11,0,-0.01,
0,0,0,-10.02,-0.11,0,-0.01,
0,0,0,-10.02,-0.11,-0.01,-0.01,
0,0,0.02,-10.03,-0.09,-0.01,-0.01,
0,0,0.02,-10.03,-0.09,0,-0.01,
0,0,0.02,-10.03,-0.09,0,-0.01,
0,0,-0.02,-9.98,-0.04,0,-0.01,
0,0,-0.02,-9.98,-0.04,-0.01,-0.01,
0,0,-0.02,-9.98,-0.04,-0.01,-0.01,
0,0,0.05,-10.02,-0.09,-0.01,-0.01,
0,0,0.05,-10.02,-0.09,0,-0.01,
0,0,0.05,-10.02,-0.09,0,-0.01,
0,0,-0.02,-10.05,-0.09,0,-0.01,
0,0,-0.02,-10.05,-0.09,0,-0.01,
0,0,-0.02,-10.05,-0.09,0,-0.01,
0,0,-0.02,-10.05,-0.09,0,-0.01,
0,0,0,-10,-0.05,0,-0.01,
0,0,0,-10,-0.05,0,-0.01,
0,0,0,-10,-0.05,-0.01,-0.01,
0,0,0.01,-9.99,-0.06,-0.01,-0.01,
0,0,0.01,-9.99,-0.06,0,-0.01,
0,0,0.01,-9.99,-0.06,0,-0.01,
0,0,-0.05,-10.04,-0.08,-0.01,-0.01,
0,0,-0.05,-10.04,-0.08,-0.01,-0.01,
0,0,-0.05,-10.04,-0.08,-0.01,-0.01,
0,0,-0.02,-10.02,-0.16,0,-0.01,
0,0,-0.02,-10.02,-0.16,0,-0.01,
0,0,-0.02,-10.02,-0.16,0,-0.01,
0,0,0,-10.04,-0.11,0,-0.01,
0,0,0,-10.04,-0.11,0,-0.01,
0,0,0,-10.04,-0.11,-0.01,-0.01,
0,0,0,-9.96,-0.05,0,-0.01,
0,0,0,-9.96,-0.05,0,-0.01,
0,0,0,-9.96,-0.05,0,-0.01,
0,0,-0.06,-10.05,-0.09,0,-0.01,
0,0,-0.06,-10.05,-0.09,-0.01,-0.01,
0,0,-0.06,-10.05,-0.09,0,-0.01,
0,0,0.05,-10.05,-0.12,0,-0.01,
0,0,0.05,-10.05,-0.12,0,0,
0,0,0.05,-10.05,-0.12,-0.01,-0.01,
0,0,0.02,-10,-0.07,-0.01,-0.01,
0,0,0.02,-10,-0.07,-0.01,-0.01,
0,0,0.02,-10,-0.07,-0.01,-0.01,
0,0,0.01,-10.04,-0.04,-0.01,-0.01,
0,0,0.01,-10.04,-0.04,0,-0.01,
0,0,0.01,-10.04,-0.04,0,-0.01,
0,0,0.02,-10.03,-0.08,-0.01,-0.01,
0,0,0.02,-10.03,-0.08,0,-0.01,
0,0,0.02,-10.03,-0.08,0,-0.01,
0,0,-0.04,-10.07,-0.1,0,-0.01,
0,0,-0.04,-10.07,-0.1,-0.01,-0.01,
0,0,-0.04,-10.07,-0.1,-0.01,-0.01,
0,0,0.02,-10.06,-0.1,-0.01,-0.01,
0,0,0.02,-10.06,-0.1,-0.01,-0.01,
0,0,0.02,-10.06,-0.1,-0.01,-0.01,
0,0,0,-10.05,-0.11,0,-0.01,
0,0,0,-10.05,-0.11,0,-0.01,
0,0,0,-10.05,-0.11,0,-0.01,
0,0,0,-10.08,-0.01,0,-0.01,
0,0,0,-10.08,-0.01,0,-0.01,
0,0,0,-10.08,-0.01,0,-0.01,
0,0,-0.02,-9.96,-0.11,-0.01,-0.01,
0,0,-0.02,-9.96,-0.11,-0.01,-0.01,
0,0,-0.02,-9.96,-0.11,-0.01,-0.01,
0,0,-0.04,-10.01,-0.09,0,-0.01,
0,0,-0.04,-10.01,-0.09,0,-0.01,
0,0,-0.04,-10.01,-0.09,0,-0.01,
0,0,-0.06,-10.07,-0.08,0,-0.01,
0,0,-0.06,-10.07,-0.08,0,-0.01,
0,0,-0.06,-10.07,-0.08,0,-0.01,
0,0,-0.03,-10.04,-0.08,0,-0.02,
0,0,-0.03,-10.04,-0.08,0,-0.02,
0,0,-0.03,-10.04,-0.08,-0.01,-0.01,
0,0,-0.02,-10.03,-0.05,0,-0.01,
0,0,-0.02,-10.03,-0.05,0,-0.01,
0,0,-0.01,-10.08,-0.1,0,-0.01,
0,0,-0.01,-10.08,-0.1,0,-0.01,
0,0,-0.01,-10.08,-0.1,0,-0.01,
0,0,0,-9.94,-0.09,-0.01,-0.01,
0,0,0,-9.94,-0.09,-0.01,-0.01,
0,0,0,-9.94,-0.09,0,-0.01,
0,0,0,-10.01,-0.05,-0.01,-0.01,
0,0,0,-10.01,-0.05,-0.01,-0.01,
0,0,0,-10.01,-0.05,0,-0.01,
0,0,0.03,-10.04,-0.07,0,-0.01,
0,0,0.03,-10.04,-0.07,0,-0.01,
0,0,0.03,-10.04,-0.07,0,-0.01,
0,0,0.02,-10,-0.14,-0.01,-0.01,
0,0,0.02,-10,-0.14,-0.01,-0.01,
0,0,0.02,-10,-0.14,0,-0.01,
0,0,0.02,-10.06,-0.14,0,-0.01,
0,0,0.02,-10.06,-0.14,0,-0.01,
0,0,0.02,-10.06,-0.14,0,-0.01,
0,0,0.02,-9.94,-0.08,0,-0.01,
0,0,0.02,-9.94,-0.08,0,-0.01,
0,0,0.02,-9.94,-0.08,0,-0.01,
0,0,-0.02,-10,-0.04,-0.01,-0.01,
0,0,-0.02,-10,-0.04,-0.01,-0.01,
0,0,-0.02,-10,-0.04,-0.01,0,
0,0,0.01,-9.96,-0.09,-0.01,0,
0,0,0.01,-9.96,-0.09,0,-0.01,
0,0,0.01,-9.96,-0.09,0,-0.01,
0,0,0.02,-9.97,-0.13,0,-0.01,
0,0,0.02,-9.97,-0.13,0,-0.01,
0,0,0.02,-9.97,-0.13,-0.01,-0.01,
0,0,0.01,-10,-0.07,-0.01,-0.01,
0,0,0.01,-10,-0.07,-0.01,-0.01,
0,0,0.01,-10,-0.07,-0.01,-0.01,
0,0,0.01,-10.08,-0.11,-0.01,-0.01,
0,0,0.01,-10.08,-0.11,-0.01,-0.01,
0,0,0.01,-10.08,-0.11,-0.01,-0.01,
0,0,0.01,-10.02,-0.09,0,-0.01,
0,0,0.01,-10.02,-0.09,-0.01,-0.01,
0,0,0.01,-10.02,-0.09,-0.01,-0.01,
0,0,0.05,-10.08,-0.1,0,-0.01,
0,0,0.05,-10.08,-0.1,0,-0.01,
0,0,0.05,-10.08,-0.1,0,-0.01,
0,0,-0.02,-10.03,-0.09,-0.01,-0.01,
0,0,-0.02,-10.03,-0.09,-0.01,-0.01,
0,0,-0.02,-10.03,-0.09,-0.01,-0.01,
0,0,0.06,-9.98,-0.06,0,-0.01,
0,0,0.06,-9.98,-0.06,0,-0.01,
0,0,0.06,-9.98,-0.06,-0.01,-0.01,
0,0,-0.01,-9.99,-0.11,-0.01,-0.01,
0,0,-0.01,-9.99,-0.11,0,-0.01,
0,0,-0.01,-9.99,-0.11,0,-0.01,
0,0,-0.01,-9.99,-0.11,0,-0.01,
0,0,-0.01,-10.04,-0.01,0,-0.01,
0,0,-0.01,-10.04,-0.01,-0.01,-0.01,
0,0,-0.01,-10.04,-0.01,-0.01,-0.01,
0,0,-0.04,-10.04,-0.08,-0.01,-0.01,
0,0,-0.04,-10.04,-0.08,-0.01,-0.01,
0,0,-0.04,-10.04,-0.08,-0.01,-0.01,
0,0,0.02,-10.07,-0.13,0,-0.01,
0,0,0.02,-10.07,-0.13,0,-0.01,
0,0,0.02,-10.07,-0.13,0,-0.01,
0,0,0.03,-10,-0.14,0,-0.01,
0,0,0.03,-10,-0.14,0,-0.01,
0,0,0.03,-10,-0.14,-0.01,-0.01,
0,0,-0.05,-9.98,-0.05,0,-0.01,
0,0,-0.05,-9.98,-0.05,0,-0.01,
0,0,-0.05,-9.98,-0.05,0,-0.01,
0,0,0.03,-10.05,-0.09,0,-0.01,
0,0,0.03,-10.05,-0.09,-0.01,0,
0,0,0.03,-10.05,-0.09,0,-0.01,
0,0,0,-10.05,-0.11,0,-0.01,
0,0,0,-10.05,-0.11,0,-0.01,
0,0,0,-10.05,-0.11,0,-0.01,
0,0,0.04,-10.04,-0.08,0,-0.01,
0,0,0.04,-10.04,-0.08,0,-0.01,
0,0,0.04,-10.04,-0.08,0,-0.01,
0,0,-0.02,-10.06,-0.08,0,-0.01,
0,0,-0.02,-10.06,-0.08,0,-0.01,
0,0,-0.02,-10.06,-0.08,0,-0.01,
0,0,0.05,-10.01,-0.13,-0.01,-0.01,
0,0,0.05,-10.01,-0.13,0,-0.01,
0,0,0.05,-10.01,-0.13,0,-0.01,
0,0,0.06,-10.08,-0.09,0,-0.01,
0,0,0.06,-10.08,-0.09,0,-0.01,
0,0,0.06,-10.08,-0.09,0,-0.01,
0,0,0.02,-10.05,-0.1,0,-0.01,
0,0,0.02,-10.05,-0.1,-0.01,0,
0,0,-0.03,-9.98,-0.06,-0.01,0,
0,0,-0.03,-9.98,-0.06,0,-0.01,
0,0,-0.03,-9.98,-0.06,0,-0.01,
0,0,0,-10,-0.11,0,-0.01,
0,0,0,-10,-0.11,-0.01,-0.01,
0,0,0,-10,-0.11,-0.01,-0.01,
0,0,0,-9.99,-0.1,0,-0.01,
0,0,0,-9.99,-0.1,0,-0.01,
0,0,0,-9.99,-0.1,0,-0.01,
0,0,0.03,-10.02,-0.1,0,-0.01,
0,0,0.03,-10.02,-0.1,0,-0.01,
0,0,0.03,-10.02,-0.1,0,-0.01,
0,0,-0.02,-10.02,-0.05,0,-0.01,
0,0,-0.02,-10.02,-0.05,0,-0.01,
0,0,-0.02,-10.02,-0.05,0,-0.01,
0,0,-0.01,-10,-0.15,-0.01,-0.01,
0,0,-0.01,-10,-0.15,-0.01,-0.01,
0,0,-0.01,-10,-0.15,-0.01,-0.01,
0,0,0.02,-10.08,-0.02,-0.01,-0.01,
0,0,0.02,-10.08,-0.02,-0.01,-0.01,
0,0,0.02,-10.08,-0.02,0,0,
0,0,-0.01,-10.04,-0.13,0,-0.01,
0,0,-0.01,-10.04,-0.13,0,-0.01,
0,0,-0.01,-10.04,-0.13,0,-0.01,
0,0,0.01,-9.98,-0.08,-0.01,-0.01,
0,0,0.01,-9.98,-0.08,-0.01,-0.01,
0,0,0.01,-9.98,-0.08,0,-0.01,
0,0,0.01,-10.07,0,0,-0.01,
0,0,0.01,-10.07,0,0,-0.01,
0,0,0.01,-10.07,0,0,-0.01,
0,0,-0.02,-9.99,-0.13,0,-0.01,
0,0,-0.02,-9.99,-0.13,-0.01,-0.01,
0,0,-0.02,-9.99,-0.13,0,-0.01,
0,0,0.05,-10.02,-0.07,0,-0.01,
0,0,0.05,-10.02,-0.07,0,-0.01,
0,0,0.05,-10.02,-0.07,0,-0.01,
0,0,-0.03,-10.01,-0.11,0,-0.01,
0,0,-0.03,-10.01,-0.11,0,-0.01,
0,0,-0.03,-10.01,-0.11,0,-0.01,
0,0,0,-10.02,-0.08,0,-0.01,
0,0,0,-10.02,-0.08,0,0,
0,0,0,-10.02,-0.08,-0.01,-0.01,
0,0,0.02,-9.98,-0.08,-0.01,-0.01,
0,0,0.02,-9.98,-0.08,0,-0.01,
0,0,0.02,-9.98,-0.08,0,-0.01,
0,0,0.07,-10.01,-0.11,-0.01,-0.01,
0,0,0.07,-10.01,-0.11,0,-0.01,
0,0,0.07,-10.01,-0.11,0,-0.01,
0,0,0.06,-10.02,-0.09,0,-0.01,
0,0,0.06,-10.02,-0.09,0,-0.01,
0,0,0.06,-10.02,-0.09,0,-0.01,
0,0,0.04,-10.06,-0.06,0,-0.01,
0,0,0.04,-10.06,-0.06,0,-0.01,
0,0,0.04,-10.06,-0.06,0,-0.01,
0,0,-0.02,-9.99,-0.09,0,-0.01,
0,0,-0.02,-9.99,-0.09,0,-0.01,
0,0,-0.02,-9.99,-0.09,0,-0.01,
0,0,-0.02,-9.99,-0.09,0,-0.01,
0,0,0.02,-10.02,-0.14,0,0,
0,0,0.02,-10.02,-0.14,0,-0.01,
0,0,0.02,-10.02,-0.14,0,-0.01,
0,0,0.06,-10.02,-0.09,0,-0.01,
0,0,0.06,-10.02,-0.09,0,-0.01,
0,0,0.06,-10.02,-0.09,0,-0.01,
0,0,0.02,-10.03,-0.11,0,-0.01,
0,0,0.02,-10.03,-0.11,0,-0.01,
0,0,0.02,-10.03,-0.11,0,-0.01,
0,0,0.01,-10.07,-0.08,0,-0.01,
0,0,0.01,-10.07,-0.08,0,-0.01,
0,0,0.01,-10.07,-0.08,0,-0.01,
0,0,0.01,-10.02,-0.08,0,-0.01,
0,0,0.01,-10.02,-0.08,0,-0.01,
0,0,0.01,-10.02,-0.08,-0.01,-0.01,
0,0,0.04,-10.05,-0.15,0,-0.01,
0,0,0.04,-10.05,-0.15,0,-0.01,
0,0,0.04,-10.05,-0.15,-0.01,-0.01,
0,0,0.03,-9.99,-0.11,0,-0.01,
0,0,0.03,-9.99,-0.11,0,-0.01,
0,0,0.03,-9.99,-0.11,0,-0.01,
0,0,0.03,-10.09,-0.06,0,-0.01,
0,0,0.03,-10.09,-0.06,0,-0.01,
0,0,0.03,-10.09,-0.06,0,-0.01,
0,0,0,-10.06,-0.13,0,-0.01,
0,0,0,-10.06,-0.13,0,-0.01,
0,0,-0.03,-10.01,-0.05,-0.01,-0.01,
0,0,-0.03,-10.01,-0.05,-0.01,-0.01,
0,0,-0.03,-10.01,-0.05,-0.01,-0.01,
0,0,-0.04,-10.02,-0.06,0,-0.01,
0,0,-0.04,-10.02,-0.06,0,-0.01,
0,0,-0.04,-10.02,-0.06,0,-0.01,
0,0,0.02,-10.04,-0.14,0,0,
0,0,0.02,-10.04,-0.14,0,0,
0,0,0.02,-10.04,-0.14,0,-0.01,
0,0,-0.05,-10,-0.11,0,0,
0,0,-0.05,-10,-0.11,0,0,
0,0,-0.05,-10,-0.11,0,-0.01,
0,0,0.01,-10.06,-0.04,0,-0.01,
0,0,0.01,-10.06,-0.04,0,-0.01,
0,0,0.01,-10.06,-0.04,-0.01,-0.01,
0,0,0.02,-10.05,-0.07,-0.01,-0.01,
0,0,0.02,-10.05,-0.07,0,-0.01,
0,0,0.02,-10.05,-0.07,0,-0.01,
0,0,0.04,-9.97,-0.05,0,-0.01,
0,0,0.04,-9.97,-0.05,-0.01,-0.01,
0,0,0.04,-9.97,-0.05,0,-0.01,
0,0,-0.01,-10.07,-0.09,0,-0.01,
0,0,-0.01,-10.07,-0.09,-0.01,-0.01,
0,0,-0.01,-10.07,-0.09,-0.01,-0.01,
0,0,0.08,-10.05,-0.09,-0.01,-0.01,
0,0,0.08,-10.05,-0.09,-0.01,-0.01,
0,0,0.08,-10.05,-0.09,-0.01,-0.01,
0,0,0.07,-9.99,-0.11,-0.01,-0.01,
0,0,0.07,-9.99,-0.11,0,-0.01,
0,0,0.07,-9.99,-0.11,0,-0.01,
0,0,0.01,-10.08,-0.13,-0.01,0,
0,0,0.01,-10.08,-0.13,-0.01,-0.01,
0,0,0.01,-10.08,-0.13,-0.01,-0.01,
0,0,0.03,-10.06,-0.1,-0.01,-0.01,
0,0,0.03,-10.06,-0.1,0,-0.01,
0,0,0.03,-10.06,-0.1,0,-0.01,
0,0,-0.03,-10.06,-0.1,0,-0.01,
0,0,-0.03,-10.06,-0.1,0,0,
0,0,-0.03,-10.06,-0.1,0,0,
0,0,0,-10.01,-0.13,0,-0.01,
0,0,0,-10.01,-0.13,0,0,
0,0,0,-10.01,-0.13,0,0,
0,0,0.02,-10.04,-0.08,0,-0.01,
0,0,0.02,-10.04,-0.08,0,-0.01,
0,0,0.02,-10.04,-0.08,0,-0.01,
0,0,0.02,-9.97,-0.06,0,-0.01,
0,0,0.02,-9.97,-0.06,0,-0.01,
0,0,0.02,-9.97,-0.06,0,-0.01,
0,0,-0.05,-10.04,-0.12,-0.01,-0.01,
0,0,-0.05,-10.04,-0.12,-0.01,-0.01,
0,0,-0.05,-10.04,-0.12,0,-0.01,
0,0,0.04,-10.02,-0.09,0,-0.01,
0,0,0.04,-10.02,-0.09,0,-0.01,
0,0,0.04,-10.02,-0.09,0,-0.01,
0,0,-0.03,-9.99,-0.09,0,-0.01,
0,0,-0.03,-9.99,-0.09,0,-0.01,
0,0,-0.03,-9.99,-0.09,-0.01,-0.01,
0,0,-0.09,-10.06,-0.05,-0.01,-0.01,
0,0,-0.09,-10.06,-0.05,0,0,
0,0,-0.09,-10.06,-0.05,0,-0.01,
0,0,-0.01,-9.96,-0.08,0,-0.01,
0,0,-0.01,-9.96,-0.08,-0.01,-0.01,
0,0,-0.01,-9.96,-0.08,-0.01,-0.01,
0,0,0,-10.06,-0.08,0,-0.01,
0,0,0,-10.06,-0.08,0,-0.01,
0,0,0,-10.06,-0.08,0,-0.01,
0,0,-0.04,-10.01,-0.1,0,-0.01,
0,0,-0.04,-10.01,-0.1,-0.01,-0.01,
0,0,-0.04,-10.01,-0.1,-0.01,-0.01,
0,0,0.03,-10.06,-0.09,-0.01,-0.01,
0,0,0.03,-10.06,-0.09,-0.01,-0.01,
0,0,0.03,-10.06,-0.09,-0.01,-0.01,
0,0,-0.01,-10.04,-0.07,0,-0.01,
0,0,-0.01,-10.04,-0.07,0,-0.01,
0,0,-0.01,-10.04,-0.07,0,-0.01,
0,0,-0.01,-10.05,-0.06,-0.01,-0.01,
0,0,-0.01,-10.05,-0.06,-0.01,-0.01,
0,0,-0.01,-10.05,-0.06,0,-0.01,
0,0,0,-9.97,-0.12,0,-0.01,
0,0,0,-9.97,-0.12,0,-0.01,
0,0,0,-9.97,-0.12,0,-0.01,
0,0,-0.02,-10.03,-0.11,0,-0.01,
0,0,-0.02,-10.03,-0.11,0,-0.01,
0,0,-0.02,-10.03,-0.11,0,-0.01,
0,0,0,-10.1,-0.09,0,-0.01,
0,0,0,-10.1,-0.09,0,-0.01,
0,0,0,-10.1,-0.09,0,-0.01,
0,0,-0.05,-10.04,-0.08,0,-0.01,
0,0,-0.05,-10.04,-0.08,-0.01,-0.01,
0,0,-0.05,-10.04,-0.08,-0.01,-0.01,
0,0,0,-10.06,-0.1,0,-0.01,
0,0,0,-10.06,-0.1,-0.01,-0.01,
0,0,0,-10.06,-0.1,-0.01,-0.01,
0,0,-0.05,-10.08,-0.12,0,-0.01,
0,0,-0.05,-10.08,-0.12,-0.01,-0.01,
0,0,-0.05,-10.08,-0.12,-0.01,-0.01,
0,0,0.02,-10.07,-0.09,0,-0.01,
0,0,0.02,-10.07,-0.09,-0.01,-0.01,
0,0,0.02,-10.07,-0.09,-0.01,-0.01,
0,0,-0.01,-10.04,-0.07,-0.01,0,
0,0,-0.01,-10.04,-0.07,-0.01,0,
0,0,-0.01,-10.04,-0.07,0,-0.01,
0,0,0,-9.99,-0.06,-0.01,-0.01,
0,0,0,-9.99,-0.06,-0.01,-0.01,
0,0,0,-9.99,-0.06,-0.01,-0.01,
0,0,0.02,-10,-0.1,0,-0.01,
0,0,0.02,-10,-0.1,0,-0.01,
0,0,0.02,-10,-0.1,-0.01,-0.01,
0,0,0,-10.07,-0.12,-0.01,-0.01,
0,0,0,-10.07,-0.12,-0.01,-0.01,
0,0,0,-10.07,-0.12,-0.01,-0.01,
0,0,-0.01,-10.02,-0.07,-0.01,-0.01,
0,0,-0.01,-10.02,-0.07,0,-0.01,
0,0,-0.01,-10.02,-0.07,0,-0.01,
0,0,-0.02,-10.06,-0.14,0,-0.01,
0,0,-0.02,-10.06,-0.14,-0.01,-0.01,
0,0,-0.02,-10.06,-0.14,0,-0.01,
0,0,0.06,-10,-0.11,0,-0.01,
0,0,0.06,-10,-0.11,-0.01,-0.01,
0,0,0.06,-10,-0.11,-0.01,-0.01,
0,0,-0.03,-10.04,-0.05,0,-0.01,
0,0,-0.03,-10.04,-0.05,0,-0.01,
0,0,-0.03,-10.04,-0.05,0,-0.01,
0,0,-0.03,-10.04,-0.05,-0.01,-0.01,
0,0,0,-10.01,-0.07,-0.01,-0.01,
0,0,0,-10.01,-0.07,-0.01,-0.01,
0,0,0,-10.01,-0.07,-0.01,-0.01,
0,0,-0.03,-10.02,-0.08,-0.01,-0.01,
0,0,-0.03,-10.02,-0.08,-0.01,-0.01,
0,0,-0.03,-10.02,-0.08,0,-0.01,
0,0,-0.05,-10.03,-0.1,0,-0.01,
0,0,-0.05,-10.03,-0.1,0,-0.01,
0,0,0.01,-10.05,-0.12,-0.01,-0.01,
0,0,0.01,-10.05,-0.12,-0.01,-0.01,
0,0,0.01,-10.05,-0.12,-0.01,-0.01,
0,0,0.01,-10.05,-0.12,-0.01,-0.01,
0,0,0,-10.03,-0.07,-0.01,-0.01,
0,0,0,-10.03,-0.07,-0.01,-0.01,
0,0,0,-10.03,-0.07,-0.01,-0.01,
0,0,0.01,-10.06,-0.15,0,-0.01,
0,0,0.01,-10.06,-0.15,-0.01,-0.01,
0,0,0.01,-10.06,-0.15,-0.01,-0.01,
0,0,0.01,-10,-0.04,0,-0.01,
0,0,0.01,-10,-0.04,-0.01,0,
0,0,0.01,-10,-0.04,-0.01,0,
0,0,-0.02,-10.02,-0.06,0,-0.01,
0,0,-0.02,-10.02,-0.06,0,-0.01,
0,0,-0.02,-10.02,-0.06,0,-0.01,
0,0,0.02,-10.02,-0.11,-0.01,-0.01,
0,0,0.02,-10.02,-0.11,-0.01,-0.01,
0,0,0.02,-10.02,-0.11,-0.01,-0.01,
0,0,0.02,-10.06,-0.11,0,-0.01,
0,0,0.02,-10.06,-0.11,0,-0.01,
0,0,0.02,-10.06,-0.11,0,-0.01,
0,0,0.08,-9.96,-0.07,-0.01,-0.01,
0,0,0.08,-9.96,-0.07,-0.01,-0.01,
0,0,0.08,-9.96,-0.07,-0.01,-0.01,
0,0,-0.03,-10.07,-0.06,-0.01,-0.01,
0,0,-0.03,-10.07,-0.06,-0.01,-0.01,
0,0,-0.03,-10.07,-0.06,-0.01,-0.01,
0,0,0.03,-10.02,-0.06,-0.01,-0.01,
0,0,0.03,-10.02,-0.06,0,-0.01,
0,0,0.03,-10.02,-0.06,0,-0.01,
0,0,-0.03,-9.96,-0.09,0,-0.01,
0,0,-0.03,-9.96,-0.09,0,-0.01,
0,0,-0.03,-9.96,-0.09,0,-0.01,
0,0,-0.02,-10.03,-0.09,0,-0.01,
0,0,-0.02,-10.03,-0.09,0,-0.01,
0,0,-0.02,-10.03,-0.09,0,-0.01,
0,0,0.04,-10,-0.12,0,-0.01,
0,0,0.04,-10,-0.12,-0.01,-0.01,
0,0,0.04,-10,-0.12,-0.01,-0.01,
0,0,-0.03,-10.01,-0.04,0,-0.01,
0,0,-0.03,-10.01,-0.04,0,-0.01,
0,0,-0.03,-10.01,-0.04,0,-0.01,
0,0,0.01,-10.09,-0.12,0,-0.01,
0,0,0.01,-10.09,-0.12,0,-0.01,
0,0,0.01,-10.09,-0.12,-0.01,-0.01,
0,0,0.01,-9.97,-0.09,-0.01,-0.01,
0,0,0.01,-9.97,-0.09,0,-0.01,
0,0,0.01,-9.97,-0.09,-0.01,0,
0,0,-0.01,-10,-0.08,-0.01,0,
0,0,-0.01,-10,-0.08,0,-0.01,
0,0,-0.01,-10,-0.08,-0.01,-0.01,
0,0,0.02,-10.05,-0.08,-0.01,-0.01,
0,0,0.02,-10.05,-0.08,-0.01,-0.01,
0,0,0.02,-10.05,-0.08,0,-0.01,
0,0,0.03,-10.06,-0.13,0,-0.01,
0,0,0.03,-10.06,-0.13,-0.01,-0.01,
0,0,0.03,-10.06,-0.13,-0.01,-0.01,
0,0,0.01,-10.07,-0.06,0,-0.01,
0,0,0.01,-10.07,-0.06,-0.01,-0.01,
0,0,0.01,-10.07,-0.06,-0.01,-0.01,
0,0,0.02,-10.02,-0.07,0,-0.01,
0,0,0.02,-10.02,-0.07,-0.01,-0.01,
0,0,0.02,-10.02,-0.07,-0.01,-0.01,
0,0,0.06,-10,-0.12,0,-0.01,
0,0,0.06,-10,-0.12,0,-0.01,
0,0,0.06,-10,-0.12,0,-0.01,
0,0,-0.01,-10.01,-0.09,0,-0.01,
0,0,-0.01,-10.01,-0.09,0,-0.01,
0,0,-0.01,-10.01,-0.09,0,-0.01,
0,0,-0.04,-10.01,-0.1,-0.01,-0.01,
0,0,-0.04,-10.01,-0.1,-0.01,-0.01,
0,0,-0.04,-10.01,-0.1,0,-0.01,
0,0,0.01,-10,-0.09,0,-0.01,
0,0,0.01,-10,-0.09,0,-0.01,
0,0,0.01,-10,-0.09,0,-0.01,
0,0,0,-10.02,-0.09,0,-0.01,
0,0,0,-10.02,-0.09,0,-0.01,
0,0,0,-10.02,-0.09,-0.01,-0.01,
0,0,0.01,-9.99,-0.09,-0.01,-0.01,
0,0,0.01,-9.99,-0.09,-0.01,-0.01,
0,0,0.01,-9.99,-0.09,0,-0.01,
0,0,0.07,-10.01,-0.08,0,-0.01,
0,0,0.07,-10.01,-0.08,0,0,
0,0,0.07,-10.01,-0.08,-0.01,-0.01,
0,0,-0.01,-10.02,-0.13,-0.01,-0.01,
0,0,-0.01,-10.02,-0.13,0,-0.01,
0,0,-0.01,-10.02,-0.13,0,-0.01,
0,0,-0.01,-10.02,-0.07,0,-0.01,
0,0,-0.01,-10.02,-0.07,0,-0.01,
0,0,-0.01,-10.02,-0.07,0,0,
0,0,0.01,-10.04,-0.11,0,0,
0,0,0.01,-10.04,-0.11,0,-0.01,
0,0,0.01,-10.04,-0.11,0,-0.01,
0,0,0,-10.02,-0.12,0,-0.01,
0,0,0,-10.02,-0.12,0,-0.01,
0,0,0,-10.02,-0.12,0,-0.01,
0,0,0,-9.99,-0.09,0,-0.01,
0,0,0,-9.99,-0.09,0,-0.01,
0,0,0,-9.99,-0.09,0,-0.01,
0,0,0,-10.04,-0.08,0,-0.01,
0,0,0,-10.04,-0.08,0,-0.01,
0,0,0,-10.04,-0.08,0,-0.01,
0,0,-0.01,-10.03,-0.13,0,0,
0,0,-0.01,-10.03,-0.13,0,-0.01,
0,0,-0.01,-10.03,-0.13,0,-0.01,
0,0,0.01,-10,-0.05,0,-0.01,
0,0,0.01,-10,-0.05,0,-0.01,
0,0,0.01,-10,-0.05,0,-0.01,
0,0,0.03,-10,-0.07,0,-0.01,
0,0,0.03,-10,-0.07,0,-0.01,
0,0,0.03,-10,-0.07,0,-0.01,
0,0,-0.03,-10.02,-0.07,-0.01,-0.01,
0,0,-0.03,-10.02,-0.07,0,-0.01,
0,0,-0.03,-10.02,-0.07,0,-0.01,
0,0,-0.03,-10,-0.13,0,-0.01,
0,0,-0.03,-10,-0.13,0,-0.01,
0,0,-0.03,-10,-0.13,0,-0.01,
0,0,0.01,-10.08,-0.13,0,-0.01,
0,0,0.01,-10.08,-0.13,0,-0.01,
0,0,0.01,-10.08,-0.13,0,-0.01,
0,0,-0.01,-9.98,-0.08,0,-0.01,
0,0,-0.01,-9.98,-0.08,0,-0.01,
0,0,-0.01,-9.98,-0.08,0,0,
0,0,-0.04,-9.96,-0.1,0,0,
0,0,-0.04,-9.96,-0.1,-0.01,-0.01,
0,0,-0.04,-9.96,-0.1,0,-0.01,
0,0,-0.02,-10.05,-0.07,0,-0.01,
0,0,-0.02,-10.05,-0.07,0,-0.01,
0,0,-0.02,-10.05,-0.07,0,-0.01,
0,0,-0.01,-9.99,-0.07,0,-0.01,
0,0,-0.01,-9.99,-0.07,0,-0.01,
0,0,-0.01,-9.99,-0.07,0,-0.01,
0,0,0,-10.03,-0.09,0,-0.01,
0,0,0,-10.03,-0.09,0,-0.01,
0,0,0,-10.03,-0.09,0,-0.01,
0,0,0,-10.08,-0.11,0,-0.01,
0,0,0,-10.08,-0.11,0,-0.01,
0,0,0,-10.08,-0.11,0,-0.01,
0,0,-0.02,-10,-0.11,-0.01,0,
0,0,-0.02,-10,-0.11,-0.01,0,
0,0,-0.02,-10,-0.11,0,-0.01,
0,0,0.02,-10.07,-0.08,-0.01,-0.01,
0,0,0.02,-10.07,-0.08,-0.01,-0.01,
0,0,0.02,-10.07,-0.08,0,-0.01,
0,0,0.02,-10.03,-0.11,0,-0.01,
0,0,0.02,-10.03,-0.11,0,-0.01,
0,0,0.02,-10.03,-0.11,-0.01,-0.01,
0,0,0,-10.03,-0.05,0,-0.01,
0,0,0,-10.03,-0.05,0,-0.01,
0,0,0,-10.03,-0.05,0,-0.01,
0,0,0.04,-9.96,-0.09,0,-0.01,
0,0,0.04,-9.96,-0.09,0,-0.01,
0,0,0.04,-9.96,-0.09,0,-0.01,
0,0,-0.05,-10,-0.07,0,-0.01,
0,0,-0.05,-10,-0.07,0,-0.01,
0,0,-0.05,-10,-0.07,0,-0.01,
0,0,0.06,-9.96,-0.12,0,-0.01,
0,0,0.06,-9.96,-0.12,0,-0.01,
0,0,0.06,-9.96,-0.12,-0.01,-0.01,
0,0,0,-10.02,-0.05,-0.01,-0.01,
0,0,0,-10.02,-0.05,-0.01,-0.01,
0,0,-0.04,-9.97,-0.12,0,-0.01,
0,0,-0.04,-9.97,-0.12,0,-0.01,
0,0,-0.04,-9.97,-0.12,-0.01,-0.01,
0,0,0.06,-10.07,-0.11,-0.01,-0.01,
0,0,0.06,-10.07,-0.11,-0.01,-0.01,
0,0,0.06,-10.07,-0.11,-0.01,-0.01,
0,0,0.01,-9.96,-0.1,0,-0.01,
0,0,0.01,-9.96,-0.1,0,-0.01,
0,0,0.01,-9.96,-0.1,0,-0.01,
0,0,0.09,-10.01,-0.1,-0.01,-0.01,
0,0,0.09,-10.01,-0.1,-0.01,-0.01,
0,0,0.09,-10.01,-0.1,0,0,
0,0,0.02,-10.07,-0.11,0,-0.01,
0,0,0.02,-10.07,-0.11,0,-0.01,
0,0,0.02,-10.07,-0.11,-0.01,-0.01,
0,0,-0.02,-10.01,-0.07,-0.01,-0.01,
0,0,-0.02,-10.01,-0.07,-0.01,-0.01,
0,0,-0.02,-10.01,-0.07,0,-0.01,
0,0,-0.03,-10.02,-0.03,0,-0.01,
0,0,-0.03,-10.02,-0.03,0,-0.01,
0,0,-0.03,-10.02,-0.03,-0.01,0,
0,0,0.02,-10.08,-0.1,-0.01,0,
0,0,0.02,-10.08,-0.1,-0.01,-0.01,
0,0,0.02,-10.08,-0.1,-0.01,-0.01,
0,0,0.05,-9.94,-0.15,-0.01,-0.01,
0,0,0.05,-9.94,-0.15,0,-0.01,
0,0,0.05,-9.94,-0.15,0,-0.01,
0,0,-0.07,-10.03,-0.09,0,-0.01,
0,0,-0.07,-10.03,-0.09,-0.01,0,
0,0,-0.07,-10.03,-0.09,0,-0.01,
0,0,0.01,-10.05,-0.12,0,-0.01,
0,0,0.01,-10.05,-0.12,-0.01,-0.01,
0,0,0.01,-10.05,-0.12,0,-0.01,
0,0,-0.01,-10.03,-0.16,0,-0.01,
0,0,-0.01,-10.03,-0.16,-0.01,-0.01,
0,0,-0.01,-10.03,-0.16,-0.01,-0.01,
0,0,0,-10,-0.1,-0.01,-0.01,
0,0,0,-10,-0.1,0,-0.01,
0,0,0,-10,-0.1,0,0,
0,0,0,-10.11,-0.05,0,0,
0,0,0,-10.11,-0.05,0,-0.01,
0,0,0,-10.11,-0.05,0,-0.01,
0,0,0.01,-10.06,-0.12,-0.01,-0.01,
0,0,0.01,-10.06,-0.12,-0.01,-0.01,
0,0,0.05,-9.96,-0.1,-0.01,-0.01,
0,0,0.05,-9.96,-0.1,-0.01,-0.01,
0,0,0.05,-9.96,-0.1,0,-0.01,
0,0,0.02,-10.04,-0.1,0,-0.01,
0,0,0.02,-10.04,-0.1,0,0,
0,0,0.02,-10.04,-0.1,-0.01,-0.01,
0,0,0,-10.07,-0.1,-0.01,-0.01,
0,0,0,-10.07,-0.1,0,0,
0,0,0,-10.07,-0.1,-0.01,-0.01,
0,0,-0.02,-10,-0.11,-0.01,-0.01,
0,0,-0.02,-10,-0.11,0,-0.01,
0,0,-0.02,-10,-0.11,-0.01,-0.01,
0,0,-0.05,-10.1,-0.1,-0.01,-0.01,
0,0,-0.05,-10.1,-0.1,0,-0.01,
0,0,-0.05,-10.1,-0.1,0,-0.01,
0,0,0.02,-10.06,-0.12,0,-0.01,
0,0,0.02,-10.06,-0.12,0,-0.01,
0,0,0.02,-10.06,-0.12,0,-0.01,
0,0,0,-10.03,-0.11,0,-0.01,
0,0,0,-10.03,-0.11,-0.01,-0.01,
0,0,0,-10.03,-0.11,-0.01,-0.01,
0,0,0.01,-9.98,-0.07,-0.01,-0.01,
0,0,0.01,-9.98,-0.07,0,-0.01,
0,0,0.01,-9.98,-0.07,0,-0.01,
0,0,-0.04,-10.07,-0.07,0,-0.01,
0,0,-0.04,-10.07,-0.07,0,-0.01,
0,0,-0.04,-10.07,-0.07,0,-0.01,
0,0,-0.03,-10.01,-0.11,0,-0.01,
0,0,-0.03,-10.01,-0.11,-0.01,-0.01,
0,0,-0.03,-10.01,-0.11,-0.01,-0.01,
0,0,0.01,-10.03,0,-0.01,-0.01,
0,0,0.01,-10.03,0,-0.01,-0.01,
0,0,0.01,-10.03,0,0,-0.01,
0,0,0,-10.04,-0.1,0,-0.01,
0,0,0,-10.04,-0.1,0,-0.01,
0,0,0,-10.04,-0.1,-0.01,-0.01,
0,0,0.1,-10.05,-0.11,0,-0.01,
0,0,0.1,-10.05,-0.11,0,-0.01,
0,0,0.1,-10.05,-0.11,0,-0.01,
0,0,0.07,-10.03,-0.09,-0.01,-0.01,
0,0,0.07,-10.03,-0.09,-0.01,-0.01,
0,0,0.07,-10.03,-0.09,0,0,
0,0,0.01,-10.02,-0.03,-0.01,-0.01,
0,0,0.01,-10.02,-0.03,-0.01,-0.01,
0,0,-0.01,-9.98,-0.1,0,-0.01,
0,0,-0.01,-9.98,-0.1,0,0,
0,0,-0.01,-9.98,-0.1,0,0,
0,0,0.01,-10.01,-0.06,0,-0.01,
0,0,0.01,-10.01,-0.06,0,-0.01,
0,0,0.01,-10.01,-0.06,0,-0.01,
0,0,-0.01,-9.96,-0.08,0,-0.01,
0,0,-0.01,-9.96,-0.08,0,-0.01,
0,0,-0.01,-9.96,-0.08,0,-0.01,
0,0,0.02,-10,-0.09,-0.01,0,
0,0,0.02,-10,-0.09,-0.01,-0.01,
0,0,0.02,-10,-0.09,-0.01,-0.01,
0,0,-0.03,-10.03,-0.06,0,-0.01,
0,0,-0.03,-10.03,-0.06,-0.01,-0.01,
0,0,-0.03,-10.03,-0.06,-0.01,-0.01,
0,0,0.03,-10.04,-0.08,0,-0.01,
0,0,0.03,-10.04,-0.08,0,-0.01,
0,0,0.03,-10.04,-0.08,0,-0.01,
0,0,0.01,-10.08,-0.11,-0.01,-0.01,
0,0,0.01,-10.08,-0.11,-0.01,-0.01,
0,0,0.01,-10.08,-0.11,0,-0.01,
0,0,0.05,-10.04,-0.1,-0.01,-0.01,
0,0,0.05,-10.04,-0.1,-0.01,-0.01,
0,0,0.05,-10.04,-0.1,0,-0.01,
0,0,0.01,-9.99,-0.11,0,-0.01,
0,0,0.01,-9.99,-0.11,0,-0.01,
0,0,0.01,-9.99,-0.11,-0.01,-0.01,
0,0,0.03,-10.02,-0.06,0,-0.01,
0,0,0.03,-10.02,-0.06,0,-0.01,
0,0,0.03,-10.02,-0.06,-0.01,-0.01,
0,0,-0.01,-10.01,-0.06,0,-0.01,
0,0,-0.01,-10.01,-0.06,0,-0.01,
0,0,-0.01,-10.01,-0.06,0,-0.01,
0,0,0.01,-10.05,-0.07,0,-0.01,
0,0,0.01,-10.05,-0.07,0,-0.01,
0,0,0.01,-10.05,-0.07,0,-0.01,
0,0,0,-10.07,-0.05,0,-0.01,
0,0,0,-10.07,-0.05,0,-0.01,
0,0,0,-10.07,-0.05,0,-0.01,
0,0,-0.02,-10.09,-0.07,0,-0.01,
0,0,-0.02,-10.09,-0.07,-0.01,-0.01,
0,0,-0.02,-10.09,-0.07,-0.01,-0.01,
0,0,0.02,-10.01,-0.02,-0.01,-0.01,
0,0,0.02,-10.01,-0.02,0,-0.01,
0,0,0.02,-10.01,-0.02,0,-0.01,
0,0,-0.02,-10,-0.14,0,-0.01,
0,0,-0.02,-10,-0.14,-0.01,-0.01,
0,0,-0.02,-10,-0.14,-0.01,-0.01,
0,0,0.04,-10.07,-0.08,-0.01,-0.01,
0,0,0.04,-10.07,-0.08,0,-0.01,
0,0,0.04,-10.07,-0.08,0,-0.01,
0,0,0.05,-10,-0.1,0,-0.01,
0,0,0.05,-10,-0.1,0,-0.01,
0,0,0.02,-10.02,-0.07,0,-0.01,
0,0,0.02,-10.02,-0.07,0,-0.01,
0,0,0.02,-10.02,-0.07,-0.01,-0.01,
0,0,0,-10.04,-0.09,-0.01,-0.01,
0,0,0,-10.04,-0.09,-0.01,-0.01,
0,0,0,-10.04,-0.09,-0.01,-0.01,
0,0,0.02,-10.02,-0.05,-0.01,-0.01,
0,0,0.02,-10.02,-0.05,-0.01,-0.01,
0,0,0.02,-10.02,-0.05,-0.01,-0.01,
0,0,-0.03,-10,-0.06,-0.01,-0.01,
0,0,-0.03,-10,-0.06,-0.01,-0.01,
0,0,-0.03,-10,-0.06,-0.01,-0.01,
0,0,0.01,-10.03,-0.12,0,-0.01,
0,0,0.01,-10.03,-0.12,0,-0.01,
0,0,0.01,-10.03,-0.12,0,-0.01,
0,0,0.01,-10.05,-0.08,0,-0.01,
0,0,0.01,-10.05,-0.08,0,-0.01,
0,0,0.01,-10.05,-0.08,0,-0.01,
0,0,0.01,-10.05,-0.08,-0.01,-0.01,
0,0,0,-10.06,-0.08,-0.01,-0.01,
0,0,0,-10.06,-0.08,0,-0.01,
0,0,0,-10.06,-0.08,0,-0.01,
0,0,0.07,-10.07,-0.05,0,-0.01,
0,0,0.07,-10.07,-0.05,-0.01,-0.01,
0,0,0.07,-10.07,-0.05,-0.01,-0.01,
0,0,-0.01,-10.04,-0.09,-0.01,-0.01,
0,0,-0.01,-10.04,-0.09,-0.01,-0.01,
0,0,-0.01,-10.04,-0.09,-0.01,-0.01,
0,0,0.02,-10.03,-0.08,0,-0.01,
0,0,0.02,-10.03,-0.08,-0.01,-0.01,
0,0,0.02,-10.03,-0.08,-0.01,-0.01,
0,0,0.05,-9.99,-0.01,-0.01,-0.01,
0,0,0.05,-9.99,-0.01,0,-0.01,
0,0,0.05,-9.99,-0.01,0,-0.01,
0,0,0.11,-10.06,-0.11,0,-0.01,
0,0,0.11,-10.06,-0.11,0,-0.01,
0,0,0.11,-10.06,-0.11,0,-0.01,
0,0,-0.01,-10,-0.12,0,0,
0,0,-0.01,-10,-0.12,0,0,
0,0,-0.01,-10,-0.12,0,-0.01,
0,0,0.03,-10.05,-0.07,-0.01,-0.01,
0,0,0.03,-10.05,-0.07,-0.01,-0.01,
0,0,0.03,-10.05,-0.07,-0.01,-0.01,
0,0,0.01,-10.07,-0.06,0,-0.01,
0,0,0.01,-10.07,-0.06,0,-0.01,
0,0,0.01,-10.07,-0.06,-0.01,-0.01,
0,0,-0.02,-10.03,-0.12,-0.01,-0.01,
0,0,-0.02,-10.03,-0.12,-0.01,-0.01,
0,0,-0.06,-10.11,-0.11,-0.01,-0.01,
0,0,-0.06,-10.11,-0.11,0,-0.01,
0,0,-0.06,-10.11,-0.11,0,-0.01,
0,0,-0.02,-10,-0.08,0,-0.01,
0,0,-0.02,-10,-0.08,0,-0.01,
0,0,-0.02,-10,-0.08,0,-0.01,
0,0,0.02,-9.97,-0.05,-0.01,-0.01,
0,0,0.02,-9.97,-0.05,0,-0.01,
0,0,0.02,-9.97,-0.05,0,-0.01,
0,0,0.05,-10,-0.11,0,-0.01,
0,0,0.05,-10,-0.11,0,-0.01,
0,0,0.05,-10,-0.11,-0.01,-0.01,
0,0,-0.05,-10.05,-0.11,0,-0.01,
0,0,-0.05,-10.05,-0.11,0,-0.01,
0,0,-0.05,-10.05,-0.11,-0.01,-0.01,
0,0,-0.11,-10.07,-0.13,-0.01,-0.01,
0,0,-0.11,-10.07,-0.13,-0.01,-0.01,
0,0,-0.11,-10.07,-0.13,0,-0.01,
0,0,-0.15,-9.97,-0.03,0,-0.01,
0,0,-0.15,-9.97,-0.03,0,-0.01,
0,0,-0.15,-9.97,-0.03,0,-0.01,
0,0,0.08,-9.99,-0.12,0,-0.01,
0,0,0.08,-9.99,-0.12,0,-0.01,
0,0,0.08,-9.99,-0.12,-0.01,-0.01,
0,0,0.21,-10.05,-0.11,-0.01,-0.01,
0,0,0.21,-10.05,-0.11,-0.01,-0.01,
0,0,0.21,-10.05,-0.11,0,-0.01,
0,0,-0.07,-10.05,-0.1,0,-0.01,
0,0,-0.07,-10.05,-0.1,0,-0.01,
0,0,-0.07,-10.05,-0.1,0,-0.01,
0,0,-0.1,-9.99,-0.04,0,-0.01,
0,0,-0.1,-9.99,-0.04,0,-0.01,
0,0,-0.1,-9.99,-0.04,0,-0.01,
0,0,-0.1,-10.05,-0.09,0,-0.01,
0,0,-0.1,-10.05,-0.09,-0.01,-0.01,
0,0,-0.1,-10.05,-0.09,-0.01,-0.01,
0,0,-0.12,-10.02,-0.13,-0.01,-0.01,
0,0,-0.12,-10.02,-0.13,-0.01,-0.01,
0,0,-0.12,-10.02,-0.13,-0.01,-0.01,
0,0,0.12,-9.99,-0.05,-0.01,-0.01,
0,0,0.12,-9.99,-0.05,-0.01,-0.01,
0,0,0.12,-9.99,-0.05,-0.01,-0.01,
0,0,0.06,-9.98,-0.08,-0.01,-0.01,
0,0,0.06,-9.98,-0.08,-0.01,-0.01,
0,0,0.06,-9.98,-0.08,-0.01,-0.01,
0,0,0.08,-10.05,-0.16,0,-0.01,
0,0,0.08,-10.05,-0.16,0,-0.01,
0,0,0.08,-10.05,-0.16,-0.01,-0.01,
0,0,0.07,-10.03,-0.13,0,-0.01,
0,0,0.07,-10.03,-0.13,0,-0.01,
0,0,0.07,-10.03,-0.13,-0.01,-0.01,
0,0,0.03,-9.97,-0.07,0,0,
0,0,0.03,-9.97,-0.07,0,0,
0,0,0.03,-9.97,-0.07,0,-0.01,
0,0,-0.04,-10.05,-0.1,-0.01,-0.01,
0,0,-0.04,-10.05,-0.1,-0.01,-0.01,
0,0,-0.04,-10.05,-0.1,0,-0.01,
0,0,-0.06,-9.97,-0.13,0,-0.01,
0,0,-0.06,-9.97,-0.13,-0.01,-0.01,
0,0,-0.06,-9.97,-0.13,0,-0.01,
0,0,-0.1,-9.98,-0.11,0,-0.01,
0,0,-0.1,-9.98,-0.11,0,-0.01,
0,0,-0.1,-9.98,-0.11,-0.01,-0.01,
0,0,0.06,-10.01,-0.07,-0.01,-0.01,
0,0,0.06,-10.01,-0.07,-0.01,-0.01,
0,0,0.06,-10.01,-0.07,-0.01,-0.01,
0,0,0.08,-10.12,-0.12,-0.01,-0.01,
0,0,0.08,-10.12,-0.12,-0.01,-0.01,
0,0,0.08,-10.12,-0.12,-0.01,-0.01,
0,0,0.09,-10.1,-0.12,0,-0.01,
0,0,0.09,-10.1,-0.12,0,-0.01,
0,0,0.09,-10.1,-0.12,0,-0.01,
0,0,0.09,-10.1,-0.12,0,-0.01,
0,0,0.05,-10.01,-0.03,0,-0.01,
0,0,0.05,-10.01,-0.03,0,-0.01,
0,0,0.05,-10.01,-0.03,0,-0.01,
0,0,-0.03,-10,-0.07,0,-0.01,
0,0,-0.03,-10,-0.07,0,-0.01,
0,0,-0.03,-10,-0.07,0,-0.01,
0,0,0.07,-10.06,-0.13,0,-0.01,
0,0,0.07,-10.06,-0.13,0,-0.01,
0,0,0.07,-10.06,-0.13,0,-0.01,
0,0,0.03,-9.98,-0.08,0,-0.01,
0,0,0.03,-9.98,-0.08,0,-0.01,
0,0,0.03,-9.98,-0.08,0,-0.01,
0,0,-0.04,-10,0.01,-0.01,-0.01,
0,0,-0.04,-10,0.01,-0.01,-0.01,
0,0,-0.04,-10,0.01,0,-0.01,
0,0,-0.07,-10.01,-0.07,0,-0.01,
0,0,-0.07,-10.01,-0.07,0,-0.01,
0,0,-0.07,-10.01,-0.07,-0.01,-0.01,
0,0,0.01,-10.02,-0.04,-0.01,-0.01,
0,0,0.01,-10.02,-0.04,-0.01,-0.01,
0,0,0.01,-10.02,-0.04,0,-0.01,
0,0,-0.06,-10.05,-0.08,0,0,
0,0,-0.06,-10.05,-0.08,0,0,
0,0,-0.06,-10.05,-0.08,0,-0.01,
0,0,-0.04,-10.08,-0.13,0,-0.01,
0,0,-0.04,-10.08,-0.13,0,0,
0,0,-0.04,-10.08,-0.13,0,-0.01,
0,0,-0.09,-10.07,-0.06,0,-0.01,
0,0,-0.09,-10.07,-0.06,0,-0.01,
0,0,-0.09,-10.07,-0.06,0,-0.01,
0,0,0.02,-10.04,-0.01,0,-0.01,
0,0,0.02,-10.04,-0.01,-0.01,0,
0,0,0.02,-10.04,-0.01,-0.01,-0.01,
0,0,0.06,-10.03,-0.1,-0.01,-0.01,
0,0,0.06,-10.03,-0.1,-0.01,-0.01,
0,0,0.06,-10.03,-0.1,-0.01,-0.01,
0,0,0.05,-10.09,-0.15,0,-0.01,
0,0,0.05,-10.09,-0.15,0,-0.01,
0,0,0.05,-10.09,-0.15,0,-0.01,
0,0,0,-10.01,-0.09,0,-0.01,
0,0,0,-10.01,-0.09,0,-0.01,
0,0,0,-10.01,-0.09,0,-0.01,
0,0,-0.1,-9.99,-0.01,0,-0.01,
0,0,-0.1,-9.99,-0.01,0,-0.01,
0,0,-0.1,-9.99,-0.01,0,-0.01,
0,0,-0.03,-10.02,-0.1,-0.01,-0.01,
0,0,-0.03,-10.02,-0.1,-0.01,-0.01,
0,0,-0.03,-10.02,-0.1,-0.01,-0.01,
0,0,0,-10.04,-0.15,0,-0.01,
0,0,0,-10.04,-0.15,0,-0.01,
0,0,0,-10.04,-0.15,0,-0.01,
0,0,-0.01,-10.02,-0.09,0,-0.01,
0,0,-0.01,-10.02,-0.09,0,-0.01,
0,0,-0.01,-10.02,-0.09,-0.01,-0.01,
0,0,0.04,-10,-0.13,0,-0.01,
0,0,0.04,-10,-0.13,0,-0.01,
0,0,0.05,-9.99,-0.07,0,-0.01,
0,0,0.05,-9.99,-0.07,0,-0.01,
0,0,0.05,-9.99,-0.07,0,-0.01,
0,0,0.02,-9.99,-0.13,0,-0.01,
0,0,0.02,-9.99,-0.13,0,-0.01,
0,0,0.02,-9.99,-0.13,0,-0.01,
0,0,0.01,-10,-0.08,0,0,
0,0,0.01,-10,-0.08,0,-0.01,
0,0,0,-10.05,-0.09,-0.01,-0.01,
0,0,0,-10.05,-0.09,-0.01,-0.01,
0,0,0,-10.05,-0.09,0,-0.01,
0,0,-0.04,-9.99,-0.09,0,-0.01,
0,0,-0.04,-9.99,-0.09,0,-0.01,
0,0,-0.04,-9.99,-0.09,0,-0.01,
0,0,0.01,-10.01,-0.06,-0.01,-0.01,
0,0,0.01,-10.01,-0.06,-0.01,-0.01,
0,0,0.01,-10.01,-0.06,-0.01,-0.01,
0,0,-0.01,-10.05,-0.11,-0.01,-0.01,
0,0,-0.01,-10.05,-0.11,0,-0.01,
0,0,-0.01,-10.05,-0.11,0,-0.01,
0,0,-0.02,-10.06,-0.09,-0.01,-0.01,
0,0,-0.02,-10.06,-0.09,-0.01,-0.01,
0,0,-0.02,-10.06,-0.09,-0.01,-0.01,
0,0,0.04,-10.01,-0.1,0,-0.01,
0,0,0.04,-10.01,-0.1,0,-0.01,
0,0,0.04,-10.01,-0.1,-0.01,-0.01,
0,0,0.06,-10.05,-0.1,0,-0.01,
0,0,0.06,-10.05,-0.1,0,-0.01,
0,0,0.06,-10.05,-0.1,0,-0.01,
0,0,0.06,-10.01,-0.09,0,-0.01,
0,0,0.06,-10.01,-0.09,0,-0.01,
0,0,0.06,-10.01,-0.09,0,-0.01,
0,0,0.02,-10.05,-0.08,0,-0.01,
0,0,0.02,-10.05,-0.08,0,-0.01,
0,0,0.02,-10.05,-0.08,0,-0.01,
0,0,-0.06,-10.07,-0.06,0,-0.01,
0,0,-0.06,-10.07,-0.06,0,-0.01,
0,0,-0.06,-10.07,-0.06,0,-0.01,
0,0,0.02,-10.04,-0.11,-0.01,-0.01,
0,0,0.02,-10.04,-0.11,0,0,
0,0,0.02,-10.04,-0.11,0,0,
0,0,-0.07,-9.96,-0.06,0,-0.01,
0,0,-0.07,-9.96,-0.06,0,-0.01,
0,0,-0.07,-9.96,-0.06,0,-0.01,
0,0,0.05,-10.06,-0.14,-0.01,-0.02,
0,0,0.05,-10.06,-0.14,-0.01,-0.02,
0,0,0.05,-10.06,-0.14,0,-0.01,
0,0,0.05,-10.06,-0.14,0,-0.01,
0,0,0,-10.03,-0.11,0,-0.01,
0,0,0,-10.03,-0.11,0,-0.01,
0,0,0,-10.03,-0.11,0,-0.01,
0,0,0.02,-10.03,-0.11,-0.01,-0.01,
0,0,0.02,-10.03,-0.11,-0.01,-0.01,
0,0,0.02,-10.03,-0.11,-0.01,-0.01,
0,0,0.03,-10.05,-0.11,-0.01,-0.01,
0,0,0.03,-10.05,-0.11,-0.01,-0.01,
0,0,0.03,-10.05,-0.11,0,-0.01,
0,0,0,-10.02,-0.14,0,-0.01,
0,0,0,-10.02,-0.14,0,-0.01,
0,0,0,-10.02,-0.14,-0.01,-0.01,
0,0,-0.08,-10.07,-0.11,0,-0.01,
0,0,-0.08,-10.07,-0.11,0,-0.01,
0,0,-0.08,-10.07,-0.11,0,-0.01,
0,0,0.03,-9.96,-0.12,0,-0.01,
0,0,0.03,-9.96,-0.12,0,-0.01,
0,0,0.03,-9.96,-0.12,-0.01,-0.01,
0,0,0.03,-9.99,-0.05,-0.01,-0.01,
0,0,0.03,-9.99,-0.05,0,-0.01,
0,0,0.03,-9.99,-0.05,0,-0.01,
0,0,-0.03,-9.99,-0.12,0,-0.01,
0,0,-0.03,-9.99,-0.12,0,-0.01,
0,0,-0.03,-9.99,-0.12,-0.01,-0.01,
0,0,0,-10.04,-0.1,-0.01,-0.01,
0,0,0,-10.04,-0.1,0,-0.01,
0,0,0,-10.04,-0.1,-0.01,-0.01,
0,0,-0.04,-10.02,-0.04,-0.01,-0.01,
0,0,-0.04,-10.02,-0.04,0,-0.01,
0,0,-0.04,-10.02,-0.04,0,-0.01,
0,0,-0.02,-10.01,-0.02,0,-0.01,
0,0,-0.02,-10.01,-0.02,0,-0.01,
0,0,-0.02,-10.01,-0.02,0,-0.01,
0,0,0.03,-10.04,-0.15,0,-0.01,
0,0,0.03,-10.04,-0.15,-0.01,-0.01,
0,0,0.03,-10.04,-0.15,-0.01,-0.01,
0,0,0.06,-9.98,-0.13,0,0,
0,0,0.06,-9.98,-0.13,-0.01,-0.01,
0,0,0.06,-9.98,-0.13,-0.01,-0.01,
0,0,-0.04,-10.07,-0.08,0,-0.01,
0,0,-0.04,-10.07,-0.08,0,-0.01,
0,0,-0.04,-10.07,-0.08,0,-0.01,
0,0,-0.06,-10.03,-0.13,0,-0.01,
0,0,-0.06,-10.03,-0.13,0,-0.01,
0,0,-0.06,-10.03,-0.13,0,-0.01,
0,0,-0.06,-10.05,-0.07,-0.01,-0.01,
0,0,-0.06,-10.05,-0.07,-0.01,-0.01,
0,0,-0.06,-10.05,-0.07,0,-0.01,
0,0,0.06,-9.95,-0.08,-0.01,-0.01,
0,0,0.06,-9.95,-0.08,-0.01,-0.01,
0,0,0.06,-9.95,-0.08,0,-0.01,
0,0,0,-10.04,-0.14,0,-0.01,
0,0,0,-10.04,-0.14,0,-0.01,
0,0,0,-10.04,-0.14,0,-0.01,
0,0,0.03,-10.02,-0.13,0,-0.01,
0,0,0.03,-10.02,-0.13,0,-0.01,
0,0,0.03,-10.02,-0.13,-0.01,-0.01,
0,0,0.02,-10.02,-0.08,-0.01,-0.01,
0,0,0.02,-10.02,-0.08,0,-0.01,
0,0,0.02,-10.02,-0.08,0,-0.01,
0,0,0.01,-10.06,-0.07,0,-0.01,
0,0,0.01,-10.06,-0.07,0,0,
0,0,0,-10.02,-0.13,0,-0.01,
0,0,0,-10.02,-0.13,0,-0.01,
0,0,0,-10.02,-0.13,-0.01,-0.01,
0,0,-0.01,-10,-0.11,0,0,
0,0,-0.01,-10,-0.11,0,0,
0,0,-0.01,-10,-0.11,-0.01,-0.01,
0,0,-0.05,-10,-0.09,0,-0.01,
0,0,-0.05,-10,-0.09,0,-0.01,
0,0,-0.05,-10,-0.09,0,-0.01,
0,0,0.03,-9.93,-0.05,0,-0.01,
0,0,0.03,-9.93,-0.05,-0.01,-0.01,
0,0,0.03,-9.93,-0.05,0,-0.01,
0,0,0.03,-10.07,-0.01,0,-0.01,
0,0,0.03,-10.07,-0.01,0,-0.01,
0,0,0.03,-10.07,-0.01,-0.01,-0.01,
0,0,-0.06,-10.03,-0.06,-0.01,-0.01,
0,0,-0.06,-10.03,-0.06,-0.01,-0.01,
0,0,-0.06,-10.03,-0.06,0,-0.01,
0,0,-0.15,-10,-0.11,0,-0.01,
0,0,-0.15,-10,-0.11,-0.01,-0.01,
0,0,-0.15,-10,-0.11,-0.01,-0.01,
0,0,-0.12,-9.98,-0.14,0,-0.01,
0,0,-0.12,-9.98,-0.14,-0.01,-0.01,
0,0,-0.12,-9.98,-0.14,-0.01,-0.01,
0,0,-0.04,-10.01,-0.08,-0.01,-0.01,
0,0,-0.04,-10.01,-0.08,0,0,
0,0,-0.04,-10.01,-0.08,0,0,
0,0,-0.04,-9.95,-0.04,-0.01,-0.01,
0,0,-0.04,-9.95,-0.04,0,-0.01,
0,0,-0.04,-9.95,-0.04,0,-0.01,
0,0,0.03,-10.03,-0.06,0,-0.01,
0,0,0.03,-10.03,-0.06,0,-0.01,
0,0,0.03,-10.03,-0.06,-0.01,-0.01,
0,0,0.03,-10.03,-0.06,-0.01,-0.01,
0,0,-0.05,-10.14,0.02,-0.01,-0.01,
0,0,-0.05,-10.14,0.02,0,-0.01,
0,0,-0.05,-10.14,0.02,0,-0.01,
0,0,-0.06,-9.96,-0.16,0,-0.01,
0,0,-0.06,-9.96,-0.16,-0.01,0,
0,0,-0.06,-9.96,-0.16,-0.01,0,
0,0,0.03,-9.94,-0.06,-0.01,-0.01,
0,0,0.03,-9.94,-0.06,0,-0.01,
0,0,0.03,-9.94,-0.06,0,-0.01,
0,0,-0.06,-10.1,-0.26,0,-0.01,
0,0,-0.06,-10.1,-0.26,0,-0.01,
0,0,-0.06,-10.1,-0.26,0,-0.01,
0,0,-0.05,-10.08,-0.1,0,-0.01,
0,0,-0.05,-10.08,-0.1,0,-0.01,
0,0,-0.05,-10.08,-0.1,-0.01,-0.01,
0,0,0.07,-10.05,-0.1,0,-0.01,
0,0,0.07,-10.05,-0.1,0,-0.01,
0,0,0.07,-10.05,-0.1,0,0,
0,0,0.02,-9.99,-0.03,0,-0.01,
0,0,0.02,-9.99,-0.03,0,-0.01,
0,0,0.02,-9.99,-0.03,0,-0.01,
0,0,0.04,-9.99,-0.06,0,-0.01,
0,0,0.04,-9.99,-0.06,0,-0.01,
0,0,0.04,-9.99,-0.06,0,-0.01,
0,0,-0.06,-10.05,-0.12,0,-0.01,
0,0,-0.06,-10.05,-0.12,-0.01,-0.01,
0,0,-0.06,-10.05,-0.12,0,-0.01,
0,0,-0.02,-10.01,-0.04,0,-0.01,
0,0,-0.02,-10.01,-0.04,0,-0.01,
0,0,-0.01,-10.07,-0.08,-0.01,-0.01,
0,0,-0.01,-10.07,-0.08,-0.01,-0.01,
0,0,-0.01,-10.07,-0.08,-0.01,-0.01,
0,0,-0.06,-10.05,-0.17,0,-0.01,
0,0,-0.06,-10.05,-0.17,0,-0.01,
0,0,-0.06,-10.05,-0.17,0,-0.01,
0,0,0,-10,-0.09,0,-0.01,
0,0,0,-10,-0.09,0,-0.01,
0,0,0,-10,-0.09,0,-0.01,
0,0,0.01,-10.07,-0.03,0,-0.01,
0,0,0.01,-10.07,-0.03,0,-0.01,
0,0,0.01,-10.07,-0.03,-0.01,-0.01,
0,0,-0.01,-10.04,-0.01,-0.01,-0.01,
0,0,-0.01,-10.04,-0.01,-0.01,-0.01,
0,0,-0.01,-10.04,-0.01,0,-0.01,
0,0,-0.02,-9.99,-0.06,0,-0.01,
0,0,-0.02,-9.99,-0.06,0,0,
0,0,-0.02,-9.99,-0.06,0,-0.01,
0,0,0,-9.93,-0.06,0,-0.01,
0,0,0,-9.93,-0.06,-0.01,-0.01,
0,0,0,-9.93,-0.06,-0.01,-0.01,
0,0,-0.01,-9.96,-0.06,0,-0.01,
0,0,-0.01,-9.96,-0.06,-0.01,-0.01,
0,0,-0.01,-9.96,-0.06,-0.01,-0.01,
0,0,0.03,-9.99,-0.08,0,-0.01,
0,0,0.03,-9.99,-0.08,0,-0.01,
0,0,0.03,-9.99,-0.08,0,-0.01,
0,0,-0.08,-10.06,-0.08,0,-0.01,
0,0,-0.08,-10.06,-0.08,0,-0.01,
0,0,-0.08,-10.06,-0.08,0,-0.01,
0,0,0.02,-10.05,-0.03,-0.01,-0.01,
0,0,0.02,-10.05,-0.03,-0.01,-0.01,
0,0,0.02,-10.05,-0.03,-0.01,-0.01,
0,0,-0.01,-10.04,-0.14,0,-0.01,
0,0,-0.01,-10.04,-0.14,0,-0.01,
0,0,-0.01,-10.04,-0.14,0,-0.01,
0,0,-0.05,-10.05,-0.06,-0.01,-0.01,
0,0,-0.05,-10.05,-0.06,-0.01,-0.01,
0,0,-0.05,-10.05,-0.06,-0.01,-0.01,
0,0,-0.06,-10.03,-0.09,-0.01,-0.01,
0,0,-0.06,-10.03,-0.09,-0.01,-0.01,
0,0,-0.06,-10.03,-0.09,0,-0.01,
0,0,0.01,-10.07,-0.09,0,-0.01,
0,0,0.01,-10.07,-0.09,0,-0.01,
0,0,0.01,-10.07,-0.09,-0.01,-0.01,
0,0,0.03,-10.03,-0.11,-0.01,-0.01,
0,0,0.03,-10.03,-0.11,0,0,
0,0,0.03,-10.03,-0.11,0,-0.01,
0,0,0,-10.02,-0.13,0,-0.01,
0,0,0,-10.02,-0.13,0,-0.01,
0,0,0,-10.02,-0.13,-0.01,-0.01,
0,0,0,-10.02,-0.13,-0.01,-0.01,
0,0,0.01,-9.97,-0.07,-0.01,0,
0,0,0.01,-9.97,-0.07,-0.01,0,
0,0,0.01,-9.97,-0.07,0,-0.01,
0,0,-0.01,-10.05,-0.07,-0.01,-0.01,
0,0,-0.01,-10.05,-0.07,-0.01,-0.01,
0,0,-0.01,-10.05,-0.07,0,-0.01,
0,0,0.02,-10.01,-0.09,0,-0.01,
0,0,0.02,-10.01,-0.09,0,-0.01,
0,0,-0.03,-10.05,-0.07,0,-0.01,
0,0,-0.03,-10.05,-0.07,-0.01,-0.01,
0,0,-0.03,-10.05,-0.07,-0.01,-0.01,
0,0,-0.03,-10.05,-0.07,0,-0.01,
0,0,0.03,-10.03,-0.13,0,-0.01,
0,0,0.03,-10.03,-0.13,0,-0.01,
0,0,0.03,-10.03,-0.13,0,-0.01,
0,0,-0.06,-10.03,-0.06,0,-0.01,
0,0,-0.06,-10.03,-0.06,-0.01,-0.01,
0,0,-0.06,-10.03,-0.06,-0.01,-0.01,
0,0,0.04,-9.98,-0.02,0,-0.01,
0,0,0.04,-9.98,-0.02,0,-0.01,
0,0,0.04,-9.98,-0.02,0,-0.01,
0,0,0.05,-10.01,-0.06,0,-0.01,
0,0,0.05,-10.01,-0.06,0,-0.01,
0,0,0.05,-10.01,-0.06,0,-0.01,
0,0,0.02,-10.06,-0.09,-0.01,-0.01,
0,0,0.02,-10.06,-0.09,-0.01,-0.01,
0,0,0.02,-10.06,-0.09,-0.01,-0.01,
0,0,-0.03,-10.1,-0.11,-0.01,-0.01,
0,0,-0.03,-10.1,-0.11,-0.01,-0.01,
0,0,-0.03,-10.1,-0.11,0,-0.01,
0,0,-0.09,-10.04,-0.06,-0.01,-0.01,
0,0,-0.09,-10.04,-0.06,-0.01,-0.01,
0,0,-0.09,-10.04,-0.06,0,-0.01,
0,0,0.01,-10.06,-0.04,-0.01,-0.01,
0,0,0.01,-10.06,-0.04,-0.01,-0.01,
0,0,0.01,-10.06,-0.04,0,-0.01,
0,0,0.01,-10.01,-0.13,0,-0.01,
0,0,0.01,-10.01,-0.13,0,-0.01,
0,0,0.01,-10.01,-0.13,0,-0.01,
0,0,0.05,-10.04,-0.08,0,-0.01,
0,0,0.05,-10.04,-0.08,0,-0.01,
0,0,0.05,-10.04,-0.08,0,-0.01,
0,0,-0.05,-10.05,-0.07,0,-0.01,
0,0,-0.05,-10.05,-0.07,0,-0.01,
0,0,-0.05,-10.05,-0.07,0,-0.01,
0,0,0,-10.02,-0.04,0,-0.01,
0,0,0,-10.02,-0.04,0,-0.01,
0,0,0,-10.02,-0.04,-0.01,-0.01,
0,0,0.05,-10.07,-0.12,-0.01,-0.01,
0,0,0.05,-10.07,-0.12,0,-0.01,
0,0,0.05,-10.07,-0.12,-0.01,-0.01,
0,0,-0.01,-10.01,-0.13,-0.01,-0.01,
0,0,-0.01,-10.01,-0.13,0,-0.01,
0,0,-0.01,-10.01,-0.13,0,-0.01,
0,0,-0.06,-9.96,-0.08,0,-0.01,
0,0,-0.06,-9.96,-0.08,-0.01,-0.01,
0,0,-0.06,-9.96,-0.08,-0.01,-0.01,
0,0,0.01,-10.1,-0.09,0,-0.01,
0,0,0.01,-10.1,-0.09,0,0,
0,0,-0.02,-10,-0.1,0,0,
0,0,-0.02,-10,-0.1,-0.01,-0.01,
0,0,-0.02,-10,-0.1,0,-0.01,
0,0,0.03,-10,-0.09,0,-0.01,
0,0,0.03,-10,-0.09,0,-0.01,
0,0,0.03,-10,-0.09,0,-0.01,
0,0,0.02,-10.01,-0.06,0,-0.01,
0,0,0.02,-10.01,-0.06,0,-0.01,
0,0,0.02,-10.01,-0.06,0,-0.01,
0,0,-0.03,-10.02,-0.09,0,-0.01,
0,0,-0.03,-10.02,-0.09,-0.01,-0.01,
0,0,-0.03,-10.02,-0.09,-0.01,-0.01,
0,0,0.07,-10.01,-0.1,0,0,
0,0,0.07,-10.01,-0.1,-0.01,-0.01,
0,0,0.07,-10.01,-0.1,-0.01,-0.01,
0,0,-0.01,-10.06,-0.12,-0.01,-0.01,
0,0,-0.01,-10.06,-0.12,0,-0.01,
0,0,-0.01,-10.06,-0.12,0,-0.01,
0,0,0.02,-10.05,-0.14,0,-0.01,
0,0,0.02,-10.05,-0.14,-0.01,-0.01,
0,0,0.02,-10.05,-0.14,-0.01,-0.01,
0,0,0.03,-10.06,-0.08,0,-0.01,
0,0,0.03,-10.06,-0.08,0,-0.01,
0,0,0.03,-10.06,-0.08,0,-0.01,
0,0,0,-10.06,-0.09,0,-0.01,
0,0,0,-10.06,-0.09,0,-0.01,
0,0,0,-10.06,-0.09,0,-0.01,
0,0,0.01,-9.99,-0.06,-0.01,-0.01,
0,0,0.01,-9.99,-0.06,-0.01,-0.01,
0,0,0.01,-9.99,-0.06,-0.01,-0.01,
0,0,-0.06,-10.06,-0.1,-0.01,-0.01,
0,0,-0.06,-10.06,-0.1,-0.01,-0.01,
0,0,-0.06,-10.06,-0.1,0,-0.01,
0,0,-0.04,-10.01,-0.08,0,-0.01,
0,0,-0.04,-10.01,-0.08,0,-0.01,
0,0,-0.04,-10.01,-0.08,-0.01,-0.01,
0,0,0.07,-10.01,-0.09,-0.01,-0.01,
0,0,0.07,-10.01,-0.09,-0.01,-0.01,
0,0,0.07,-10.01,-0.09,0,-0.01,
0,0,0.02,-9.96,-0.13,0,-0.01,
0,0,0.02,-9.96,-0.13,-0.01,-0.01,
0,0,0.02,-9.96,-0.13,0,-0.01,
0,0,0.07,-10,-0.09,0,-0.01,
0,0,0.07,-10,-0.09,-0.01,-0.01,
0,0,0.07,-10,-0.09,0,-0.01,
0,0,0.05,-10.01,-0.08,0,-0.01,
0,0,0.05,-10.01,-0.08,0,0,
0,0,0.05,-10.01,-0.08,0,0,
0,0,0,-10,-0.08,0,-0.01,
0,0,0,-10,-0.08,0,-0.01,
0,0,0,-10,-0.08,0,-0.01,
0,0,0,-10.03,-0.1,0,0,
0,0,0,-10.03,-0.1,0,0,
0,0,0,-10.03,-0.1,0,-0.01,
0,0,0,-10.03,-0.1,0,-0.01,
0,0,-0.05,-10.06,-0.11,0,-0.01,
0,0,-0.05,-10.06,-0.11,-0.01,-0.01,
0,0,-0.05,-10.06,-0.11,-0.01,-0.01,
0,0,-0.01,-10.04,-0.11,-0.01,-0.01,
0,0,-0.01,-10.04,-0.11,0,-0.01,
0,0,-0.01,-10.04,-0.11,0,-0.01,
0,0,0.03,-10.01,-0.14,-0.01,-0.01,
0,0,0.03,-10.01,-0.14,-0.01,-0.01,
0,0,0.03,-10.01,-0.14,-0.01,-0.01,
0,0,0.02,-10.05,-0.1,0,-0.01,
0,0,0.02,-10.05,-0.1,0,-0.01,
0,0,0.02,-10.05,-0.1,0,-0.01,
0,0,0,-9.99,-0.08,0,-0.01,
0,0,0,-9.99,-0.08,0,-0.01,
0,0,0,-9.99,-0.08,-0.01,-0.01,
0,0,0,-10.05,-0.08,0,-0.01,
0,0,0,-10.05,-0.08,0,-0.01,
0,0,0,-10.05,-0.08,0,0,
0,0,-0.05,-10.05,-0.08,0,-0.01,
0,0,-0.05,-10.05,-0.08,0,-0.01,
0,0,-0.05,-10.05,-0.08,0,-0.01,
0,0,-0.06,-10.01,-0.11,0,-0.01,
0,0,-0.06,-10.01,-0.11,0,-0.01,
0,0,-0.06,-10.01,-0.11,0,-0.01,
0,0,-0.04,-10.02,-0.1,0,-0.01,
0,0,-0.04,-10.02,-0.1,-0.01,-0.01,
0,0,-0.04,-10.02,-0.1,0,-0.01,
0,0,-0.02,-10.04,-0.05,0,-0.01,
0,0,-0.02,-10.04,-0.05,0,-0.01,
0,0,-0.02,-10.04,-0.05,-0.01,-0.01,
0,0,0.03,-10.08,-0.07,-0.01,-0.01,
0,0,0.03,-10.08,-0.07,0,-0.01,
0,0,0.03,-10.08,-0.07,0,-0.01,
0,0,0.01,-10.02,-0.04,-0.01,-0.01,
0,0,0.01,-10.02,-0.04,-0.01,-0.01,
0,0,0.01,-10.02,-0.04,-0.01,-0.01,
0,0,0.03,-10.02,-0.05,-0.01,-0.01,
0,0,0.03,-10.02,-0.05,-0.01,-0.01,
0,0,0.03,-10.02,-0.05,-0.01,-0.01,
0,0,0.07,-10.06,-0.12,-0.01,-0.01,
0,0,0.07,-10.06,-0.12,-0.01,-0.01,
0,0,0.07,-10.06,-0.12,-0.01,-0.01,
0,0,-0.09,-10.04,-0.11,0,-0.01,
0,0,-0.09,-10.04,-0.11,0,-0.01,
0,0,-0.09,-10.04,-0.11,0,-0.01,
0,0,0.03,-10.06,-0.09,-0.01,-0.01,
0,0,0.03,-10.06,-0.09,-0.01,-0.01,
0,0,0.03,-10.06,-0.09,0,-0.01,
0,0,0.02,-10.08,-0.09,0,-0.01,
0,0,0.02,-10.08,-0.09,0,-0.01,
0,0,0.02,-10.08,-0.09,0,-0.01,
0,0,0,-10.02,-0.11,0,-0.01,
0,0,0,-10.02,-0.11,0,-0.01,
0,0,0,-10.02,-0.11,0,-0.01,
0,0,-0.01,-10.04,-0.07,0,-0.01,
0,0,-0.01,-10.04,-0.07,0,-0.01,
0,0,-0.01,-10.04,-0.07,-0.01,-0.01,
0,0,0.02,-10.07,-0.07,-0.01,-0.01,
0,0,0.02,-10.07,-0.07,0,-0.01,
0,0,0.02,-10.07,-0.07,-0.01,0,
0,0,0,-10.11,-0.22,-0.01,0,
0,0,0,-10.11,-0.22,0,-0.01,
0,0,0,-10.11,-0.22,0,-0.01,
0,0,-0.04,-10.05,-0.11,0,-0.01,
0,0,-0.04,-10.05,-0.11,0,-0.01,
0,0,-0.04,-10.05,-0.11,0,-0.01,
0,0,-0.03,-9.95,-0.04,0,-0.01,
0,0,-0.03,-9.95,-0.04,0,-0.01,
0,0,-0.03,-9.95,-0.04,0,-0.01,
0,0,-0.02,-9.99,-0.08,0,-0.01,
0,0,-0.02,-9.99,-0.08,0,-0.01,
0,0,-0.02,-9.99,-0.08,0,-0.01,
0,0,0.02,-10,-0.11,0,-0.01,
0,0,0.02,-10,-0.11,-0.01,-0.01,
0,0,0.02,-10,-0.11,-0.01,-0.01,
0,0,0.04,-10.06,-0.13,0,-0.01,
0,0,0.04,-10.06,-0.13,0,-0.01,
0,0,0.04,-10.06,-0.13,0,-0.01,
0,0,0.01,-10.01,-0.09,-0.01,0,
0,0,0.01,-10.01,-0.09,-0.01,0,
0,0,0.01,-10.01,-0.09,-0.01,-0.01,
0,0,0.01,-9.99,-0.11,0,-0.01,
0,0,0.01,-9.99,-0.11,0,-0.01,
0,0,0.01,-9.99,-0.11,0,-0.01,
0,0,0.03,-10.03,-0.17,0,-0.01,
0,0,0.03,-10.03,-0.17,-0.01,-0.01,
0,0,0.03,-10.03,-0.17,0,-0.01,
0,0,0.04,-10.04,-0.05,0,-0.01,
0,0,0.04,-10.04,-0.05,0,-0.01,
0,0,0.04,-10.04,-0.05,0,-0.01,
0,0,0,-9.97,-0.09,-0.01,0,
0,0,0,-9.97,-0.09,0,0,
0,0,0,-9.97,-0.09,0,0,
0,0,0,-9.97,-0.09,0,-0.01,
0,0,0,-10.09,-0.08,0,-0.01,
0,0,0,-10.09,-0.08,0,-0.01,
0,0,0,-10.09,-0.08,0,-0.01,
0,0,-0.06,-10.02,-0.06,0,-0.01,
0,0,-0.06,-10.02,-0.06,0,0,
0,0,-0.06,-10.02,-0.06,0,0,
0,0,0.05,-10,-0.07,-0.01,-0.01,
0,0,0.05,-10,-0.07,0,-0.01,
0,0,0.05,-10,-0.07,0,-0.01,
0,0,0.04,-10.02,-0.08,0,-0.01,
0,0,0.04,-10.02,-0.08,-0.01,-0.01,
0,0,0.04,-10.02,-0.08,-0.01,-0.01,
0,0,0,-10.05,-0.13,-0.01,-0.01,
0,0,0,-10.05,-0.13,0,-0.01,
0,0,0,-10.05,-0.13,0,-0.01,
0,0,-0.08,-10,-0.06,0,-0.01,
0,0,-0.08,-10,-0.06,0,-0.01,
0,0,-0.08,-10,-0.06,0,-0.01,
0,0,-0.02,-10.02,-0.03,-0.01,-0.01,
0,0,-0.02,-10.02,-0.03,-0.01,-0.01,
0,0,-0.02,-10.02,-0.03,0,0,
0,0,0,-10.05,-0.15,0,-0.01,
0,0,0,-10.05,-0.15,0,-0.01,
0,0,0,-10.05,-0.15,0,-0.01,
0,0,-0.01,-10.02,-0.09,-0.01,-0.01,
0,0,-0.01,-10.02,-0.09,-0.01,-0.01,
0,0,-0.01,-10.02,-0.09,0,-0.01,
0,0,0.02,-10.04,-0.05,0,-0.01,
0,0,0.02,-10.04,-0.05,0,-0.01,
0,0,0.02,-10.04,-0.05,0,-0.01,
0,0,0.06,-10.04,-0.11,0,-0.01,
0,0,0.06,-10.04,-0.11,0,-0.01,
0,0,0.06,-10.04,-0.11,0,-0.01,
0,0,-0.02,-10.05,-0.1,0,-0.01,
0,0,-0.02,-10.05,-0.1,0,0,
0,0,-0.02,-10.05,-0.1,0,-0.01,
0,0,-0.02,-9.99,-0.08,0,-0.01,
0,0,-0.02,-9.99,-0.08,-0.01,-0.01,
0,0,-0.02,-9.99,-0.08,-0.01,-0.01,
0,0,-0.01,-10.06,-0.05,-0.01,-0.01,
0,0,-0.01,-10.06,-0.05,-0.01,-0.01,
0,0,-0.01,-10.06,-0.05,-0.01,-0.01,
0,0,-0.01,-10,-0.1,0,-0.01,
0,0,-0.01,-10,-0.1,0,-0.01,
0,0,-0.01,-10,-0.1,0,-0.01,
0,0,-0.01,-9.99,-0.12,0,-0.01,
0,0,-0.01,-9.99,-0.12,0,-0.01,
0,0,-0.01,-9.99,-0.12,0,-0.01,
0,0,0.02,-10.07,-0.03,0,0,
0,0,0.02,-10.07,-0.03,0,0,
0,0,0.02,-10.07,-0.03,0,-0.01,
0,0,-0.04,-10.09,-0.14,-0.01,-0.01,
0,0,-0.04,-10.09,-0.14,-0.01,-0.01,
0,0,-0.04,-10.09,-0.14,0,-0.01,
0,0,-0.01,-10.07,-0.07,0,-0.01,
0,0,-0.01,-10.07,-0.07,0,-0.01,
0,0,-0.01,-10.07,-0.07,0,-0.01,
0,0,0.02,-10.05,-0.06,0,0,
0,0,0.02,-10.05,-0.06,0,0,
0,0,0.02,-10.05,-0.06,0,-0.01,
0,0,0.02,-10,-0.07,-0.01,-0.01,
0,0,0.02,-10,-0.07,-0.01,-0.01,
0,0,0.02,-10,-0.07,-0.01,-0.01,
0,0,-0.01,-10.05,-0.13,-0.01,-0.01,
0,0,-0.01,-10.05,-0.13,-0.01,-0.01,
0,0,-0.01,-10.05,-0.13,0,-0.01,
0,0,0.02,-10.07,-0.09,0,-0.01,
0,0,0.02,-10.07,-0.09,0,-0.01,
0,0,0.02,-10.07,-0.09,-0.01,-0.01,
0,0,0.04,-10.02,-0.1,-0.01,-0.01,
0,0,0.04,-10.02,-0.1,0,0,
0,0,0.04,-10.02,-0.1,-0.01,-0.01,
0,0,-0.02,-10,-0.13,-0.01,-0.01,
0,0,-0.02,-10,-0.13,-0.01,-0.01,
0,0,-0.02,-10,-0.13,-0.01,-0.01,
0,0,0.08,-10.01,-0.06,-0.01,-0.01,
0,0,0.08,-10.01,-0.06,0,-0.01,
0,0,0.06,-9.98,-0.09,0,-0.01,
0,0,0.06,-9.98,-0.09,0,-0.01,
0,0,0.06,-9.98,-0.09,0,-0.01,
0,0,0.06,-9.98,-0.09,0,-0.01,
0,0,0.07,-10.05,-0.11,-0.01,-0.01,
0,0,0.07,-10.05,-0.11,0,-0.01,
0,0,0.07,-10.05,-0.11,0,-0.01,
0,0,0.02,-10.06,-0.11,0,-0.01,
0,0,0.02,-10.06,-0.11,0,-0.01,
0,0,0.02,-10.06,-0.11,0,-0.01,
0,0,-0.01,-10.06,-0.11,-0.01,-0.01,
0,0,-0.01,-10.06,-0.11,-0.01,-0.01,
0,0,-0.01,-10.06,-0.11,0,-0.01,
0,0,-0.06,-10,-0.1,0,-0.01,
0,0,-0.06,-10,-0.1,0,-0.01,
0,0,-0.06,-10,-0.1,-0.01,-0.01,
0,0,0.05,-10.08,-0.11,-0.01,-0.01,
0,0,0.05,-10.08,-0.11,-0.01,-0.01,
0,0,0.05,-10.08,-0.11,0,-0.01,
0,0,0.05,-9.99,-0.06,0,-0.01,
0,0,0.05,-9.99,-0.06,0,-0.01,
0,0,0.05,-9.99,-0.06,0,-0.01,
0,0,0.02,-10.07,-0.04,0,-0.01,
0,0,0.02,-10.07,-0.04,0,-0.01,
0,0,0.02,-10.07,-0.04,0,-0.01,
0,0,0.02,-10,-0.08,0,-0.01,
0,0,0.02,-10,-0.08,0,-0.01,
0,0,0.02,-10,-0.08,0,-0.01,
0,0,-0.01,-10.03,-0.01,0,-0.01,
0,0,-0.01,-10.03,-0.01,0,-0.01,
0,0,-0.01,-10.03,-0.01,0,-0.01,
0,0,0.07,-10.06,-0.1,0,-0.01,
0,0,0.07,-10.06,-0.1,0,-0.01,
0,0,0.07,-10.06,-0.1,0,-0.01,
0,0,0.02,-10.05,-0.09,0,-0.01,
0,0,0.02,-10.05,-0.09,0,-0.01,
0,0,0.02,-10.05,-0.09,0,-0.01,
0,0,0.04,-10.03,-0.1,0,-0.01,
0,0,0.04,-10.03,-0.1,0,-0.01,
0,0,0.04,-10.03,-0.1,0,-0.01,
0,0,-0.08,-9.98,-0.03,-0.01,-0.01,
0,0,-0.08,-9.98,-0.03,-0.01,-0.01,
0,0,-0.08,-9.98,-0.03,0,-0.01,
0,0,0,-9.96,-0.08,0,-0.01,
0,0,0,-9.96,-0.08,0,-0.01,
0,0,0,-9.96,-0.08,-0.01,-0.01,
0,0,-0.03,-10.03,-0.11,0,-0.01,
0,0,-0.03,-10.03,-0.11,0,-0.01,
0,0,-0.03,-10.03,-0.11,-0.01,-0.01,
0,0,-0.03,-10.03,-0.11,-0.01,-0.01,
0,0,-0.03,-10.03,-0.11,0,-0.01,
0,0,-0.03,-10.03,-0.11,-0.01,-0.01,
0,0,0.01,-10,-0.05,-0.01,-0.01,
0,0,0.01,-10,-0.05,0,-0.01,
0,0,0.01,-10,-0.05,0,-0.01,
0,0,0.04,-10.04,-0.11,0,-0.01,
0,0,0.04,-10.04,-0.11,-0.01,-0.01,
0,0,0.04,-10.04,-0.11,0,-0.01,
0,0,0.05,-9.93,-0.11,0,-0.01,
0,0,0.05,-9.93,-0.11,0,-0.01,
0,0,0.05,-9.93,-0.11,-0.01,-0.01,
0,0,-0.01,-10.08,-0.12,-0.01,-0.01,
0,0,-0.01,-10.08,-0.12,-0.01,-0.01,
0,0,-0.01,-10.08,-0.12,-0.01,-0.01,
0,0,-0.02,-10.02,-0.11,-0.01,-0.01,
0,0,-0.02,-10.02,-0.11,0,-0.01,
0,0,-0.02,-10.02,-0.11,0,-0.01,
0,0,-0.03,-10.05,-0.08,0,-0.01,
0,0,-0.03,-10.05,-0.08,0,-0.01,
0,0,-0.03,-10.05,-0.08,0,-0.01,
0,0,0.01,-9.97,-0.09,-0.01,-0.01,
0,0,0.01,-9.97,-0.09,0,-0.01,
0,0,0.01,-9.97,-0.09,0,-0.01,
0,0,-0.02,-10.06,-0.06,-0.01,-0.01,
0,0,-0.02,-10.06,-0.06,-0.01,-0.01,
0,0,-0.02,-10.06,-0.06,-0.01,-0.01,
0,0,-0.06,-10.05,-0.06,0,-0.01,
0,0,-0.06,-10.05,-0.06,0,-0.01,
0,0,-0.06,-10.05,-0.06,0,-0.01,
0,0,-0.02,-10.02,-0.11,-0.01,-0.01,
0,0,-0.02,-10.02,-0.11,-0.01,-0.01,
0,0,-0.02,-10.02,-0.11,0,-0.01,
0,0,-0.04,-10.1,-0.12,0,-0.01,
0,0,-0.04,-10.1,-0.12,0,-0.01,
0,0,-0.04,-10.1,-0.12,0,-0.01,
0,0,0.01,-10.02,-0.13,0,-0.01,
0,0,0.01,-10.02,-0.13,0,-0.01,
0,0,0.01,-10.02,-0.13,-0.01,-0.01,
0,0,0.02,-10.07,-0.12,0,-0.01,
0,0,0.02,-10.07,-0.12,0,-0.01,
0,0,-0.01,-10.03,-0.13,0,-0.01,
0,0,-0.01,-10.03,-0.13,0,-0.01,
0,0,-0.01,-10.03,-0.13,-0.01,-0.01,
0,0,0.02,-10.03,0,0,-0.01,
0,0,0.02,-10.03,0,0,-0.01,
0,0,0.02,-10.03,0,-0.01,-0.01,
0,0,0.06,-10,-0.02,0,-0.01,
0,0,0.06,-10,-0.02,0,-0.01,
0,0,0.06,-10,-0.02,-0.01,-0.01,
0,0,-0.03,-10.1,-0.12,-0.01,-0.01,
0,0,-0.03,-10.1,-0.12,-0.01,-0.01,
0,0,-0.03,-10.1,-0.12,0,0,
0,0,0.07,-10.06,-0.12,0,0,
0,0,0.07,-10.06,-0.12,0,-0.01,
0,0,0.07,-10.06,-0.12,-0.01,-0.01,
0,0,0.01,-10,-0.11,-0.01,-0.01,
0,0,0.01,-10,-0.11,0,-0.01,
0,0,0.01,-10,-0.11,-0.01,-0.01,
0,0,-0.06,-9.93,-0.09,-0.01,-0.01,
0,0,-0.06,-9.93,-0.09,0,-0.01,
0,0,-0.06,-9.93,-0.09,-0.01,-0.01,
0,0,-0.06,-9.93,-0.09,-0.01,-0.01,
0,0,0.08,-9.9,-0.1,-0.01,-0.01,
0,0,0.08,-9.9,-0.1,-0.01,-0.01,
0,0,0.02,-10.05,-0.09,-0.01,-0.01,
0,0,0.02,-10.05,-0.09,-0.01,-0.01,
0,0,0.02,-10.05,-0.09,-0.01,-0.01,
0,0,-0.02,-10.02,-0.09,0,-0.01,
0,0,-0.02,-10.02,-0.09,0,-0.01,
0,0,-0.02,-10.02,-0.09,0,-0.01,
0,0,0.01,-10.05,-0.15,-0.01,-0.01,
0,0,0.01,-10.05,-0.15,-0.01,-0.01,
0,0,0.01,-10.05,-0.15,-0.01,-0.01,
0,0,-0.01,-9.94,-0.07,0,-0.01,
0,0,-0.01,-9.94,-0.07,0,-0.01,
0,0,-0.01,-9.94,-0.07,0,-0.01,
0,0,0.01,-10.02,-0.01,-0.01,-0.01,
0,0,0.01,-10.02,-0.01,-0.01,-0.01,
0,0,0.01,-10.02,-0.01,0,-0.01,
0,0,0.01,-10.13,-0.09,0,-0.01,
0,0,0.01,-10.13,-0.09,0,-0.01,
0,0,0.01,-10.13,-0.09,-0.01,-0.01,
0,0,0.02,-10.1,-0.14,0,0,
0,0,0.02,-10.1,-0.14,0,0,
0,0,0.02,-10.1,-0.14,-0.01,-0.01,
0,0,0.11,-10,-0.1,0,-0.01,
0,0,0.11,-10,-0.1,0,-0.01,
0,0,0.11,-10,-0.1,-0.01,-0.01,
0,0,-0.02,-10.02,-0.11,-0.01,-0.01,
0,0,-0.02,-10.02,-0.11,-0.01,-0.01,
0,0,-0.02,-10.02,-0.11,-0.01,0,
0,0,0,-10.02,-0.07,0,-0.01,
0,0,0,-10.02,-0.07,0,-0.01,
0,0,0,-10.02,-0.07,0,-0.01,
0,0,-0.02,-10.07,-0.04,0,-0.01,
0,0,-0.02,-10.07,-0.04,0,-0.01,
0,0,-0.02,-10.07,-0.04,-0.01,-0.01,
0,0,0.04,-10.03,-0.07,-0.01,-0.01,
0,0,0.04,-10.03,-0.07,-0.01,-0.01,
0,0,0.04,-10.03,-0.07,0,-0.01,
0,0,0.01,-9.99,-0.11,0,-0.01,
0,0,0.01,-9.99,-0.11,0,-0.01,
0,0,-0.03,-9.98,-0.1,-0.01,-0.01,
0,0,-0.03,-9.98,-0.1,0,-0.01,
0,0,-0.03,-9.98,-0.1,0,-0.01,
0,0,-0.06,-10.04,-0.11,0,-0.01,
0,0,-0.06,-10.04,-0.11,0,-0.01,
0,0,-0.06,-10.04,-0.11,0,-0.01,
0,0,-0.06,-10.04,-0.11,-0.01,-0.01,
0,0,-0.11,-10.06,-0.11,-0.01,-0.01,
0,0,-0.11,-10.06,-0.11,-0.01,-0.01,
0,0,-0.11,-10.06,-0.11,-0.01,-0.01,
0,0,-0.02,-10.06,-0.09,-0.01,-0.01,
0,0,-0.02,-10.06,-0.09,0,-0.01,
0,0,0.05,-10.05,-0.08,0,-0.01,
0,0,0.05,-10.05,-0.08,0,-0.01,
0,0,0.05,-10.05,-0.08,0,-0.01,
0,0,0.04,-10.03,0,0,-0.01,
0,0,0.04,-10.03,0,-0.01,-0.01,
0,0,0.04,-10.03,0,-0.01,-0.01,
0,0,0.03,-10.07,-0.12,-0.01,-0.01,
0,0,0.03,-10.07,-0.12,0,-0.01,
0,0,0.03,-10.07,-0.12,0,-0.01,
0,0,-0.06,-10.07,-0.08,0,-0.01,
0,0,-0.06,-10.07,-0.08,0,-0.01,
0,0,-0.06,-10.07,-0.08,0,-0.01,
0,0,-0.02,-10.05,-0.13,0,-0.01,
0,0,-0.02,-10.05,-0.13,-0.01,-0.01,
0,0,-0.02,-10.05,-0.13,-0.01,-0.01,
0,0,0.03,-9.98,-0.07,0,-0.01,
0,0,0.03,-9.98,-0.07,0,-0.01,
0,0,0.03,-9.98,-0.07,0,-0.01,
0,0,0.03,-10.03,-0.04,0,-0.01,
0,0,0.03,-10.03,-0.04,0,-0.01,
0,0,0.03,-10.03,-0.04,0,-0.01,
0,0,-0.02,-10.03,-0.12,0,0,
0,0,-0.02,-10.03,-0.12,0,-0.01,
0,0,-0.02,-10.03,-0.12,0,-0.01,
0,0,0.02,-10.03,-0.14,0,-0.01,
0,0,0.02,-10.03,-0.14,-0.01,-0.01,
0,0,0.02,-10.03,-0.14,-0.01,-0.01,
0,0,-0.01,-10.08,-0.09,0,-0.01,
0,0,-0.01,-10.08,-0.09,0,-0.01,
0,0,-0.01,-10.08,-0.09,0,-0.01,
0,0,0,-9.97,-0.11,0,-0.01,
0,0,0,-9.97,-0.11,0,-0.01,
0,0,0,-9.97,-0.11,0,-0.01,
0,0,-0.05,-10.13,-0.12,0,-0.01,
0,0,-0.05,-10.13,-0.12,0,-0.01,
0,0,-0.05,-10.13,-0.12,0,-0.01,
0,0,-0.07,-10,-0.14,-0.01,-0.01,
0,0,-0.07,-10,-0.14,-0.01,-0.01,
0,0,-0.07,-10,-0.14,0,-0.01,
0,0,0.05,-10.08,-0.06,0,-0.01,
0,0,0.05,-10.08,-0.06,0,-0.01,
0,0,0.05,-10.08,-0.06,0,-0.01,
0,0,0.01,-10.05,-0.14,0,-0.01,
0,0,0.01,-10.05,-0.14,0,-0.01,
0,0,0.01,-10.05,-0.14,0,-0.01,
0,0,0.01,-10.02,-0.11,0,-0.01,
0,0,0.01,-10.02,-0.11,0,-0.01,
0,0,0.01,-10.02,-0.11,0,-0.01,
0,0,0.03,-10.04,-0.15,0,0,
0,0,0.03,-10.04,-0.15,-0.01,0,
0,0,0.03,-10.04,-0.15,-0.01,0,
0,0,0.01,-10.04,-0.11,0,-0.01,
0,0,0.01,-10.04,-0.11,-0.01,-0.01,
0,0,0.01,-10.04,-0.11,-0.01,-0.01,
0,0,0.01,-10.04,-0.11,0,-0.01,
0,0,0,-10.03,-0.1,0,-0.01,
0,0,0,-10.03,-0.1,0,-0.01,
0,0,0,-10.03,-0.1,0,-0.01,
0,0,0.02,-10.02,-0.11,0,-0.01,
0,0,0.02,-10.02,-0.11,0,-0.01,
0,0,0.02,-10.02,-0.11,0,-0.01,
0,0,-0.01,-10.01,-0.08,0,-0.01,
0,0,-0.01,-10.01,-0.08,-0.01,-0.01,
0,0,-0.01,-10.01,-0.08,0,-0.01,
0,0,0,-10.01,-0.1,0,-0.01,
0,0,0,-10.01,-0.1,0,-0.01,
0,0,0,-10.01,-0.1,0,-0.01,
0,0,0,-10.01,-0.14,-0.01,-0.01,
0,0,0,-10.01,-0.14,0,-0.01,
0,0,-0.07,-10.04,-0.08,0,-0.01,
0,0,-0.07,-10.04,-0.08,0,-0.01,
0,0,-0.07,-10.04,-0.08,0,-0.01,
0,0,-0.03,-10.02,-0.05,0,-0.01,
0,0,-0.03,-10.02,-0.05,0,-0.01,
0,0,-0.03,-10.02,-0.05,-0.01,-0.01,
0,0,-0.03,-10.03,-0.11,-0.01,-0.01,
0,0,-0.03,-10.03,-0.11,-0.01,-0.01,
0,0,-0.03,-10.03,-0.11,-0.01,-0.01,
0,0,0.05,-10.02,-0.12,-0.01,-0.01,
0,0,0.05,-10.02,-0.12,-0.01,-0.01,
0,0,0.05,-10.02,-0.12,-0.01,-0.01,
0,0,0.01,-10.08,-0.13,-0.01,-0.01,
0,0,0.01,-10.08,-0.13,0,-0.01,
0,0,0.01,-10.08,-0.13,0,-0.01,
0,0,-0.04,-10.04,-0.09,0,-0.01,
0,0,-0.04,-10.04,-0.09,0,-0.01,
0,0,-0.04,-10.04,-0.09,0,-0.01,
0,0,-0.09,-9.98,-0.13,0,-0.01,
0,0,-0.09,-9.98,-0.13,-0.01,-0.01,
0,0,-0.09,-9.98,-0.13,-0.01,-0.01,
0,0,-0.03,-10,-0.09,0,-0.01,
0,0,-0.03,-10,-0.09,-0.01,0,
0,0,-0.03,-10,-0.09,-0.01,0,
0,0,0,-10.06,-0.1,-0.01,-0.01,
0,0,0,-10.06,-0.1,0,-0.01,
0,0,0,-10.06,-0.1,0,-0.01,
0,0,0.03,-10.06,-0.12,0,-0.01,
0,0,0.03,-10.06,-0.12,-0.01,-0.01,
0,0,0.03,-10.06,-0.12,-0.01,-0.01,
0,0,-0.03,-10.01,-0.06,0,-0.01,
0,0,-0.03,-10.01,-0.06,0,-0.01,
0,0,-0.03,-10.01,-0.06,0,-0.01,
0,0,0.04,-9.99,-0.04,0,-0.01,
0,0,0.04,-9.99,-0.04,0,-0.01,
0,0,0.04,-9.99,-0.04,0,-0.01,
0,0,0.07,-10,-0.11,0,-0.01,
0,0,0.07,-10,-0.11,0,-0.01,
0,0,0.07,-10,-0.11,0,-0.01,
0,0,0.03,-10,-0.11,0,-0.01,
0,0,0.03,-10,-0.11,0,-0.01,
0,0,0.03,-10,-0.11,0,-0.01,
0,0,0.04,-10.1,-0.08,0,-0.01,
0,0,0.04,-10.1,-0.08,0,-0.01,
0,0,0.04,-10.1,-0.08,0,-0.01,
0,0,0.02,-9.99,-0.11,0,-0.01,
0,0,0.02,-9.99,-0.11,0,-0.01,
0,0,0.02,-9.99,-0.11,0,-0.01,
0,0,0,-10.09,-0.12,0,-0.01,
0,0,0,-10.09,-0.12,0,-0.01,
0,0,0,-10.09,-0.12,-0.01,-0.01,
0,0,0.02,-10.04,-0.11,-0.01,-0.01,
0,0,0.02,-10.04,-0.11,0,-0.01,
0,0,0.02,-10.04,-0.11,0,-0.01,
0,0,0.05,-10.04,-0.06,0,-0.01,
0,0,0.05,-10.04,-0.06,0,-0.01,
0,0,0.05,-10.04,-0.06,-0.01,-0.01,
0,0,0.02,-10.1,-0.08,-0.01,-0.01,
0,0,0.02,-10.1,-0.08,0,-0.01,
0,0,0.02,-10.1,-0.08,0,-0.01,
0,0,-0.01,-10.01,-0.12,0,-0.01,
0,0,-0.01,-10.01,-0.12,-0.01,-0.01,
0,0,-0.01,-10.01,-0.12,-0.01,-0.01,
0,0,0,-10.08,-0.17,-0.01,-0.01,
0,0,0,-10.08,-0.17,0,-0.01,
0,0,0,-10.08,-0.17,0,-0.01,
0,0,-0.05,-9.98,-0.06,-0.01,-0.01,
0,0,-0.05,-9.98,-0.06,-0.01,-0.01,
0,0,-0.05,-9.98,-0.06,0,-0.01,
0,0,-0.01,-10.03,-0.06,0,-0.01,
0,0,-0.01,-10.03,-0.06,0,-0.01,
0,0,-0.01,-10.03,-0.06,0,-0.01,
0,0,-0.05,-9.97,-0.03,0,-0.01,
0,0,-0.05,-9.97,-0.03,-0.01,-0.01,
0,0,-0.05,-9.97,-0.03,-0.01,-0.01,
0,0,-0.05,-9.92,-0.06,-0.01,-0.01,
0,0,-0.05,-9.92,-0.06,0,-0.01,
0,0,-0.05,-9.92,-0.06,-0.01,-0.01,
0,0,0,-10.05,-0.11,-0.01,-0.01,
0,0,0,-10.05,-0.11,0,-0.01,
0,0,0,-10.05,-0.11,0,-0.01,
0,0,0,-10.05,-0.11,-0.01,-0.01,
0,0,0.05,-10.04,-0.11,-0.01,-0.01,
0,0,0.05,-10.04,-0.11,-0.01,-0.01,
0,0,0.05,-10.04,-0.11,0,-0.01,
0,0,0.04,-10.06,-0.11,0,-0.01,
0,0,0.04,-10.06,-0.11,0,-0.01,
0,0,0.04,-10.06,-0.11,-0.01,0,
0,0,0.01,-9.98,-0.14,-0.01,0,
0,0,0.01,-9.98,-0.14,0,-0.01,
0,0,0.01,-9.98,-0.14,0,-0.01,
0,0,0,-10.06,-0.1,0,-0.01,
0,0,0,-10.06,-0.1,0,-0.01,
0,0,0,-10.06,-0.1,0,-0.01,
0,0,-0.01,-10.06,-0.13,0,-0.01,
0,0,-0.01,-10.06,-0.13,-0.01,-0.01,
0,0,-0.01,-10.06,-0.13,-0.01,-0.01,
0,0,-0.01,-10.05,-0.08,0,-0.01,
0,0,-0.01,-10.05,-0.08,0,-0.01,
0,0,-0.01,-10.05,-0.08,0,-0.01,
0,0,0.02,-10.02,-0.06,0,-0.01,
0,0,0.02,-10.02,-0.06,-0.01,-0.01,
0,0,0.02,-10.02,-0.06,-0.01,-0.01,
0,0,0.03,-10.02,-0.06,-0.01,-0.01,
0,0,0.03,-10.02,-0.06,-0.01,-0.01,
0,0,0.03,-10.02,-0.06,0,-0.01,
0,0,0.01,-10.03,-0.12,-0.01,-0.01,
0,0,0.01,-10.03,-0.12,-0.01,-0.01,
0,0,0.01,-10.03,-0.12,0,-0.01,
0,0,-0.01,-10.07,-0.14,0,-0.01,
0,0,-0.01,-10.07,-0.14,0,-0.01,
0,0,-0.01,-10.07,-0.14,0,-0.01,
0,0,0.05,-10.06,-0.02,0,-0.01,
0,0,0.05,-10.06,-0.02,0,-0.01,
0,0,0.05,-10.06,-0.02,0,-0.01,
0,0,0.02,-10.05,-0.03,0,-0.01,
0,0,0.02,-10.05,-0.03,0,-0.01,
0,0,0.02,-10.05,-0.03,0,0,
0,0,0.04,-10.02,-0.08,0,0,
0,0,0.04,-10.02,-0.08,0,-0.01,
0,0,0.04,-10.02,-0.08,0,-0.01,
0,0,-0.01,-10.06,-0.12,0,-0.01,
0,0,-0.01,-10.06,-0.12,0,-0.01,
0,0,-0.01,-10.06,-0.12,0,-0.01,
0,0,0.01,-10.08,-0.11,-0.01,-0.01,
0,0,0.01,-10.08,-0.11,-0.01,-0.01,
0,0,0.01,-10.08,-0.11,-0.01,-0.01,
0,0,-0.01,-10.02,-0.1,-0.01,-0.01,
0,0,-0.01,-10.02,-0.1,0,-0.01,
0,0,-0.01,-10.02,-0.1,0,-0.01,
0,0,0.03,-10.06,-0.12,0,-0.01,
0,0,0.03,-10.06,-0.12,-0.01,-0.01,
0,0,0.03,-10.06,-0.12,-0.01,-0.01,
0,0,0.08,-10.09,-0.11,-0.01,-0.01,
0,0,0.08,-10.09,-0.11,-0.01,-0.01,
0,0,0.08,-10.09,-0.11,0,-0.01,
0,0,-0.01,-10,-0.09,0,-0.01,
0,0,-0.01,-10,-0.09,0,-0.01,
0,0,-0.01,-10,-0.09,-0.01,-0.01,
0,0,0.01,-10.01,-0.09,0,-0.01,
0,0,0.01,-10.01,-0.09,0,-0.01,
0,0,0.01,-10.01,-0.09,0,-0.01,
0,0,0.04,-9.98,-0.11,0,-0.01,
0,0,0.04,-9.98,-0.11,0,-0.01,
0,0,0.04,-9.98,-0.11,0,-0.01,
0,0,-0.03,-10.06,-0.1,-0.01,-0.01,
0,0,-0.03,-10.06,-0.1,-0.01,-0.01,
0,0,-0.03,-10.06,-0.1,0,-0.01,
0,0,0.01,-10.03,-0.13,0,-0.01,
0,0,0.01,-10.03,-0.13,0,-0.01,
0,0,0.01,-10.03,-0.13,-0.01,-0.01,
0,0,-0.01,-10.05,-0.08,-0.01,-0.01,
0,0,-0.01,-10.05,-0.08,-0.01,0,
0,0,-0.01,-10.05,-0.08,0,-0.01,
0,0,0,-9.99,-0.06,0,-0.01,
0,0,0,-9.99,-0.06,-0.01,-0.01,
0,0,0.01,-10.06,-0.1,0,-0.01,
0,0,0.01,-10.06,-0.1,0,-0.01,
0,0,-0.04,-10.04,-0.08,0,-0.01,
0,0,-0.04,-10.04,-0.08,0,-0.01,
0,0,-0.04,-10.04,-0.08,-0.01,-0.01,
0,0,-0.05,-10.01,-0.1,0,-0.01,
0,0,-0.05,-10.01,-0.1,0,-0.01,
0,0,-0.05,-10.01,-0.1,0,-0.01,
0,0,-0.03,-10.06,-0.09,0,-0.01,
0,0,-0.03,-10.06,-0.09,0,-0.01,
0,0,-0.03,-10.06,-0.09,-0.01,-0.01,
0,0,0,-9.99,-0.08,-0.01,-0.01,
0,0,0,-9.99,-0.08,0,-0.01,
0,0,0,-9.99,-0.08,0,-0.01,
0,0,0,-10,-0.05,0,-0.01,
0,0,0,-10,-0.05,-0.01,-0.01,
0,0,0,-10,-0.05,-0.01,-0.01,
0,0,0,-10,-0.05,-0.01,-0.01,
0,0,0.01,-10.01,-0.06,0,-0.01,
0,0,0.01,-10.01,-0.06,0,-0.01,
0,0,0.01,-10.01,-0.06,-0.01,-0.01,
0,0,0,-10,-0.11,-0.01,-0.01,
0,0,0,-10,-0.11,-0.01,-0.01,
0,0,0,-10,-0.11,0,-0.01,
0,0,0.01,-10.02,-0.13,0,-0.01,
0,0,0.01,-10.02,-0.13,0,-0.01,
0,0,0.01,-10.02,-0.13,0,-0.01,
0,0,0,-10.03,-0.11,0,-0.01,
0,0,0,-10.03,-0.11,0,-0.01,
0,0,0,-10.03,-0.11,0,-0.01,
0,0,-0.02,-9.96,-0.06,0,-0.01,
0,0,-0.02,-9.96,-0.06,-0.01,0,
0,0,-0.02,-9.96,-0.06,-0.01,0,
0,0,0.04,-10.01,-0.03,-0.01,0,
0,0,0.04,-10.01,-0.03,-0.01,-0.01,
0,0,0.04,-10.01,-0.03,-0.01,-0.01,
0,0,-0.01,-10.05,-0.08,-0.01,-0.01,
0,0,-0.01,-10.05,-0.08,-0.01,-0.01,
0,0,-0.01,-10.05,-0.08,-0.01,-0.01,
0,0,-0.02,-10.02,-0.11,0,-0.01,
0,0,-0.02,-10.02,-0.11,0,-0.01,
0,0,-0.02,-10.02,-0.11,0,-0.01,
0,0,-0.05,-10.04,-0.11,0,-0.01,
0,0,-0.05,-10.04,-0.11,0,-0.01,
0,0,-0.05,-10.04,-0.11,-0.01,-0.01,
0,0,0.01,-10.06,-0.11,-0.01,-0.01,
0,0,0.01,-10.06,-0.11,-0.01,-0.01,
0,0,0.01,-10.06,-0.11,0,-0.01,
0,0,0.01,-10.1,-0.11,0,-0.01,
0,0,0.01,-10.1,-0.11,0,-0.01,
0,0,0.01,-10.1,-0.11,0,-0.01,
0,0,-0.03,-10.01,-0.04,0,-0.01,
0,0,-0.03,-10.01,-0.04,0,0,
0,0,-0.03,-10.01,-0.04,0,-0.01,
0,0,0,-10.04,-0.09,0,-0.01,
0,0,0,-10.04,-0.09,0,-0.01,
0,0,0,-10.04,-0.09,0,-0.01,
0,0,0.08,-10.04,-0.09,0,-0.01,
0,0,0.08,-10.04,-0.09,0,-0.01,
0,0,0.08,-10.04,-0.09,0,-0.01,
0,0,0.04,-10.01,-0.02,-0.01,0,
0,0,0.04,-10.01,-0.02,0,-0.01,
0,0,0.04,-10.01,-0.02,0,-0.01,
0,0,0.05,-10.07,-0.05,0,-0.01,
0,0,0.05,-10.07,-0.05,0,-0.01,
0,0,0.05,-10.07,-0.05,0,-0.01,
0,0,-0.02,-10,-0.14,0,-0.01,
0,0,-0.02,-10,-0.14,0,-0.01,
0,0,-0.02,-10,-0.14,0,-0.01,
0,0,-0.04,-9.99,-0.09,0,-0.01,
0,0,-0.04,-9.99,-0.09,0,-0.01,
0,0,-0.04,-9.99,-0.09,0,-0.02,
0,0,-0.02,-10,-0.12,0,-0.01,
0,0,-0.02,-10,-0.12,0,-0.01,
0,0,-0.02,-10,-0.12,-0.01,0,
0,0,-0.01,-9.89,-0.08,-0.01,-0.01,
0,0,-0.01,-9.89,-0.08,-0.01,-0.01,
0,0,-0.01,-9.89,-0.08,-0.01,-0.01,
0,0,0,-10.02,-0.01,-0.01,-0.01,
0,0,0,-10.02,-0.01,-0.01,-0.01,
0,0,0,-10.02,-0.01,0.01,-0.01,
0,0,0.05,-9.97,-0.04,0,-0.01,
0,0,0.05,-9.97,-0.04,0,-0.01,
0,0,0.05,-9.97,-0.04,0,-0.01,
0,0,-0.14,-9.95,0.22,0,-0.01,
0,0,-0.14,-9.95,0.22,0,-0.01,
0,0,-0.14,-9.95,0.22,0,-0.01,
0,0,0.01,-10.03,-0.04,0,-0.01,
0,0,0.01,-10.03,-0.04,-0.01,0,
0,0,0.01,-10.03,-0.04,0,-0.01,
0,0,-0.02,-10.11,-0.07,0,-0.01,
0,0,-0.02,-10.11,-0.07,-0.01,-0.01,
0,0,-0.02,-10.11,-0.07,-0.01,-0.01,
0,0,-0.06,-10,-0.15,-0.01,-0.01,
0,0,-0.06,-10,-0.15,0,-0.01,
0,0,-0.06,-10,-0.15,0,-0.01,
0,0,-0.03,-10.06,-0.2,0,-0.01,
0,0,-0.03,-10.06,-0.2,0,-0.01,
0,0,-0.03,-10.06,-0.2,0,-0.01,
0,0,-0.01,-10.05,-0.1,0,-0.01,
0,0,-0.01,-10.05,-0.1,0,-0.01,
0,0,-0.01,-10.05,-0.1,0,-0.01,
0,0,0.04,-10.03,-0.11,-0.01,-0.01,
0,0,0.04,-10.03,-0.11,0,-0.01,
0,0,0.04,-10.03,-0.11,0,-0.01,
0,0,0.07,-9.98,-0.07,0,-0.01,
0,0,0.07,-9.98,-0.07,0,-0.01,
0,0,0.07,-9.98,-0.07,0,-0.01,
0,0,0.09,-10,-0.06,0,0,
0,0,0.09,-10,-0.06,0,0,
0,0,0.09,-10,-0.06,-0.01,-0.01,
0,0,-0.04,-9.98,-0.08,0,-0.01,
0,0,-0.04,-9.98,-0.08,-0.01,-0.01,
0,0,-0.05,-10.01,-0.14,-0.01,-0.01,
0,0,-0.05,-10.01,-0.14,0,-0.01,
0,0,-0.05,-10.01,-0.14,0,-0.01,
0,0,-0.05,-10.01,-0.14,-0.01,-0.01,
0,0,0,-10.06,-0.13,-0.01,-0.01,
0,0,0,-10.06,-0.13,-0.01,-0.01,
0,0,0,-10.06,-0.13,0,-0.01,
0,0,0,-9.96,-0.07,-0.01,-0.01,
0,0,0,-9.96,-0.07,-0.01,-0.01,
0,0,0,-9.96,-0.07,-0.01,-0.01,
0,0,-0.06,-9.91,-0.13,-0.01,-0.01,
0,0,-0.06,-9.91,-0.13,-0.01,-0.01,
0,0,-0.06,-9.91,-0.13,0,-0.01,
0,0,0.23,-10.03,-0.17,0,-0.01,
0,0,0.23,-10.03,-0.17,-0.01,-0.01,
0,0,0.23,-10.03,-0.17,0,-0.01,
0,0,-0.07,-10,0.21,0,-0.01,
0,0,-0.07,-10,0.21,-0.01,-0.01,
0,0,-0.07,-10,0.21,-0.01,-0.01,
0,0,0.03,-9.93,-0.02,-0.01,-0.01,
0,0,0.03,-9.93,-0.02,-0.01,-0.01,
0,0,0.03,-9.93,-0.02,-0.01,-0.01,
0,0,-0.01,-9.98,-0.02,-0.01,-0.01,
0,0,-0.01,-9.98,-0.02,-0.01,-0.01,
0,0,-0.01,-9.98,-0.02,-0.01,-0.01,
0,0,0.01,-10.06,-0.24,-0.01,-0.01,
0,0,0.01,-10.06,-0.24,0,-0.01,
0,0,0.01,-10.06,-0.24,0,-0.01,
0,0,-0.01,-9.99,-0.07,0,-0.02,
0,0,-0.01,-9.99,-0.07,0,-0.01,
0,0,-0.01,-9.99,-0.07,0,-0.01,
0,0,-0.07,-9.99,0,0,-0.01,
0,0,-0.07,-9.99,0,0,-0.01,
0,0,-0.07,-9.99,0,0,-0.01,
0,0,-0.01,-10.07,-0.09,0,-0.01,
0,0,-0.01,-10.07,-0.09,0,-0.01,
0,0,-0.01,-10.07,-0.09,-0.01,-0.01,
0,0,0.04,-10.02,-0.19,0,-0.01,
0,0,0.04,-10.02,-0.19,0,-0.01,
0,0,0.04,-10.02,-0.19,0,-0.01,
0,0,0.06,-10.04,-0.09,-0.01,-0.02,
0,0,0.06,-10.04,-0.09,-0.01,-0.02,
0,0,0.06,-10.04,-0.09,0,-0.01,
0,0,-0.03,-9.93,-0.04,0,-0.01,
0,0,-0.03,-9.93,-0.04,-0.01,-0.01,
0,0,-0.03,-9.93,-0.04,0,-0.01,
0,0,-0.15,-9.95,0.1,0,-0.01,
0,0,-0.15,-9.95,0.1,0,-0.01,
0,0,-0.15,-9.95,0.1,0,-0.01,
0,0,-0.02,-10.04,-0.11,0,-0.01,
0,0,-0.02,-10.04,-0.11,0,-0.01,
0,0,-0.02,-10.04,-0.11,-0.01,-0.01,
0,0,-0.09,-10.02,0.08,-0.01,-0.01,
0,0,-0.09,-10.02,0.08,-0.01,-0.01,
0,0,-0.09,-10.02,0.08,-0.01,-0.01,
0,0,0.1,-9.94,0.01,-0.01,-0.01,
0,0,0.1,-9.94,0.01,-0.01,-0.01,
0,0,0.1,-9.94,0.01,-0.01,-0.01,
0,0,0.04,-9.98,-0.01,-0.01,-0.01,
0,0,0.04,-9.98,-0.01,-0.01,-0.01,
0,0,0.04,-9.98,-0.01,-0.01,-0.01,
0,0,0.08,-10.05,-0.19,-0.01,-0.01,
0,0,0.08,-10.05,-0.19,-0.01,-0.01,
0,0,0.08,-10.05,-0.19,-0.01,-0.01,
0,0,-0.01,-9.97,-0.14,0,-0.01,
0,0,-0.01,-9.97,-0.14,0,-0.01,
0,0,-0.02,-10.1,-0.16,0,-0.01,
0,0,-0.02,-10.1,-0.16,0,-0.01,
0,0,-0.02,-10.1,-0.16,0,-0.01,
0,0,-0.02,-10,-0.08,0,-0.01,
0,0,-0.02,-10,-0.08,-0.01,-0.01,
0,0,-0.02,-10,-0.08,-0.01,-0.01,
0,0,-0.01,-10.06,-0.16,-0.01,-0.01,
0,0,-0.01,-10.06,-0.16,0,-0.01,
0,0,-0.01,-10.06,-0.16,0,-0.01,
0,0,0.04,-9.99,-0.1,0,-0.01,
0,0,0.04,-9.99,-0.1,-0.01,-0.01,
0,0,0.04,-9.99,-0.1,-0.01,-0.01,
0,0,0.1,-10.04,-0.08,0,-0.01,
0,0,0.1,-10.04,-0.08,0,-0.01,
0,0,0.1,-10.04,-0.08,0,-0.01,
0,0,0.13,-10.28,-0.1,0,-0.01,
0,0,0.13,-10.28,-0.1,0,-0.01,
0,0,0.13,-10.28,-0.1,0,-0.01,
0,0,-0.06,-10.05,-0.23,-0.01,-0.01,
0,0,-0.06,-10.05,-0.23,-0.01,-0.01,
0,0,-0.06,-10.05,-0.23,0,-0.01,
0,0,0.05,-9.93,-0.15,-0.01,-0.01,
0,0,0.05,-9.93,-0.15,-0.01,-0.01,
0,0,0.05,-9.93,-0.15,0,-0.01,
0,0,-0.01,-9.97,-0.17,0,-0.01,
0,0,-0.01,-9.97,-0.17,0,-0.01,
0,0,-0.01,-9.97,-0.17,0,-0.01,
0,0,-0.01,-9.97,-0.17,0,-0.01,
0,0,0,-10.04,-0.11,0,-0.01,
0,0,0,-10.04,-0.11,-0.01,-0.01,
0,0,0,-10.04,-0.11,-0.01,-0.01,
0,0,0.04,-10.01,-0.07,-0.01,-0.01,
0,0,0.04,-10.01,-0.07,-0.01,-0.01,
0,0,0.04,-10.01,-0.07,0,-0.01,
0,0,-0.03,-10.04,-0.16,0,-0.01,
0,0,-0.03,-10.04,-0.16,0,-0.01,
0,0,-0.03,-10.04,-0.16,0,-0.01,
0,0,0,-9.97,-0.04,0,-0.01,
0,0,0,-9.97,-0.04,0,-0.01,
0,0,0,-9.97,-0.04,0,-0.01,
0,0,0.12,-9.99,-0.13,0,-0.01,
0,0,0.12,-9.99,-0.13,-0.01,-0.01,
0,0,0.12,-9.99,-0.13,0,-0.01,
0,0,0.04,-10.04,-0.1,0,-0.01,
0,0,0.04,-10.04,-0.1,0,-0.01,
0,0,0.04,-10.04,-0.1,0,-0.01,
0,0,0,-10.08,-0.14,0,-0.01,
0,0,0,-10.08,-0.14,0,-0.01,
0,0,0,-10.08,-0.14,0,-0.01,
0,0,0.04,-10.07,-0.31,0,-0.01,
0,0,0.04,-10.07,-0.31,-0.01,-0.01,
0,0,0.04,-10.07,-0.31,-0.01,-0.01,
0,0,-0.03,-10.08,-0.13,-0.01,-0.01,
0,0,-0.03,-10.08,-0.13,-0.01,-0.01,
0,0,-0.03,-10.08,-0.13,-0.01,-0.01,
0,0,0.03,-9.84,0,0,-0.01,
0,0,0.03,-9.84,0,0,-0.01,
0,0,0.03,-9.84,0,-0.01,-0.01,
0,0,0,-10.08,-0.19,-0.01,-0.01,
0,0,0,-10.08,-0.19,-0.01,-0.01,
0,0,0,-10.08,-0.19,-0.01,-0.01,
0,0,0.09,-9.99,-0.06,-0.01,-0.01,
0,0,0.09,-9.99,-0.06,-0.01,-0.01,
0,0,0.09,-9.99,-0.06,-0.01,-0.01,
0,0,0.11,-10.01,-0.11,0,-0.01,
0,0,0.11,-10.01,-0.11,0,-0.01,
0,0,0.11,-10.01,-0.11,0,-0.01,
0,0,0.05,-9.98,0.01,-0.01,-0.01,
0,0,0.05,-9.98,0.01,-0.01,-0.01,
0,0,0.05,-9.98,0.01,0,-0.01,
0,0,0.03,-10.03,-0.06,0,-0.01,
0,0,0.03,-10.03,-0.06,-0.01,-0.01,
0,0,0.03,-10.03,-0.06,0,-0.01,
0,0,-0.08,-10.05,-0.07,0,-0.01,
0,0,-0.08,-10.05,-0.07,0,-0.01,
0,0,-0.08,-10.05,-0.07,0,-0.01,
0,0,-0.08,-10.04,0.01,0,-0.01,
0,0,-0.08,-10.04,0.01,-0.01,-0.01,
0,0,-0.08,-10.04,0.01,-0.01,-0.01,
0,0,-0.1,-9.96,0.01,-0.01,-0.01,
0,0,-0.1,-9.96,0.01,-0.01,-0.01,
0,0,-0.1,-9.96,0.01,-0.01,-0.01,
0,0,-0.05,-10.08,-0.11,-0.01,-0.01,
0,0,-0.05,-10.08,-0.11,-0.01,-0.01,
0,0,-0.05,-10.08,-0.11,-0.01,-0.01,
0,0,0.11,-9.98,-0.17,-0.01,-0.01,
0,0,0.11,-9.98,-0.17,0,-0.01,
0,0,0.11,-9.98,-0.17,0,-0.01,
0,0,0.1,-10.03,-0.18,0,-0.01,
0,0,0.1,-10.03,-0.18,-0.01,-0.01,
0,0,0.1,-10.03,-0.18,-0.01,-0.01,
0,0,0.12,-9.96,-0.01,0,-0.01,
0,0,0.12,-9.96,-0.01,0,-0.01,
0,0,0.12,-9.96,-0.01,0,-0.01,
0,0,0.06,-10.01,-0.11,0,-0.01,
0,0,0.06,-10.01,-0.11,0,-0.01,
0,0,0.06,-10.01,-0.11,-0.01,-0.01,
0,0,0.01,-10,-0.13,0,-0.01,
0,0,0.01,-10,-0.13,0,-0.01,
0,0,0.01,-10,-0.13,-0.01,-0.01,
0,0,-0.02,-10.02,-0.09,0,-0.01,
0,0,-0.02,-10.02,-0.09,0,-0.01,
0,0,-0.02,-10.02,-0.09,0,-0.01,
0,0,0,-10.04,-0.08,0,-0.01,
0,0,0,-10.04,-0.08,0,-0.01,
0,0,-0.06,-10.09,-0.11,0,-0.01,
0,0,-0.06,-10.09,-0.11,0,-0.01,
0,0,-0.06,-10.09,-0.11,0,-0.01,
0,0,0.04,-10.13,-0.08,-0.01,-0.01,
0,0,0.04,-10.13,-0.08,0,-0.01,
0,0,0.04,-10.13,-0.08,0,-0.01,
0,0,-0.04,-10.03,-0.13,-0.01,-0.01,
0,0,-0.04,-10.03,-0.13,-0.01,-0.01,
0,0,-0.04,-10.03,-0.13,-0.01,-0.01,
0,0,0.08,-10.07,-0.14,-0.01,-0.01,
0,0,0.08,-10.07,-0.14,-0.01,-0.01,
0,0,0.08,-10.07,-0.14,-0.01,0,
0,0,0.03,-9.93,-0.08,0,-0.01,
0,0,0.03,-9.93,-0.08,0,-0.01,
0,0,0.03,-9.93,-0.08,-0.01,-0.01,
0,0,-0.01,-9.96,-0.05,0,-0.01,
0,0,-0.01,-9.96,-0.05,0,-0.01,
0,0,-0.01,-9.96,-0.05,0,-0.01,
0,0,-0.01,-9.96,-0.05,0,-0.01,
0,0,-0.02,-9.96,-0.05,0,-0.02,
0,0,-0.02,-9.96,-0.05,0,-0.01,
0,0,-0.02,-9.96,-0.05,0,-0.01,
0,0,-0.05,-10.03,-0.01,-0.01,-0.01,
0,0,-0.05,-10.03,-0.01,-0.01,-0.01,
0,0,-0.05,-10.03,-0.01,0,-0.01,
0,0,-0.09,-9.98,-0.03,-0.01,-0.01,
0,0,-0.09,-9.98,-0.03,-0.01,-0.01,
0,0,-0.09,-9.98,-0.03,0,-0.01,
0,0,-0.05,-10.04,-0.13,0,-0.01,
0,0,-0.05,-10.04,-0.13,0,-0.01,
0,0,-0.05,-10.04,-0.13,0,-0.01,
0,0,-0.03,-10.03,-0.11,0,-0.01,
0,0,-0.03,-10.03,-0.11,0,-0.01,
0,0,-0.03,-10.03,-0.11,-0.01,-0.01,
0,0,-0.01,-10.03,-0.06,-0.01,-0.01,
0,0,-0.01,-10.03,-0.06,0,-0.01,
0,0,-0.01,-10.03,-0.06,0,-0.01,
0,0,-0.06,-9.98,-0.04,-0.01,-0.01,
0,0,-0.06,-9.98,-0.04,0,-0.01,
0,0,-0.06,-9.98,-0.04,0,-0.01,
0,0,0.02,-10.01,-0.1,0,-0.01,
0,0,0.02,-10.01,-0.1,0,-0.01,
0,0,0.02,-10.01,-0.1,0,-0.01,
0,0,0.1,-10.01,-0.12,0,-0.01,
0,0,0.1,-10.01,-0.12,0,-0.01,
0,0,0.1,-10.01,-0.12,0,-0.01,
0,0,-0.02,-10.07,-0.11,0,-0.01,
0,0,-0.02,-10.07,-0.11,0,-0.01,
0,0,-0.02,-10.07,-0.11,0,-0.01,
0,0,0,-10.03,-0.1,-0.01,-0.01,
0,0,0,-10.03,-0.1,-0.01,-0.01,
0,0,0,-10.03,-0.1,-0.01,-0.01,
0,0,-0.09,-10,-0.04,0,-0.01,
0,0,-0.09,-10,-0.04,0,-0.01,
0,0,-0.09,-10,-0.04,0,-0.01,
0,0,0,-10.02,-0.14,-0.01,-0.01,
0,0,0,-10.02,-0.14,-0.01,-0.01,
0,0,0,-10.02,-0.14,-0.01,-0.01,
0,0,-0.05,-10,-0.09,-0.01,-0.01,
0,0,-0.05,-10,-0.09,0,-0.01,
0,0,-0.05,-10,-0.09,-0.01,-0.01,
0,0,0.08,-9.96,-0.14,-0.01,-0.01,
0,0,0.08,-9.96,-0.14,-0.01,-0.01,
0,0,0.08,-9.96,-0.14,0,-0.01,
0,0,0.01,-10.01,0,0,-0.01,
0,0,0.01,-10.01,0,-0.01,-0.01,
0,0,0.01,-10.01,0,-0.01,-0.01,
0,0,-0.04,-10.04,-0.13,-0.01,-0.01,
0,0,-0.04,-10.04,-0.13,0,-0.01,
0,0,-0.04,-10.04,-0.13,0,-0.01,
0,0,-0.04,-10.02,-0.1,-0.01,0,
0,0,-0.04,-10.02,-0.1,0,-0.01,
0,0,-0.04,-10.02,-0.1,0,-0.01,
0,0,0.03,-10.02,-0.06,0,-0.01,
0,0,0.03,-10.02,-0.06,0,-0.01,
0,0,0.03,-10.02,-0.06,0,-0.01,
0,0,0.03,-9.96,0,-0.01,-0.01,
0,0,0.03,-9.96,0,-0.01,-0.01,
0,0,0.03,-9.96,0,-0.01,-0.01,
0,0,0.02,-10.06,-0.06,0,-0.01,
0,0,0.02,-10.06,-0.06,0,-0.01,
0,0,0.02,-10.06,-0.06,-0.01,-0.01,
0,0,-0.02,-10.05,-0.08,0,-0.01,
0,0,-0.02,-10.05,-0.08,0,-0.01,
0,0,-0.02,-10.05,-0.08,0,-0.01,
0,0,-0.05,-9.97,-0.03,-0.01,-0.01,
0,0,-0.05,-9.97,-0.03,-0.01,-0.01,
0,0,-0.05,-9.97,-0.03,0,-0.01,
0,0,-0.09,-10.05,-0.03,0,-0.01,
0,0,-0.09,-10.05,-0.03,0,-0.01,
0,0,-0.09,-10.05,-0.03,0,-0.01,
0,0,0,-10.01,-0.12,0,-0.01,
0,0,0,-10.01,-0.12,0,-0.01,
0,0,0,-10.01,-0.12,-0.01,-0.01,
0,0,-0.01,-10.05,-0.16,-0.01,-0.01,
0,0,-0.01,-10.05,-0.16,0,-0.01,
0,0,-0.01,-10.05,-0.16,0,-0.01,
0,0,0,-10.07,-0.12,0,-0.01,
0,0,0,-10.07,-0.12,0,-0.01,
0,0,0,-10.07,-0.12,0,-0.01,
0,0,0.06,-10.01,-0.07,-0.01,-0.01,
0,0,0.06,-10.01,-0.07,-0.01,-0.01,
0,0,0.06,-10.01,-0.07,-0.01,-0.01,
0,0,-0.03,-10.06,-0.11,0,-0.01,
0,0,-0.03,-10.06,-0.11,0,-0.01,
0,0,-0.03,-10.06,-0.11,0,-0.01,
0,0,-0.01,-9.96,-0.12,-0.01,-0.01,
0,0,-0.01,-9.96,-0.12,0,-0.01,
0,0,-0.01,-9.96,-0.12,0,-0.01,
0,0,0.02,-10.03,-0.04,0,-0.01,
0,0,0.02,-10.03,-0.04,0,-0.01,
0,0,0.02,-10.03,-0.04,0,-0.01,
0,0,0.02,-10.03,-0.04,0,-0.01,
0,0,-0.05,-10.11,-0.12,0,-0.01,
0,0,-0.05,-10.11,-0.12,0,-0.01,
0,0,-0.05,-10.11,-0.12,0,-0.01,
0,0,-0.01,-10.03,-0.05,0,-0.01,
0,0,-0.01,-10.03,-0.05,0,-0.01,
0,0,-0.01,-10.03,-0.05,0,-0.01,
0,0,-0.06,-10.1,-0.11,-0.01,0,
0,0,-0.06,-10.1,-0.11,0,-0.01,
0,0,-0.06,-10.1,-0.11,0,-0.01,
0,0,0.03,-10.07,-0.11,-0.01,-0.01,
0,0,0.03,-10.07,-0.11,-0.01,-0.01,
0,0,0.03,-10.07,-0.11,0,-0.01,
0,0,0.02,-10.03,-0.03,0,-0.01,
0,0,0.02,-10.03,-0.03,0,-0.01,
0,0,0.02,-10.03,-0.03,0,-0.01,
0,0,0.04,-9.98,-0.03,0,-0.01,
0,0,0.04,-9.98,-0.03,0,-0.01,
0,0,0.04,-9.98,-0.03,-0.01,-0.01,
0,0,0.02,-10.05,-0.11,-0.01,-0.01,
0,0,0.02,-10.05,-0.11,0,-0.01,
0,0,0.02,-10.05,-0.11,0,-0.01,
0,0,0.02,-10.03,-0.06,0,-0.01,
0,0,0.02,-10.03,-0.06,0,-0.01,
0,0,0.02,-10.03,-0.06,0,-0.01,
0,0,0.05,-10.01,-0.08,0,-0.01,
0,0,0.05,-10.01,-0.08,-0.01,-0.01,
0,0,0.05,-10.01,-0.08,-0.01,-0.01,
0,0,0,-10.04,-0.05,0,-0.01,
0,0,0,-10.04,-0.05,0,-0.01,
0,0,0,-10.04,-0.05,0,-0.01,
0,0,-0.04,-10.06,-0.21,-0.01,-0.01,
0,0,-0.04,-10.06,-0.21,0,-0.01,
0,0,-0.04,-10.06,-0.21,0,-0.01,
0,0,-0.02,-10,-0.15,0,-0.01,
0,0,-0.02,-10,-0.15,0,-0.01,
0,0,-0.02,-10,-0.15,-0.01,-0.01,
0,0,0,-9.95,-0.08,0,-0.01,
0,0,0,-9.95,-0.08,0,-0.01,
0,0,0,-9.95,-0.08,-0.01,-0.01,
0,0,0.02,-9.99,-0.09,-0.01,-0.01,
0,0,0.02,-9.99,-0.09,-0.01,-0.01,
0,0,0.02,-9.99,-0.09,-0.01,-0.01,
0,0,0.05,-10.06,-0.08,0,-0.01,
0,0,0.05,-10.06,-0.08,0,-0.01,
0,0,0.05,-10.06,-0.08,-0.01,0,
0,0,0.04,-10.07,-0.05,-0.01,0,
0,0,0.04,-10.07,-0.05,0,-0.01,
0,0,0.04,-10.07,-0.05,0,-0.01,
0,0,0.03,-10.02,-0.01,0,-0.01,
0,0,0.03,-10.02,-0.01,0,-0.01,
0,0,0.03,-10.02,-0.01,-0.01,-0.01,
0,0,0.02,-10.05,-0.12,-0.01,-0.01,
0,0,0.02,-10.05,-0.12,0,-0.01,
0,0,0.02,-10.05,-0.12,-0.01,-0.01,
0,0,0,-10.11,-0.08,-0.01,-0.01,
0,0,0,-10.11,-0.08,-0.01,-0.01,
0,0,0,-10.11,-0.08,-0.01,-0.01,
0,0,0.02,-10.05,-0.17,-0.01,-0.01,
0,0,0.02,-10.05,-0.17,0,-0.01,
0,0,0.02,-10.05,-0.17,0,-0.01,
0,0,-0.04,-10.03,-0.1,0,0,
0,0,-0.04,-10.03,-0.1,0,-0.01,
0,0,-0.04,-10.03,-0.1,0,-0.01,
0,0,0.02,-10.04,-0.06,0,-0.01,
0,0,0.02,-10.04,-0.06,0,-0.01,
0,0,0.02,-10.04,-0.06,-0.01,-0.01,
0,0,0.03,-10.03,-0.13,0,-0.01,
0,0,0.03,-10.03,-0.13,0,-0.01,
0,0,0.03,-10.03,-0.13,-0.01,-0.01,
0,0,0.05,-10.03,-0.08,-0.01,-0.01,
0,0,0.05,-10.03,-0.08,-0.01,-0.01,
0,0,0.05,-10.03,-0.08,-0.01,-0.01,
0,0,0.03,-10.02,-0.1,-0.01,-0.01,
0,0,0.03,-10.02,-0.1,-0.01,-0.01,
0,0,0.03,-10.02,-0.1,-0.01,-0.01,
0,0,0.01,-10.04,-0.11,0,-0.01,
0,0,0.01,-10.04,-0.11,0,-0.01,
0,0,0.01,-10.04,-0.11,-0.01,-0.01,
0,0,-0.03,-9.96,-0.07,-0.01,-0.01,
0,0,-0.03,-9.96,-0.07,0,-0.01,
0,0,-0.03,-9.96,-0.07,-0.01,-0.01,
0,0,-0.05,-10.05,-0.08,-0.01,-0.01,
0,0,-0.05,-10.05,-0.08,-0.01,-0.01,
0,0,-0.05,-10.05,-0.08,-0.01,-0.01,
0,0,-0.01,-10.07,-0.07,-0.01,-0.01,
0,0,-0.01,-10.07,-0.07,0,-0.01,
0,0,-0.01,-10.07,-0.07,-0.01,-0.01,
0,0,-0.01,-9.99,-0.09,-0.01,-0.01,
0,0,-0.01,-9.99,-0.09,0,-0.01,
0,0,-0.01,-9.99,-0.09,0,-0.01,
0,0,0.02,-9.97,-0.06,-0.01,-0.01,
0,0,0.02,-9.97,-0.06,0,-0.01,
0,0,0.02,-9.97,-0.06,0,-0.01,
0,0,0.03,-10.02,-0.1,-0.01,-0.01,
0,0,0.03,-10.02,-0.1,0,-0.01,
0,0,0.03,-10.02,-0.1,0,-0.01,
0,0,0.05,-9.98,-0.03,-0.01,-0.01,
0,0,0.05,-9.98,-0.03,-0.01,-0.01,
0,0,0.05,-9.98,-0.03,-0.01,-0.01,
0,0,0.01,-10.02,-0.08,0,-0.01,
0,0,0.01,-10.02,-0.08,0,-0.01,
0,0,0.01,-10.02,-0.08,0,-0.01,
0,0,0,-10.01,-0.11,0,-0.01,
0,0,0,-10.01,-0.11,0,-0.01,
0,0,0,-10.01,-0.11,-0.01,-0.01,
0,0,0,-10.01,-0.11,-0.01,-0.01,
0,0,-0.01,-9.98,-0.13,-0.01,-0.01,
0,0,-0.01,-9.98,-0.13,-0.01,-0.01,
0,0,-0.01,-9.98,-0.13,-0.01,-0.01,
0,0,0,-10.04,-0.07,0,-0.01,
0,0,0,-10.04,-0.07,0,-0.01,
0,0,0,-10.04,-0.07,0,-0.01,
0,0,-0.05,-10.03,-0.04,0,-0.01,
0,0,-0.05,-10.03,-0.04,0,-0.01,
0,0,-0.05,-10.03,-0.04,0,-0.01,
0,0,-0.03,-10.01,-0.14,0,-0.01,
0,0,-0.03,-10.01,-0.14,0,-0.01,
0,0,-0.03,-10.01,-0.14,-0.01,-0.01,
0,0,0.01,-9.98,-0.11,-0.01,-0.01,
0,0,0.01,-9.98,-0.11,0,-0.01,
0,0,0.01,-9.98,-0.11,-0.01,-0.01,
0,0,0.03,-10.03,-0.11,-0.01,-0.01,
0,0,0.03,-10.03,-0.11,0,-0.01,
0,0,0.03,-10.03,-0.11,-0.01,-0.01,
0,0,0.04,-10.07,-0.11,-0.01,-0.01,
0,0,0.04,-10.07,-0.11,0,-0.01,
0,0,0.04,-10.07,-0.11,-0.01,-0.01,
0,0,0.02,-9.97,-0.1,-0.01,-0.01,
0,0,0.02,-9.97,-0.1,0,-0.01,
0,0,0.02,-9.97,-0.1,0,-0.01,
0,0,0,-10.05,-0.1,0,-0.01,
0,0,0,-10.05,-0.1,0,-0.01,
0,0,0,-10.05,-0.1,0,-0.01,
0,0,0,-10.03,-0.11,-0.01,-0.01,
0,0,0,-10.03,-0.11,0,-0.01,
0,0,0,-10.03,-0.11,0,-0.01,
0,0,0,-9.96,-0.08,-0.01,-0.01,
0,0,0,-9.96,-0.08,0,-0.01,
0,0,0,-9.96,-0.08,0,-0.01,
0,0,0.03,-10.01,-0.09,-0.01,0,
0,0,0.03,-10.01,-0.09,-0.01,-0.01,
0,0,0.03,-10.01,-0.09,-0.01,-0.01,
0,0,-0.04,-10.05,-0.1,-0.01,-0.01,
0,0,-0.04,-10.05,-0.1,-0.01,-0.01,
0,0,-0.04,-10.05,-0.1,-0.01,-0.01,
0,0,0,-10.03,-0.12,0,-0.01,
0,0,0,-10.03,-0.12,0,-0.01,
0,0,0,-10.03,-0.12,0,-0.01,
0,0,0.02,-10.06,-0.07,-0.01,-0.01,
0,0,0.02,-10.06,-0.07,-0.01,-0.01,
0,0,0.02,-10.06,-0.07,0,-0.01,
0,0,0.02,-10.05,-0.11,0,-0.01,
0,0,0.02,-10.05,-0.11,0,-0.01,
0,0,0.02,-10.05,-0.11,0,-0.01,
0,0,-0.02,-10.01,-0.08,0,-0.01,
0,0,-0.02,-10.01,-0.08,0,-0.01,
0,0,-0.02,-10.01,-0.08,-0.01,-0.01,
0,0,0.02,-10.06,-0.12,-0.01,-0.01,
0,0,0.02,-10.06,-0.12,0,-0.01,
0,0,0.02,-10.06,-0.12,0,0,
0,0,-0.03,-9.96,-0.13,0,0,
0,0,-0.03,-9.96,-0.13,0,-0.01,
0,0,-0.03,-9.96,-0.13,0,-0.01,
0,0,0.03,-10.07,-0.05,0,-0.01,
0,0,0.03,-10.07,-0.05,-0.01,-0.01,
0,0,0.03,-10.07,-0.05,-0.01,-0.01,
0,0,0.04,-10.05,-0.03,-0.01,-0.01,
0,0,0.04,-10.05,-0.03,0,-0.01,
0,0,0.04,-10.05,-0.03,0,-0.01,
0,0,-0.02,-9.98,-0.08,0,-0.01,
0,0,-0.02,-9.98,-0.08,-0.01,-0.01,
0,0,-0.02,-9.98,-0.08,-0.01,-0.01,
0,0,0.07,-10.12,-0.15,0,-0.01,
0,0,0.07,-10.12,-0.15,-0.01,-0.01,
0,0,0.07,-10.12,-0.15,-0.01,-0.01,
0,0,0.07,-10.03,-0.15,0,-0.01,
0,0,0.07,-10.03,-0.15,0,-0.01,
0,0,0.07,-10.03,-0.15,0,-0.01,
0,0,-0.06,-10.06,-0.07,0,0,
0,0,-0.06,-10.06,-0.07,0,0,
0,0,-0.06,-10.06,-0.07,0,-0.01,
0,0,0.04,-9.9,-0.07,0,-0.01,
0,0,0.04,-9.9,-0.07,0,-0.01,
0,0,0.04,-9.9,-0.07,-0.01,-0.01,
0,0,-0.03,-10.07,-0.12,0,-0.01,
0,0,-0.03,-10.07,-0.12,0,-0.01,
0,0,-0.03,-10.07,-0.12,-0.01,-0.01,
0,0,0.04,-9.96,-0.17,-0.01,-0.01,
0,0,0.04,-9.96,-0.17,-0.01,-0.01,
0,0,0.04,-9.96,-0.17,0,-0.01,
0,0,-0.08,-10.09,-0.11,0,-0.01,
0,0,-0.08,-10.09,-0.11,0,-0.01,
0,0,-0.08,-10.09,-0.11,0,-0.01,
0,0,0.01,-9.96,-0.06,0,-0.01,
0,0,0.01,-9.96,-0.06,0,-0.01,
0,0,0.01,-9.96,-0.06,0,-0.01,
0,0,-0.01,-10.03,-0.15,0,-0.01,
0,0,-0.01,-10.03,-0.15,0,-0.01,
0,0,-0.01,-10.03,-0.15,0,-0.01,
0,0,0.01,-10.05,-0.14,0,-0.01,
0,0,0.01,-10.05,-0.14,0,-0.01,
0,0,0.01,-10.05,-0.14,0,-0.01,
0,0,0.05,-9.96,-0.11,0,-0.01,
0,0,0.05,-9.96,-0.11,0,-0.01,
0,0,0.05,-9.96,-0.11,0,-0.01,
0,0,0.01,-10.03,-0.15,0,-0.01,
0,0,0.01,-10.03,-0.15,0,-0.01,
0,0,0.01,-10.03,-0.15,0,-0.01,
0,0,0.08,-9.99,-0.08,0,-0.01,
0,0,0.08,-9.99,-0.08,-0.01,-0.01,
0,0,0.08,-9.99,-0.08,-0.01,-0.01,
0,0,0.03,-10.03,-0.12,0,-0.01,
0,0,0.03,-10.03,-0.12,0,-0.01,
0,0,0.03,-10.03,-0.12,0,-0.01,
0,0,0,-10.01,-0.1,0,-0.01,
0,0,0,-10.01,-0.1,0,-0.01,
0,0,0,-10.01,-0.1,0,-0.01,
0,0,0,-10.05,-0.04,-0.01,-0.01,
0,0,0,-10.05,-0.04,-0.01,-0.01,
0,0,0,-10.05,-0.04,0,-0.01,
0,0,0,-10.05,-0.13,0,-0.01,
0,0,0,-10.05,-0.13,0,-0.01,
0,0,0,-10.05,-0.13,-0.01,-0.01,
0,0,-0.03,-10.05,-0.16,0,-0.01,
0,0,-0.03,-10.05,-0.16,0,-0.01,
0,0,0.03,-10.07,-0.05,0,-0.01,
0,0,0.03,-10.07,-0.05,0,-0.01,
0,0,0.03,-10.07,-0.05,0,-0.01,
0,0,0.07,-10.01,-0.04,-0.01,-0.01,
0,0,0.07,-10.01,-0.04,-0.01,-0.01,
0,0,0.07,-10.01,-0.04,0,-0.01,
0,0,-0.03,-10,-0.05,-0.01,-0.01,
0,0,-0.03,-10,-0.05,-0.01,-0.01,
0,0,-0.03,-10,-0.05,0,-0.01,
0,0,-0.04,-10.05,-0.09,0,-0.01,
0,0,-0.04,-10.05,-0.09,0,-0.01,
0,0,-0.04,-10.05,-0.09,-0.01,-0.01,
0,0,-0.02,-10.06,-0.11,0,-0.01,
0,0,-0.02,-10.06,-0.11,0,-0.01,
0,0,-0.02,-10.06,-0.11,-0.01,-0.01,
0,0,0.03,-10.1,-0.07,0,-0.01,
0,0,0.03,-10.1,-0.07,0,-0.01,
0,0,0.03,-10.1,-0.07,0,0,
0,0,0.02,-9.97,-0.05,-0.01,-0.01,
0,0,0.02,-9.97,-0.05,-0.01,-0.01,
0,0,0.02,-9.97,-0.05,-0.01,0,
0,0,-0.01,-10.03,-0.1,-0.01,-0.01,
0,0,-0.01,-10.03,-0.1,-0.01,-0.01,
0,0,-0.01,-10.03,-0.1,-0.01,-0.01,
0,0,0.02,-10.07,-0.14,-0.01,-0.01,
0,0,0.02,-10.07,-0.14,-0.01,-0.01,
0,0,0.02,-10.07,-0.14,0,-0.01,
0,0,-0.03,-10.09,-0.08,0,-0.01,
0,0,-0.03,-10.09,-0.08,0,-0.01,
0,0,0.06,-10.11,-0.03,0,-0.01,
0,0,0.06,-10.11,-0.03,0,-0.01,
0,0,0.06,-10.11,-0.03,0,-0.01,
0,0,0.01,-9.95,-0.1,0,-0.01,
0,0,0.01,-9.95,-0.1,0,-0.01,
0,0,0.01,-9.95,-0.1,-0.01,-0.01,
0,0,-0.03,-10.02,-0.08,-0.01,0,
0,0,-0.03,-10.02,-0.08,-0.01,0,
0,0,-0.03,-10.02,-0.08,0,-0.01,
0,0,0.06,-10.03,-0.11,0,-0.01,
0,0,0.06,-10.03,-0.11,0,-0.01,
0,0,0.06,-10.03,-0.11,-0.01,-0.01,
0,0,0.02,-10.03,-0.07,0,-0.01,
0,0,0.02,-10.03,-0.07,0,-0.01,
0,0,0.02,-10.03,-0.07,-0.01,-0.01,
0,0,-0.05,-10.06,-0.14,0,-0.01,
0,0,-0.05,-10.06,-0.14,0,-0.01,
0,0,-0.05,-10.06,-0.14,0,-0.01,
0,0,-0.02,-10.05,-0.08,0,-0.01,
0,0,-0.02,-10.05,-0.08,0,0,
0,0,-0.02,-10.05,-0.08,0,-0.01,
0,0,-0.04,-10.07,-0.11,0,-0.01,
0,0,-0.04,-10.07,-0.11,0,-0.01,
0,0,-0.04,-10.07,-0.11,0,-0.01,
0,0,0.01,-10.02,-0.06,0,-0.01,
0,0,0.01,-10.02,-0.06,0,-0.01,
0,0,0.01,-10.02,-0.06,-0.01,-0.01,
0,0,0.02,-10.07,-0.11,-0.01,-0.01,
0,0,0.02,-10.07,-0.11,0,-0.01,
0,0,0.02,-10.07,-0.11,0,-0.01,
0,0,0.03,-10,-0.1,0,-0.01,
0,0,0.03,-10,-0.1,0,-0.01,
0,0,0.03,-10,-0.1,-0.01,-0.01,
0,0,0.09,-10,-0.02,-0.01,-0.01,
0,0,0.09,-10,-0.02,0,-0.01,
0,0,0.09,-10,-0.02,0,-0.01,
0,0,0.09,-10.01,-0.09,0,-0.01,
0,0,0.09,-10.01,-0.09,0,-0.01,
0,0,0.09,-10.01,-0.09,0,-0.01,
0,0,0,-10.04,-0.11,-0.01,-0.01,
0,0,0,-10.04,-0.11,-0.01,-0.01,
0,0,0,-10.04,-0.11,0,0,
0,0,0,-10.03,-0.06,-0.01,-0.01,
0,0,0,-10.03,-0.06,-0.01,-0.01,
0,0,0,-10.03,-0.06,0,-0.01,
0,0,0.04,-10.03,-0.07,0,-0.01,
0,0,0.04,-10.03,-0.07,0,-0.01,
0,0,0.04,-10.03,-0.07,-0.01,-0.01,
0,0,0.05,-10.04,-0.06,-0.01,-0.01,
0,0,0.05,-10.04,-0.06,-0.01,-0.01,
0,0,0.05,-10.04,-0.06,0,-0.01,
0,0,0.05,-10.04,-0.06,0,-0.01,
0,0,0.02,-10.07,-0.04,0,-0.01,
0,0,0.02,-10.07,-0.04,0,-0.01,
0,0,0.02,-10.07,-0.04,0,-0.01,
0,0,0.03,-10.04,-0.1,-0.01,-0.01,
0,0,0.03,-10.04,-0.1,-0.01,-0.01,
0,0,0.03,-10.04,-0.1,-0.01,-0.01,
0,0,-0.05,-10.02,-0.14,-0.01,-0.01,
0,0,-0.05,-10.02,-0.14,-0.01,-0.01,
0,0,-0.05,-10.02,-0.14,-0.01,-0.01,
0,0,0.01,-10,-0.03,0,-0.01,
0,0,0.01,-10,-0.03,0,-0.01,
0,0,0.01,-10,-0.03,-0.01,-0.01,
0,0,-0.07,-10.02,-0.04,-0.01,-0.01,
0,0,-0.07,-10.02,-0.04,-0.01,-0.01,
0,0,-0.07,-10.02,-0.04,0,-0.01,
0,0,0.01,-10.06,-0.03,0,-0.01,
0,0,0.01,-10.06,-0.03,0,-0.01,
0,0,0.01,-10.06,-0.03,0,-0.01,
0,0,0.02,-10,-0.11,0,-0.01,
0,0,0.02,-10,-0.11,0,-0.01,
0,0,0.02,-10,-0.11,0,-0.01,
0,0,0.01,-10.06,-0.15,0,-0.01,
0,0,0.01,-10.06,-0.15,0,-0.01,
0,0,0.01,-10.06,-0.15,-0.01,-0.01,
0,0,-0.06,-10.04,-0.06,-0.01,-0.01,
0,0,-0.06,-10.04,-0.06,0,-0.01,
0,0,0.07,-10.07,-0.1,-0.01,-0.01,
0,0,0.07,-10.07,-0.1,-0.01,-0.01,
0,0,0.07,-10.07,-0.1,-0.01,-0.01,
0,0,-0.06,-10.03,-0.07,-0.01,-0.01,
0,0,-0.06,-10.03,-0.07,0,-0.01,
0,0,-0.06,-10.03,-0.07,-0.01,-0.01,
0,0,0.02,-10.04,-0.09,-0.01,-0.01,
0,0,0.02,-10.04,-0.09,-0.01,0,
0,0,0.02,-10.04,-0.09,0,-0.01,
0,0,0.01,-10.02,-0.07,0,-0.01,
0,0,0.01,-10.02,-0.07,-0.01,-0.01,
0,0,0.01,-10.02,-0.07,-0.01,-0.01,
0,0,0.02,-9.95,-0.07,-0.01,-0.01,
0,0,0.02,-9.95,-0.07,0,0,
0,0,0.02,-9.95,-0.07,0,-0.01,
0,0,-0.07,-10.04,-0.14,0,-0.01,
0,0,-0.07,-10.04,-0.14,-0.01,-0.01,
0,0,-0.07,-10.04,-0.14,0,-0.01,
0,0,0.07,-9.99,-0.11,0,-0.01,
0,0,0.07,-9.99,-0.11,0,-0.01,
0,0,0.07,-9.99,-0.11,-0.01,-0.01,
0,0,0.03,-9.96,-0.11,-0.01,-0.01,
0,0,0.03,-9.96,-0.11,0,-0.01,
0,0,0.03,-9.96,-0.11,0,-0.01,
0,0,0.06,-9.99,-0.12,0,-0.01,
0,0,0.06,-9.99,-0.12,0,-0.01,
0,0,0.06,-9.99,-0.12,0,-0.01,
0,0,-0.04,-10.05,-0.09,0,-0.01,
0,0,-0.04,-10.05,-0.09,-0.01,0,
0,0,-0.04,-10.05,-0.09,-0.01,0,
0,0,-0.01,-9.98,-0.05,0,-0.01,
0,0,-0.01,-9.98,-0.05,0,-0.01,
0,0,-0.01,-9.98,-0.05,0,-0.01,
0,0,0,-10.05,-0.1,0,-0.01,
0,0,0,-10.05,-0.1,0,-0.01,
0,0,0,-10.05,-0.1,0,-0.01,
0,0,0.02,-10.09,-0.1,0,-0.01,
0,0,0.02,-10.09,-0.1,0,0,
0,0,0.02,-10.09,-0.1,0,0,
0,0,0.03,-10,-0.13,0,-0.01,
0,0,0.03,-10,-0.13,0,-0.01,
0,0,0.03,-10,-0.13,0,-0.01,
0,0,0.01,-10.03,-0.12,0,-0.01,
0,0,0.01,-10.03,-0.12,0,-0.01,
0,0,0.01,-10.03,-0.12,-0.01,-0.01,
0,0,0.04,-10.06,-0.13,-0.01,-0.01,
0,0,0.04,-10.06,-0.13,-0.01,-0.01,
0,0,0.06,-9.99,-0.09,0,-0.01,
0,0,0.06,-9.99,-0.09,0,-0.01,
0,0,0.06,-9.99,-0.09,0,-0.01,
0,0,0,-10,-0.13,-0.01,-0.01,
0,0,0,-10,-0.13,0,-0.01,
0,0,0,-10,-0.13,0,-0.01,
0,0,0.02,-9.96,-0.07,0,-0.01,
0,0,0.02,-9.96,-0.07,-0.01,-0.01,
0,0,0.02,-9.96,-0.07,-0.01,-0.01,
0,0,0.01,-10,-0.11,0,-0.01,
0,0,0.01,-10,-0.11,0,-0.01,
0,0,0.01,-10,-0.11,0,-0.01,
0,0,0.01,-10,-0.11,0,-0.01,
0,0,-0.03,-10.04,-0.12,0,-0.01,
0,0,-0.03,-10.04,-0.12,-0.01,-0.01,
0,0,-0.03,-10.04,-0.12,0,-0.01,
0,0,-0.06,-10.06,-0.14,0,-0.01,
0,0,-0.06,-10.06,-0.14,-0.01,-0.01,
0,0,-0.06,-10.06,-0.14,-0.01,-0.01,
0,0,0.02,-10.03,-0.12,-0.01,-0.01,
0,0,0.02,-10.03,-0.12,0,-0.01,
0,0,0.02,-10.03,-0.12,0,-0.01,
0,0,0.03,-9.99,-0.11,0,-0.01,
0,0,0.03,-9.99,-0.11,0,-0.01,
0,0,0.03,-9.99,-0.11,-0.01,-0.01,
0,0,-0.03,-9.99,-0.08,0,-0.01,
0,0,-0.03,-9.99,-0.08,0,-0.01,
0,0,-0.03,-9.99,-0.08,0,-0.01,
0,0,0.03,-10.02,-0.1,0,-0.01,
0,0,0.03,-10.02,-0.1,-0.01,-0.01,
0,0,0.03,-10.02,-0.1,-0.01,-0.01,
0,0,-0.04,-10.07,-0.13,-0.01,-0.01,
0,0,-0.04,-10.07,-0.13,-0.01,-0.01,
0,0,-0.04,-10.07,-0.13,0,-0.01,
0,0,-0.06,-10.02,-0.07,0,-0.01,
0,0,-0.06,-10.02,-0.07,-0.01,-0.01,
0,0,-0.06,-10.02,-0.07,-0.01,-0.01,
0,0,0,-10.02,-0.1,0,-0.01,
0,0,0,-10.02,-0.1,-0.01,-0.01,
0,0,0,-10.02,-0.1,-0.01,-0.01,
0,0,0.04,-10.02,-0.11,0,-0.01,
0,0,0.04,-10.02,-0.11,-0.01,-0.01,
0,0,0.04,-10.02,-0.11,-0.01,-0.01,
0,0,0.01,-9.99,-0.14,-0.01,-0.01,
0,0,0.01,-9.99,-0.14,-0.01,-0.01,
0,0,0.01,-9.99,-0.14,-0.01,-0.01,
0,0,0,-10.06,-0.08,0,-0.01,
0,0,0,-10.06,-0.08,0,-0.01,
0,0,0,-10.06,-0.08,-0.01,-0.01,
0,0,0.02,-10.04,-0.07,0,-0.01,
0,0,0.02,-10.04,-0.07,0,-0.01,
0,0,0.02,-10.04,-0.07,-0.01,-0.01,
0,0,0.01,-10,-0.11,-0.01,-0.01,
0,0,0.01,-10,-0.11,-0.01,-0.01,
0,0,0.01,-10,-0.11,0,-0.01,
0,0,0.03,-10.04,-0.16,0,-0.01,
0,0,0.03,-10.04,-0.16,0,-0.01,
0,0,0.03,-10.04,-0.16,-0.01,-0.01,
0,0,0,-10.01,-0.09,-0.01,-0.01,
0,0,0,-10.01,-0.09,-0.01,-0.01,
0,0,0,-10.01,-0.09,-0.01,-0.01,
0,0,-0.01,-9.98,-0.04,-0.01,-0.01,
0,0,-0.01,-9.98,-0.04,0,-0.01,
0,0,-0.01,-9.98,-0.04,0,-0.01,
0,0,0.05,-10,-0.08,0,-0.01,
0,0,0.05,-10,-0.08,-0.01,-0.01,
0,0,0.05,-10,-0.08,0,-0.01,
0,0,0,-10.04,-0.09,0,-0.01,
0,0,0,-10.04,-0.09,-0.01,-0.01,
0,0,0,-10.04,-0.09,-0.01,-0.01,
0,0,0.03,-10.08,-0.05,0,-0.01,
0,0,0.03,-10.08,-0.05,-0.01,-0.01,
0,0,0.03,-10.08,-0.05,-0.01,-0.01,
0,0,0.01,-10.05,-0.07,0,-0.01,
0,0,0.01,-10.05,-0.07,0,-0.01,
0,0,0.01,-10.05,-0.07,0,-0.01,
0,0,0.04,-10.03,-0.13,0,-0.01,
0,0,0.04,-10.03,-0.13,0,-0.01,
0,0,0.04,-10.03,-0.13,0,-0.01,
0,0,0.04,-10.03,-0.13,0,-0.01,
0,0,-0.04,-10.09,-0.11,0,-0.01,
0,0,-0.04,-10.09,-0.11,0,-0.01,
0,0,-0.04,-10.09,-0.11,0,-0.01,
0,0,-0.01,-10,-0.04,0,-0.01,
0,0,-0.01,-10,-0.04,-0.01,-0.01,
0,0,-0.01,-10,-0.04,-0.01,-0.01,
0,0,0.05,-10.03,-0.03,-0.01,-0.01,
0,0,0.05,-10.03,-0.03,0,-0.01,
0,0,0.05,-10.03,-0.03,0,-0.01,
0,0,0,-10.01,-0.06,0,-0.01,
0,0,0,-10.01,-0.06,-0.01,-0.01,
0,0,-0.01,-10.04,-0.1,-0.01,-0.01,
0,0,-0.01,-10.04,-0.1,-0.01,-0.01,
0,0,-0.01,-10.04,-0.1,0,-0.01,
0,0,0.04,-10.03,-0.04,0,-0.01,
0,0,0.04,-10.03,-0.04,0,-0.01,
0,0,0.04,-10.03,-0.04,0,-0.01,
0,0,0.05,-10.04,-0.11,0,-0.01,
0,0,0.05,-10.04,-0.11,-0.01,-0.01,
0,0,0.05,-10.04,-0.11,-0.01,-0.01,
0,0,0.06,-10.01,-0.13,-0.01,-0.01,
0,0,0.06,-10.01,-0.13,-0.01,-0.01,
0,0,0.06,-10.01,-0.13,-0.01,-0.01,
0,0,0.04,-10.11,-0.12,-0.01,-0.01,
0,0,0.04,-10.11,-0.12,0,-0.01,
0,0,0.04,-10.11,-0.12,0,-0.01,
0,0,0.04,-10.11,-0.12,0,0,
0,0,0,-10.03,-0.14,0,0,
0,0,0,-10.03,-0.14,0,-0.01,
0,0,0,-10.03,-0.14,0,-0.01,
0,0,0.03,-10,0.01,0,-0.01,
0,0,0.03,-10,0.01,0,-0.01,
0,0,0.03,-10,0.01,0,-0.01,
0,0,-0.02,-10.03,-0.07,0,-0.01,
0,0,-0.03,-10.04,-0.08,-0.01,-0.01,
0,0,0.04,-10,-0.1,0,-0.01,
0,0,0.01,-10.01,-0.1,0,-0.01,
0,0,0,-10.02,-0.08,0,-0.01,
0,0,-0.01,-10.05,-0.09,0,-0.01,
0,0,-0.01,-10.05,-0.09,-0.01,0,
0,0,0.07,-10.04,-0.05,-0.01,0,
0,0,0.07,-10.04,-0.05,-0.01,-0.01,
0,0,0.07,-10.04,-0.05,0,-0.01,
0,0,0,-10,-0.03,0,-0.01,
0,0,0,-10,-0.03,-0.01,-0.01,
0,0,0,-10,-0.03,-0.01,-0.01,
0,0,-0.04,-9.96,-0.06,0,-0.01,
0,0,-0.04,-9.96,-0.06,0,-0.01,
0,0,-0.04,-9.96,-0.06,0,-0.01,
0,0,0.05,-10.01,-0.09,-0.01,-0.01,
0,0,0.05,-10.01,-0.09,0,-0.01,
0,0,0.05,-10.01,-0.09,0,-0.01,
0,0,-0.06,-10.06,-0.09,-0.01,-0.01,
0,0,-0.06,-10.06,-0.09,-0.01,-0.01,
0,0,-0.06,-10.06,-0.09,-0.01,-0.01,
0,0,0,-10.06,-0.06,0,-0.01,
0,0,0,-10.06,-0.06,-0.01,-0.01,
0,0,0,-10.06,-0.06,-0.01,-0.01,
0,0,0.02,-10.03,-0.08,0,0,
0,0,0.02,-10.03,-0.08,-0.01,-0.01,
0,0,0.04,-10.06,-0.07,-0.01,-0.01,
0,0,0.04,-10.06,-0.07,0,-0.01,
0,0,0.04,-10.06,-0.07,0,-0.01,
0,0,0.07,-9.95,-0.13,0,-0.01,
0,0,0.07,-9.95,-0.13,0,-0.01,
0,0,0.07,-9.95,-0.13,-0.01,-0.01,
0,0,-0.04,-9.98,-0.07,-0.01,-0.01,
0,0,-0.04,-9.98,-0.07,0,0,
0,0,-0.04,-9.98,-0.07,-0.01,-0.01,
0,0,-0.01,-9.98,-0.09,-0.01,-0.01,
0,0,-0.01,-9.98,-0.09,-0.01,-0.01,
0,0,-0.01,-9.98,-0.09,0,-0.01,
0,0,0.03,-10.05,-0.11,0,-0.01,
0,0,0.03,-10.05,-0.11,0,-0.01,
0,0,0.03,-10.05,-0.11,0,0,
0,0,0.03,-10.04,-0.12,0,0,
0,0,0.03,-10.04,-0.12,-0.01,-0.01,
0,0,0.03,-10.04,-0.12,0,-0.01,
0,0,0,-10,-0.03,0,-0.01,
0,0,0,-10,-0.03,0,-0.01,
0,0,0,-10,-0.03,0,-0.01,
0,0,0.02,-10.01,-0.09,0,-0.01,
0,0,0.02,-10.01,-0.09,0,-0.01,
0,0,0.02,-10,-0.08,-0.01,-0.01,
0,0,0.02,-10,-0.08,-0.01,-0.01,
0,0,0.02,-10,-0.08,-0.01,-0.01,
0,0,0,-10.04,-0.13,-0.01,-0.01,
0,0,0,-10.04,-0.13,-0.01,-0.01,
0,0,0,-10.04,-0.13,0,-0.01,
0,0,-0.02,-10.04,-0.09,-0.01,-0.01,
0,0,-0.02,-10.04,-0.09,-0.01,-0.01,
0,0,-0.02,-10.04,-0.09,-0.01,-0.01,
0,0,-0.01,-10.02,-0.05,-0.01,-0.01,
0,0,-0.01,-10.02,-0.05,-0.01,-0.01,
0,0,-0.01,-10.02,-0.05,-0.01,-0.01,
0,0,-0.03,-9.99,-0.06,-0.01,-0.01,
0,0,-0.03,-9.99,-0.06,0,-0.01,
0,0,-0.03,-9.99,-0.06,0,-0.01,
0,0,0.03,-10.02,-0.06,0,-0.01,
0,0,0.03,-10.02,-0.06,0,-0.01,
0,0,0.03,-10.02,-0.06,-0.01,-0.01,
0,0,0,-10.05,-0.14,0,-0.01,
0,0,0,-10.05,-0.14,0,-0.01,
0,0,0,-10.05,-0.14,-0.01,-0.01,
0,0,0.07,-10.04,-0.11,0,-0.01,
0,0,0.07,-10.04,-0.11,0,-0.01,
0,0,0,-9.97,-0.07,0,0,
0,0,0,-9.97,-0.07,0,-0.01,
0,0,0,-9.97,-0.07,0,-0.01,
0,0,0.02,-9.99,-0.11,0,-0.01,
0,0,0.02,-9.99,-0.11,0,-0.01,
0,0,0.02,-9.99,-0.11,0,-0.01,
0,0,0,-10.06,-0.06,-0.01,-0.01,
0,0,0,-10.06,-0.06,-0.01,-0.01,
0,0,0,-10.06,-0.06,-0.01,-0.01,
0,0,0,-9.97,-0.06,0,-0.01,
0,0,0,-9.97,-0.06,0,-0.01,
0,0,0,-9.97,-0.06,0,-0.01,
0,0,0.07,-10.01,-0.05,-0.01,-0.01,
0,0,0.07,-10.01,-0.05,0,-0.01,
0,0,0.07,-10.01,-0.05,0,-0.01,
0,0,0.04,-9.98,-0.05,-0.01,-0.01,
0,0,0.04,-9.98,-0.05,-0.01,-0.01,
0,0,0.04,-9.98,-0.05,-0.01,-0.01,
0,0,0.01,-10.1,-0.07,-0.01,-0.01,
0,0,0.01,-10.1,-0.07,-0.01,-0.01,
0,0,0,-9.97,-0.1,-0.01,-0.01,
0,0,0,-9.97,-0.1,0,-0.01,
0,0,0,-9.97,-0.1,0,-0.01,
0,0,0.04,-10.07,-0.05,0,-0.01,
0,0,0.04,-10.07,-0.05,0,-0.01,
0,0,0.04,-10.07,-0.05,-0.01,-0.01,
0,0,-0.06,-10.05,-0.03,-0.01,-0.01,
0,0,-0.06,-10.05,-0.03,-0.01,-0.01,
0,0,-0.06,-10.05,-0.03,-0.01,-0.01,
0,0,0.02,-10.06,-0.06,-0.01,-0.01,
0,0,0.02,-10.06,-0.06,0,-0.01,
0,0,0.02,-10.06,-0.06,-0.01,-0.01,
0,0,0.11,-10.06,-0.08,-0.01,-0.01,
0,0,0.11,-10.06,-0.08,0,-0.01,
0,0,0.11,-10.06,-0.08,0,-0.01,
0,0,0.05,-9.97,-0.08,-0.01,-0.01,
0,0,0.05,-9.97,-0.08,0,-0.01,
0,0,0.05,-9.97,-0.08,0,-0.01,
0,0,0,-10.07,-0.11,0,-0.01,
0,0,0,-10.07,-0.11,0,0,
0,0,0,-10.07,-0.11,0,0,
0,0,-0.01,-9.98,-0.1,-0.01,-0.01,
0,0,-0.01,-9.98,-0.1,0,-0.01,
0,0,-0.01,-9.98,-0.1,0,-0.01,
0,0,-0.02,-10.07,-0.07,-0.01,-0.01,
0,0,-0.02,-10.07,-0.07,0,-0.01,
0,0,0.05,-10,-0.08,0,-0.01,
0,0,0.05,-10,-0.08,-0.01,-0.01,
0,0,0.05,-10,-0.08,-0.01,-0.01,
0,0,-0.07,-10,-0.1,-0.01,-0.01,
0,0,-0.07,-10,-0.1,-0.01,-0.01,
0,0,-0.07,-10,-0.1,-0.01,-0.01,
0,0,0.01,-10.03,-0.04,-0.01,-0.01,
0,0,0.01,-10.03,-0.04,-0.01,-0.01,
0,0,0.01,-10.03,-0.04,0,-0.01,
0,0,0.03,-9.99,-0.09,0,-0.01,
0,0,0.03,-9.99,-0.09,0,-0.01,
0,0,0.03,-9.99,-0.09,0,-0.01,
0,0,0.03,-9.99,-0.11,0,-0.01,
0,0,0.03,-9.99,-0.11,0,-0.01,
0,0,0.03,-9.99,-0.11,0,-0.01,
0,0,0,-9.94,-0.13,0,-0.01,
0,0,0,-9.94,-0.13,0,-0.01,
0,0,0,-9.94,-0.13,0,-0.01,
0,0,-0.04,-10.01,-0.09,0,-0.01,
0,0,-0.04,-10.01,-0.09,0,-0.01,
0,0,0.01,-10.01,-0.11,-0.01,-0.01,
0,0,0.01,-10.01,-0.11,-0.01,-0.01,
0,0,0.01,-10.01,-0.11,0,-0.01,
0,0,-0.03,-10.01,-0.11,-0.01,-0.01,
0,0,-0.03,-10.01,-0.11,-0.01,-0.01,
0,0,-0.03,-10.01,-0.11,-0.01,-0.01,
0,0,0.02,-10.02,-0.08,-0.01,-0.01,
0,0,0.02,-10.02,-0.08,-0.01,-0.01,
0,0,0.02,-10.02,-0.08,0,-0.01,
0,0,0.04,-9.99,-0.12,0,-0.01,
0,0,0.04,-9.99,-0.12,0,-0.01,
0,0,0.04,-9.99,-0.12,0,-0.01,
0,0,0.02,-9.99,-0.11,0,-0.01,
0,0,0.02,-9.99,-0.11,0,-0.01,
0,0,0.02,-9.99,-0.11,0,-0.01,
0,0,-0.01,-10.07,-0.11,0,-0.01,
0,0,-0.01,-10.07,-0.11,0,-0.01,
0,0,-0.01,-10.07,-0.11,0,-0.01,
0,0,0,-10.01,-0.08,0,-0.01,
0,0,0,-10.01,-0.08,0,-0.01,
0,0,0,-10.01,-0.08,0,-0.01,
0,0,-0.07,-10.02,-0.09,0,-0.01,
0,0,-0.07,-10.02,-0.09,0,-0.01,
0,0,-0.03,-10.06,-0.03,0,-0.01,
0,0,-0.03,-10.06,-0.03,0,-0.01,
0,0,-0.03,-10.06,-0.03,0,-0.01,
0,0,0,-9.99,-0.04,-0.01,-0.01,
0,0,0,-9.99,-0.04,0,-0.01,
0,0,0,-9.99,-0.04,0,-0.01,
0,0,0.05,-10.01,-0.05,0,-0.01,
0,0,0.05,-10.01,-0.05,0,-0.01,
0,0,0.05,-10.01,-0.05,0,-0.01,
0,0,-0.01,-10.07,-0.08,0,-0.01,
0,0,-0.01,-10.07,-0.08,-0.01,-0.01,
0,0,-0.01,-10.07,-0.08,-0.01,-0.01,
0,0,0.02,-10.04,-0.06,-0.01,-0.01,
0,0,0.02,-10.04,-0.06,-0.01,-0.01,
0,0,0.02,-10.04,-0.06,-0.01,-0.01,
0,0,-0.02,-10.08,-0.11,-0.01,-0.01,
0,0,-0.02,-10.08,-0.11,0,-0.01,
0,0,-0.02,-10.08,-0.11,0,-0.01,
0,0,-0.01,-10.01,-0.06,0,-0.01,
0,0,-0.01,-10.01,-0.06,-0.01,-0.01,
0,0,-0.01,-10.05,-0.1,-0.01,-0.01,
0,0,-0.01,-10.05,-0.1,0,-0.01,
0,0,-0.01,-10.05,-0.1,-0.01,-0.01,
0,0,0,-10.06,-0.09,-0.01,-0.01,
0,0,0,-10.06,-0.09,0,0,
0,0,0,-10.06,-0.09,-0.01,-0.01,
0,0,0.01,-10.02,-0.09,-0.01,-0.01,
0,0,0.01,-10.02,-0.09,0,-0.01,
0,0,0.01,-10.02,-0.09,-0.01,-0.01,
0,0,0.02,-10.01,-0.13,-0.01,-0.01,
0,0,0.02,-10.01,-0.13,0,-0.01,
0,0,0.02,-10.01,-0.13,-0.01,-0.01,
0,0,-0.02,-9.98,-0.11,-0.01,-0.01,
0,0,-0.02,-9.98,-0.11,-0.01,-0.01,
0,0,-0.02,-9.98,-0.11,-0.01,-0.01,
0,0,0,-10.03,-0.06,0,-0.01,
0,0,0,-10.03,-0.06,-0.01,-0.01,
0,0,0,-10.03,-0.06,-0.01,-0.01,
0,0,0.04,-9.99,-0.1,-0.01,-0.01,
0,0,0.04,-9.99,-0.1,0,-0.01,
0,0,0.04,-9.99,-0.1,0,-0.01,
0,0,0.03,-10.07,-0.11,0,-0.01,
0,0,0.03,-10.07,-0.11,0,0,
0,0,0.03,-10.07,-0.11,0,0,
0,0,0,-10.02,-0.06,0,-0.01,
0,0,0,-10.02,-0.06,0,-0.01,
0,0,0,-10.02,-0.06,-0.01,-0.01,
0,0,0.04,-9.99,0,0,-0.01,
0,0,0.04,-9.99,0,0,-0.01,
0,0,0.04,-9.99,0,0,-0.01,
0,0,0.05,-10.06,-0.03,0,-0.01,
0,0,0.05,-10.06,-0.03,0,-0.01,
0,0,0.05,-10.06,-0.03,0,-0.01,
0,0,0.01,-10.06,-0.12,-0.01,-0.01,
0,0,0.01,-10.06,-0.12,-0.01,-0.01,
0,0,0.01,-10.06,-0.12,0,-0.01,
0,0,-0.02,-10.07,-0.08,0,-0.01,
0,0,-0.02,-10.07,-0.08,0,-0.01,
0,0,-0.02,-10.07,-0.08,0,-0.01,
0,0,0.05,-10.03,-0.02,-0.01,-0.01,
0,0,0.05,-10.03,-0.02,-0.01,-0.01,
0,0,0,-10.01,-0.11,-0.01,-0.01,
0,0,0,-10.01,-0.11,0,-0.01,
0,0,0,-10.01,-0.11,0,-0.01,
0,0,0.03,-9.95,-0.12,0,-0.01,
0,0,0.03,-9.95,-0.12,-0.01,-0.01,
0,0,0.03,-9.95,-0.12,-0.01,-0.01,
0,0,-0.01,-10.01,-0.08,0,-0.01,
0,0,-0.01,-10.01,-0.08,-0.01,-0.01,
0,0,-0.01,-10.01,-0.08,-0.01,-0.01,
0,0,-0.02,-9.99,-0.09,0,-0.01,
0,0,-0.02,-9.99,-0.09,0,-0.01,
0,0,-0.02,-9.99,-0.09,0,-0.01,
0,0,-0.05,-10.03,-0.1,0,-0.01,
0,0,-0.05,-10.03,-0.1,-0.01,0,
0,0,-0.05,-10.03,-0.1,-0.01,0,
0,0,-0.02,-10.02,-0.09,0,-0.01,
0,0,-0.02,-10.02,-0.09,0,-0.01,
0,0,-0.02,-10.02,-0.09,0,-0.01,
0,0,0.02,-10.01,-0.12,-0.01,-0.01,
0,0,0.02,-10.01,-0.12,-0.01,-0.01,
0,0,0.02,-10.01,-0.12,-0.01,-0.01,
0,0,0,-10.02,-0.12,-0.01,-0.01,
0,0,0,-10.02,-0.12,-0.01,0,
0,0,0,-10.02,-0.12,-0.01,0,
0,0,0.01,-10.01,-0.11,-0.01,-0.01,
0,0,0.01,-10.01,-0.11,0,-0.01,
0,0,0.01,-9.98,-0.03,0,-0.01,
0,0,0.01,-9.98,-0.03,-0.01,-0.01,
0,0,0.01,-9.98,-0.03,-0.01,-0.01,
0,0,-0.01,-10,-0.08,-0.01,-0.01,
0,0,-0.01,-10,-0.08,-0.01,-0.01,
0,0,-0.01,-10,-0.08,-0.01,-0.01,
0,0,0,-10.09,-0.06,-0.01,-0.01,
0,0,0,-10.09,-0.06,0,-0.01,
0,0,0,-10.09,-0.06,0,-0.01,
0,0,0.04,-10,-0.04,0,-0.01,
0,0,0.04,-10,-0.04,0,-0.01,
0,0,0.04,-10,-0.04,0,-0.01,
0,0,-0.06,-10.04,-0.08,0,-0.01,
0,0,-0.06,-10.04,-0.08,0,-0.01,
0,0,-0.06,-10.04,-0.08,0,-0.01,
0,0,0.1,-10.02,-0.09,0,-0.01,
0,0,0.1,-10.02,-0.09,0,-0.01,
0,0,0.1,-10.02,-0.09,-0.01,-0.01,
0,0,-0.09,-10.04,-0.11,-0.01,-0.01,
0,0,-0.09,-10.04,-0.11,0,-0.01,
0,0,-0.04,-10,-0.06,-0.01,-0.01,
0,0,-0.04,-10,-0.06,-0.01,-0.01,
0,0,-0.04,-10,-0.06,0,-0.01,
0,0,0.06,-10.02,-0.08,-0.01,-0.01,
0,0,0.06,-10.02,-0.08,-0.01,-0.01,
0,0,0.06,-10.02,-0.08,-0.01,-0.01,
0,0,-0.02,-9.99,-0.11,0,0,
0,0,-0.02,-9.99,-0.11,0,0,
0,0,-0.02,-9.99,-0.11,0,-0.01,
0,0,0.03,-10,-0.08,0,-0.01,
0,0,0.03,-10,-0.08,0,-0.01,
0,0,0.03,-10,-0.08,0,-0.01,
0,0,0,-10.04,-0.06,-0.01,-0.01,
0,0,0,-10.04,-0.06,-0.01,-0.01,
0,0,0,-10.04,-0.06,0,-0.01,
0,0,-0.03,-10.1,-0.11,-0.01,-0.01,
0,0,-0.03,-10.1,-0.11,-0.01,-0.01,
0,0,0,-10.08,-0.1,0,-0.01,
0,0,0,-10.08,-0.1,0,-0.01,
0,0,0,-10.08,-0.1,0,-0.01,
0,0,-0.02,-10.07,-0.09,0,-0.01,
0,0,-0.02,-10.07,-0.09,0,-0.01,
0,0,-0.02,-10.07,-0.09,0,-0.01,
0,0,-0.02,-10.03,-0.07,0,-0.01,
0,0,-0.02,-10.03,-0.07,0,-0.01,
0,0,-0.02,-10.03,-0.07,0,-0.01,
0,0,-0.01,-10.03,-0.13,0,-0.01,
0,0,-0.01,-10.03,-0.13,-0.01,-0.01,
0,0,-0.01,-10.03,-0.13,-0.01,-0.01,
0,0,0.05,-10.06,-0.08,-0.01,-0.01,
0,0,0.05,-10.06,-0.08,0,-0.01,
0,0,0.05,-10.06,-0.08,0,-0.01,
0,0,-0.05,-10.01,-0.04,0,-0.01,
0,0,-0.05,-10.01,-0.04,0,-0.01,
0,0,-0.05,-10.01,-0.04,0,-0.01,
0,0,0.04,-9.98,-0.04,-0.01,-0.01,
0,0,0.04,-9.98,-0.04,-0.01,-0.01,
0,0,0.04,-9.98,-0.04,-0.01,-0.01,
0,0,-0.02,-10.04,-0.08,0,-0.01,
0,0,-0.02,-10.04,-0.08,0,-0.01,
0,0,-0.02,-10.04,-0.08,0,-0.01,
0,0,0.17,-9.93,-0.13,0,-0.01,
0,0,0.17,-9.93,-0.13,0,-0.01,
0,0,0.17,-9.93,-0.13,0,-0.01,
0,0,-0.04,-10.07,-0.08,0,-0.01,
0,0,-0.04,-10.07,-0.08,0,-0.01,
0,0,0.04,-9.97,-0.08,-0.01,-0.01,
0,0,0.04,-9.97,-0.08,0,-0.01,
0,0,0.04,-9.97,-0.08,-0.01,-0.01,
0,0,-0.03,-10.1,-0.09,-0.01,-0.01,
0,0,-0.03,-10.1,-0.09,-0.01,-0.01,
0,0,-0.03,-10.1,-0.09,-0.01,-0.01,
0,0,0.06,-10.09,-0.16,-0.01,-0.01,
0,0,0.06,-10.09,-0.16,-0.01,-0.01,
0,0,0.06,-10.09,-0.16,-0.01,0,
0,0,-0.05,-10.06,-0.15,-0.01,0,
0,0,-0.05,-10.06,-0.15,0,-0.01,
0,0,-0.05,-10.06,-0.15,0,-0.01,
0,0,0,-9.98,-0.11,0,-0.01,
0,0,0,-9.98,-0.11,-0.01,-0.01,
0,0,0,-9.98,-0.11,-0.01,-0.01,
0,0,-0.1,-10.07,-0.07,0,-0.01,
0,0,-0.1,-10.07,-0.07,-0.01,-0.01,
0,0,-0.1,-10.07,-0.07,-0.01,-0.01,
0,0,0.02,-9.93,-0.09,0,-0.01,
0,0,0.02,-9.93,-0.09,0,-0.01,
0,0,0.02,-9.93,-0.09,0,-0.01,
0,0,-0.02,-9.99,-0.05,-0.01,-0.01,
0,0,-0.02,-9.99,-0.05,-0.01,0,
0,0,-0.02,-9.99,-0.05,-0.01,0,
0,0,0,-9.97,-0.11,0,-0.01,
0,0,0,-9.97,-0.11,0,-0.01,
0,0,0.06,-9.98,-0.12,0,-0.01,
0,0,0.06,-9.98,-0.12,-0.01,-0.01,
0,0,0.06,-9.98,-0.12,-0.01,-0.01,
0,0,0.02,-10,-0.08,-0.01,-0.01,
0,0,0.02,-10,-0.08,-0.01,0,
0,0,0.02,-10,-0.08,0,-0.01,
0,0,0.06,-9.99,-0.11,0,-0.01,
0,0,0.06,-9.99,-0.11,0,0,
0,0,0.06,-9.99,-0.11,-0.01,-0.01,
0,0,0,-10.11,-0.1,-0.01,-0.01,
0,0,0,-10.11,-0.1,0,-0.01,
0,0,0,-10.11,-0.1,-0.01,-0.01,
0,0,-0.04,-10,-0.09,-0.01,-0.01,
0,0,-0.04,-10,-0.09,0,-0.01,
0,0,-0.04,-10,-0.09,0,-0.01,
0,0,-0.03,-9.99,-0.07,0,-0.01,
0,0,-0.03,-9.99,-0.07,0,-0.01,
0,0,-0.03,-9.99,-0.07,0,-0.01,
0,0,-0.01,-10,-0.11,0,-0.01,
0,0,-0.01,-10,-0.11,-0.01,-0.01,
0,0,-0.01,-10,-0.11,-0.01,-0.01,
0,0,0.11,-10.04,-0.11,-0.01,-0.01,
0,0,0.11,-10.04,-0.11,0,-0.01,
0,0,0.11,-10.04,-0.11,-0.01,-0.01,
0,0,0.02,-10.05,-0.11,-0.01,-0.01,
0,0,0.02,-10.05,-0.11,-0.01,-0.01,
0,0,0,-9.99,-0.12,-0.01,-0.01,
0,0,0,-9.99,-0.12,-0.01,-0.01,
0,0,0,-9.99,-0.12,0,-0.01,
0,0,0.04,-10.06,-0.03,0,-0.01,
0,0,0.04,-10.06,-0.03,0,-0.01,
0,0,0.04,-10.06,-0.03,0,-0.01,
0,0,0.03,-10.06,-0.1,-0.01,-0.01,
0,0,0.03,-10.06,-0.1,-0.01,-0.01,
0,0,0.03,-10.06,-0.1,0,-0.01,
0,0,0,-9.99,-0.12,0,-0.01,
0,0,0,-9.99,-0.12,0,-0.01,
0,0,0,-9.99,-0.12,0,-0.01,
0,0,-0.07,-10,-0.08,0,-0.01,
0,0,-0.07,-10,-0.08,0,-0.01,
0,0,-0.07,-10,-0.08,0,-0.01,
0,0,-0.07,-10.07,-0.11,0,-0.01,
0,0,-0.07,-10.07,-0.11,0,-0.01,
0,0,-0.07,-10.07,-0.11,0,-0.01,
0,0,-0.01,-9.98,-0.06,0,-0.01,
0,0,-0.01,-9.98,-0.06,0,-0.01,
0,0,-0.01,-9.98,-0.06,-0.01,-0.01,
0,0,0,-10,-0.07,-0.01,-0.01,
0,0,0,-10,-0.07,0,-0.01,
0,0,0,-10,-0.07,0,-0.01,
0,0,-0.06,-10,-0.1,0,-0.01,
0,0,-0.06,-10,-0.1,-0.01,-0.01,
0,0,-0.06,-10,-0.1,0,-0.01,
0,0,0.03,-10.07,-0.13,0,-0.01,
0,0,0.03,-10.07,-0.13,0,-0.01,
0,0,0.03,-10.07,-0.13,0,-0.01,
0,0,0.04,-10.06,-0.09,0,-0.01,
0,0,0.04,-10.06,-0.09,0,-0.01,
0,0,0.04,-10.06,-0.09,0,-0.01,
0,0,-0.02,-10,-0.14,0,-0.01,
0,0,-0.02,-10,-0.14,0,-0.01,
0,0,-0.02,-10,-0.14,0,-0.01,
0,0,0.04,-9.98,-0.07,0,-0.01,
0,0,0.04,-9.98,-0.07,0,-0.01,
0,0,0.04,-9.98,-0.07,0,-0.01,
0,0,-0.05,-10.02,-0.11,0,-0.01,
0,0,-0.05,-10.02,-0.11,0,-0.01,
0,0,-0.05,-10.02,-0.11,-0.01,-0.01,
0,0,-0.03,-10,-0.12,-0.01,-0.01,
0,0,-0.03,-10,-0.12,-0.01,-0.01,
0,0,-0.03,-10,-0.12,-0.01,0,
0,0,-0.05,-9.97,-0.12,-0.01,-0.01,
0,0,-0.05,-9.97,-0.12,-0.01,-0.01,
0,0,-0.01,-10.02,-0.13,-0.01,-0.01,
0,0,-0.01,-10.02,-0.13,0,-0.01,
0,0,-0.01,-10.02,-0.13,0,-0.01,
0,0,0.05,-9.98,-0.11,-0.01,-0.01,
0,0,0.05,-9.98,-0.11,0,-0.01,
0,0,0.05,-9.98,-0.11,0,-0.01,
0,0,0.04,-9.97,-0.1,0,-0.01,
0,0,0.04,-9.97,-0.1,0,-0.01,
0,0,0.04,-9.97,-0.1,0,-0.01,
0,0,-0.01,-10.06,-0.05,0,-0.01,
0,0,-0.01,-10.06,-0.05,-0.01,-0.01,
0,0,-0.01,-10.06,-0.05,-0.01,-0.01,
0,0,-0.01,-10.02,-0.08,0,-0.01,
0,0,-0.01,-10.02,-0.08,0,-0.01,
0,0,-0.01,-10.02,-0.08,0,-0.01,
0,0,-0.06,-9.98,-0.08,0,-0.01,
0,0,-0.06,-9.98,-0.08,0,-0.01,
0,0,-0.06,-9.98,-0.08,0,-0.01,
0,0,0,-10.07,-0.07,-0.01,-0.01,
0,0,0,-10.07,-0.07,-0.01,-0.01,
0,0,0,-10.07,-0.07,-0.01,-0.01,
0,0,-0.01,-9.98,-0.03,-0.01,0,
0,0,-0.01,-9.98,-0.03,0,-0.01,
0,0,-0.01,-9.98,-0.03,0,-0.01,
0,0,0.02,-10.02,-0.09,0,-0.01,
0,0,0.02,-10.02,-0.09,-0.01,-0.01,
0,0,0.04,-10.06,-0.14,-0.01,-0.01,
0,0,0.04,-10.06,-0.14,0,-0.01,
0,0,0.04,-10.06,-0.14,-0.01,-0.01,
0,0,0.04,-10.01,-0.08,-0.01,-0.01,
0,0,0.04,-10.01,-0.08,0,-0.01,
0,0,0.04,-10.01,-0.08,0,-0.01,
0,0,0.06,-9.99,-0.1,0,-0.01,
0,0,0.06,-9.99,-0.1,0,-0.01,
0,0,0.06,-9.99,-0.1,-0.01,-0.01,
0,0,-0.03,-10.05,-0.05,-0.01,-0.01,
0,0,-0.03,-10.05,-0.05,0,-0.01,
0,0,-0.03,-10.05,-0.05,-0.01,-0.01,
0,0,0.07,-10,-0.11,-0.01,-0.01,
0,0,0.07,-10,-0.11,0,-0.01,
0,0,0.07,-10,-0.11,0,-0.01,
0,0,0.01,-10.05,-0.09,0,-0.01,
0,0,0.01,-10.05,-0.09,0,-0.01,
0,0,0.01,-10.05,-0.09,0,-0.01,
0,0,-0.07,-10.03,-0.05,0,-0.01,
0,0,-0.07,-10.03,-0.05,-0.01,-0.01,
0,0,-0.07,-10.03,-0.05,-0.01,-0.01,
0,0,0,-10.03,-0.07,0,-0.01,
0,0,0,-10.03,-0.07,0,0,
0,0,0,-10.03,-0.07,0,0,
0,0,0.03,-10,-0.07,-0.01,-0.01,
0,0,0.03,-10,-0.07,-0.01,-0.01,
0,0,0,-9.96,-0.09,-0.01,-0.01,
0,0,0,-9.96,-0.09,0,-0.01,
0,0,0,-9.96,-0.09,0,-0.01,
0,0,0.04,-10.05,-0.12,0,-0.01,
0,0,0.04,-10.05,-0.12,0,-0.01,
0,0,0.04,-10.05,-0.12,0,-0.01,
0,0,0.06,-10.05,-0.1,0,-0.01,
0,0,0.06,-10.05,-0.1,0,-0.01,
0,0,0.06,-10.05,-0.1,-0.01,-0.01,
0,0,0,-10.02,-0.12,0,-0.01,
0,0,0,-10.02,-0.12,0,-0.01,
0,0,0,-10.02,-0.12,0,-0.01,
0,0,0.09,-10.03,-0.09,-0.01,-0.01,
0,0,0.09,-10.03,-0.09,-0.01,-0.01,
0,0,0.09,-10.03,-0.09,0,-0.01,
0,0,0,-10.07,-0.11,0,-0.01,
0,0,0,-10.07,-0.11,-0.01,-0.01,
0,0,0,-10.07,-0.11,0,-0.01,
0,0,0.04,-9.98,-0.07,0,-0.01,
0,0,0.04,-9.98,-0.07,-0.01,-0.01,
0,0,0.04,-9.98,-0.07,-0.01,-0.01,
0,0,0.03,-10.02,-0.11,-0.01,-0.01,
0,0,0.03,-10.02,-0.11,0,-0.01,
0,0,0.03,-10.02,-0.11,-0.01,-0.01,
0,0,0,-10.05,-0.14,-0.01,-0.01,
0,0,0,-10.05,-0.14,-0.01,-0.01,
0,0,0.03,-10.07,-0.12,-0.01,-0.01,
0,0,0.03,-10.07,-0.12,-0.01,-0.01,
0,0,0.03,-10.07,-0.12,0,-0.01,
0,0,0.06,-9.99,-0.11,-0.01,-0.01,
0,0,0.06,-9.99,-0.11,-0.01,-0.01,
0,0,0.06,-9.99,-0.11,-0.01,-0.01,
0,0,0.03,-9.99,-0.1,-0.01,-0.01,
0,0,0.03,-9.99,-0.1,-0.01,-0.01,
0,0,0.03,-9.99,-0.1,0,-0.01,
0,0,-0.01,-10.04,-0.07,0,-0.01,
0,0,-0.01,-10.04,-0.07,0,-0.01,
0,0,-0.01,-10.04,-0.07,-0.01,-0.01,
0,0,-0.03,-10.03,-0.09,-0.01,-0.01,
0,0,-0.03,-10.03,-0.09,0,-0.01,
0,0,-0.03,-10.03,-0.09,0,-0.01,
0,0,0.01,-10,-0.06,0,-0.01,
0,0,0.01,-10,-0.06,0,-0.01,
0,0,0.01,-10,-0.06,0,-0.01,
0,0,0.01,-10.05,-0.07,0,-0.01,
0,0,0.01,-10.05,-0.07,0,0,
0,0,0.01,-10.05,-0.07,0,-0.01,
0,0,0.05,-10.04,-0.08,0,-0.01,
0,0,0.05,-10.04,-0.08,0,-0.01,
0,0,0.05,-10.04,-0.08,0,-0.01,
0,0,0.03,-10.04,-0.12,0,-0.01,
0,0,0.03,-10.04,-0.12,-0.01,-0.01,
0,0,0.03,-10.04,-0.12,-0.01,-0.01,
0,0,-0.02,-10,-0.08,-0.01,-0.01,
0,0,-0.02,-10,-0.08,-0.01,-0.01,
0,0,-0.04,-10.06,-0.08,-0.01,-0.01,
0,0,-0.04,-10.06,-0.08,-0.01,-0.01,
0,0,-0.04,-10.06,-0.08,0,-0.01,
0,0,0.05,-10.04,-0.1,0,-0.01,
0,0,0.05,-10.04,-0.1,0,-0.01,
0,0,0.05,-10.04,-0.1,0,-0.01,
0,0,0.01,-10,-0.08,-0.01,-0.01,
0,0,0.01,-10,-0.08,-0.01,-0.01,
0,0,0.01,-10,-0.08,0,-0.01,
0,0,0,-10,-0.09,-0.01,-0.01,
0,0,0,-10,-0.09,-0.01,-0.01,
0,0,0,-10,-0.09,-0.01,-0.01,
0,0,0,-10.02,-0.12,0,-0.01,
0,0,0,-10.02,-0.12,-0.01,-0.01,
0,0,0,-10.02,-0.12,-0.01,-0.01,
0,0,0,-10.04,-0.1,0,-0.01,
0,0,0,-10.04,-0.1,0,-0.01,
0,0,-0.08,-10.05,-0.07,-0.01,-0.01,
0,0,-0.08,-10.05,-0.07,0,-0.01,
0,0,-0.08,-10.05,-0.07,0,-0.01,
0,0,0.02,-10,-0.08,0,0,
0,0,0.02,-10,-0.08,0,-0.01,
0,0,0.02,-10,-0.08,0,-0.01,
0,0,0.03,-10.04,-0.05,0,-0.01,
0,0,0.03,-10.04,-0.05,-0.01,-0.01,
0,0,0.03,-10.04,-0.05,-0.01,-0.01,
0,0,0.02,-10.05,-0.1,0,-0.01,
0,0,0.02,-10.05,-0.1,0,-0.01,
0,0,0.02,-10.05,-0.1,0,-0.01,
0,0,-0.03,-9.97,-0.12,-0.01,-0.01,
0,0,-0.03,-9.97,-0.12,-0.01,-0.01,
0,0,-0.03,-9.97,-0.12,-0.01,-0.01,
0,0,-0.02,-10.03,-0.1,-0.01,-0.01,
0,0,-0.02,-10.03,-0.1,-0.01,-0.01,
0,0,-0.02,-10.03,-0.1,-0.01,-0.01,
0,0,0,-10.03,-0.1,0,-0.01,
0,0,0,-10.03,-0.1,-0.01,-0.01,
0,0,0,-10.03,-0.1,-0.01,-0.01,
0,0,-0.01,-9.97,-0.06,-0.01,-0.01,
0,0,-0.01,-9.97,-0.06,0,-0.01,
0,0,0.05,-10.04,-0.08,0,-0.01,
0,0,0.05,-10.04,-0.08,-0.01,-0.01,
0,0,0.05,-10.04,-0.08,0,-0.01,
0,0,0.04,-10.02,-0.12,0,-0.01,
0,0,0.04,-10.02,-0.12,0,-0.01,
0,0,0.04,-10.02,-0.12,-0.01,-0.01,
0,0,0,-10.02,-0.11,-0.01,-0.01,
0,0,0,-10.02,-0.11,0,-0.01,
0,0,0,-10.02,-0.11,-0.01,-0.01,
0,0,-0.03,-10.1,-0.07,-0.01,-0.01,
0,0,-0.03,-10.1,-0.07,-0.01,-0.01,
0,0,-0.03,-10.1,-0.07,0,-0.01,
0,0,-0.04,-9.99,-0.07,-0.01,-0.01,
0,0,-0.04,-9.99,-0.07,-0.01,-0.01,
0,0,-0.04,-9.99,-0.07,0,-0.01,
0,0,-0.05,-10,-0.07,0,-0.01,
0,0,-0.05,-10,-0.07,0,-0.01,
0,0,-0.05,-10,-0.07,0,-0.01,
0,0,-0.01,-10.05,-0.1,0,-0.01,
0,0,-0.01,-10.05,-0.1,0,-0.01,
0,0,-0.01,-10.05,-0.1,-0.01,-0.01,
0,0,0.05,-10.07,-0.06,-0.01,-0.01,
0,0,0.05,-10.07,-0.06,-0.01,-0.01,
0,0,0.05,-10.07,-0.06,0,-0.01,
0,0,0.07,-10.03,-0.11,0,-0.01,
0,0,0.07,-10.03,-0.11,0,-0.01,
0,0,0.07,-10.03,-0.11,0,0,
0,0,0.04,-10.07,-0.1,0,0,
0,0,0.04,-10.07,-0.1,-0.01,-0.01,
0,0,0.03,-10.02,-0.06,0,-0.01,
0,0,0.03,-10.02,-0.06,0,-0.01,
0,0,0.03,-10.02,-0.06,0,-0.01,
0,0,0.01,-10.05,-0.09,0,-0.01,
0,0,0.01,-10.05,-0.09,0,-0.01,
0,0,0.01,-10.05,-0.09,0,-0.01,
0,0,-0.05,-9.99,-0.12,0,-0.01,
0,0,-0.05,-9.99,-0.12,0,-0.01,
0,0,-0.05,-9.99,-0.12,-0.01,-0.01,
0,0,0.03,-10.03,-0.12,-0.01,-0.01,
0,0,0.03,-10.03,-0.12,-0.01,-0.01,
0,0,0.03,-10.03,-0.12,-0.01,-0.01,
0,0,-0.02,-10.02,-0.12,-0.01,-0.01,
0,0,-0.02,-10.02,-0.12,-0.01,-0.01,
0,0,-0.02,-10.02,-0.12,-0.01,-0.01,
0,0,-0.01,-10.04,-0.11,0,-0.01,
0,0,-0.01,-10.04,-0.11,0,-0.01,
0,0,-0.01,-10.04,-0.11,0,-0.01,
0,0,0.03,-10.01,-0.03,0,-0.01,
0,0,0.03,-10.01,-0.03,0,-0.01,
0,0,0.08,-10.02,-0.11,0,-0.01,
0,0,0.08,-10.02,-0.11,-0.01,-0.01,
0,0,0.08,-10.02,-0.11,-0.01,-0.01,
0,0,-0.02,-9.99,-0.04,0,-0.01,
0,0,-0.02,-9.99,-0.04,0,-0.01,
0,0,-0.02,-9.99,-0.04,0,-0.01,
0,0,0.01,-10.02,-0.06,0,-0.01,
0,0,0.01,-10.02,-0.06,-0.01,-0.01,
0,0,0.01,-10.02,-0.06,-0.01,-0.01,
0,0,-0.03,-10.1,-0.11,0,-0.02,
0,0,-0.03,-10.1,-0.11,-0.01,-0.01,
0,0,-0.03,-10.1,-0.11,-0.01,-0.01,
0,0,-0.02,-9.98,-0.09,0,-0.01,
0,0,-0.02,-9.98,-0.09,0,-0.01,
0,0,0.04,-10.04,-0.04,0,-0.01,
0,0,0.04,-10.04,-0.04,0,-0.01,
0,0,0.04,-10.04,-0.04,0,-0.01,
0,0,0,-10.08,-0.06,-0.01,0,
0,0,0,-10.08,-0.06,-0.01,0,
0,0,0,-10.08,-0.06,0,-0.01,
0,0,-0.04,-10.05,-0.12,0,-0.01,
0,0,-0.04,-10.05,-0.12,0,-0.01,
0,0,-0.04,-10.05,-0.12,0,-0.01,
0,0,-0.02,-10.05,-0.12,-0.01,-0.01,
0,0,-0.02,-10.05,-0.12,-0.01,-0.01,
0,0,0,-9.96,-0.08,0,-0.01,
0,0,0,-9.96,-0.08,0,-0.01,
0,0,0,-9.96,-0.08,0,-0.01,
0,0,0.04,-10.03,-0.11,0,-0.01,
0,0,0.04,-10.03,-0.11,0,-0.01,
0,0,0.04,-10.03,-0.11,0,-0.01,
0,0,0.07,-10.02,-0.12,-0.01,-0.01,
0,0,0.07,-10.02,-0.12,0,-0.01,
0,0,0.07,-10.02,-0.12,-0.01,-0.01,
0,0,0.05,-10.01,-0.04,-0.01,-0.01,
0,0,0.05,-10.01,-0.04,-0.01,-0.01,
0,0,0.05,-10.01,-0.04,-0.01,-0.01,
0,0,-0.03,-10.02,-0.07,-0.01,-0.01,
0,0,-0.03,-10.02,-0.07,-0.01,-0.01,
0,0,0.02,-10.1,-0.07,0,-0.01,
0,0,0.02,-10.1,-0.07,0,-0.01,
0,0,0.02,-10.1,-0.07,-0.01,-0.01,
0,0,0.05,-10.04,-0.02,-0.01,-0.01,
0,0,0.05,-10.04,-0.02,-0.01,-0.01,
0,0,0.05,-10.04,-0.02,0,-0.01,
0,0,-0.03,-9.99,-0.1,-0.01,-0.01,
0,0,-0.03,-9.99,-0.1,-0.01,-0.01,
0,0,-0.03,-9.99,-0.1,0,-0.01,
0,0,0.02,-10.01,-0.09,0,-0.01,
0,0,0.02,-10.01,-0.09,0,-0.01,
0,0,0.02,-10.01,-0.09,0,-0.01,
0,0,0.11,-10.09,-0.11,0,-0.01,
0,0,0.11,-10.09,-0.11,0,-0.01,
0,0,0.11,-10.09,-0.11,0,-0.01,
0,0,0,-10.02,-0.08,-0.01,-0.01,
0,0,0,-10.02,-0.08,-0.01,-0.01,
0,0,0.03,-10,-0.04,0,-0.01,
0,0,0.03,-10,-0.04,0,-0.01,
0,0,0.03,-10,-0.04,0,-0.01,
0,0,0.03,-10,-0.1,0,0,
0,0,0.03,-10,-0.1,0,-0.01,
0,0,0.03,-10,-0.1,0,-0.01,
0,0,-0.05,-10.06,-0.09,0,-0.01,
0,0,-0.05,-10.06,-0.09,0,-0.01,
0,0,-0.05,-10.06,-0.09,0,-0.01,
0,0,-0.04,-10.05,-0.08,-0.01,-0.01,
0,0,-0.04,-10.05,-0.08,0,-0.01,
0,0,-0.04,-10.05,-0.08,0,-0.01,
0,0,0.05,-10.07,-0.13,-0.01,-0.01,
0,0,0.05,-10.07,-0.13,0,-0.01,
0,0,0.05,-10.07,-0.13,0,-0.01,
0,0,-0.06,-10.06,-0.06,0,-0.01,
0,0,-0.06,-10.06,-0.06,-0.01,-0.01,
0,0,-0.06,-10.06,-0.06,-0.01,-0.01,
0,0,0.07,-10.05,-0.04,0,-0.01,
0,0,0.07,-10.05,-0.04,0,-0.01,
0,0,0.07,-10.05,-0.04,0,-0.01,
0,0,0.04,-9.98,-0.12,-0.01,-0.01,
0,0,0.04,-9.98,-0.12,0,-0.01,
0,0,0.04,-9.98,-0.12,0,-0.01,
0,0,-0.01,-10.06,-0.09,-0.01,-0.01,
0,0,-0.01,-10.06,-0.09,0,-0.01,
0,0,-0.01,-10.06,-0.09,0,-0.01,
0,0,0.06,-9.94,-0.07,-0.01,-0.01,
0,0,0.06,-9.94,-0.07,0,-0.01,
0,0,-0.04,-10.03,-0.07,0,-0.01,
0,0,-0.04,-10.03,-0.07,-0.01,-0.01,
0,0,-0.04,-10.03,-0.07,-0.01,-0.01,
0,0,-0.08,-10.03,-0.09,-0.01,-0.01,
0,0,-0.08,-10.03,-0.09,0,-0.01,
0,0,-0.08,-10.03,-0.09,0,-0.01,
0,0,-0.02,-10.03,-0.06,-0.01,-0.01,
0,0,-0.02,-10.03,-0.06,0,-0.01,
0,0,-0.02,-10.03,-0.06,0,-0.01,
0,0,0.01,-10.02,-0.05,0,-0.01,
0,0,0.01,-10.02,-0.05,-0.01,-0.01,
0,0,0.01,-10.02,-0.05,-0.01,-0.01,
0,0,0,-10.04,-0.12,-0.01,-0.01,
0,0,0,-10.04,-0.12,-0.01,-0.01,
0,0,0,-10.04,-0.12,0,-0.01,
0,0,0.03,-10.08,-0.08,0,-0.01,
0,0,0.03,-10.08,-0.08,0,-0.01,
0,0,0.03,-10.08,-0.08,0,-0.01,
0,0,0.06,-10.05,-0.09,0,-0.01,
0,0,0.06,-10.05,-0.09,-0.01,-0.01,
0,0,0.02,-9.97,-0.11,0,-0.01,
0,0,0.02,-9.97,-0.11,0,-0.01,
0,0,0.02,-9.97,-0.11,-0.01,-0.01,
0,0,0.01,-9.97,-0.08,0,-0.01,
0,0,0.01,-9.97,-0.08,0,-0.01,
0,0,0.01,-9.97,-0.08,0,-0.01,
0,0,-0.02,-10.01,-0.09,0,-0.01,
0,0,-0.02,-10.01,-0.09,0,-0.01,
0,0,-0.02,-10.01,-0.09,-0.01,-0.01,
0,0,-0.01,-9.99,-0.06,-0.01,-0.01,
0,0,-0.01,-9.99,-0.06,-0.01,-0.01,
0,0,-0.01,-9.99,-0.06,0,-0.01,
0,0,0.01,-10.07,-0.12,0,-0.01,
0,0,0.01,-10.07,-0.12,0,-0.01,
0,0,-0.02,-10.02,-0.12,0,-0.01,
0,0,-0.02,-10.02,-0.12,0,-0.01,
0,0,-0.02,-10.02,-0.12,0,-0.01,
0,0,-0.03,-10.04,-0.05,0,-0.01,
0,0,-0.03,-10.04,-0.05,0,-0.01,
0,0,-0.03,-10.04,-0.05,0,-0.01,
0,0,-0.01,-10.05,-0.09,0,-0.02,
0,0,-0.01,-10.05,-0.09,-0.01,-0.01,
0,0,-0.01,-10.05,-0.09,-0.01,-0.01,
0,0,-0.01,-10.07,-0.11,0,-0.01,
0,0,-0.01,-10.07,-0.11,0,-0.01,
0,0,-0.01,-10.07,-0.11,0,-0.01,
0,0,0.09,-10.03,-0.08,-0.01,-0.01,
0,0,0.09,-10.03,-0.08,0,-0.01,
0,0,0.09,-10.03,-0.08,0,-0.01,
0,0,0.06,-9.94,-0.04,0,-0.01,
0,0,0.06,-9.94,-0.04,0,-0.01,
0,0,0.06,-9.94,-0.04,0,-0.01,
0,0,-0.02,-10.07,-0.07,0,-0.01,
0,0,-0.02,-10.07,-0.07,-0.01,-0.01,
0,0,-0.07,-10.02,-0.07,0,-0.01,
0,0,-0.07,-10.02,-0.07,0,-0.01,
0,0,-0.07,-10.02,-0.07,-0.01,-0.01,
0,0,-0.01,-10.03,-0.15,0,-0.01,
0,0,-0.01,-10.03,-0.15,0,-0.01,
0,0,-0.01,-10.03,-0.15,0,-0.01,
0,0,0.01,-10.02,-0.09,0,-0.01,
0,0,0.01,-10.02,-0.09,0,-0.01,
0,0,0.01,-10.02,-0.09,0,-0.01,
0,0,0.1,-9.95,-0.1,0,-0.01,
0,0,0.1,-9.95,-0.1,0,-0.01,
0,0,0.04,-9.95,-0.02,0,-0.01,
0,0,0.04,-9.95,-0.02,0,-0.01,
0,0,0.04,-9.95,-0.02,0,-0.01,
0,0,0.01,-10.05,-0.07,-0.01,-0.01,
0,0,0.01,-10.05,-0.07,0,-0.01,
0,0,0.01,-10.05,-0.07,0,-0.01,
0,0,-0.04,-10.05,-0.09,0,-0.01,
0,0,-0.04,-10.05,-0.09,0,-0.01,
0,0,-0.04,-10.05,-0.09,0,-0.01,
0,0,-0.01,-10.03,-0.1,-0.01,-0.01,
0,0,-0.01,-10.03,-0.1,0,-0.01,
0,0,-0.01,-10.03,-0.1,0,-0.01,
0,0,-0.07,-10.04,-0.06,0,-0.01,
0,0,-0.07,-10.04,-0.06,0,-0.01,
0,0,-0.07,-10.04,-0.06,0,-0.01,
0,0,0.01,-10.04,-0.12,-0.01,-0.01,
0,0,0.01,-10.04,-0.12,0,0,
0,0,0.01,-10.04,-0.12,0,0,
0,0,0.02,-9.98,-0.07,0,-0.01,
0,0,0.02,-9.98,-0.07,-0.01,-0.01,
0,0,0.02,-9.98,-0.07,-0.01,-0.01,
0,0,0.04,-10.03,-0.12,0,-0.01,
0,0,0.04,-10.03,-0.12,0,-0.01,
0,0,0.05,-10.05,-0.11,0,-0.01,
0,0,0.05,-10.05,-0.11,0,-0.01,
0,0,0.05,-10.05,-0.11,0,-0.01,
0,0,0,-10,-0.05,0,-0.01,
0,0,0,-10,-0.05,0,-0.01,
0,0,0,-10,-0.05,-0.01,-0.01,
0,0,0.03,-10.05,-0.1,-0.01,-0.01,
0,0,0.03,-10.05,-0.1,-0.01,-0.01,
0,0,0.03,-10.05,-0.1,0,-0.01,
0,0,-0.03,-10.05,-0.13,0,-0.01,
0,0,-0.03,-10.05,-0.13,0,-0.01,
0,0,-0.03,-10.05,-0.13,0,-0.01,
0,0,-0.03,-10.09,-0.1,-0.01,-0.01,
0,0,-0.03,-10.09,-0.1,0,-0.01,
0,0,-0.03,-10.09,-0.1,0,-0.01,
0,0,-0.03,-9.96,0,0,-0.01,
0,0,-0.03,-9.96,0,-0.01,-0.01,
0,0,-0.03,-9.96,0,-0.01,-0.01,
0,0,-0.04,-10.03,-0.05,0,-0.01,
0,0,-0.04,-10.03,-0.05,-0.01,0,
0,0,-0.04,-10.03,-0.05,-0.01,0,
0,0,0.01,-10.02,-0.09,-0.01,-0.01,
0,0,0.01,-10.02,-0.09,0,-0.01,
0,0,0.01,-10.02,-0.09,0,-0.01,
0,0,0,-10.03,-0.13,0,-0.01,
0,0,0,-10.03,-0.13,0,-0.01,
0,0,0,-10.03,-0.13,0,-0.01,
0,0,0.03,-9.99,-0.01,0,-0.01,
0,0,0.03,-9.99,-0.01,0,-0.01,
0,0,0.03,-9.99,-0.01,0,-0.01,
0,0,0.02,-9.99,-0.08,0,-0.01,
0,0,0.02,-9.99,-0.08,0,-0.01,
0,0,0.02,-9.99,-0.08,0,-0.01,
0,0,0.05,-9.98,-0.03,-0.01,-0.01,
0,0,0.05,-9.98,-0.03,0,-0.01,
0,0,-0.01,-10.03,-0.11,0,-0.01,
0,0,-0.01,-10.03,-0.11,-0.01,-0.01,
0,0,-0.01,-10.03,-0.11,0,-0.01,
0,0,0.04,-9.99,-0.08,0,-0.01,
0,0,0.04,-9.99,-0.08,0,-0.01,
0,0,0.04,-9.99,-0.08,0,-0.01,
0,0,0.04,-10,-0.09,0,-0.01,
0,0,0.04,-10,-0.09,0,-0.01,
0,0,0.04,-10,-0.09,0,-0.01,
0,0,-0.03,-10.03,-0.1,0,-0.01,
0,0,-0.03,-10.03,-0.1,0,-0.01,
0,0,-0.03,-10.03,-0.1,0,-0.01,
0,0,0.04,-10.02,-0.1,0,-0.01,
0,0,0.04,-10.02,-0.1,0,-0.01,
0,0,0.04,-10.02,-0.1,0,-0.01,
0,0,0.05,-9.94,-0.09,0,-0.01,
0,0,0.05,-9.94,-0.09,0,-0.01,
0,0,0.05,-9.94,-0.09,0,-0.01,
0,0,0.01,-10.04,-0.1,0,-0.01,
0,0,0.01,-10.04,-0.1,0,-0.01,
0,0,0.01,-10.04,-0.1,0,-0.01,
0,0,0.02,-10.06,-0.06,-0.01,-0.01,
0,0,0.02,-10.06,-0.06,0,-0.01,
0,0,0.02,-10.06,-0.06,0,-0.01,
0,0,-0.02,-10.05,-0.1,0,-0.01,
0,0,-0.02,-10.05,-0.1,-0.01,-0.01,
0,0,0.05,-10.04,-0.09,-0.01,-0.01,
0,0,0.05,-10.04,-0.09,-0.01,-0.01,
0,0,0.05,-10.04,-0.09,-0.01,-0.01,
0,0,-0.02,-10.03,-0.09,-0.01,-0.01,
0,0,-0.02,-10.03,-0.09,0,-0.01,
0,0,-0.02,-10.03,-0.09,-0.01,-0.01,
0,0,-0.07,-9.97,-0.02,-0.01,-0.01,
0,0,-0.07,-9.97,-0.02,0,0,
0,0,-0.07,-9.97,-0.02,0,-0.01,
0,0,0.03,-9.96,-0.11,0,-0.01,
0,0,0.03,-9.96,-0.11,0,-0.01,
0,0,0.03,-9.96,-0.11,-0.01,-0.01,
0,0,-0.01,-10,-0.12,-0.01,-0.01,
0,0,-0.01,-10,-0.12,0,-0.01,
0,0,-0.01,-10,-0.12,0,-0.01,
0,0,0.04,-10.06,-0.04,0,-0.01,
0,0,0.04,-10.06,-0.04,-0.01,-0.01,
0,0,0.04,-10.06,-0.04,-0.01,-0.01,
0,0,-0.02,-10.01,-0.1,-0.01,-0.01,
0,0,-0.02,-10.01,-0.1,0,-0.01,
0,0,-0.02,-10.01,-0.1,0,-0.01,
0,0,-0.04,-9.96,-0.07,0,-0.01,
0,0,-0.04,-9.96,-0.07,0,-0.01,
0,0,0.03,-10.1,-0.04,0,-0.01,
0,0,0.03,-10.1,-0.04,0,-0.01,
0,0,0.03,-10.1,-0.04,-0.01,-0.01,
0,0,-0.02,-10.07,-0.07,-0.01,0,
0,0,-0.02,-10.07,-0.07,-0.01,0,
0,0,-0.02,-10.07,-0.07,0,-0.01,
0,0,0.03,-10.02,-0.15,0,-0.01,
0,0,0.03,-10.02,-0.15,0,-0.01,
0,0,0.03,-10.02,-0.15,0,-0.01,
0,0,0.03,-10.07,-0.09,-0.01,-0.01,
0,0,0.03,-10.07,-0.09,-0.01,-0.01,
0,0,0.03,-10.07,-0.09,0,-0.01,
0,0,0.03,-10.05,-0.13,-0.01,-0.01,
0,0,0.03,-10.05,-0.13,-0.01,-0.01,
0,0,0.03,-10.05,-0.13,0,-0.01,
0,0,-0.03,-10.01,-0.06,0,-0.01,
0,0,-0.03,-10.01,-0.06,0,-0.01,
0,0,-0.03,-10.01,-0.06,0,-0.01,
0,0,0.04,-9.99,-0.12,0,-0.01,
0,0,0.04,-9.99,-0.12,0,-0.01,
0,0,0.04,-9.99,-0.12,-0.01,0,
0,0,-0.06,-10.04,-0.04,-0.01,0,
0,0,-0.06,-10.04,-0.04,-0.01,-0.01,
0,0,-0.03,-10.04,-0.06,0,-0.01,
0,0,0.03,-10,-0.12,0,-0.01,
0,0,-0.01,-9.99,-0.13,0,-0.01,
0,0,-0.01,-9.99,-0.13,-0.01,-0.01,
0,0,-0.01,-9.99,-0.13,-0.01,-0.01,
0,0,0,-10.07,-0.11,-0.01,-0.01,
0,0,0,-10.07,-0.11,0,-0.01,
0,0,0,-10.07,-0.11,-0.01,-0.01,
0,0,0.11,-10.01,-0.11,-0.01,-0.01,
0,0,0.11,-10.01,-0.11,0,-0.01,
0,0,0.11,-10.01,-0.11,0,-0.01,
0,0,-0.02,-10,-0.04,0,-0.01,
0,0,-0.02,-10,-0.04,-0.01,-0.01,
0,0,-0.02,-10,-0.04,0,-0.01,
0,0,-0.03,-10.06,-0.11,0,-0.01,
0,0,-0.03,-10.06,-0.11,-0.01,-0.01,
0,0,-0.03,-10.06,-0.11,-0.01,-0.01,
0,0,0,-10.04,-0.11,-0.01,-0.01,
0,0,0,-10.04,-0.11,-0.01,-0.01,
0,0,0,-10.04,-0.11,-0.01,-0.01,
0,0,-0.01,-10.01,-0.06,-0.01,-0.01,
0,0,-0.01,-10.01,-0.06,0,-0.01,
0,0,0.01,-9.97,-0.09,0,-0.01,
0,0,0.01,-9.97,-0.09,0,-0.01,
0,0,0.01,-9.97,-0.09,-0.01,-0.01,
0,0,0.05,-10.08,-0.1,-0.01,-0.01,
0,0,0.05,-10.08,-0.1,-0.01,-0.01,
0,0,0.05,-10.08,-0.1,0,-0.01,
0,0,0,-10.07,-0.1,0,-0.01,
0,0,0,-10.07,-0.1,-0.01,-0.01,
0,0,0,-10.07,-0.1,0,-0.01,
0,0,-0.04,-10.02,-0.08,0,-0.01,
0,0,-0.04,-10.02,-0.08,0,0,
0,0,-0.04,-10.02,-0.08,0,-0.01,
0,0,0.05,-10.06,-0.11,0,-0.01,
0,0,0.05,-10.06,-0.11,0,-0.01,
0,0,0.05,-10.06,-0.11,0,-0.01,
0,0,-0.02,-10,-0.09,0,-0.01,
0,0,-0.02,-10,-0.09,-0.01,-0.01,
0,0,-0.02,-10,-0.09,0,-0.01,
0,0,-0.04,-10.06,-0.16,0,-0.01,
0,0,-0.04,-10.06,-0.16,0,0,
0,0,-0.04,-10.06,-0.16,0,-0.01,
0,0,0.01,-10.01,-0.05,0,-0.01,
0,0,0.01,-10.01,-0.05,-0.01,-0.01,
0,0,0.01,-10.01,-0.05,0,-0.01,
0,0,0,-10.03,-0.1,0,-0.01,
0,0,0,-10.03,-0.1,0,-0.01,
0,0,0,-10.03,-0.1,0,-0.01,
0,0,0.01,-9.97,-0.03,0,-0.01,
0,0,0.01,-9.97,-0.03,-0.01,-0.01,
0,0,0.01,-9.97,-0.03,-0.01,-0.01,
0,0,0.02,-10.05,-0.1,-0.01,-0.01,
0,0,0.02,-10.05,-0.1,0,-0.01,
0,0,0.02,-10.02,-0.08,0,-0.01,
0,0,0.02,-10.02,-0.08,-0.01,-0.01,
0,0,0.02,-10.02,-0.08,0,-0.01,
0,0,-0.07,-10.07,-0.12,0,-0.01,
0,0,-0.07,-10.07,-0.12,0,-0.01,
0,0,-0.07,-10.07,-0.12,0,-0.01,
0,0,0.05,-10.08,-0.09,0,-0.01,
0,0,0.05,-10.08,-0.09,-0.01,-0.01,
0,0,0.05,-10.08,-0.09,0,-0.01,
0,0,0,-10.06,-0.09,0,-0.01,
0,0,0,-10.06,-0.09,0,0,
0,0,0,-10.06,-0.09,0,-0.01,
0,0,-0.03,-10.02,-0.06,0,-0.01,
0,0,-0.03,-10.02,-0.06,-0.01,-0.01,
0,0,-0.03,-10.02,-0.06,0,0,
0,0,0.06,-10.04,-0.1,0,0,
0,0,0.06,-10.04,-0.1,-0.01,-0.01,
0,0,0.06,-10.04,-0.1,0,-0.01,
0,0,0.02,-10.07,-0.09,0,-0.01,
0,0,0.02,-10.07,-0.09,-0.01,0,
0,0,0.02,-10.07,-0.09,0,-0.01,
0,0,-0.01,-9.96,-0.17,0,-0.01,
0,0,-0.01,-9.96,-0.17,-0.01,0,
0,0,-0.01,-9.96,-0.17,-0.01,-0.01,
0,0,0.02,-10.03,-0.21,-0.01,-0.01,
0,0,0.02,-10.03,-0.21,0,-0.01,
0,0,0.02,-10.03,-0.21,0,-0.01,
0,0,-0.08,-10.1,-0.02,0,-0.01,
0,0,-0.08,-10.1,-0.02,-0.01,-0.01,
0,0,-0.08,-10.1,-0.02,-0.01,-0.01,
0,0,0.17,-9.91,0,0,-0.01,
0,0,0.17,-9.91,0,0,-0.01,
0,0,0.17,-9.91,0,0,-0.01,
0,0,-0.04,-10.04,-0.07,0,-0.01,
0,0,-0.04,-10.04,-0.07,0,-0.01,
0,0,-0.04,-10.04,-0.07,0,-0.01,
0,0,-0.04,-10.01,-0.15,0,-0.01,
0,0,-0.04,-10.01,-0.15,0,-0.01,
0,0,-0.04,-10.01,-0.15,0,-0.01,
0,0,-0.09,-10.06,-0.03,-0.01,-0.01,
0,0,-0.09,-10.06,-0.03,-0.01,-0.01,
0,0,-0.09,-10.06,-0.03,-0.01,-0.01,
0,0,-0.06,-10.02,-0.07,-0.01,-0.01,
0,0,-0.06,-10.02,-0.07,-0.01,-0.01,
0,0,-0.11,-10.05,-0.1,-0.01,-0.01,
0,0,-0.11,-10.05,-0.1,0,-0.01,
0,0,-0.11,-10.05,-0.1,0,-0.01,
0,0,-0.01,-10.04,-0.15,0,-0.01,
0,0,-0.01,-10.04,-0.15,0,-0.01,
0,0,-0.01,-10.04,-0.15,0,-0.01,
0,0,0.02,-9.98,-0.02,0,-0.01,
0,0,0.02,-9.98,-0.02,0,-0.01,
0,0,0.02,-9.98,-0.02,0,-0.01,
0,0,0.02,-9.98,-0.04,0,-0.01,
0,0,0.02,-9.98,-0.04,-0.01,-0.01,
0,0,0.02,-9.98,-0.04,-0.01,-0.01,
0,0,0,-10.05,-0.13,-0.01,0,
0,0,0,-10.05,-0.13,0,-0.01,
0,0,0,-10.05,-0.13,0,-0.01,
0,0,0,-10.08,-0.13,0,-0.01,
0,0,0,-10.08,-0.13,0,-0.01,
0,0,0,-10.08,-0.13,0,-0.01,
0,0,-0.01,-9.99,-0.13,-0.01,-0.01,
0,0,-0.01,-9.99,-0.13,-0.01,-0.01,
0,0,-0.01,-9.99,-0.13,-0.01,-0.01,
0,0,0,-10.03,-0.08,0,-0.01,
0,0,0,-10.03,-0.08,0,-0.01,
0,0,-0.06,-10.06,-0.1,0,-0.01,
0,0,-0.06,-10.06,-0.1,0,-0.01,
0,0,-0.06,-10.06,-0.1,0,-0.01,
0,0,0.04,-10.05,-0.1,0,-0.01,
0,0,0.04,-10.05,-0.1,0,-0.01,
0,0,0.04,-10.05,-0.1,-0.01,-0.01,
0,0,-0.01,-9.97,-0.05,-0.01,-0.01,
0,0,-0.01,-9.97,-0.05,-0.01,-0.01,
0,0,-0.01,-9.97,-0.05,0,-0.01,
0,0,-0.02,-10.01,-0.01,0,-0.01,
0,0,-0.02,-10.01,-0.01,-0.01,-0.01,
0,0,-0.02,-10.01,-0.01,0,-0.01,
0,0,0.01,-10.05,-0.07,0,-0.01,
0,0,0.01,-10.05,-0.07,0,-0.01,
0,0,0.01,-10.05,-0.07,-0.01,-0.01,
0,0,-0.03,-10.08,-0.1,-0.01,-0.01,
0,0,-0.03,-10.08,-0.1,-0.01,-0.01,
0,0,-0.03,-10.08,-0.1,0,-0.01,
0,0,0.05,-9.99,-0.16,0,-0.01,
0,0,0.05,-9.99,-0.16,0,-0.01,
0,0,0.05,-9.99,-0.16,-0.01,-0.01,
0,0,0,-9.99,-0.09,-0.01,-0.01,
0,0,0,-9.99,-0.09,0,-0.01,
0,0,0,-10.08,-0.08,0,-0.01,
0,0,0,-10.08,-0.08,0,-0.01,
0,0,0,-10.08,-0.08,0,-0.01,
0,0,-0.01,-9.96,-0.08,0,-0.01,
0,0,-0.01,-9.96,-0.08,0,-0.01,
0,0,-0.01,-9.96,-0.08,0,-0.01,
0,0,0.01,-10,-0.07,0,-0.01,
0,0,0.01,-10,-0.07,0,-0.01,
0,0,0.01,-10,-0.07,0,-0.01,
0,0,-0.04,-10.03,-0.05,-0.01,-0.01,
0,0,-0.04,-10.03,-0.05,-0.01,-0.01,
0,0,-0.04,-10.03,-0.05,-0.01,-0.02,
0,0,0.01,-10.02,-0.07,-0.01,-0.01,
0,0,0.01,-10.02,-0.07,-0.01,-0.01,
0,0,0.01,-10.02,-0.07,0,-0.01,
0,0,0,-9.98,-0.12,0,-0.01,
0,0,0,-9.98,-0.12,0,-0.01,
0,0,0,-9.98,-0.12,0,-0.01,
0,0,0,-10.02,-0.11,0,-0.01,
0,0,0,-10.02,-0.11,0,-0.01,
0,0,0.04,-9.98,-0.09,-0.01,-0.01,
0,0,0.04,-9.98,-0.09,-0.01,-0.01,
0,0,0.04,-9.98,-0.09,-0.01,-0.01,
0,0,0.05,-10.07,-0.07,-0.01,-0.01,
0,0,0.05,-10.07,-0.07,0,-0.01,
0,0,0.05,-10.07,-0.07,0,-0.01,
0,0,0,-10.04,-0.07,-0.01,-0.01,
0,0,0,-10.04,-0.07,0,-0.01,
0,0,0,-10.04,-0.07,0,-0.01,
0,0,0.05,-10.06,-0.12,-0.01,-0.01,
0,0,0.05,-10.06,-0.12,-0.01,-0.01,
0,0,0.05,-10.06,-0.12,-0.01,-0.01,
0,0,-0.05,-10.04,-0.11,-0.01,-0.01,
0,0,-0.05,-10.04,-0.11,-0.01,-0.01,
0,0,-0.05,-10.04,-0.11,-0.01,-0.01,
0,0,-0.01,-9.98,-0.09,-0.01,-0.01,
0,0,-0.01,-9.98,-0.09,-0.01,-0.01,
0,0,-0.01,-9.98,-0.09,-0.01,-0.01,
0,0,0.02,-10.05,-0.08,-0.01,-0.01,
0,0,0.02,-10.05,-0.08,-0.01,-0.01,
0,0,0.02,-10.05,-0.08,0,0,
0,0,-0.01,-10.03,-0.05,0,-0.01,
0,0,-0.01,-10.03,-0.05,0,-0.01,
0,0,-0.01,-10.03,-0.05,0,-0.01,
0,0,0.02,-10.05,-0.06,0,-0.01,
0,0,0.02,-10.05,-0.06,0,-0.01,
0,0,0.02,-10.05,-0.06,0,-0.01,
0,0,-0.02,-10.03,-0.11,0,-0.01,
0,0,-0.02,-10.03,-0.11,0,-0.01,
0,0,-0.02,-10.03,-0.11,-0.01,-0.01,
0,0,-0.03,-10.05,-0.02,0,-0.01,
0,0,-0.03,-10.05,-0.02,0,-0.01,
0,0,-0.03,-10.05,-0.02,0,-0.01,
0,0,0.01,-10.06,-0.12,0,-0.01,
0,0,0.01,-10.06,-0.12,0,-0.01,
0,0,0.01,-10.06,-0.12,0,-0.01,
0,0,0.04,-10,-0.06,0,-0.01,
0,0,0.04,-10,-0.06,-0.01,-0.01,
0,0,0.04,-10,-0.06,0,0,
0,0,0.05,-10.04,-0.11,0,0,
0,0,0.05,-10.04,-0.11,0,-0.01,
0,0,0.05,-10.04,-0.11,-0.01,-0.01,
0,0,0.02,-9.98,-0.07,-0.01,-0.01,
0,0,0.02,-9.98,-0.07,0,-0.01,
0,0,0.02,-9.98,-0.07,-0.01,-0.01,
0,0,-0.01,-10.02,-0.06,-0.01,-0.01,
0,0,-0.01,-10.02,-0.06,0,-0.01,
0,0,-0.05,-10.02,-0.12,-0.01,-0.01,
0,0,-0.05,-10.02,-0.12,-0.01,-0.01,
0,0,-0.05,-10.02,-0.12,0,-0.01,
0,0,0.05,-9.98,-0.11,-0.01,-0.01,
0,0,0.05,-9.98,-0.11,-0.01,-0.01,
0,0,0.05,-9.98,-0.11,0,-0.01,
0,0,-0.04,-10.03,-0.12,-0.01,-0.01,
0,0,-0.04,-10.03,-0.12,-0.01,-0.01,
0,0,-0.04,-10.03,-0.12,0,-0.01,
0,0,-0.04,-10.07,-0.09,-0.01,-0.01,
0,0,-0.04,-10.07,-0.09,-0.01,-0.01,
0,0,-0.04,-10.07,-0.09,0,-0.01,
0,0,-0.04,-10,-0.09,0,-0.01,
0,0,-0.04,-10,-0.09,0,-0.01,
0,0,-0.04,-10,-0.09,0,-0.01,
0,0,0.04,-10.02,-0.12,-0.01,-0.01,
0,0,0.04,-10.02,-0.12,-0.01,-0.01,
0,0,0.04,-10.02,-0.12,-0.01,-0.01,
0,0,-0.01,-10.06,-0.05,-0.01,-0.01,
0,0,-0.01,-10.06,-0.05,-0.01,-0.01,
0,0,-0.01,-10.06,-0.05,0,0,
0,0,0,-9.99,-0.13,0,0,
0,0,0,-9.99,-0.13,-0.01,-0.01,
0,0,-0.03,-10.04,-0.08,0,-0.01,
0,0,-0.03,-10.04,-0.08,0,-0.01,
0,0,-0.03,-10.04,-0.08,-0.01,-0.01,
0,0,-0.01,-9.96,-0.09,-0.01,-0.01,
0,0,-0.01,-9.96,-0.09,-0.01,-0.01,
0,0,-0.01,-9.96,-0.09,-0.01,-0.01,
0,0,-0.03,-10.04,-0.06,-0.01,-0.01,
0,0,-0.03,-10.04,-0.06,-0.01,-0.01,
0,0,-0.03,-10.04,-0.06,-0.01,-0.01,
0,0,0.01,-10.07,-0.08,0,-0.01,
0,0,0.01,-10.07,-0.08,0,-0.01,
0,0,0.01,-10.07,-0.08,0,-0.01,
0,0,-0.03,-10.04,-0.1,0,-0.01,
0,0,-0.03,-10.04,-0.1,0,-0.01,
0,0,-0.03,-10.04,-0.1,0,-0.01,
0,0,0.05,-10.02,-0.06,0,-0.01,
0,0,0.05,-10.02,-0.06,0,-0.01,
0,0,0.05,-10.02,-0.06,0,-0.01,
0,0,-0.03,-10,-0.06,-0.01,-0.01,
0,0,-0.03,-10,-0.06,-0.01,-0.01,
0,0,-0.03,-10,-0.06,0,-0.01,
0,0,-0.02,-10.03,-0.11,0,0,
0,0,-0.02,-10.03,-0.11,0,0,
0,0,0,-10.05,-0.07,0,-0.01,
0,0,0,-10.05,-0.07,0,-0.01,
0,0,0,-10.05,-0.07,0,-0.01,
0,0,0.01,-10.02,-0.02,-0.01,-0.01,
0,0,0.01,-10.02,-0.02,0,0,
0,0,0.01,-10.02,-0.02,0,0,
0,0,0.02,-10.08,-0.07,0,-0.01,
0,0,0.02,-10.08,-0.07,0,-0.01,
0,0,0.02,-10.08,-0.07,0,-0.01,
0,0,-0.02,-9.97,-0.09,-0.01,0,
0,0,-0.02,-9.97,-0.09,0,-0.01,
0,0,-0.02,-9.97,-0.09,0,-0.01,
0,0,0.03,-10,-0.1,0,-0.01,
0,0,0.03,-10,-0.1,-0.01,-0.01,
0,0,0.03,-10,-0.1,-0.01,-0.01,
0,0,0.02,-10,-0.11,0,-0.01,
0,0,0.02,-10,-0.11,0,-0.01,
0,0,0.02,-10,-0.11,0,-0.01,
0,0,0.07,-10.04,-0.09,-0.01,-0.01,
0,0,0.07,-10.04,-0.09,0,-0.01,
0,0,0.07,-10.04,-0.09,0,-0.01,
0,0,-0.02,-10.06,-0.13,0,-0.01,
0,0,-0.02,-10.06,-0.13,0,-0.01,
0,0,-0.02,-10.06,-0.13,-0.01,-0.01,
0,0,0.06,-10.06,-0.08,0,-0.01,
0,0,0.06,-10.06,-0.08,0,-0.01,
0,0,0.06,-10.06,-0.08,0,-0.01,
0,0,-0.02,-10.06,-0.03,-0.01,-0.01,
0,0,-0.02,-10.06,-0.03,-0.01,-0.01,
0,0,-0.02,-10.06,-0.03,0,-0.01,
0,0,-0.02,-10.06,-0.06,0,-0.01,
0,0,-0.02,-10.06,-0.06,0,-0.01,
0,0,-0.02,-10.06,-0.06,-0.01,-0.01,
0,0,0.02,-10.01,-0.14,0,-0.02,
0,0,0.02,-10.01,-0.14,0,-0.02,
0,0,0.02,-10.01,-0.14,0,-0.01,
0,0,0.03,-10.04,-0.04,0,-0.01,
0,0,0.03,-10.04,-0.04,0,-0.01,
0,0,0.06,-10,-0.12,0,-0.01,
0,0,0.06,-10,-0.12,-0.01,-0.01,
0,0,0.06,-10,-0.12,-0.01,-0.01,
0,0,-0.01,-10.03,-0.16,-0.01,-0.01,
0,0,-0.01,-10.03,-0.16,0,-0.01,
0,0,-0.01,-10.03,-0.16,0,-0.01,
0,0,0.02,-10.01,-0.09,0,-0.01,
0,0,0.02,-10.01,-0.09,0,-0.01,
0,0,0.02,-10.01,-0.09,0,-0.01,
0,0,-0.05,-10.01,-0.06,0,-0.01,
0,0,-0.05,-10.01,-0.06,0,-0.01,
0,0,-0.05,-10.01,-0.06,0,-0.01,
0,0,0.03,-10.09,-0.1,0,-0.01,
0,0,0.03,-10.09,-0.1,-0.01,-0.01,
0,0,0.03,-10.09,-0.1,-0.01,-0.01,
0,0,-0.01,-9.99,-0.12,-0.01,-0.01,
0,0,-0.01,-9.99,-0.12,0,-0.01,
0,0,0.01,-10.01,-0.11,0,-0.01,
0,0,0.01,-10.01,-0.11,0,-0.01,
0,0,0.01,-10.01,-0.11,-0.01,-0.01,
0,0,0.01,-10.04,-0.09,-0.01,-0.01,
0,0,0.01,-10.04,-0.09,-0.01,-0.01,
0,0,0.01,-10.04,-0.09,0,-0.01,
0,0,-0.02,-10.02,-0.13,0,-0.01,
0,0,-0.02,-10.02,-0.13,0,-0.01,
0,0,-0.02,-10.02,-0.13,-0.01,-0.01,
0,0,-0.03,-10.01,-0.06,-0.01,-0.01,
0,0,-0.03,-10.01,-0.06,0,-0.01,
0,0,-0.03,-10.01,-0.06,0,-0.01,
0,0,-0.01,-10.01,-0.06,0,-0.01,
0,0,-0.01,-10.01,-0.06,0,-0.01,
0,0,-0.01,-10.01,-0.06,-0.01,-0.01,
0,0,0.02,-10.05,-0.04,-0.01,-0.01,
0,0,0.02,-10.05,-0.04,-0.01,0,
0,0,0.02,-10.05,-0.04,0,-0.01,
0,0,-0.02,-10.06,-0.13,0,-0.01,
0,0,-0.02,-10.06,-0.13,0,-0.01,
0,0,-0.02,-10.06,-0.13,0,-0.01,
0,0,0.01,-10.05,-0.12,0,-0.01,
0,0,0.01,-10.05,-0.12,-0.01,-0.01,
0,0,0.01,-10.05,-0.12,-0.01,-0.01,
0,0,0.03,-10.03,-0.1,0,-0.01,
0,0,0.03,-10.03,-0.1,-0.01,-0.01,
0,0,0.03,-10.03,-0.1,-0.01,-0.01,
0,0,0.02,-10.01,-0.08,0,-0.01,
0,0,0.02,-10.01,-0.08,-0.01,0,
0,0,0.02,-10.01,-0.08,-0.01,0,
0,0,0,-10.07,-0.11,0,-0.01,
0,0,0,-10.07,-0.11,-0.01,-0.01,
0,0,-0.01,-10.03,-0.11,-0.01,-0.01,
0,0,-0.01,-10.03,-0.11,0,-0.01,
0,0,-0.01,-10.03,-0.11,0,-0.01,
0,0,0.01,-9.98,-0.01,0,-0.01,
0,0,0.01,-9.98,-0.01,0,-0.01,
0,0,0.01,-9.98,-0.01,0,-0.01,
0,0,-0.05,-10.03,-0.1,0,-0.01,
0,0,-0.05,-10.03,-0.1,0,-0.01,
0,0,-0.05,-10.03,-0.1,0,-0.01,
0,0,-0.03,-10.04,-0.1,0,-0.01,
0,0,-0.03,-10.04,-0.1,0,-0.01,
0,0,-0.03,-10.04,-0.1,-0.01,-0.01,
0,0,0.02,-9.95,-0.06,-0.01,-0.01,
0,0,0.02,-9.95,-0.06,0,-0.01,
0,0,0.02,-9.95,-0.06,0,-0.01,
0,0,0,-10.04,-0.08,0,-0.01,
0,0,0,-10.04,-0.08,-0.01,-0.01,
0,0,0,-10.04,-0.08,0,-0.01,
0,0,0.06,-10.01,-0.08,0,-0.01,
0,0,0.06,-10.01,-0.08,-0.01,-0.01,
0,0,0.06,-10.01,-0.08,0,-0.01,
0,0,0.05,-10.01,-0.09,0,-0.01,
0,0,0.05,-10.01,-0.09,-0.01,-0.01,
0,0,0.05,-10.01,-0.09,-0.01,-0.01,
0,0,0.01,-9.99,-0.11,0,-0.01,
0,0,0.01,-9.99,-0.11,0,-0.01,
0,0,0.01,-9.99,-0.11,0,-0.01,
0,0,-0.08,-10.04,-0.15,-0.01,-0.01,
0,0,-0.08,-10.04,-0.15,0,-0.01,
0,0,-0.08,-10.04,-0.15,0,-0.01,
0,0,-0.01,-10.04,-0.1,0,-0.01,
0,0,-0.01,-10.04,-0.1,0,-0.01,
0,0,0.03,-10.04,-0.03,0,-0.01,
0,0,0.03,-10.04,-0.03,0,-0.01,
0,0,0.03,-10.04,-0.03,-0.01,-0.01,
0,0,0.01,-10.01,-0.06,-0.01,-0.01,
0,0,0.01,-10.01,-0.06,0,-0.01,
0,0,0.01,-10.01,-0.06,-0.01,-0.01,
0,0,0.01,-10.05,-0.11,-0.01,-0.01,
0,0,0.01,-10.05,-0.11,0,-0.01,
0,0,0.01,-10.05,-0.11,0,-0.01,
0,0,0.01,-10.05,-0.11,0,-0.01,
0,0,-0.01,-10.05,-0.08,0,-0.01,
0,0,-0.01,-10.05,-0.08,0,-0.01,
0,0,-0.01,-10.05,-0.08,0,-0.01,
0,0,0.07,-9.97,-0.09,-0.01,-0.01,
0,0,0.07,-9.97,-0.09,-0.01,-0.01,
0,0,0.07,-9.97,-0.09,0,-0.01,
0,0,0.03,-10.02,-0.07,0,-0.01,
0,0,0.03,-10.02,-0.07,0,-0.01,
0,0,0.08,-9.96,-0.08,-0.01,-0.01,
0,0,0.08,-9.96,-0.08,-0.01,-0.01,
0,0,0.08,-9.96,-0.08,0,-0.01,
0,0,0.08,-9.98,-0.13,-0.01,-0.01,
0,0,0.08,-9.98,-0.13,-0.01,-0.01,
0,0,0.08,-9.98,-0.13,-0.01,-0.01,
0,0,0.01,-9.99,-0.06,-0.01,-0.01,
0,0,0.01,-9.99,-0.06,-0.01,-0.01,
0,0,0.01,-9.99,-0.06,0,-0.01,
0,0,0.04,-10.06,-0.11,-0.01,-0.01,
0,0,0.04,-10.06,-0.11,-0.01,-0.01,
0,0,0.04,-10.06,-0.11,-0.01,-0.01,
0,0,0.04,-10.06,-0.1,-0.01,-0.01,
0,0,0.04,-10.06,-0.1,-0.01,-0.01,
0,0,0.04,-10.06,-0.1,0,-0.01,
0,0,0,-10.05,-0.11,0,-0.01,
0,0,0,-10.05,-0.11,0,-0.01,
0,0,0,-10.05,-0.11,-0.01,-0.01,
0,0,0.04,-9.99,-0.09,0,-0.01,
0,0,0.04,-9.99,-0.09,0,-0.01,
0,0,0.04,-9.99,-0.09,0,-0.01,
0,0,0.02,-10.06,-0.11,0,-0.01,
0,0,0.02,-10.06,-0.11,0,-0.01,
0,0,0.02,-10.06,-0.11,0,-0.01,
0,0,-0.03,-10.01,-0.09,0,-0.01,
0,0,-0.03,-10.01,-0.09,0,-0.01,
0,0,0.03,-10.02,-0.08,-0.01,-0.01,
0,0,0.03,-10.02,-0.08,0,-0.01,
0,0,0.03,-10.02,-0.08,0,-0.01,
0,0,0,-10,-0.08,0,-0.01,
0,0,0,-10,-0.08,0,-0.01,
0,0,0,-10,-0.08,0,-0.01,
0,0,0.02,-10.03,-0.11,-0.01,-0.01,
0,0,0.02,-10.03,-0.11,0,-0.01,
0,0,0.02,-10.03,-0.11,0,-0.01,
0,0,0,-10.01,-0.09,-0.01,-0.01,
0,0,0,-10.01,-0.09,0,0,
0,0,0,-10.01,-0.09,0,0,
0,0,0.05,-10.07,-0.05,0,-0.01,
0,0,0.05,-10.07,-0.05,0,-0.01,
0,0,0.05,-10.07,-0.05,0,-0.01,
0,0,0.04,-10.02,-0.11,0,-0.01,
0,0,0.04,-10.02,-0.11,0,-0.01,
0,0,0.04,-10.02,-0.11,0,-0.01,
0,0,0.04,-10.05,-0.1,0,-0.01,
0,0,0.04,-10.05,-0.1,-0.01,-0.01,
0,0,0.04,-10.05,-0.1,-0.01,-0.01,
0,0,0.01,-9.97,-0.1,-0.01,-0.01,
0,0,0.01,-9.97,-0.1,-0.01,-0.01,
0,0,0.01,-9.97,-0.1,0,0,
0,0,0.02,-10.01,-0.09,-0.01,-0.01,
0,0,0.02,-10.01,-0.09,-0.01,-0.01,
0,0,0.02,-10.01,-0.09,-0.01,-0.01,
0,0,0.04,-10.01,-0.07,-0.01,0,
0,0,0.04,-10.01,-0.07,-0.01,0,
0,0,-0.01,-10.03,-0.08,0,-0.01,
0,0,-0.01,-10.03,-0.08,-0.01,-0.01,
0,0,-0.01,-10.03,-0.08,-0.01,-0.01,
0,0,0.01,-9.99,-0.14,0,-0.01,
0,0,0.01,-9.99,-0.14,0,-0.01,
0,0,0.01,-9.99,-0.14,0,-0.01,
0,0,0.03,-10.01,-0.09,0,-0.01,
0,0,0.03,-10.01,-0.09,0,-0.01,
0,0,0.03,-10.01,-0.09,0,-0.01,
0,0,0,-10.02,-0.11,0,-0.01,
0,0,0,-10.02,-0.11,-0.01,-0.01,
0,0,0,-10.02,-0.11,-0.01,-0.01,
0,0,0,-10.02,-0.08,0,-0.01,
0,0,0,-10.02,-0.08,0,-0.01,
0,0,0,-10.02,-0.08,0,-0.01,
0,0,-0.03,-10.03,-0.1,-0.01,-0.01,
0,0,-0.03,-10.03,-0.1,-0.01,-0.01,
0,0,-0.03,-10.03,-0.1,-0.01,-0.01,
0,0,0.01,-10.08,-0.05,-0.01,-0.01,
0,0,0.01,-10.08,-0.05,-0.01,-0.01,
0,0,0.01,-10.08,-0.05,-0.01,-0.01,
0,0,-0.01,-10.04,-0.07,-0.01,-0.01,
0,0,-0.01,-10.04,-0.07,-0.01,-0.01,
0,0,-0.01,-10.04,-0.07,0,-0.01,
0,0,0.01,-9.98,-0.08,0,-0.01,
0,0,0.01,-9.98,-0.08,0,-0.01,
0,0,0.01,-9.98,-0.08,-0.01,-0.01,
0,0,0,-10,-0.09,0,-0.01,
0,0,0,-10,-0.09,0,-0.01,
0,0,0,-10,-0.09,0,-0.01,
0,0,0.02,-10.01,-0.1,0,-0.01,
0,0,0.02,-10.01,-0.1,0,-0.01,
0,0,0.02,-10.01,-0.1,0,-0.01,
0,0,0.01,-9.96,-0.11,0,-0.01,
0,0,0.01,-9.96,-0.11,0,-0.01,
0,0,0.01,-9.96,-0.11,0,-0.01,
0,0,0.02,-9.98,-0.09,0,-0.01,
0,0,0.02,-9.98,-0.09,0,-0.01,
0,0,0.02,-9.98,-0.09,-0.01,-0.01,
0,0,0.02,-10.06,-0.06,-0.01,-0.01,
0,0,0.02,-10.06,-0.06,-0.01,-0.01,
0,0,0.02,-10.06,-0.06,0,0,
0,0,-0.02,-9.98,-0.08,0,0,
0,0,-0.02,-9.98,-0.08,0,-0.01,
0,0,-0.02,-9.98,-0.08,-0.01,-0.01,
0,0,0.01,-10,-0.14,-0.01,-0.01,
0,0,0.01,-10,-0.14,0,-0.01,
0,0,0.01,-10,-0.14,0,-0.01,
0,0,-0.04,-9.98,-0.06,0,-0.01,
0,0,-0.04,-9.98,-0.06,-0.01,-0.01,
0,0,0.01,-10.02,-0.09,0,-0.01,
0,0,0.01,-10.02,-0.09,0,-0.01,
0,0,0.01,-10.02,-0.09,-0.01,-0.01,
0,0,0.07,-10.06,-0.11,-0.01,-0.01,
0,0,0.07,-10.06,-0.11,-0.01,-0.01,
0,0,0.07,-10.06,-0.11,0,-0.01,
0,0,0,-10.01,-0.05,-0.01,-0.01,
0,0,0,-10.01,-0.05,-0.01,-0.01,
0,0,0,-10.01,-0.05,0,-0.01,
0,0,0,-10.03,-0.07,0,-0.01,
0,0,0,-10.03,-0.07,0,-0.01,
0,0,0,-10.03,-0.07,0,-0.01,
0,0,0.04,-10.02,-0.07,0,-0.01,
0,0,0.04,-10.02,-0.07,0,-0.01,
0,0,0.04,-10.02,-0.07,-0.01,-0.01,
0,0,0.01,-10.06,-0.13,-0.01,-0.01,
0,0,0.01,-10.06,-0.13,-0.01,-0.01,
0,0,0.01,-10.06,-0.13,-0.01,-0.01,
0,0,-0.01,-10.06,-0.09,0,-0.01,
0,0,-0.01,-10.06,-0.09,0,-0.01,
0,0,0.05,-10.07,-0.07,0,0,
0,0,0.05,-10.07,-0.07,-0.01,-0.01,
0,0,0.05,-10.07,-0.07,-0.01,-0.01,
0,0,-0.01,-10.05,-0.1,-0.01,-0.01,
0,0,-0.01,-10.05,-0.1,0,-0.01,
0,0,-0.01,-10.05,-0.1,0,-0.01,
0,0,0,-9.97,-0.11,-0.01,-0.01,
0,0,0,-9.97,-0.11,-0.01,-0.01,
0,0,0,-9.97,-0.11,-0.01,-0.01,
0,0,0.04,-10,-0.11,0,-0.01,
0,0,0.04,-10,-0.11,0,-0.01,
0,0,0.04,-10,-0.11,-0.01,-0.01,
0,0,0.02,-10.05,-0.04,0,-0.01,
0,0,0.02,-10.05,-0.04,0,-0.01,
0,0,0.02,-10.05,-0.04,0,-0.01,
0,0,0.04,-9.99,-0.14,0,-0.01,
0,0,0.04,-9.99,-0.14,0,-0.01,
0,0,0.04,-9.99,-0.14,0,-0.01,
0,0,0.04,-10.01,-0.09,0,-0.01,
0,0,0.04,-10.01,-0.09,0,-0.01,
0,0,0.04,-10.01,-0.09,0,-0.01,
0,0,-0.04,-10.03,-0.08,0,-0.01,
0,0,-0.04,-10.03,-0.08,0,-0.01,
0,0,-0.04,-10.03,-0.08,0,-0.01,
0,0,0.03,-10.07,-0.12,-0.01,-0.01,
0,0,0.03,-10.07,-0.12,-0.01,-0.01,
0,0,-0.03,-10.03,-0.08,0,-0.01,
0,0,-0.03,-10.03,-0.08,0,-0.01,
0,0,-0.03,-10.03,-0.08,0,-0.01,
0,0,-0.04,-10.05,-0.13,0,-0.01,
0,0,-0.04,-10.05,-0.13,0,-0.01,
0,0,-0.04,-10.05,-0.13,0,-0.01,
0,0,0.03,-9.99,-0.04,0,-0.01,
0,0,0.03,-9.99,-0.04,0,-0.01,
0,0,0.03,-9.99,-0.04,0,-0.01,
0,0,-0.02,-10.01,-0.11,0,-0.01,
0,0,-0.02,-10.01,-0.11,-0.01,-0.01,
0,0,-0.02,-10.01,-0.11,-0.01,-0.01,
0,0,0.02,-10.02,-0.06,-0.01,-0.01,
0,0,0.02,-10.02,-0.06,-0.01,-0.01,
0,0,0.02,-10.02,-0.06,-0.01,-0.01,
0,0,0.04,-10.03,-0.11,-0.01,-0.01,
0,0,0.04,-10.03,-0.11,-0.01,0,
0,0,0.01,-10.03,-0.09,0,-0.01,
0,0,0.01,-10.03,-0.09,0,-0.01,
0,0,0.01,-10.03,-0.09,0,-0.01,
0,0,0.02,-10.05,-0.05,0,-0.01,
0,0,0.02,-10.05,-0.05,0,-0.01,
0,0,0.02,-10.05,-0.05,-0.01,-0.01,
0,0,0.04,-10.01,-0.08,-0.01,-0.01,
0,0,0.04,-10.01,-0.08,0,-0.01,
0,0,0.04,-10.01,-0.08,0,-0.01,
0,0,0.02,-10.06,-0.08,0,-0.01,
0,0,0.02,-10.06,-0.08,-0.01,-0.01,
0,0,0.02,-10.06,-0.08,0,-0.01,
0,0,0.02,-10.02,-0.08,0,-0.01,
0,0,0.02,-10.02,-0.08,0,-0.01,
0,0,0.02,-10.02,-0.08,0,-0.01,
0,0,0,-10.02,-0.09,0,-0.01,
0,0,0,-10.02,-0.09,0,-0.01,
0,0,0,-10.02,-0.09,0,0,
0,0,0.01,-10.06,-0.04,0,0,
0,0,0.01,-10.06,-0.04,0,0,
0,0,0.01,-10.06,-0.04,0,0,
0,0,-0.01,-10.06,-0.05,-0.01,0,
0,0,-0.01,-10.06,-0.05,0,0,
0,0,-0.01,-10.06,-0.05,0,0,
0,0,0,-10.06,-0.14,-0.01,-0.01,
0,0,0,-10.06,-0.14,0,-0.01,
0,0,0,-10.06,-0.14,0,-0.01,
0,0,0.03,-9.99,-0.08,-0.01,-0.01,
0,0,0.03,-9.99,-0.08,0,-0.01,
0,0,0.03,-9.99,-0.08,0,-0.01,
0,0,0,-10.05,-0.08,0,-0.01,
0,0,0,-10.05,-0.08,0,-0.01,
0,0,0,-10.05,-0.08,0,-0.01,
0,0,0.02,-10.05,-0.11,-0.01,0,
0,0,0.02,-10.05,-0.11,0,-0.01,
0,0,0.03,-10.03,-0.13,0,-0.01,
0,0,0.03,-10.03,-0.13,0,-0.01,
0,0,0.03,-10.03,-0.13,0,0,
0,0,0.02,-10.07,-0.12,0,-0.01,
0,0,0.02,-10.07,-0.12,0,-0.01,
0,0,0.02,-10.07,-0.12,0,-0.01,
0,0,0.06,-9.99,-0.13,0,0,
0,0,0.06,-9.99,-0.13,0,0,
0,0,0.06,-9.99,-0.13,0,-0.01,
0,0,0.03,-10.09,-0.1,-0.01,-0.01,
0,0,0.03,-10.09,-0.1,-0.01,-0.01,
0,0,0.03,-10.09,-0.1,-0.01,0,
0,0,0.03,-9.97,-0.08,-0.01,-0.01,
0,0,0.03,-9.97,-0.08,-0.01,-0.01,
0,0,0.01,-10.03,-0.11,0,-0.01,
0,0,0.01,-10.03,-0.11,0,-0.01,
0,0,0.01,-10.03,-0.11,0,-0.01,
0,0,-0.03,-9.99,0.04,0,-0.01,
0,0,-0.03,-9.99,0.04,0,-0.01,
0,0,-0.03,-9.99,0.04,0,-0.01,
0,0,0.04,-10.01,-0.13,0,-0.01,
0,0,0.04,-10.01,-0.13,0,-0.01,
0,0,0.04,-10.01,-0.13,0,-0.01,
0,0,0,-9.96,0,-0.01,-0.01,
0,0,0,-9.96,0,-0.01,-0.01,
0,0,0,-9.96,0,-0.01,-0.01,
0,0,-0.01,-10,-0.13,-0.01,-0.01,
0,0,-0.01,-10,-0.13,-0.01,-0.01,
0,0,-0.01,-10,-0.13,-0.01,-0.01,
0,0,0.04,-10.01,-0.04,0,-0.01,
0,0,0.04,-10.01,-0.04,0,-0.01,
0,0,0.05,-10,-0.09,0,-0.01,
0,0,0.05,-10,-0.09,0,-0.01,
0,0,0.05,-10,-0.09,-0.01,-0.01,
0,0,-0.06,-10.06,-0.06,-0.01,-0.01,
0,0,-0.06,-10.06,-0.06,0,-0.01,
0,0,-0.06,-10.06,-0.06,-0.01,-0.01,
0,0,0,-10.02,-0.1,0,0,
0,0,0,-10.02,-0.1,0,0,
0,0,0,-10.02,-0.1,0,-0.01,
0,0,-0.01,-9.96,-0.07,0,-0.01,
0,0,-0.01,-9.96,-0.07,0,-0.01,
0,0,-0.01,-9.96,-0.07,0,-0.01,
0,0,0.1,-10.01,-0.14,0,-0.01,
0,0,0.1,-10.01,-0.14,0,-0.01,
0,0,-0.04,-10.02,-0.02,-0.01,-0.01,
0,0,-0.04,-10.02,-0.02,0,-0.01,
0,0,-0.04,-10.02,-0.02,0,-0.01,
0,0,0.03,-10.05,-0.05,0,-0.01,
0,0,0.03,-10.05,-0.05,0,-0.01,
0,0,0.03,-10.05,-0.05,0,-0.01,
0,0,0,-10.04,-0.02,0,-0.01,
0,0,0,-10.04,-0.02,0,0,
0,0,0,-10.04,-0.02,0,0,
0,0,-0.01,-10.05,-0.16,-0.01,-0.01,
0,0,-0.01,-10.05,-0.16,0,-0.01,
0,0,-0.01,-10.05,-0.16,-0.01,-0.01,
0,0,-0.03,-10.11,-0.02,-0.01,-0.01,
0,0,-0.03,-10.11,-0.02,0,-0.01,
0,0,0.01,-10.08,-0.14,0,-0.01,
0,0,0.01,-10.08,-0.14,0,-0.01,
0,0,0.01,-10.08,-0.14,0,-0.01,
0,0,-0.03,-10.01,-0.1,-0.01,-0.01,
0,0,-0.03,-10.01,-0.1,-0.01,-0.01,
0,0,-0.03,-10.01,-0.1,0,-0.01,
0,0,-0.07,-10,-0.11,0,-0.01,
0,0,-0.07,-10,-0.11,-0.01,-0.01,
0,0,-0.07,-10,-0.11,0,-0.01,
0,0,0.02,-10.05,-0.05,0,-0.01,
0,0,0.02,-10.05,-0.05,0,-0.01,
0,0,0.02,-10.05,-0.05,-0.01,-0.01,
0,0,0.05,-9.99,-0.1,-0.01,-0.01,
0,0,0.05,-9.99,-0.1,0,-0.01,
0,0,0.05,-9.99,-0.1,0,-0.01,
0,0,0.02,-10.02,-0.1,0,-0.01,
0,0,0.02,-10.02,-0.1,0,-0.01,
0,0,0.02,-10.02,-0.1,0,-0.01,
0,0,0.01,-9.99,-0.08,0,-0.01,
0,0,0.01,-9.99,-0.08,0,-0.01,
0,0,0.01,-9.99,-0.08,-0.01,-0.01,
0,0,-0.01,-10.07,-0.14,-0.01,-0.01,
0,0,-0.01,-10.07,-0.14,0,-0.01,
0,0,-0.01,-10.07,-0.14,-0.01,-0.01,
0,0,0.05,-10.04,-0.12,-0.01,-0.01,
0,0,0.05,-10.04,-0.12,0,-0.01,
0,0,0.05,-10.04,-0.12,0,0,
0,0,-0.04,-9.93,-0.02,0,0,
0,0,-0.04,-9.93,-0.02,-0.01,-0.01,
0,0,-0.04,-9.93,-0.02,0,-0.01,
0,0,-0.08,-10.04,-0.09,0,-0.01,
0,0,-0.08,-10.04,-0.09,0,-0.01,
0,0,0,-10.03,-0.03,-0.01,-0.01,
0,0,0,-10.03,-0.03,-0.01,-0.01,
0,0,0,-10.03,-0.03,0,-0.01,
0,0,0.01,-10.01,-0.07,-0.01,-0.01,
0,0,0.01,-10.01,-0.07,-0.01,-0.01,
0,0,0.01,-10.01,-0.07,0,-0.01,
0,0,-0.09,-10.07,-0.02,-0.01,-0.01,
0,0,-0.09,-10.07,-0.02,-0.01,-0.01,
0,0,-0.09,-10.07,-0.02,-0.01,-0.01,
0,0,-0.06,-10.04,-0.23,-0.01,-0.01,
0,0,-0.06,-10.04,-0.23,-0.01,-0.01,
0,0,-0.06,-10.04,-0.23,0,-0.01,
0,0,0.04,-10.04,-0.14,0,-0.01,
0,0,0.04,-10.04,-0.14,0,-0.01,
0,0,0.04,-10.04,-0.14,0,-0.01,
0,0,0.04,-10.11,-0.22,0,-0.01,
0,0,0.04,-10.11,-0.22,0,-0.01,
0,0,0.04,-10.11,-0.22,0,-0.01,
0,0,0.05,-10.05,-0.11,-0.01,-0.01,
0,0,0.05,-10.05,-0.11,-0.01,-0.01,
0,0,0.08,-10.06,-0.13,-0.01,-0.01,
0,0,0.08,-10.06,-0.13,0,-0.01,
0,0,0.08,-10.06,-0.13,0,-0.01,
0,0,0.04,-10.01,0,-0.01,-0.01,
0,0,0.04,-10.01,0,-0.01,-0.01,
0,0,0.04,-10.01,0,-0.01,-0.01,
0,0,0.04,-9.98,-0.1,0,-0.01,
0,0,0.04,-9.98,-0.1,0,-0.01,
0,0,0.04,-9.98,-0.1,0,-0.01,
0,0,-0.07,-10.03,-0.03,0,-0.01,
0,0,-0.07,-10.03,-0.03,0,-0.01,
0,0,-0.07,-10.03,-0.03,0,-0.01,
0,0,-0.05,-10.01,-0.16,0,-0.01,
0,0,-0.05,-10.01,-0.16,-0.01,-0.01,
0,0,-0.05,-10.01,-0.16,-0.01,-0.01,
0,0,0.04,-9.87,-0.01,0,-0.01,
0,0,0.04,-9.87,-0.01,-0.01,-0.01,
0,0,-0.1,-9.96,-0.07,-0.01,-0.01,
0,0,-0.1,-9.96,-0.07,-0.01,-0.01,
0,0,-0.1,-9.96,-0.07,-0.01,-0.01,
0,0,0.08,-10.01,-0.11,-0.01,-0.01,
0,0,0.08,-10.01,-0.11,-0.01,-0.01,
0,0,0.08,-10.01,-0.11,-0.01,-0.01,
0,0,-0.07,-10.05,-0.08,-0.01,-0.01,
0,0,-0.07,-10.05,-0.08,-0.01,-0.01,
0,0,-0.07,-10.05,-0.08,0,-0.01,
0,0,-0.05,-10.1,-0.12,0,-0.01,
0,0,-0.05,-10.1,-0.12,0,-0.01,
0,0,-0.05,-10.1,-0.12,0,-0.01,
0,0,0.03,-9.92,0.01,0,-0.01,
0,0,0.03,-9.92,0.01,0,-0.01,
0,0,0.03,-9.92,0.01,0,-0.01,
0,0,-0.02,-10.07,-0.15,0,-0.01,
0,0,-0.02,-10.07,-0.15,0,-0.01,
0,0,-0.02,-10.07,-0.15,-0.01,-0.01,
0,0,-0.07,-10.07,-0.22,-0.01,-0.01,
0,0,-0.07,-10.07,-0.22,0,-0.01,
0,0,0,-9.95,-0.15,0,-0.01,
0,0,0,-9.95,-0.15,0,-0.01,
0,0,0,-9.95,-0.15,0,-0.01,
0,0,-0.01,-10.04,-0.01,0,-0.01,
0,0,-0.01,-10.04,-0.01,0,-0.01,
0,0,-0.01,-10.04,-0.01,0,-0.01,
0,0,0,-9.98,-0.13,0,-0.01,
0,0,0,-9.98,-0.13,0,0,
0,0,0,-9.98,-0.13,0,0,
0,0,0.01,-10.04,-0.08,0,-0.01,
0,0,0.01,-10.04,-0.08,0,-0.01,
0,0,0.01,-10.04,-0.08,0,-0.01,
0,0,0,-10,-0.15,-0.01,-0.01,
0,0,0,-10,-0.15,-0.01,-0.01,
0,0,-0.07,-9.95,-0.01,-0.01,-0.01,
0,0,-0.07,-9.95,-0.01,-0.01,-0.01,
0,0,-0.07,-9.95,-0.01,0,-0.01,
0,0,0.06,-10.01,-0.13,0,-0.01,
0,0,0.06,-10.01,-0.13,-0.01,-0.01,
0,0,0.06,-10.01,-0.13,-0.01,-0.01,
0,0,-0.09,-10.04,-0.1,-0.01,-0.01,
0,0,-0.09,-10.04,-0.1,0,0,
0,0,-0.09,-10.04,-0.1,0,-0.01,
0,0,-0.01,-10.06,-0.12,0,-0.01,
0,0,-0.01,-10.06,-0.12,0,-0.01,
0,0,-0.01,-10.06,-0.12,0,-0.01,
0,0,0.01,-9.98,0.05,0,-0.01,
0,0,0.01,-9.98,0.05,0,-0.01,
0,0,0.01,-9.98,0.05,0,-0.01,
0,0,-0.05,-9.97,-0.04,0,-0.01,
0,0,-0.05,-9.97,-0.04,-0.01,-0.01,
0,0,-0.05,-9.97,-0.04,-0.01,-0.01,
0,0,0,-10.02,-0.11,-0.01,-0.01,
0,0,0,-10.02,-0.11,0,-0.01,
0,0,0,-10.02,-0.11,0,-0.01,
0,0,-0.03,-10.01,-0.16,0,-0.01,
0,0,-0.03,-10.01,-0.16,0,-0.01,
0,0,-0.03,-10.01,-0.16,0,-0.01,
0,0,0.03,-10,-0.08,0,-0.01,
0,0,0.03,-10,-0.08,0,-0.01,
0,0,0.03,-10,-0.08,0,-0.01,
0,0,0.05,-10.06,-0.04,0,-0.01,
0,0,0.05,-10.06,-0.04,0,-0.01,
0,0,0.05,-10.06,-0.04,0,-0.01,
0,0,0.07,-10.09,-0.04,0,-0.01,
0,0,0.07,-10.09,-0.04,-0.01,-0.01,
0,0,0.07,-10.09,-0.04,-0.01,-0.01,
0,0,0,-10.03,-0.09,0,-0.01,
0,0,0,-10.03,-0.09,-0.01,-0.01,
0,0,-0.02,-9.99,-0.06,-0.01,-0.01,
0,0,-0.02,-9.99,-0.06,0,-0.01,
0,0,-0.02,-9.99,-0.06,0,-0.01,
0,0,-0.02,-9.93,0,0,-0.01,
0,0,-0.02,-9.93,0,-0.01,-0.01,
0,0,-0.02,-9.93,0,-0.01,-0.01,
0,0,-0.06,-10,-0.14,-0.01,-0.01,
0,0,-0.06,-10,-0.14,0,0,
0,0,-0.06,-10,-0.14,0,0,
0,0,0,-9.97,-0.01,0,-0.01,
0,0,0,-9.97,-0.01,0,-0.01,
0,0,0,-9.97,-0.01,0,-0.01,
0,0,-0.04,-10.06,-0.07,0,-0.01,
0,0,-0.04,-10.06,-0.07,0,-0.01,
0,0,-0.04,-10.06,-0.07,0,-0.01,
0,0,-0.04,-10.07,-0.09,-0.01,-0.01,
0,0,-0.04,-10.07,-0.09,0,-0.01,
0,0,-0.04,-10.07,-0.09,0,-0.01,
0,0,0,-10.12,-0.18,-0.01,-0.01,
0,0,0,-10.12,-0.18,0,-0.01,
0,0,0,-10.12,-0.18,0,-0.01,
0,0,0.01,-10.05,-0.11,0,-0.01,
0,0,0.01,-10.05,-0.11,0,-0.01,
0,0,0.01,-10.05,-0.11,0,-0.01,
0,0,-0.03,-9.99,-0.1,0,-0.01,
0,0,-0.03,-9.99,-0.1,-0.01,-0.01,
0,0,-0.03,-9.99,-0.1,-0.01,-0.01,
0,0,0.02,-10.05,-0.04,-0.01,-0.01,
0,0,0.02,-10.05,-0.04,0,-0.01,
0,0,-0.04,-10,-0.09,0,-0.01,
0,0,-0.04,-10,-0.09,-0.01,-0.01,
0,0,-0.04,-10,-0.09,0,-0.01,
0,0,0.06,-10.02,-0.13,0,-0.01,
0,0,0.06,-10.02,-0.13,0,-0.01,
0,0,0.06,-10.02,-0.13,-0.01,-0.01,
0,0,0.02,-10.05,-0.17,-0.01,-0.01,
0,0,0.02,-10.05,-0.17,0,-0.01,
0,0,0.02,-10.05,-0.17,0,-0.01,
0,0,0.05,-10.1,-0.11,0,-0.01,
0,0,0.05,-10.1,-0.11,-0.01,-0.01,
0,0,0.05,-10.1,-0.11,-0.01,-0.01,
0,0,0.09,-9.93,-0.11,0,-0.01,
0,0,0.09,-9.93,-0.11,0,-0.01,
0,0,0.09,-9.93,-0.11,0,-0.01,
0,0,0.05,-10,-0.08,0,-0.01,
0,0,0.05,-10,-0.08,0,-0.01,
0,0,0.05,-10,-0.08,0,-0.01,
0,0,-0.06,-9.96,-0.07,0,-0.01,
0,0,-0.06,-9.96,-0.07,-0.01,-0.01,
0,0,-0.06,-9.96,-0.07,-0.01,-0.01,
0,0,-0.08,-10.04,-0.16,0,-0.01,
0,0,-0.08,-10.04,-0.16,0,0,
0,0,-0.08,-10.04,-0.16,0,0,
0,0,0.01,-10.03,-0.1,0,-0.01,
0,0,0.01,-10.03,-0.1,-0.01,-0.01,
0,0,0.01,-10.03,-0.1,-0.01,-0.01,
0,0,-0.02,-9.96,0.07,-0.01,-0.01,
0,0,-0.02,-9.96,0.07,-0.01,-0.01,
0,0,0,-10.01,-0.09,-0.01,-0.01,
0,0,0,-10.01,-0.09,0,-0.01,
0,0,0,-10.01,-0.09,-0.01,-0.01,
0,0,-0.06,-10.05,-0.17,-0.01,-0.01,
0,0,-0.06,-10.05,-0.17,-0.01,-0.01,
0,0,-0.06,-10.05,-0.17,0,-0.01,
0,0,0.04,-10.05,-0.16,0,-0.01,
0,0,0.04,-10.05,-0.16,-0.01,-0.01,
0,0,0.04,-10.05,-0.16,-0.01,-0.01,
0,0,0.01,-10.08,0.02,0,-0.01,
0,0,0.01,-10.08,0.02,0,-0.01,
0,0,0.01,-10.08,0.02,0,-0.01,
0,0,-0.05,-10.02,-0.05,0,-0.01,
0,0,-0.05,-10.02,-0.05,-0.01,-0.01,
0,0,-0.05,-10.02,-0.05,-0.01,-0.01,
0,0,0.04,-10.05,-0.16,0,-0.01,
0,0,0.04,-10.05,-0.16,0,-0.01,
0,0,0.04,-10.05,-0.16,0,-0.01,
0,0,-0.01,-10.02,-0.08,0,-0.01,
0,0,-0.01,-10.02,-0.08,0,-0.01,
0,0,-0.01,-10.02,-0.08,0,-0.01,
0,0,0.01,-9.94,-0.05,0,0,
0,0,0.01,-9.94,-0.05,0,0,
0,0,0.01,-9.94,-0.05,0,-0.01,
0,0,0.02,-9.99,-0.08,-0.01,-0.01,
0,0,0.02,-9.99,-0.08,-0.01,-0.01,
0,0,0.02,-9.99,-0.08,-0.01,-0.01,
0,0,-0.03,-10.03,-0.08,-0.01,0,
0,0,-0.03,-10.03,-0.08,-0.01,0,
0,0,-0.03,-10.03,-0.08,0,-0.01,
0,0,0.1,-10.14,-0.28,-0.01,-0.01,
0,0,0.1,-10.14,-0.28,-0.01,-0.01,
0,0,0.1,-10.14,-0.28,0,-0.02,
0,0,-0.05,-9.97,-0.02,-0.01,-0.01,
0,0,-0.05,-9.97,-0.02,-0.01,-0.01,
0,0,-0.05,-9.97,-0.02,0,-0.01,
0,0,-0.04,-10.07,-0.11,0,-0.01,
0,0,-0.04,-10.07,-0.11,0,-0.01,
0,0,-0.04,-10.07,-0.11,0,-0.01,
0,0,0.02,-9.94,0.02,0,-0.01,
0,0,0.02,-9.94,0.02,0,-0.01,
0,0,0.02,-9.94,0.02,0,-0.01,
0,0,-0.03,-10.04,-0.1,0,-0.01,
0,0,-0.03,-10.04,-0.1,-0.01,-0.01,
0,0,-0.03,-10.04,-0.1,-0.01,-0.01,
0,0,-0.05,-10.02,-0.07,0,-0.01,
0,0,-0.05,-10.02,-0.07,0,-0.01,
0,0,-0.05,-10.02,-0.07,0,-0.01,
0,0,-0.06,-10.03,-0.12,-0.01,-0.01,
0,0,-0.06,-10.03,-0.12,0,-0.01,
0,0,-0.06,-10.03,-0.12,0,-0.01,
0,0,0.01,-9.99,-0.04,0,-0.01,
0,0,0.01,-9.99,-0.04,-0.01,-0.01,
0,0,0.01,-9.99,-0.04,-0.01,-0.01,
0,0,0.02,-10.06,-0.07,-0.01,-0.01,
0,0,0.02,-10.06,-0.07,-0.01,-0.01,
0,0,0.02,-10.06,-0.07,-0.01,0,
0,0,0.01,-10.04,-0.06,-0.01,-0.01,
0,0,0.01,-10.04,-0.06,-0.01,-0.01,
0,0,0.01,-10.04,-0.06,-0.01,-0.01,
0,0,-0.01,-10.12,-0.12,-0.01,-0.01,
0,0,-0.01,-10.12,-0.12,-0.01,-0.01,
0,0,-0.01,-10.12,-0.12,0,-0.01,
0,0,-0.03,-9.96,-0.1,0,-0.01,
0,0,-0.03,-9.96,-0.1,0,-0.01,
0,0,-0.03,-9.96,-0.1,0,-0.01,
0,0,0.05,-10.04,-0.11,0,-0.01,
0,0,0.05,-10.04,-0.11,-0.01,0,
0,0,0.05,-10.04,-0.11,0,-0.01,
0,0,0,-9.97,-0.04,0,-0.01,
0,0,0,-9.97,-0.04,0,-0.01,
0,0,0,-9.97,-0.04,0,-0.01,
0,0,0.04,-10.02,-0.13,-0.01,-0.01,
0,0,0.04,-10.02,-0.13,-0.01,0,
0,0,0.04,-10.02,-0.13,-0.01,0,
0,0,-0.03,-9.99,-0.1,0,-0.01,
0,0,-0.03,-9.99,-0.1,0,-0.01,
0,0,-0.03,-9.99,-0.1,0,-0.01,
0,0,0.03,-10.1,-0.08,0,-0.01,
0,0,0.03,-10.1,-0.08,-0.01,-0.01,
0,0,0.03,-10.1,-0.08,-0.01,-0.01,
0,0,0.11,-10.03,-0.08,0,-0.01,
0,0,0.11,-10.03,-0.08,0,-0.01,
0,0,0.11,-10.03,-0.08,0,0,
0,0,0.06,-10.04,-0.1,0,-0.01,
0,0,0.06,-10.04,-0.1,0,-0.01,
0,0,0.06,-10.04,-0.1,-0.01,-0.01,
0,0,-0.06,-9.99,-0.09,-0.01,-0.01,
0,0,-0.06,-9.99,-0.09,-0.01,-0.01,
0,0,-0.06,-9.99,-0.09,0,-0.01,
0,0,-0.02,-10.02,-0.1,0,-0.01,
0,0,-0.02,-10.02,-0.1,0,-0.01,
0,0,-0.02,-10.02,-0.1,-0.01,-0.01,
0,0,0.04,-9.99,-0.15,-0.01,-0.01,
0,0,0.04,-9.99,-0.15,0,-0.01,
0,0,0.04,-9.99,-0.15,0,-0.01,
0,0,0.05,-10.15,-0.16,0,-0.01,
0,0,0.05,-10.15,-0.16,0,-0.01,
0,0,0.05,-10.15,-0.16,0,0,
0,0,-0.02,-10.02,-0.01,0,0,
0,0,-0.02,-10.02,-0.01,-0.01,-0.01,
0,0,-0.02,-10.02,-0.01,-0.01,-0.01,
0,0,0.1,-10.05,-0.19,-0.01,-0.01,
0,0,0.1,-10.05,-0.19,0,0,
0,0,0.1,-10.05,-0.19,0,0,
0,0,0.1,-10.05,-0.19,0,-0.01,
0,0,0.15,-9.98,-0.06,-0.01,-0.01,
0,0,0.15,-9.98,-0.06,-0.01,-0.01,
0,0,0.15,-9.98,-0.06,0,-0.01,
0,0,0.04,-10.07,-0.05,0,-0.01,
0,0,0.04,-10.07,-0.05,0,-0.01,
0,0,0.04,-10.07,-0.05,0,-0.01,
0,0,-0.03,-9.94,0.01,0,-0.01,
0,0,-0.03,-9.94,0.01,0,0,
0,0,-0.03,-9.94,0.01,-0.01,-0.01,
0,0,-0.01,-10.1,-0.1,-0.01,-0.01,
0,0,-0.01,-10.1,-0.1,0,-0.01,
0,0,-0.01,-10.1,-0.1,0,-0.01,
0,0,-0.08,-10.05,-0.04,0,-0.01,
0,0,-0.08,-10.05,-0.04,0,-0.01,
0,0,-0.08,-10.05,-0.04,0,-0.01,
0,0,-0.03,-10.04,-0.12,-0.01,-0.01,
0,0,-0.03,-10.04,-0.12,-0.01,-0.01,
0,0,-0.03,-10.04,-0.12,0,-0.01,
0,0,-0.02,-10,-0.14,0,-0.01,
0,0,-0.02,-10,-0.14,0,-0.01,
0,0,-0.02,-10,-0.14,-0.01,-0.01,
0,0,-0.02,-9.95,-0.03,0,-0.01,
0,0,-0.02,-9.95,-0.03,0,-0.01,
0,0,-0.02,-9.95,-0.03,-0.01,-0.01,
0,0,0,-9.97,0.02,0,-0.01,
0,0,0,-9.97,0.02,0,-0.01,
0,0,0,-9.97,0.02,-0.01,-0.01,
0,0,0,-9.97,-0.06,-0.01,-0.01,
0,0,0,-9.97,-0.06,-0.01,-0.01,
0,0,0,-9.97,-0.06,0,0,
0,0,0.01,-10.02,-0.21,0,0,
0,0,0.01,-10.02,-0.21,0,0,
0,0,0.01,-10.02,-0.21,0,-0.01,
0,0,-0.01,-10.04,-0.07,0,-0.01,
0,0,-0.01,-10.04,-0.07,-0.01,-0.01,
0,0,-0.01,-10.04,-0.07,-0.01,0,
0,0,-0.05,-9.95,-0.07,-0.01,0,
0,0,-0.05,-9.95,-0.07,-0.01,0,
0,0,-0.05,-9.95,-0.07,0,-0.01,
0,0,-0.01,-10.06,-0.11,0,-0.01,
0,0,-0.01,-10.06,-0.11,-0.01,-0.01,
0,0,-0.01,-10.06,-0.11,0,-0.01,
0,0,0.08,-10.07,-0.16,0,-0.01,
0,0,0.08,-10.07,-0.16,0,-0.01,
0,0,0.08,-10.07,-0.16,0,-0.01,
0,0,0,-9.99,-0.06,0,-0.01,
0,0,0,-9.99,-0.06,0,-0.01,
0,0,0,-9.99,-0.06,0,-0.01,
0,0,0.06,-10.01,-0.04,0,-0.01,
0,0,0.06,-10.01,-0.04,-0.01,-0.01,
0,0,0.06,-10.01,-0.04,-0.01,-0.01,
0,0,-0.01,-10.03,0.08,0,-0.01,
0,0,-0.01,-10.03,0.08,-0.01,-0.01,
0,0,-0.01,-10.03,0.08,-0.01,-0.01,
0,0,-0.04,-10.08,-0.15,-0.01,-0.01,
0,0,-0.04,-10.08,-0.15,0,-0.01,
0,0,-0.04,-10.08,-0.15,0,-0.01,
0,0,0.03,-10.04,-0.11,-0.01,-0.01,
0,0,0.03,-10.04,-0.11,0,-0.01,
0,0,0.02,-10.02,-0.11,0,-0.01,
0,0,0.02,-10.02,-0.11,0,-0.01,
0,0,0.02,-10.02,-0.11,0,-0.01,
0,0,0.01,-9.98,0.01,0,-0.01,
0,0,0.01,-9.98,0.01,-0.01,-0.01,
0,0,0.01,-9.98,0.01,-0.01,-0.01,
0,0,0,-10.01,-0.07,0,-0.01,
0,0,0,-10.01,-0.07,0,-0.01,
0,0,0,-10.01,-0.07,0,-0.01,
0,0,-0.05,-10.03,-0.14,-0.01,-0.01,
0,0,-0.05,-10.03,-0.14,0,-0.01,
0,0,-0.05,-10.03,-0.14,0,-0.01,
0,0,-0.02,-10.08,-0.1,0,-0.01,
0,0,-0.02,-10.08,-0.1,0,-0.01,
0,0,-0.02,-10.08,-0.1,0,-0.01,
0,0,0.01,-10.07,-0.01,0,-0.01,
0,0,0.01,-10.07,-0.01,0,-0.01,
0,0,0.01,-10.07,-0.01,-0.01,-0.01,
0,0,-0.01,-10.03,-0.06,0,-0.01,
0,0,-0.01,-10.03,-0.06,0,-0.01,
0,0,-0.01,-10.03,-0.06,-0.01,-0.01,
0,0,0,-10.08,-0.14,-0.01,0,
0,0,0,-10.08,-0.14,-0.01,0,
0,0,0,-10.08,-0.14,-0.01,-0.01,
0,0,-0.02,-9.97,-0.08,-0.01,-0.01,
0,0,-0.02,-9.97,-0.08,0,-0.01,
0,0,-0.02,-9.97,-0.08,0,-0.01,
0,0,0.01,-10.06,-0.12,0,-0.01,
0,0,0.01,-10.06,-0.12,0,0,
0,0,0.01,-10.06,-0.12,-0.01,0,
0,0,0,-10.04,-0.1,-0.01,0,
0,0,0,-10.04,-0.1,0,0,
0,0,0,-10.04,-0.1,0,-0.01,
0,0,0.01,-10.05,-0.06,0,-0.01,
0,0,0.01,-10.05,-0.06,-0.01,-0.01,
0,0,0.01,-10.05,-0.06,-0.01,-0.01,
0,0,-0.01,-10.07,-0.09,0,-0.01,
0,0,-0.01,-10.07,-0.09,-0.01,-0.01,
0,0,-0.01,-10.07,-0.09,-0.01,-0.01,
0,0,-0.01,-10.07,-0.09,0,-0.01,
0,0,0.06,-10.02,-0.06,0,-0.01,
0,0,0.06,-10.02,-0.06,0,-0.01,
0,0,0.06,-10.02,-0.06,0,-0.01,
0,0,0.05,-9.96,-0.03,0,-0.01,
0,0,0.05,-9.96,-0.03,0,-0.01,
0,0,0.05,-9.96,-0.03,0,-0.01,
0,0,-0.01,-10.06,-0.05,0,-0.01,
0,0,-0.01,-10.06,-0.05,0,-0.01,
0,0,-0.01,-10.06,-0.05,0,-0.01,
0,0,-0.03,-9.99,-0.07,0,-0.01,
0,0,-0.03,-9.99,-0.07,0,-0.01,
0,0,-0.03,-9.99,-0.07,0,-0.01,
0,0,-0.03,-10.07,-0.08,0,-0.01,
0,0,-0.03,-10.07,-0.08,0,-0.01,
0,0,-0.03,-10.07,-0.08,0,-0.01,
0,0,0.03,-9.89,-0.08,0,-0.01,
0,0,0.03,-9.89,-0.08,0,-0.01,
0,0,0.03,-9.89,-0.08,0,-0.01,
0,0,0,-10.05,-0.12,-0.01,-0.01,
0,0,0,-10.05,-0.12,-0.01,-0.01,
0,0,0,-10.05,-0.12,0,0,
0,0,0,-9.97,-0.09,0,-0.01,
0,0,0,-9.97,-0.09,0,-0.01,
0,0,0,-9.97,-0.09,-0.01,-0.01,
0,0,0,-9.98,-0.12,-0.01,-0.01,
0,0,0,-9.98,-0.12,0,-0.01,
0,0,0,-9.98,-0.12,0,-0.01,
0,0,0.02,-10.02,-0.08,0,-0.01,
0,0,0.02,-10.02,-0.08,0,-0.01,
0,0,0.02,-10.02,-0.08,0,-0.01,
0,0,-0.02,-10.01,-0.11,0,-0.01,
0,0,-0.02,-10.01,-0.11,0,-0.01,
0,0,-0.02,-10.01,-0.11,0,-0.01,
0,0,0,-10.02,-0.08,-0.01,0,
0,0,0,-10.02,-0.08,-0.01,-0.01,
0,0,0,-10.02,-0.08,-0.01,-0.01,
0,0,-0.07,-10.01,-0.11,0,-0.01,
0,0,-0.07,-10.01,-0.11,0,-0.01,
0,0,-0.07,-10.01,-0.11,0,-0.01,
0,0,-0.02,-10.03,-0.09,0,-0.01,
0,0,-0.02,-10.03,-0.09,0,-0.01,
0,0,-0.02,-10.03,-0.09,0,-0.01,
0,0,0.08,-9.99,-0.08,-0.01,-0.01,
0,0,0.08,-9.99,-0.08,-0.01,-0.01,
0,0,0.08,-9.99,-0.08,0,-0.01,
0,0,0.04,-10.08,-0.13,-0.01,-0.01,
0,0,0.04,-10.08,-0.13,-0.01,-0.01,
0,0,0.04,-10.08,-0.13,0,-0.01,
0,0,0,-10.07,-0.12,0,-0.01,
0,0,0,-10.07,-0.12,0,-0.01,
0,0,0,-10.07,-0.12,0,-0.01,
0,0,0.03,-10.05,-0.07,-0.01,-0.01,
0,0,0.03,-10.05,-0.07,-0.01,-0.01,
0,0,0.03,-10.05,-0.07,0,-0.01,
0,0,-0.09,-9.98,-0.04,0,-0.01,
0,0,-0.09,-9.98,-0.04,-0.01,-0.01,
0,0,-0.09,-9.98,-0.04,-0.01,-0.01,
0,0,0,-10.05,-0.07,-0.01,-0.01,
0,0,0,-10.05,-0.07,0,-0.01,
0,0,0,-10.05,-0.07,0,-0.01,
0,0,0.03,-10.02,-0.11,0,-0.01,
0,0,0.03,-10.02,-0.11,0,-0.01,
0,0,0.03,-10.02,-0.11,0,-0.01,
0,0,-0.01,-9.99,-0.06,0.01,-0.01,
0,0,-0.01,-9.99,-0.06,-0.01,-0.01,
0,0,-0.01,-9.99,-0.06,-0.01,-0.01,
0,0,0,-9.95,-0.07,-0.01,-0.01,
0,0,0,-9.95,-0.07,-0.01,-0.01,
0,0,0,-9.95,-0.07,-0.01,-0.01,
0,0,0.04,-10.03,-0.15,-0.01,-0.01,
0,0,0.04,-10.03,-0.15,0,0,
0,0,0.04,-10.03,-0.15,0,0,
0,0,0.04,-10.03,-0.15,-0.01,-0.01,
0,0,-0.07,-9.96,-0.1,-0.01,-0.01,
0,0,-0.07,-9.96,-0.1,0,-0.01,
0,0,-0.04,-9.99,-0.05,0,-0.01,
0,0,-0.04,-9.99,-0.05,0,-0.01,
0,0,-0.04,-9.99,-0.05,-0.01,-0.01,
0,0,0.03,-9.98,-0.02,0,-0.01,
0,0,0.03,-9.98,-0.02,0,-0.01,
0,0,0.03,-9.98,-0.02,0,-0.01,
0,0,0.05,-10.04,-0.09,-0.01,-0.01,
0,0,0.05,-10.04,-0.09,-0.01,-0.01,
0,0,0.05,-10.04,-0.09,0,-0.01,
0,0,-0.06,-10.04,-0.15,0,-0.01,
0,0,-0.06,-10.04,-0.15,-0.01,-0.01,
0,0,-0.06,-10.04,-0.15,-0.01,-0.01,
0,0,0.04,-9.94,-0.1,-0.01,-0.01,
0,0,0.04,-9.94,-0.1,0,-0.01,
0,0,0.04,-9.94,-0.1,-0.01,-0.01,
0,0,0.02,-10.04,-0.11,-0.01,-0.01,
0,0,0.02,-10.04,-0.11,-0.01,-0.01,
0,0,0.02,-10.04,-0.11,-0.01,-0.01,
0,0,0.02,-10.04,-0.08,-0.01,-0.01,
0,0,0.02,-10.04,-0.08,-0.01,-0.01,
0,0,0.02,-10.04,-0.08,-0.01,-0.01,
0,0,0.01,-9.97,-0.13,0,-0.01,
0,0,0.01,-9.97,-0.13,0,0,
0,0,0.01,-9.97,-0.13,0,0,
0,0,0.01,-9.97,-0.13,-0.01,-0.01,
0,0,0,-10.01,-0.05,0,-0.01,
0,0,0,-10.01,-0.05,0,-0.01,
0,0,0,-10.01,-0.05,0,-0.01,
0,0,-0.04,-10.06,-0.08,0,-0.01,
0,0,-0.04,-10.06,-0.08,-0.01,-0.01,
0,0,-0.04,-10.06,-0.08,0,-0.01,
0,0,0,-10.05,-0.11,0,-0.01,
0,0,0,-10.05,-0.11,-0.01,-0.01,
0,0,0,-10.05,-0.11,0,-0.01,
0,0,0.04,-10.04,-0.11,0,-0.01,
0,0,0.04,-10.04,-0.11,0,-0.01,
0,0,0.04,-10.04,-0.11,0,-0.01,
0,0,-0.01,-10.04,-0.08,0,-0.01,
0,0,-0.01,-10.04,-0.08,0,-0.01,
0,0,-0.01,-10.04,-0.08,0,-0.01,
0,0,0.03,-10,-0.08,-0.01,-0.01,
0,0,0.03,-10,-0.08,-0.01,-0.01,
0,0,0.03,-10,-0.08,-0.01,-0.01,
0,0,0.01,-10.05,-0.16,0,-0.01,
0,0,0.01,-10.05,-0.16,0,-0.01,
0,0,0.01,-10.05,-0.16,0,-0.01,
0,0,0,-10.06,-0.05,0,-0.01,
0,0,0,-10.06,-0.05,0,-0.01,
0,0,0,-10.06,-0.05,0,-0.01,
0,0,-0.01,-10.01,0,-0.01,-0.01,
0,0,-0.01,-10.01,0,-0.01,-0.01,
0,0,-0.01,-10.01,0,0,-0.01,
0,0,0.01,-10.1,-0.12,-0.01,-0.01,
0,0,0.01,-10.1,-0.12,-0.01,-0.01,
0,0,0.01,-10.1,-0.12,0,-0.01,
0,0,-0.01,-10.1,-0.06,-0.01,-0.01,
0,0,-0.01,-10.1,-0.06,-0.01,-0.01,
0,0,-0.01,-10.1,-0.06,0,-0.01,
0,0,-0.03,-10.06,-0.09,0,-0.01,
0,0,-0.03,-10.06,-0.09,0,-0.01,
0,0,-0.03,-10.06,-0.09,-0.01,-0.01,
0,0,-0.02,-10.02,-0.11,-0.01,-0.01,
0,0,-0.02,-10.02,-0.11,-0.01,-0.01,
0,0,0.01,-10.01,-0.12,0,-0.01,
0,0,0.01,-10.01,-0.12,0,-0.01,
0,0,0.01,-10.01,-0.12,-0.01,-0.01,
0,0,0.01,-10.05,-0.13,0,-0.01,
0,0,0.01,-10.05,-0.13,0,-0.01,
0,0,0.01,-10.05,-0.13,0,-0.01,
0,0,0.05,-10.05,-0.13,-0.01,-0.01,
0,0,0.05,-10.05,-0.13,-0.01,-0.01,
0,0,0.05,-10.05,-0.13,0,-0.01,
0,0,0.02,-9.99,-0.05,0,-0.01,
0,0,0.02,-9.99,-0.05,0,-0.01,
0,0,0.02,-9.99,-0.05,0,-0.01,
0,0,0.02,-10.02,-0.08,0,-0.01,
0,0,0.02,-10.02,-0.08,0,-0.01,
0,0,0.02,-10.02,-0.08,0,-0.01,
0,0,-0.01,-10.05,-0.09,0,-0.01,
0,0,-0.01,-10.05,-0.09,0,-0.01,
0,0,-0.01,-10.05,-0.09,0,-0.01,
0,0,0.01,-10.05,-0.04,0,-0.01,
0,0,0.01,-10.05,-0.04,0,-0.01,
0,0,0.01,-10.05,-0.04,-0.01,-0.01,
0,0,0.03,-9.96,-0.06,-0.01,-0.01,
0,0,0.03,-9.96,-0.06,-0.01,-0.01,
0,0,0.03,-9.96,-0.06,0,-0.01,
0,0,-0.07,-10,-0.11,0,-0.01,
0,0,-0.07,-10,-0.11,-0.01,-0.01,
0,0,-0.07,-10,-0.11,-0.01,-0.01,
0,0,0.02,-10.08,-0.08,0,-0.01,
0,0,0.02,-10.08,-0.08,0,-0.01,
0,0,0.02,-10.08,-0.08,0,-0.01,
0,0,-0.01,-10.02,-0.08,0,-0.01,
0,0,-0.01,-10.02,-0.08,-0.01,-0.01,
0,0,-0.01,-10.02,-0.08,-0.01,-0.01,
0,0,0.02,-9.99,-0.07,0,-0.01,
0,0,0.02,-9.99,-0.07,0,-0.01,
0,0,0.02,-9.99,-0.07,-0.01,-0.01,
0,0,-0.03,-9.98,-0.06,-0.01,-0.01,
0,0,-0.03,-9.98,-0.06,-0.01,-0.01,
0,0,-0.03,-9.98,-0.06,-0.01,-0.01,
0,0,0.03,-10.05,-0.1,-0.01,-0.01,
0,0,0.03,-10.05,-0.1,-0.01,-0.01,
0,0,0.03,-10.05,-0.1,0,-0.01,
0,0,0.03,-10,-0.06,0,-0.01,
0,0,0.03,-10,-0.06,0,-0.01,
0,0,0.03,-10,-0.06,-0.01,-0.01,
0,0,0,-9.99,-0.07,-0.01,-0.01,
0,0,0,-9.99,-0.07,0,-0.01,
0,0,0,-9.99,-0.07,-0.01,-0.01,
0,0,0.03,-10.04,-0.09,-0.01,-0.01,
0,0,0.03,-10.04,-0.09,-0.01,-0.01,
0,0,0.03,-10.04,-0.09,-0.01,-0.01,
0,0,0.03,-10.04,-0.09,-0.01,-0.01,
0,0,0,-10.07,-0.12,-0.01,-0.01,
0,0,0,-10.07,-0.12,-0.01,-0.01,
0,0,0,-10.07,-0.12,0,0,
0,0,-0.01,-10.03,-0.09,-0.01,-0.01,
0,0,-0.01,-10.03,-0.09,-0.01,-0.01,
0,0,-0.01,-10.03,-0.09,-0.01,-0.01,
0,0,0.02,-10.05,-0.09,-0.01,-0.01,
0,0,0.02,-10.05,-0.09,0,-0.01,
0,0,0.02,-10.05,-0.09,-0.01,-0.01,
0,0,0.02,-10.04,-0.1,-0.01,-0.01,
0,0,0.02,-10.04,-0.1,0,-0.01,
0,0,0.02,-10.04,-0.1,0,-0.01,
0,0,-0.01,-10.06,-0.1,-0.01,-0.01,
0,0,-0.01,-10.06,-0.1,0,-0.01,
0,0,-0.01,-10.06,-0.1,0,-0.01,
0,0,0.03,-10.05,-0.06,0,-0.01,
0,0,0.03,-10.05,-0.06,-0.01,-0.01,
0,0,0.03,-10.05,-0.06,-0.01,-0.01,
0,0,-0.02,-10.09,-0.11,-0.01,-0.01,
0,0,-0.02,-10.09,-0.11,-0.01,-0.01,
0,0,-0.02,-10.09,-0.11,0,-0.01,
0,0,-0.02,-10.09,-0.11,0,-0.01,
0,0,0.04,-9.99,-0.1,0,-0.01,
0,0,0.04,-9.99,-0.1,0,-0.01,
0,0,0.04,-9.99,-0.1,0,-0.01,
0,0,0.04,-9.99,-0.08,0,-0.01,
0,0,0.04,-9.99,-0.08,0,-0.01,
0,0,0.04,-9.99,-0.08,0,-0.01,
0,0,-0.03,-9.96,-0.04,-0.01,-0.01,
0,0,-0.03,-9.96,-0.04,0,-0.01,
0,0,-0.03,-9.96,-0.04,0,-0.01,
0,0,0,-10.07,-0.11,-0.01,-0.01,
0,0,0,-10.07,-0.11,-0.01,-0.01,
0,0,0,-10.07,-0.11,0,-0.01,
0,0,-0.05,-10.03,-0.09,0,-0.01,
0,0,-0.05,-10.03,-0.09,0,-0.01,
0,0,-0.05,-10.03,-0.09,-0.01,0,
0,0,0,-10.04,-0.06,0,0,
0,0,0,-10.04,-0.06,0,0,
0,0,0,-10.04,-0.06,-0.01,-0.01,
0,0,-0.01,-10.03,-0.11,-0.01,-0.01,
0,0,-0.01,-10.03,-0.11,-0.01,-0.01,
0,0,-0.01,-10.03,-0.11,0,-0.01,
0,0,0.02,-10,-0.08,0,-0.01,
0,0,0.02,-10,-0.08,-0.01,-0.01,
0,0,0.02,-10,-0.08,0,-0.01,
0,0,-0.02,-10.03,-0.11,0,-0.01,
0,0,-0.02,-10.03,-0.11,0,-0.01,
0,0,-0.02,-10.03,-0.11,0,-0.01,
0,0,0,-9.99,-0.06,0,-0.01,
0,0,0,-9.99,-0.06,0,-0.01,
0,0,0,-9.99,-0.06,-0.01,-0.01,
0,0,0,-9.97,-0.04,-0.01,-0.01,
0,0,0,-9.97,-0.04,-0.01,-0.01,
0,0,0,-9.97,-0.04,-0.01,-0.01,
0,0,0.01,-10.07,-0.1,-0.01,-0.01,
0,0,0.01,-10.07,-0.1,0,-0.02,
0,0,0.01,-10.07,-0.1,0,-0.02,
0,0,0.38,-10.8,-0.3,-0.01,-0.02,
0,0,0.38,-10.8,-0.3,-0.01,-0.01,
0,0,0.38,-10.8,-0.3,-0.01,-0.01,
0,0,0.04,-10.18,-0.01,0,0,
0,0,0.04,-10.18,-0.01,0,0,
0,0,0.04,-10.18,-0.01,-0.01,-0.01,
0,0,-0.15,-10.07,0.05,0,-0.01,
0,0,-0.15,-10.07,0.05,0,-0.01,
0,0,-0.15,-10.07,0.05,0.01,-0.01,
0,0,0.01,-9.67,-0.01,0,-0.01,
0,0,0.01,-9.67,-0.01,0,-0.01,
0,0,0.01,-9.67,-0.01,0,-0.01,
0,0,-0.17,-10.63,-0.32,0,-0.01,
0,0,-0.17,-10.63,-0.32,0,-0.01,
0,0,-0.17,-10.63,-0.32,-0.01,-0.01,
0,0,0.04,-9.77,-0.19,-0.01,-0.01,
0,0,0.04,-9.77,-0.19,0,-0.01,
0,0,0.04,-9.77,-0.19,-0.01,-0.01,
0,0,-0.23,-10.07,-0.23,-0.01,-0.01,
0,0,-0.23,-10.07,-0.23,0,-0.01,
0,0,-0.23,-10.07,-0.23,0,-0.02,
0,0,0.03,-9.86,-0.21,0,-0.02,
0,0,0.03,-9.86,-0.21,-0.01,0,
0,0,0.03,-9.86,-0.21,0,-0.01,
0,0,0.02,-9.68,-0.13,0,-0.01,
0,0,0.02,-9.68,-0.13,-0.01,0,
0,0,0.02,-9.68,-0.13,-0.01,0,
0,0,0.1,-9.87,0.19,0,-0.01,
0,0,0.1,-9.87,0.19,-0.01,-0.01,
0,0,0.1,-9.87,0.19,-0.01,-0.01,
0,0,0.01,-9.9,0,-0.01,-0.01,
0,0,0.01,-9.9,0,0,-0.01,
0,0,0.01,-9.9,0,0,-0.01,
0,0,0.01,-10.02,-0.04,-0.01,-0.01,
0,0,0.01,-10.02,-0.04,-0.01,-0.01,
0,0,0.01,-10.02,-0.04,0,-0.01,
0,0,-0.04,-10.17,-0.13,0,-0.01,
0,0,-0.04,-10.17,-0.13,0,-0.01,
0,0,-0.04,-10.17,-0.13,0,-0.01,
0,0,-0.03,-9.92,-0.14,0,-0.01,
0,0,-0.03,-9.92,-0.14,0,-0.01,
0,0,-0.03,-9.92,-0.14,-0.01,-0.01,
0,0,-0.1,-9.96,-0.21,-0.01,-0.01,
0,0,-0.1,-9.96,-0.21,-0.01,-0.01,
0,0,-0.1,-9.96,-0.21,-0.01,-0.01,
0,0,-0.01,-10.05,0.01,-0.01,-0.01,
0,0,-0.01,-10.05,0.01,0,-0.01,
0,0,-0.01,-10.05,0.01,0,-0.01,
0,0,-0.01,-9.9,0.01,0,-0.01,
0,0,-0.01,-9.9,0.01,0,-0.01,
0,0,-0.01,-9.9,0.01,0,-0.01,
0,0,0.03,-10.05,0.05,0,-0.01,
0,0,0.03,-10.05,0.05,0,-0.01,
0,0,0.03,-10.05,0.05,0,-0.01,
0,0,0.05,-10.12,-0.03,-0.01,-0.01,
0,0,0.05,-10.12,-0.03,-0.01,-0.01,
0,0,0.05,-10.12,-0.03,-0.01,-0.01,
0,0,-0.07,-10.05,-0.16,-0.01,-0.01,
0,0,-0.07,-10.05,-0.16,-0.01,-0.01,
0,0,-0.07,-10.05,-0.16,0,-0.01,
0,0,-0.07,-10.05,-0.16,0,-0.01,
0,0,-0.01,-10.02,-0.06,0,-0.01,
0,0,-0.01,-10.02,-0.06,-0.01,-0.01,
0,0,-0.01,-10.02,-0.06,-0.01,-0.01,
0,0,-0.01,-10.02,-0.15,-0.01,-0.01,
0,0,-0.01,-10.02,-0.15,0,-0.01,
0,0,-0.01,-10.02,-0.15,0,-0.01,
0,0,0.04,-10.03,-0.06,0,-0.01,
0,0,0.04,-10.03,-0.06,0,-0.01,
0,0,0.04,-10.03,-0.06,0,-0.01,
0,0,0.02,-10.11,-0.08,0,-0.01,
0,0,0.02,-10.11,-0.08,0,-0.02,
0,0,0.02,-10.11,-0.08,0,-0.02,
0,0,0.11,-9.9,0,0,-0.01,
0,0,0.11,-9.9,0,0,-0.01,
0,0,0.11,-9.9,0,-0.01,-0.01,
0,0,0.04,-9.97,-0.08,-0.01,-0.01,
0,0,0.04,-9.97,-0.08,-0.01,-0.01,
0,0,0.04,-9.97,-0.08,-0.01,0,
0,0,0.08,-10,-0.01,-0.01,-0.01,
0,0,0.08,-10,-0.01,-0.01,-0.01,
0,0,0.08,-10,-0.01,0,-0.01,
0,0,0.02,-10.12,-0.26,0,-0.01,
0,0,0.02,-10.12,-0.26,0,-0.01,
0,0,0.02,-10.12,-0.26,-0.01,0,
0,0,-0.04,-9.99,-0.08,-0.01,-0.01,
0,0,-0.04,-9.99,-0.08,-0.01,-0.01,
0,0,-0.04,-9.99,-0.08,-0.01,-0.01,
0,0,-0.03,-10.04,-0.09,-0.01,-0.01,
0,0,-0.03,-10.04,-0.09,-0.01,-0.01,
0,0,-0.03,-10.04,-0.09,-0.01,-0.01,
0,0,0.07,-9.96,-0.04,-0.01,-0.01,
0,0,0.07,-9.96,-0.04,0,-0.01,
0,0,0.07,-9.96,-0.04,0,-0.01,
0,0,-0.03,-9.98,-0.05,0,-0.01,
0,0,-0.03,-9.98,-0.05,-0.01,-0.01,
0,0,-0.03,-9.98,-0.05,0,-0.01,
0,0,-0.05,-10.07,-0.08,0,-0.01,
0,0,-0.05,-10.07,-0.08,-0.01,-0.01,
0,0,-0.05,-10.07,-0.08,-0.01,-0.01,
0,0,0,-10.04,-0.13,-0.01,-0.01,
0,0,0,-10.04,-0.13,0,-0.01,
0,0,0,-10.04,-0.13,0,-0.01,
0,0,-0.01,-10.02,-0.14,-0.01,-0.01,
0,0,-0.01,-10.02,-0.14,0,-0.01,
0,0,0.03,-10.01,-0.02,0,-0.01,
0,0,0.03,-10.01,-0.02,0,-0.01,
0,0,0.03,-10.01,-0.02,-0.01,-0.01,
0,0,0.05,-10.06,-0.06,-0.01,-0.01,
0,0,0.05,-10.06,-0.06,0,-0.01,
0,0,0.05,-10.06,-0.06,0,-0.01,
0,0,0.02,-9.97,-0.08,0,-0.01,
0,0,0.02,-9.97,-0.08,0,-0.01,
0,0,0.02,-9.97,-0.08,0,-0.01,
0,0,-0.01,-10.03,-0.1,0,-0.01,
0,0,-0.01,-10.03,-0.1,-0.01,-0.01,
0,0,-0.01,-10.03,-0.1,-0.01,-0.01,
0,0,0.01,-10.06,-0.02,-0.01,-0.01,
0,0,0.01,-10.06,-0.02,0,-0.01,
0,0,0.01,-10.06,-0.02,0,-0.01,
0,0,0.02,-10.04,-0.08,0,-0.01,
0,0,0.02,-10.04,-0.08,-0.01,-0.01,
0,0,0.02,-10.04,-0.08,-0.01,-0.01,
0,0,-0.04,-10.05,-0.14,0,-0.01,
0,0,-0.04,-10.05,-0.14,-0.01,-0.01,
0,0,-0.04,-10.05,-0.14,-0.01,-0.01,
0,0,-0.03,-10.05,-0.11,-0.01,-0.01,
0,0,-0.03,-10.05,-0.11,0,-0.01,
0,0,-0.03,-10.05,-0.11,0,-0.01,
0,0,0.01,-9.99,-0.06,0,-0.01,
0,0,0.01,-9.99,-0.06,-0.01,-0.01,
0,0,0.01,-9.99,-0.06,-0.01,-0.01,
0,0,-0.01,-10.06,-0.09,-0.01,-0.01,
0,0,-0.01,-10.06,-0.09,-0.01,-0.01,
0,0,-0.01,-10.06,-0.09,-0.01,-0.01,
0,0,0.04,-10.02,-0.07,0,-0.01,
0,0,0.04,-10.02,-0.07,0,-0.01,
0,0,0.04,-10.02,-0.07,0,-0.01,
0,0,0.03,-10.07,-0.09,0,-0.01,
0,0,0.03,-10.07,-0.09,0,-0.01,
0,0,0.03,-10.07,-0.09,0,-0.01,
0,0,-0.01,-9.99,0,0,-0.01,
0,0,-0.01,-9.99,0,-0.01,-0.01,
0,0,-0.01,-9.99,0,-0.01,-0.01,
0,0,0.01,-10.03,-0.13,-0.01,-0.01,
0,0,0.01,-10.03,-0.13,-0.01,-0.01,
0,0,0.01,-10.03,-0.13,0,-0.01,
0,0,0,-10.01,-0.06,0,-0.01,
0,0,0,-10.01,-0.06,-0.01,-0.01,
0,0,0,-10.01,-0.06,0,-0.01,
0,0,-0.03,-10.04,-0.07,0,-0.01,
0,0,-0.03,-10.04,-0.07,0,-0.01,
0,0,-0.03,-10.04,-0.07,-0.01,-0.01,
0,0,0.03,-10,-0.04,-0.01,-0.01,
0,0,0.03,-10,-0.04,-0.01,0,
0,0,0.03,-10,-0.04,-0.01,-0.01,
0,0,-0.02,-10.06,-0.11,-0.01,-0.01,
0,0,-0.02,-10.06,-0.11,-0.01,-0.01,
0,0,-0.02,-10.06,-0.11,-0.01,-0.01,
0,0,0.04,-10.06,-0.09,0,-0.01,
0,0,0.04,-10.06,-0.09,-0.01,-0.01,
0,0,0.04,-10.06,-0.09,-0.01,-0.01,
0,0,0.03,-10.03,-0.11,0,-0.01,
0,0,0.03,-10.03,-0.11,0,-0.01,
0,0,0.03,-10.03,-0.11,0,-0.01,
0,0,0,-9.99,-0.01,-0.01,-0.01,
0,0,0,-9.99,-0.01,0,-0.01,
0,0,0,-9.99,-0.01,0,-0.01,
0,0,0.07,-10.07,-0.12,0,-0.01,
0,0,0.07,-10.07,-0.12,0,-0.01,
0,0,0.07,-10.07,-0.12,0,0,
0,0,0.03,-10,-0.15,0,-0.01,
0,0,0.03,-10,-0.15,0,-0.01,
0,0,0.03,-10,-0.15,0,-0.01,
0,0,0.02,-9.98,-0.07,0,-0.01,
0,0,0.02,-9.98,-0.07,0,-0.01,
0,0,0.02,-9.98,-0.07,0,-0.01,
0,0,0.04,-9.92,-0.01,-0.01,-0.01,
0,0,0.04,-9.92,-0.01,-0.01,-0.01,
0,0,0.03,-10.01,-0.08,-0.01,-0.01,
0,0,0.03,-10.01,-0.08,0,-0.01,
0,0,0.03,-10.01,-0.08,0,-0.01,
0,0,-0.04,-10.02,-0.08,-0.01,-0.01,
0,0,-0.04,-10.02,-0.08,0,-0.01,
0,0,-0.04,-10.02,-0.08,0,-0.01,
0,0,0.03,-10,-0.05,0,-0.01,
0,0,0.03,-10,-0.05,-0.01,-0.01,
0,0,0.03,-10,-0.05,-0.01,-0.01,
0,0,-0.01,-9.87,0.05,0.01,-0.01,
0,0,-0.01,-9.87,0.05,-0.01,-0.02,
0,0,-0.01,-9.87,0.05,-0.01,-0.02,
0,0,-0.04,-10.06,-0.12,0,-0.01,
0,0,-0.04,-10.06,-0.12,0,-0.01,
0,0,-0.04,-10.06,-0.12,0,-0.01,
0,0,0.01,-10,-0.07,-0.01,-0.01,
0,0,0.01,-10,-0.07,-0.01,-0.01,
0,0,0.01,-10,-0.07,-0.01,-0.01,
0,0,-0.07,-10.07,-0.1,0,-0.01,
0,0,-0.07,-10.07,-0.1,0,-0.01,
0,0,-0.07,-10.07,-0.1,0,-0.01,
0,0,0.1,-9.98,-0.22,0,-0.01,
0,0,0.1,-9.98,-0.22,0,-0.01,
0,0,0.1,-9.98,-0.22,-0.01,-0.01,
0,0,0.02,-10.01,-0.1,0,-0.01,
0,0,0.02,-10.01,-0.1,0,-0.01,
0,0,0.02,-10.01,-0.1,-0.01,-0.01,
0,0,0.01,-10.03,-0.01,-0.01,-0.01,
0,0,0.01,-10.03,-0.01,-0.01,-0.01,
0,0,0.01,-10.03,-0.01,0,-0.01,
0,0,0.07,-10.03,-0.06,0,-0.01,
0,0,0.07,-10.03,-0.06,0,-0.01,
0,0,0.13,-9.97,-0.41,-0.01,-0.01,
0,0,0.13,-9.97,-0.41,0.01,-0.01,
0,0,0.13,-9.97,-0.41,0.01,-0.01,
0,0,0.09,-10.32,-0.08,-0.01,-0.01,
0,0,0.09,-10.32,-0.08,0,-0.01,
0,0,0.09,-10.32,-0.08,0,-0.01,
0,0,0.04,-10.01,-0.45,-0.01,0,
0,0,0.04,-10.01,-0.45,0,-0.01,
0,0,0.04,-10.01,-0.45,0,-0.01,
0,0,0.05,-9.99,0,0,-0.01,
0,0,0.05,-9.99,0,-0.01,-0.01,
0,0,0.05,-9.99,0,-0.01,-0.01,
0,0,0.13,-9.93,0.01,0,-0.01,
0,0,0.13,-9.93,0.01,-0.01,-0.01,
0,0,0.13,-9.93,0.01,-0.01,-0.01,
0,0,-0.04,-9.95,0.04,-0.01,-0.01,
0,0,-0.04,-9.95,0.04,-0.01,-0.01,
0,0,-0.04,-9.95,0.04,-0.01,-0.01,
0,0,0.02,-10.06,-0.11,-0.01,0,
0,0,0.02,-10.06,-0.11,0,-0.01,
0,0,0.02,-10.06,-0.11,0,-0.01,
0,0,-0.05,-10.03,-0.19,-0.01,-0.01,
0,0,-0.05,-10.03,-0.19,0,-0.01,
0,0,-0.05,-10.03,-0.19,0,-0.01,
0,0,-0.08,-10,-0.11,0.01,-0.01,
0,0,-0.08,-10,-0.11,-0.01,-0.01,
0,0,-0.08,-10,-0.11,-0.01,-0.01,
0,0,0.06,-9.97,0,-0.01,-0.01,
0,0,0.06,-9.97,0,-0.01,-0.01,
0,0,0.06,-9.97,0,-0.01,-0.01,
0,0,0.01,-10.04,-0.03,0,-0.01,
0,0,0.01,-10.04,-0.03,0,-0.01,
0,0,0.01,-10.04,-0.03,0,-0.01,
0,0,0.05,-10.13,-0.05,0,-0.01,
0,0,0.05,-10.13,-0.05,0,-0.01,
0,0,0.05,-10.13,-0.05,0,-0.01,
0,0,-0.13,-9.98,0.05,0,-0.01,
0,0,-0.13,-9.98,0.05,0,-0.01,
0,0,-0.13,-9.98,0.05,0,-0.01,
0,0,0.07,-10.12,-0.02,0,-0.01,
0,0,0.07,-10.12,-0.02,0,0,
0,0,0.07,-10.12,-0.02,-0.01,-0.01,
0,0,-0.07,-9.97,-0.13,-0.01,-0.01,
0,0,-0.07,-9.97,-0.13,-0.01,-0.01,
0,0,-0.07,-9.97,-0.13,0,-0.01,
0,0,-0.08,-10.05,-0.1,0,-0.01,
0,0,-0.08,-10.05,-0.1,0,-0.01,
0,0,-0.08,-10.05,-0.1,0,-0.01,
0,0,0.04,-10.02,-0.2,-0.01,-0.01,
0,0,0.04,-10.02,-0.2,-0.01,-0.01,
0,0,0.04,-10.02,-0.2,-0.01,-0.01,
0,0,-0.05,-9.97,-0.08,-0.01,-0.01,
0,0,-0.05,-9.97,-0.08,-0.01,-0.01,
0,0,-0.05,-9.97,-0.08,-0.01,-0.01,
0,0,0.07,-9.99,-0.15,0,-0.01,
0,0,0.07,-9.99,-0.15,0,-0.01,
0,0,0.07,-9.99,-0.15,0,-0.01,
0,0,0.14,-9.95,-0.01,-0.01,-0.01,
0,0,0.14,-9.95,-0.01,-0.01,-0.01,
0,0,0.14,-9.95,-0.01,0,-0.01,
0,0,0.01,-10.01,0.05,-0.01,-0.01,
0,0,0.01,-10.01,0.05,-0.01,-0.01,
0,0,0.01,-10.01,0.05,0,-0.01,
0,0,0.01,-10.04,0.01,-0.01,-0.01,
0,0,0.01,-10.04,0.01,-0.01,-0.01,
0,0,0.01,-10.04,0.01,0,-0.01,
0,0,-0.02,-10.06,-0.22,0,-0.01,
0,0,-0.02,-10.06,-0.22,0,-0.01,
0,0,-0.02,-10.06,-0.22,-0.01,-0.01,
0,0,-0.08,-10.09,-0.08,0,-0.01,
0,0,-0.08,-10.09,-0.08,0,-0.01,
0,0,0.04,-10.05,-0.06,-0.01,-0.01,
0,0,0.04,-10.05,-0.06,0,-0.01,
0,0,0.04,-10.05,-0.06,0,-0.01,
0,0,-0.01,-10.11,-0.11,0,-0.01,
0,0,-0.01,-10.11,-0.11,0,-0.01,
0,0,-0.01,-10.11,-0.11,0,-0.01,
0,0,0.08,-10.04,-0.11,0,-0.01,
0,0,0.08,-10.04,-0.11,0,-0.01,
0,0,0.08,-10.04,-0.11,0,-0.01,
0,0,0.04,-9.99,0,0,-0.01,
0,0,0.04,-9.99,0,0,-0.01,
0,0,0.04,-9.99,0,-0.01,-0.01,
0,0,0.08,-9.95,-0.08,0,-0.01,
0,0,0.08,-9.95,-0.08,0,-0.01,
0,0,0.08,-9.95,-0.08,-0.01,-0.01,
0,0,0,-10.11,-0.07,0,-0.01,
0,0,0,-10.11,-0.07,0,-0.01,
0,0,0,-10.11,-0.07,0,-0.01,
0,0,0.01,-10,-0.12,0,-0.01,
0,0,0.01,-10,-0.12,0,-0.01,
0,0,0.01,-10,-0.12,-0.01,-0.01,
0,0,-0.04,-10.04,-0.11,-0.01,-0.01,
0,0,-0.04,-10.04,-0.11,-0.01,-0.01,
0,0,-0.04,-10.04,-0.11,-0.01,-0.01,
0,0,-0.01,-10.01,-0.08,-0.01,-0.01,
0,0,-0.01,-10.01,-0.08,0,-0.01,
0,0,-0.01,-10.01,-0.08,0,-0.01,
0,0,0.02,-10.01,-0.11,0,-0.01,
0,0,0.02,-10.01,-0.11,0,-0.01,
0,0,0.02,-10.01,-0.11,0,-0.01,
0,0,-0.03,-10.04,-0.11,0,-0.01,
0,0,-0.03,-10.04,-0.11,-0.01,-0.01,
0,0,-0.03,-10.04,-0.11,0,-0.01,
0,0,-0.01,-10.04,-0.05,0,-0.01,
0,0,-0.01,-10.04,-0.05,0,0,
0,0,-0.01,-10.04,-0.05,0,-0.01,
0,0,0.03,-10.07,-0.06,0,-0.01,
0,0,0.03,-10.07,-0.06,-0.01,-0.01,
0,0,0.03,-10.07,-0.06,-0.01,-0.01,
0,0,0.02,-9.98,-0.03,0,-0.01,
0,0,0.02,-9.98,-0.03,0,-0.01,
0,0,0.02,-9.98,-0.03,0,-0.01,
0,0,0.03,-10.05,-0.09,-0.01,0,
0,0,0.03,-10.05,-0.09,0,-0.01,
0,0,0.03,-10.05,-0.09,0,-0.01,
0,0,-0.04,-10.01,-0.03,0,-0.01,
0,0,-0.04,-10.01,-0.03,-0.01,0,
0,0,-0.04,-10.01,-0.03,-0.01,0,
0,0,-0.01,-10.03,-0.07,0,-0.01,
0,0,-0.01,-10.03,-0.07,0,-0.01,
0,0,-0.01,-10.03,-0.07,0,-0.01,
0,0,0.03,-10.05,-0.09,0,-0.01,
0,0,0.03,-10.05,-0.09,0,0,
0,0,0.03,-10.05,-0.09,0,0,
0,0,-0.01,-10.04,0,0,-0.01,
0,0,-0.01,-10.04,0,0,-0.01,
0,0,-0.01,-10.04,0,0,-0.01,
0,0,-0.03,-10,-0.06,-0.01,-0.01,
0,0,-0.03,-10,-0.06,-0.01,-0.01,
0,0,-0.03,-10,-0.06,-0.01,0,
0,0,-0.01,-9.99,-0.06,0,-0.01,
0,0,-0.01,-9.99,-0.06,0,-0.01,
0,0,-0.01,-9.99,-0.06,0,-0.01,
0,0,0,-9.99,-0.11,0,-0.01,
0,0,0,-9.99,-0.11,0,-0.01,
0,0,0,-9.99,-0.11,0,-0.01,
0,0,-0.01,-10.08,-0.11,0,-0.01,
0,0,-0.01,-10.08,-0.11,0,-0.01,
0,0,-0.01,-10.08,-0.11,-0.01,-0.01,
0,0,0,-10.01,-0.04,-0.01,-0.01,
0,0,0,-10.01,-0.04,0,-0.01,
0,0,0,-10.01,-0.04,0,-0.01,
0,0,0,-10.03,-0.12,0,-0.01,
0,0,0,-10.03,-0.12,0,-0.01,
0,0,0,-10.03,-0.12,0,-0.01,
0,0,-0.03,-10.03,-0.13,0,-0.01,
0,0,-0.03,-10.03,-0.13,0,-0.02,
0,0,-0.03,-10.03,-0.13,0,-0.02,
0,0,-0.02,-9.96,-0.07,-0.01,-0.01,
0,0,-0.02,-9.96,-0.07,0,-0.01,
0,0,-0.02,-9.96,-0.07,0,-0.01,
0,0,0.05,-10.08,-0.04,0,-0.01,
0,0,0.05,-10.08,-0.04,0,-0.01,
0,0,0.05,-10.08,-0.04,-0.01,-0.01,
0,0,-0.02,-10.01,-0.12,0,-0.01,
0,0,-0.02,-10.01,-0.12,0,-0.01,
0,0,-0.02,-10.01,-0.12,0,-0.01,
0,0,0.04,-10.01,-0.07,-0.01,-0.01,
0,0,0.04,-10.01,-0.07,-0.01,-0.01,
0,0,0.04,-10.01,-0.07,-0.01,-0.01,
0,0,0,-9.98,-0.11,0,-0.01,
0,0,0,-9.98,-0.11,0,-0.01,
0,0,0,-9.98,-0.11,0,-0.01,
0,0,-0.03,-10.06,-0.14,0,-0.01,
0,0,-0.03,-10.06,-0.14,0,-0.01,
0,0,-0.03,-10.06,-0.14,0,-0.01,
0,0,0.03,-10.02,-0.11,0,-0.01,
0,0,0.03,-10.02,-0.11,0,-0.01,
0,0,0.03,-10.02,-0.11,-0.01,-0.01,
0,0,0.02,-10.07,-0.06,-0.01,-0.01,
0,0,0.02,-10.07,-0.06,0,-0.01,
0,0,0.02,-10.07,-0.06,0,-0.01,
0,0,-0.03,-10.05,-0.06,-0.01,-0.01,
0,0,-0.03,-10.05,-0.06,-0.01,-0.01,
0,0,-0.03,-10.05,-0.06,-0.01,-0.01,
0,0,0.01,-10.07,-0.08,-0.01,-0.01,
0,0,0.01,-10.07,-0.08,-0.01,-0.01,
0,0,0.01,-10.07,-0.08,-0.01,-0.01,
0,0,-0.02,-9.96,-0.09,0,-0.01,
0,0,-0.02,-9.96,-0.09,-0.01,-0.01,
0,0,-0.02,-9.96,-0.09,-0.01,-0.01,
0,0,0,-9.98,-0.11,0,-0.01,
0,0,0,-9.98,-0.11,0,-0.01,
0,0,0,-9.98,-0.11,0,-0.01,
0,0,-0.01,-10.04,-0.04,0,-0.01,
0,0,-0.01,-10.04,-0.04,0,-0.01,
0,0,-0.01,-10.04,-0.04,0,-0.01,
0,0,0.03,-10.08,-0.11,0,-0.01,
0,0,0.03,-10.08,-0.11,0,-0.01,
0,0,0.03,-10.08,-0.11,0,-0.01,
0,0,0,-10.05,-0.08,0,-0.01,
0,0,0,-10.05,-0.08,0,-0.01,
0,0,0,-10.05,-0.08,0,0,
0,0,0,-9.98,-0.08,0,0,
0,0,0,-9.98,-0.08,0,-0.01,
0,0,0,-9.98,-0.08,-0.01,-0.01,
0,0,0,-10.02,-0.06,-0.01,-0.01,
0,0,0,-10.02,-0.06,-0.01,0,
0,0,0,-10.02,-0.06,-0.01,-0.01,
0,0,-0.06,-10.01,-0.1,-0.01,-0.01,
0,0,-0.06,-10.01,-0.1,0,-0.01,
0,0,-0.06,-10.01,-0.1,0,-0.01,
0,0,0,-10.05,-0.12,-0.01,-0.01,
0,0,0,-10.05,-0.12,-0.01,-0.01,
0,0,0,-10.05,-0.12,-0.01,-0.01,
0,0,0.06,-9.99,-0.08,-0.01,-0.01,
0,0,0.06,-9.99,-0.08,0,-0.01,
0,0,0.06,-9.99,-0.08,0,-0.01,
0,0,0.01,-10.01,-0.09,0,-0.01,
0,0,0.01,-10.01,-0.09,0,-0.01,
0,0,0.01,-10.01,-0.09,0,-0.01,
0,0,0.03,-10.02,-0.11,-0.01,-0.01,
0,0,0.03,-10.02,-0.11,-0.01,-0.01,
0,0,0.03,-10.02,-0.11,0,-0.01,
0,0,-0.08,-10.04,-0.15,0,0,
0,0,-0.08,-10.04,-0.15,0,0,
0,0,-0.08,-10.04,-0.15,0,-0.01,
0,0,-0.13,-10.07,-0.08,0,0,
0,0,-0.13,-10.07,-0.08,0,0,
0,0,-0.13,-10.07,-0.08,-0.01,-0.01,
0,0,0,-9.99,-0.1,-0.01,-0.01,
0,0,0,-9.99,-0.1,0,-0.01,
0,0,0,-9.99,-0.1,0,-0.01,
0,0,0.07,-9.96,-0.11,0,-0.01,
0,0,0.07,-9.96,-0.11,0,-0.01,
0,0,0.07,-9.96,-0.11,0,-0.01,
0,0,0.07,-9.96,-0.11,0,-0.01,
0,0,0.05,-10.02,-0.07,-0.01,-0.01,
0,0,0.05,-10.02,-0.07,-0.01,-0.01,
0,0,0.05,-10.02,-0.07,0,-0.01,
0,0,0,-10.07,-0.05,-0.01,-0.01,
0,0,0,-10.07,-0.05,-0.01,-0.01,
0,0,0,-10.07,-0.05,0,-0.01,
0,0,-0.07,-10.02,-0.09,0,-0.01,
0,0,-0.07,-10.02,-0.09,0,-0.01,
0,0,-0.07,-10.02,-0.09,0,-0.01,
0,0,0,-10.05,-0.05,0,-0.01,
0,0,0,-10.05,-0.05,0,-0.01,
0,0,0,-10.05,-0.05,-0.01,0,
0,0,0,-10.02,-0.07,-0.01,0,
0,0,0,-10.02,-0.07,0,-0.01,
0,0,0,-10.02,-0.07,0,-0.01,
0,0,0.01,-10.04,-0.06,-0.01,-0.01,
0,0,0.01,-10.04,-0.06,0,-0.01,
0,0,0.01,-10.04,-0.06,0,-0.01,
0,0,-0.06,-10.01,-0.1,0,-0.01,
0,0,-0.06,-10.01,-0.1,-0.01,-0.01,
0,0,-0.06,-10.01,-0.1,-0.01,-0.01,
0,0,-0.02,-10.06,-0.06,0,-0.01,
0,0,-0.02,-10.06,-0.06,-0.01,-0.01,
0,0,-0.02,-10.06,-0.06,-0.01,-0.01,
0,0,0.07,-10.05,-0.13,0,-0.01,
0,0,0.07,-10.05,-0.13,0,-0.01,
0,0,0.07,-10.05,-0.13,-0.01,-0.01,
0,0,0,-10.09,-0.08,0,-0.01,
0,0,0,-10.09,-0.08,0,-0.01,
0,0,0,-10.09,-0.08,0,-0.01,
0,0,0.08,-10.02,-0.14,0,-0.01,
0,0,0.08,-10.02,-0.14,0,-0.01,
0,0,0.08,-10.02,-0.14,-0.01,-0.01,
0,0,0.16,-9.91,-0.08,0,-0.01,
0,0,0.16,-9.91,-0.08,0,-0.01,
0,0,0.16,-9.91,-0.08,-0.01,-0.01,
0,0,-0.01,-9.92,0.08,0,-0.01,
0,0,0,-10.1,-0.05,0,-0.01,
0,0,0,-10.1,-0.05,0,-0.01,
0,0,0,-10.1,-0.05,0,-0.01,
0,0,-0.03,-10.08,-0.23,-0.01,-0.01,
0,0,-0.03,-10.08,-0.23,0,-0.01,
0,0,-0.03,-10.08,-0.23,0,-0.01,
0,0,0,-9.98,-0.01,0,-0.01,
0,0,0,-9.98,-0.01,0,-0.01,
0,0,0,-9.98,-0.01,0,-0.01,
0,0,0.01,-10,-0.08,-0.01,-0.01,
0,0,0.01,-10,-0.08,-0.01,-0.01,
0,0,0.01,-10,-0.08,0,-0.01,
0,0,-0.02,-9.99,-0.07,0,-0.01,
0,0,-0.02,-9.99,-0.07,0,-0.01,
0,0,-0.02,-9.99,-0.07,0,-0.01,
0,0,0.04,-10.11,-0.17,0,-0.01,
0,0,0.04,-10.11,-0.17,0,-0.01,
0,0,0.04,-10.11,-0.17,0,-0.01,
0,0,0.06,-9.95,-0.08,0,-0.01,
0,0,0.06,-9.95,-0.08,0,-0.01,
0,0,0.06,-9.95,-0.08,0,-0.01,
0,0,-0.08,-9.84,0.01,0,-0.01,
0,0,-0.08,-9.84,0.01,-0.01,-0.01,
0,0,-0.08,-9.84,0.01,0,-0.01,
0,0,0.01,-10.07,-0.21,0,-0.01,
0,0,0.01,-10.07,-0.21,0,-0.01,
0,0,0.01,-10.07,-0.21,0,-0.01,
0,0,-0.1,-10.07,-0.05,0,-0.01,
0,0,-0.1,-10.07,-0.05,0,-0.01,
0,0,-0.1,-10.07,-0.05,0,-0.01,
0,0,-0.01,-10.12,-0.19,0,-0.01,
0,0,-0.01,-10.12,-0.19,0,-0.01,
0,0,-0.01,-10.12,-0.19,0,-0.01,
0,0,0.1,-9.91,0.02,0,-0.01,
0,0,0.1,-9.91,0.02,0,-0.01,
0,0,0.1,-9.91,0.02,0,-0.01,
0,0,0.03,-10.03,-0.11,-0.01,-0.01,
0,0,0.03,-10.03,-0.11,-0.01,-0.01,
0,0,0.03,-10.03,-0.11,-0.01,-0.01,
0,0,0.01,-10.03,-0.13,0,-0.01,
0,0,0.01,-10.03,-0.13,0,-0.01,
0,0,0.01,-10.03,-0.13,0,-0.01,
0,0,0.04,-10.05,-0.06,0,-0.01,
0,0,0.04,-10.05,-0.06,0,-0.01,
0,0,0.04,-10.05,-0.06,0,-0.01,
0,0,-0.02,-9.97,-0.03,-0.01,-0.01,
0,0,-0.02,-9.97,-0.03,-0.01,-0.01,
0,0,-0.02,-9.97,-0.03,0,-0.01,
0,0,-0.05,-10.08,-0.11,0,-0.01,
0,0,-0.05,-10.08,-0.11,0,-0.01,
0,0,-0.05,-10.08,-0.11,0,-0.01,
0,0,0.06,-10.11,-0.23,0,-0.01,
0,0,0.06,-10.11,-0.23,-0.01,-0.01,
0,0,0.06,-10.11,-0.23,-0.01,0,
0,0,0.06,-10.11,-0.23,-0.01,0,
0,0,-0.03,-10.01,-0.06,-0.01,-0.01,
0,0,-0.03,-10.01,-0.06,-0.01,-0.01,
0,0,-0.03,-10.01,-0.06,-0.01,-0.01,
0,0,0.03,-10.01,0,0,-0.01,
0,0,0.03,-10.01,0,0,-0.01,
0,0,0.03,-10.01,0,0,-0.01,
0,0,0.05,-9.97,-0.03,0,-0.01,
0,0,0.05,-9.97,-0.03,-0.01,-0.01,
0,0,0.05,-9.97,-0.03,-0.01,-0.01,
0,0,0,-10.1,-0.15,-0.01,-0.01,
0,0,0,-10.1,-0.15,-0.01,-0.01,
0,0,0,-10.1,-0.15,0,-0.01,
0,0,0.02,-9.97,-0.06,0,-0.01,
0,0,0.02,-9.97,-0.06,0,-0.01,
0,0,0.02,-9.97,-0.06,0,-0.01,
0,0,-0.02,-10.05,-0.04,0,-0.01,
0,0,-0.02,-10.05,-0.04,-0.01,-0.01,
0,0,-0.02,-10.05,-0.04,-0.01,-0.01,
0,0,0.01,-10,-0.11,0,-0.01,
0,0,0.01,-10,-0.11,0,-0.01,
0,0,0.01,-10,-0.11,0,-0.01,
0,0,-0.13,-10.05,-0.14,-0.01,-0.01,
0,0,-0.13,-10.05,-0.14,-0.01,-0.01,
0,0,-0.13,-10.05,-0.14,0,-0.01,
0,0,0.08,-10.01,-0.1,-0.01,-0.01,
0,0,0.08,-10.01,-0.1,-0.01,-0.01,
0,0,0.08,-10.01,-0.1,0,-0.01,
0,0,-0.1,-10.1,0,0,-0.01,
0,0,-0.1,-10.1,0,0,-0.01,
0,0,-0.1,-10.1,0,0,-0.01,
0,0,0.09,-9.99,-0.12,-0.01,-0.01,
0,0,0.09,-9.99,-0.12,-0.01,-0.01,
0,0,0.09,-9.99,-0.12,-0.01,0,
0,0,0.05,-10.05,-0.11,-0.01,0,
0,0,0.05,-10.05,-0.11,-0.01,-0.01,
0,0,0.05,-10.05,-0.11,0,0,
0,0,-0.08,-9.97,-0.03,0,0,
0,0,-0.08,-9.97,-0.03,-0.01,-0.01,
0,0,-0.08,-9.97,-0.03,-0.01,-0.01,
0,0,0.03,-10.11,0.01,-0.01,-0.01,
0,0,0.03,-10.11,0.01,0,-0.01,
0,0,0.03,-10.11,0.01,0,-0.01,
0,0,0.02,-9.95,-0.04,0,-0.01,
0,0,0.02,-9.95,-0.04,-0.01,-0.01,
0,0,0.02,-9.95,-0.04,-0.01,-0.01,
0,0,-0.05,-10.07,-0.27,-0.01,-0.01,
0,0,-0.05,-10.07,-0.27,0,-0.01,
0,0,-0.05,-10.07,-0.27,0,-0.01,
0,0,0.1,-9.98,-0.15,0,-0.01,
0,0,0.1,-9.98,-0.15,0,-0.01,
0,0,0.1,-9.98,-0.15,0,-0.01,
0,0,-0.03,-10.04,-0.02,0,0,
0,0,-0.03,-10.04,-0.02,0,-0.01,
0,0,-0.03,-10.04,-0.02,0,-0.01,
0,0,0,-9.83,0.02,-0.01,0,
0,0,0,-9.83,0.02,-0.01,-0.01,
0,0,0,-9.83,0.02,-0.01,-0.01,
0,0,0.03,-10,-0.08,-0.01,-0.01,
0,0,0.03,-10,-0.08,0,-0.01,
0,0,0.03,-10,-0.08,0,-0.01,
0,0,0.05,-10.03,-0.03,0,-0.01,
0,0,0.05,-10.03,-0.03,0,-0.01,
0,0,0.05,-10.03,-0.03,0,-0.01,
0,0,0.04,-10.02,0,0,-0.01,
0,0,0.04,-10.02,0,0,-0.01,
0,0,0.04,-10.02,0,-0.01,-0.01,
0,0,-0.06,-10.08,0,0,-0.01,
0,0,-0.06,-10.08,0,0,-0.01,
0,0,-0.06,-10.08,0,0,-0.01,
0,0,0,-10.04,-0.18,-0.01,-0.01,
0,0,0,-10.04,-0.18,-0.01,-0.01,
0,0,0,-10.04,-0.18,0,-0.01,
0,0,-0.13,-10.06,-0.09,-0.01,-0.01,
0,0,-0.13,-10.06,-0.09,-0.01,-0.01,
0,0,-0.13,-10.06,-0.09,0,-0.01,
0,0,-0.03,-10.05,-0.04,0,-0.01,
0,0,-0.03,-10.05,-0.04,0,-0.01,
0,0,-0.03,-10.05,-0.04,-0.01,-0.01,
0,0,-0.02,-10.09,-0.18,-0.01,-0.01,
0,0,-0.02,-10.09,-0.18,0,-0.01,
0,0,-0.02,-10.09,-0.18,-0.01,-0.01,
0,0,-0.02,-10.01,-0.22,-0.01,-0.01,
0,0,-0.02,-10.01,-0.22,-0.01,-0.01,
0,0,-0.02,-10.01,-0.22,-0.01,-0.01,
0,0,0.06,-10.05,-0.15,-0.01,-0.01,
0,0,0.06,-10.05,-0.15,0,-0.01,
0,0,0.06,-10.05,-0.15,0,-0.01,
0,0,0.03,-9.96,0.01,0,-0.01,
0,0,0.03,-9.96,0.01,0,-0.01,
0,0,0.03,-9.96,0.01,0,-0.01,
0,0,0,-9.97,-0.1,-0.01,-0.01,
0,0,0,-9.97,-0.1,0,0,
0,0,0,-9.97,-0.1,0,0,
0,0,-0.1,-10.07,-0.07,0,-0.01,
0,0,-0.1,-10.07,-0.07,-0.01,-0.01,
0,0,-0.1,-10.07,-0.07,-0.01,-0.01,
0,0,0.04,-10.01,-0.13,0,-0.01,
0,0,0.04,-10.01,-0.13,0,-0.01,
0,0,0.04,-10.01,-0.13,0,-0.01,
0,0,-0.1,-10.1,-0.06,0,-0.01,
0,0,-0.1,-10.1,-0.06,0,-0.01,
0,0,-0.1,-10.1,-0.06,0,-0.01,
0,0,0.04,-10.05,-0.06,-0.01,-0.01,
0,0,0.04,-10.05,-0.06,-0.01,-0.01,
0,0,0.04,-10.05,-0.06,0,-0.01,
0,0,-0.08,-10.09,-0.13,-0.01,-0.01,
0,0,-0.08,-10.09,-0.13,-0.01,-0.01,
0,0,-0.08,-10.09,-0.13,0,-0.01,
0,0,0.01,-10.04,-0.16,0,-0.01,
0,0,0.01,-10.04,-0.16,0,-0.01,
0,0,0.01,-10.04,-0.16,0,-0.01,
0,0,0.08,-9.99,-0.05,0,-0.01,
0,0,0.08,-9.99,-0.05,-0.01,-0.01,
0,0,0.08,-9.99,-0.05,-0.01,-0.01,
0,0,0.02,-10.01,-0.08,-0.01,-0.01,
0,0,0.02,-10.01,-0.08,-0.01,-0.01,
0,0,0.02,-10.01,-0.08,-0.01,-0.01,
0,0,0.03,-10.01,-0.11,0,-0.01,
0,0,0.03,-10.01,-0.11,0,-0.01,
0,0,0.03,-10.01,-0.11,0,-0.01,
0,0,0.07,-10.01,-0.09,0,-0.01,
0,0,0.07,-10.01,-0.09,0,-0.01,
0,0,0.07,-10.01,-0.09,0,-0.01,
0,0,0.05,-10.05,0,-0.01,-0.01,
0,0,0.05,-10.05,0,-0.01,-0.01,
0,0,0.05,-10.05,0,-0.01,-0.01,
0,0,0.06,-9.98,-0.07,-0.01,-0.01,
0,0,0.06,-9.98,-0.07,-0.01,-0.01,
0,0,0.06,-9.98,-0.07,-0.01,-0.01,
0,0,0.04,-10.04,-0.14,0,-0.01,
0,0,0.04,-10.04,-0.14,0,-0.01,
0,0,0.04,-10.04,-0.14,-0.01,-0.01,
0,0,0.05,-10.05,-0.09,-0.01,-0.01,
0,0,0.05,-10.05,-0.09,-0.01,-0.01,
0,0,0.05,-10.05,-0.09,0,-0.01,
0,0,0.04,-10.05,-0.05,0,-0.01,
0,0,0.04,-10.05,-0.05,0,-0.01,
0,0,0.04,-10.05,-0.05,0,-0.01,
0,0,0.02,-10.04,-0.06,0,-0.01,
0,0,0.02,-10.04,-0.06,0,-0.01,
0,0,0.02,-10.04,-0.06,0,-0.01,
0,0,0,-10.05,-0.13,0,-0.01,
0,0,0,-10.05,-0.13,-0.01,-0.01,
0,0,0,-10.05,-0.13,-0.01,-0.01,
0,0,-0.03,-10.07,-0.09,-0.01,-0.01,
0,0,-0.03,-10.07,-0.09,-0.01,-0.01,
0,0,-0.03,-10.07,-0.09,-0.01,-0.01,
0,0,-0.05,-10.02,-0.06,-0.01,-0.01,
0,0,-0.05,-10.02,-0.06,-0.01,-0.01,
0,0,-0.05,-10.02,-0.06,-0.01,-0.01,
0,0,0,-9.99,-0.09,0,-0.01,
0,0,0,-9.99,-0.09,0,-0.01,
0,0,0,-9.99,-0.09,0,-0.01,
0,0,0,-9.99,-0.02,0,-0.01,
0,0,0,-9.99,-0.02,0,-0.01,
0,0,0,-9.99,-0.02,0,-0.01,
0,0,0.02,-9.96,-0.11,0,-0.01,
0,0,0.02,-9.96,-0.11,0,-0.01,
0,0,0.02,-9.96,-0.11,-0.01,0,
0,0,-0.01,-10.04,-0.05,-0.01,-0.01,
0,0,-0.01,-10.04,-0.05,-0.01,-0.01,
0,0,-0.01,-10.04,-0.05,-0.01,0,
0,0,0.08,-9.98,-0.09,0,-0.01,
0,0,0.08,-9.98,-0.09,0,-0.01,
0,0,0.08,-9.98,-0.09,-0.01,-0.01,
0,0,-0.02,-10.02,-0.06,-0.01,-0.01,
0,0,-0.02,-10.02,-0.06,-0.01,-0.01,
0,0,-0.02,-10.02,-0.06,-0.01,-0.01,
0,0,0.05,-9.99,-0.1,-0.01,-0.01,
0,0,0.05,-9.99,-0.1,-0.01,-0.01,
0,0,0.05,-9.99,-0.1,-0.01,-0.01,
0,0,-0.01,-10.04,-0.14,-0.01,-0.01,
0,0,-0.01,-10.04,-0.14,-0.01,-0.01,
0,0,-0.01,-10.04,-0.14,-0.01,-0.01,
0,0,0.02,-10.02,-0.02,-0.01,-0.01,
0,0,0.02,-10.02,-0.02,0,-0.01,
0,0,0.02,-10.02,-0.02,0,-0.01,
0,0,0.02,-10.02,-0.09,-0.01,-0.01,
0,0,0.02,-10.02,-0.09,-0.01,-0.01,
0,0,0.02,-10.02,-0.09,-0.01,-0.01,
0,0,0,-10,-0.06,0,-0.01,
0,0,0,-10,-0.06,-0.01,-0.01,
0,0,0,-10,-0.06,-0.01,-0.01,
0,0,0.02,-10.01,-0.09,0,-0.01,
0,0,0.02,-10.01,-0.09,0,-0.01,
0,0,0.02,-10.01,-0.09,0,-0.01,
0,0,0.03,-10.03,-0.06,0,-0.01,
0,0,0.03,-10.03,-0.06,0,-0.01,
0,0,0.03,-10.03,-0.06,-0.01,-0.01,
0,0,0.01,-9.99,-0.07,-0.01,0,
0,0,0.01,-9.99,-0.07,-0.01,0,
0,0,0.01,-9.99,-0.07,0,-0.01,
0,0,0,-9.92,-0.12,-0.01,-0.01,
0,0,0,-9.92,-0.12,-0.01,-0.01,
0,0,0,-9.92,-0.12,0,-0.01,
0,0,0,-9.99,-0.09,0,-0.01,
0,0,0,-9.99,-0.09,0,-0.01,
0,0,0,-9.99,-0.09,-0.01,-0.01,
0,0,-0.02,-10.02,-0.1,-0.01,-0.01,
0,0,-0.02,-10.02,-0.1,-0.01,-0.01,
0,0,-0.02,-10.02,-0.1,0,-0.01,
0,0,0,-10.08,-0.1,0,-0.01,
0,0,0,-10.08,-0.1,0,-0.01,
0,0,0,-10.08,-0.1,0,-0.01,
0,0,0.01,-9.97,-0.11,0,-0.01,
0,0,0.01,-9.97,-0.11,0,-0.01,
0,0,0.01,-9.97,-0.11,0,-0.01,
0,0,0.01,-9.97,-0.11,-0.01,-0.01,
0,0,0.02,-10.03,-0.1,0,-0.01,
0,0,0.02,-10.03,-0.1,0,-0.01,
0,0,0.02,-10.03,-0.1,0,-0.01,
0,0,0.01,-9.98,-0.09,0,-0.01,
0,0,0.01,-9.98,-0.09,0,-0.01,
0,0,0.01,-9.98,-0.09,0,-0.01,
0,0,0,-9.97,-0.08,0,-0.01,
0,0,0,-9.97,-0.08,0,-0.01,
0,0,0,-9.97,-0.08,0,-0.01,
0,0,0.03,-9.99,-0.07,0,-0.01,
0,0,0.03,-9.99,-0.07,0,-0.01,
0,0,0.03,-9.99,-0.07,0,-0.01,
0,0,0.03,-10.01,-0.08,0,-0.01,
0,0,0.03,-10.01,-0.08,-0.01,-0.01,
0,0,0.03,-10.01,-0.08,-0.01,-0.01,
0,0,0.01,-10,-0.09,-0.01,-0.01,
0,0,0.01,-10,-0.09,-0.01,-0.01,
0,0,0.01,-10,-0.09,-0.01,-0.01,
0,0,-0.01,-10.05,-0.09,0,-0.01,
0,0,-0.01,-10.05,-0.09,-0.01,-0.01,
0,0,-0.01,-10.05,-0.09,-0.01,-0.01,
0,0,0,-9.99,-0.11,0,-0.01,
0,0,0,-9.99,-0.11,-0.01,-0.01,
0,0,0,-9.99,-0.11,-0.01,-0.01,
0,0,0.05,-10.12,-0.1,-0.01,-0.01,
0,0,0.05,-10.12,-0.1,-0.01,-0.01,
0,0,0.05,-10.12,-0.1,-0.01,-0.01,
0,0,0.01,-9.98,-0.09,0,-0.01,
0,0,0.01,-9.98,-0.09,0,-0.01,
0,0,0,-9.96,-0.1,0,-0.01,
0,0,0,-9.96,-0.1,0,-0.01,
0,0,0,-9.96,-0.1,0,-0.01,
0,0,0,-10.08,-0.06,0,-0.01,
0,0,0,-10.08,-0.06,-0.01,-0.01,
0,0,0,-10.08,-0.06,-0.01,-0.01,
0,0,0,-10.01,-0.11,-0.01,-0.01,
0,0,0,-10.01,-0.11,0,-0.01,
0,0,0,-10.01,-0.11,0,-0.01,
0,0,-0.03,-10.03,-0.11,0,-0.01,
0,0,-0.03,-10.03,-0.11,0,-0.01,
0,0,-0.03,-10.03,-0.11,-0.01,-0.01,
0,0,-0.03,-9.99,-0.01,0,-0.01,
0,0,-0.03,-9.99,-0.01,0,-0.01,
0,0,-0.03,-9.99,-0.01,-0.01,-0.01,
0,0,0,-10.06,-0.11,-0.01,-0.01,
0,0,0,-10.06,-0.11,-0.01,-0.01,
0,0,0,-10.06,-0.11,-0.01,-0.01,
0,0,0.02,-9.96,-0.12,0,-0.01,
0,0,0.02,-9.96,-0.12,0,-0.01,
0,0,0.02,-9.96,-0.12,-0.01,-0.01,
0,0,-0.03,-10.04,-0.04,0,-0.01,
0,0,-0.03,-10.04,-0.04,0,-0.01,
0,0,-0.03,-10.04,-0.04,0,-0.01,
0,0,-0.02,-10.06,-0.08,-0.01,-0.01,
0,0,-0.02,-10.06,-0.08,-0.01,-0.01,
0,0,-0.02,-10.06,-0.08,0,-0.01,
0,0,-0.04,-10.02,-0.11,0,-0.01,
0,0,-0.04,-10.02,-0.11,0,-0.01,
0,0,-0.04,-10.02,-0.11,0,-0.01,
0,0,0.01,-9.99,-0.07,0,-0.01,
0,0,0.01,-9.99,-0.07,0,-0.01,
0,0,0.01,-9.99,-0.07,0,-0.01,
0,0,-0.01,-10.07,-0.09,0,-0.01,
0,0,-0.01,-10.07,-0.09,-0.01,-0.01,
0,0,-0.01,-10.07,-0.09,-0.01,-0.01,
0,0,0,-10.03,-0.08,-0.01,-0.01,
0,0,0,-10.03,-0.08,0,-0.01,
0,0,0,-10.03,-0.08,0,-0.01,
0,0,0.03,-10.05,-0.11,0,-0.01,
0,0,0.03,-10.05,-0.11,0,-0.01,
0,0,0.03,-10.05,-0.11,0,-0.01,
0,0,0,-10.09,-0.05,-0.01,-0.01,
0,0,0,-10.09,-0.05,-0.01,-0.01,
0,0,0,-10.09,-0.05,-0.01,-0.01,
0,0,-0.07,-10,-0.13,0,-0.01,
0,0,-0.07,-10,-0.13,0,-0.01,
0,0,-0.07,-10,-0.13,0,-0.01,
0,0,0.05,-10.06,-0.09,-0.01,-0.01,
0,0,0.05,-10.06,-0.09,-0.01,-0.01,
0,0,0.05,-10.06,-0.09,0,-0.01,
0,0,0.01,-10.03,-0.08,0,-0.01,
0,0,0.01,-10.03,-0.08,0,-0.01,
0,0,0.01,-10.03,-0.08,0,-0.01,
0,0,0.02,-10.01,-0.11,-0.01,-0.01,
0,0,0.02,-10.01,-0.11,-0.01,-0.01,
0,0,0.02,-10.01,-0.11,0,-0.01,
0,0,0.03,-10.02,-0.06,0,-0.01,
0,0,0.03,-10.02,-0.06,0,-0.01,
0,0,0.03,-10.02,-0.06,0,-0.01,
0,0,0.03,-10.02,-0.06,0,-0.01,
0,0,-0.05,-10.01,-0.11,-0.01,-0.01,
0,0,-0.05,-10.01,-0.11,-0.01,-0.01,
0,0,-0.05,-10.01,-0.11,-0.01,-0.01,
0,0,0,-10.03,-0.08,0,-0.01,
0,0,0,-10.03,-0.08,0,-0.01,
0,0,0,-10.03,-0.08,0,-0.01,
0,0,0.02,-10.03,-0.11,0,-0.01,
0,0,0.02,-10.03,-0.11,0,-0.01,
0,0,0.02,-10.03,-0.11,0,-0.02,
0,0,0.03,-10.05,-0.07,0,-0.02,
0,0,0.03,-10.05,-0.07,-0.01,-0.01,
0,0,0.03,-10.05,-0.07,0,-0.01,
0,0,-0.04,-10.04,-0.12,0,-0.01,
0,0,-0.04,-10.04,-0.12,0,0,
0,0,-0.04,-10.04,-0.12,0,0,
0,0,0,-10.04,-0.1,0,-0.01,
0,0,0,-10.04,-0.1,0,-0.01,
0,0,0,-10.04,-0.1,0,-0.01,
0,0,-0.01,-10.05,-0.08,-0.01,-0.01,
0,0,-0.01,-10.05,-0.08,0,-0.01,
0,0,-0.01,-10.05,-0.08,0,-0.01,
0,0,-0.03,-10.03,-0.07,-0.01,0,
0,0,-0.03,-10.03,-0.07,-0.01,0,
0,0,-0.03,-10.03,-0.07,0,-0.01,
0,0,0.04,-9.96,-0.09,-0.01,-0.01,
0,0,0.04,-9.96,-0.09,-0.01,-0.01,
0,0,0.04,-9.96,-0.09,-0.01,-0.01,
0,0,0,-10.03,-0.11,0,-0.01,
0,0,0,-10.03,-0.11,0,-0.01,
0,0,0,-10.03,-0.11,-0.01,-0.01,
0,0,-0.04,-9.92,0,-0.01,-0.01,
0,0,-0.04,-9.92,0,-0.01,-0.01,
0,0,-0.04,-9.92,0,0,-0.01,
0,0,0.01,-10.06,-0.04,0,-0.01,
0,0,0.01,-10.06,-0.04,0,-0.01,
0,0,0.01,-10.06,-0.04,0,-0.02,
0,0,-0.06,-10.04,0,0,-0.02,
0,0,-0.06,-10.04,0,-0.01,-0.01,
0,0,-0.06,-10.04,0,0,-0.01,
0,0,-0.09,-10.07,-0.18,0,-0.01,
0,0,-0.09,-10.07,-0.18,-0.01,-0.01,
0,0,-0.09,-10.07,-0.18,-0.01,-0.01,
0,0,0,-10.05,-0.09,0,-0.01,
0,0,0,-10.05,-0.09,0,-0.01,
0,0,0,-10.05,-0.09,0,-0.01,
0,0,0.01,-10.11,-0.11,0,0,
0,0,0.01,-10.11,-0.11,-0.01,-0.01,
0,0,0.01,-10.11,-0.11,-0.01,-0.01,
0,0,0.01,-10.04,-0.1,-0.01,-0.01,
0,0,0.01,-10.04,-0.1,-0.01,-0.01,
0,0,0.01,-10.04,-0.1,-0.01,-0.01,
0,0,0.02,-10.09,-0.11,-0.01,-0.01,
0,0,0.02,-10.09,-0.11,0,0,
0,0,0.02,-10.09,-0.11,0,0,
0,0,0,-10.01,-0.1,0,-0.01,
0,0,0,-10.01,-0.1,0,-0.01,
0,0,0,-10.01,-0.1,0,-0.01,
0,0,0.04,-10.02,-0.1,0,-0.01,
0,0,0.04,-10.02,-0.1,0,-0.01,
0,0,0.04,-10.02,-0.1,0,-0.01,
0,0,0.02,-9.99,-0.05,-0.01,-0.01,
0,0,0.02,-9.99,-0.05,-0.01,-0.01,
0,0,0.02,-9.99,-0.05,0,-0.01,
0,0,0.06,-9.99,-0.12,0,-0.01,
0,0,0.06,-9.99,-0.12,0,0,
0,0,0.06,-9.99,-0.12,-0.01,-0.01,
0,0,-0.03,-9.95,-0.1,-0.01,-0.01,
0,0,-0.03,-9.95,-0.1,-0.01,-0.01,
0,0,-0.03,-9.95,-0.1,-0.01,-0.01,
0,0,0,-9.99,-0.05,-0.01,-0.01,
0,0,0,-9.99,-0.05,-0.01,-0.01,
0,0,0,-9.99,-0.05,-0.01,-0.01,
0,0,0.04,-10.01,-0.06,-0.01,-0.01,
0,0,0.04,-10.01,-0.06,0,-0.01,
0,0,0.04,-10.01,-0.06,0,-0.01,
0,0,-0.05,-9.96,-0.1,0,-0.01,
0,0,-0.05,-9.96,-0.1,0,-0.01,
0,0,-0.05,-9.96,-0.1,0,-0.01,
0,0,0.02,-10,-0.03,0,-0.01,
0,0,0.02,-10,-0.03,-0.01,-0.01,
0,0,0.02,-10,-0.03,-0.01,-0.01,
0,0,0,-9.99,-0.06,0,-0.01,
0,0,0,-9.99,-0.06,0,-0.01,
0,0,0,-9.99,-0.06,0,-0.01,
0,0,0.03,-10.05,-0.14,-0.01,-0.01,
0,0,0.03,-10.05,-0.14,-0.01,-0.01,
0,0,0.03,-10.05,-0.14,-0.01,-0.01,
0,0,-0.01,-10.02,-0.14,-0.01,-0.01,
0,0,-0.01,-10.02,-0.14,-0.01,-0.01,
0,0,-0.01,-10.02,-0.14,0,-0.01,
0,0,-0.01,-10.04,-0.12,-0.01,-0.01,
0,0,-0.01,-10.04,-0.12,-0.01,-0.01,
0,0,-0.01,-10.04,-0.12,-0.01,-0.01,
0,0,-0.01,-10.04,-0.12,-0.01,-0.01,
0,0,0,-10.01,-0.13,0,-0.01,
0,0,0,-10.01,-0.13,0,-0.01,
0,0,0,-10.01,-0.13,0,-0.01,
0,0,-0.03,-9.98,-0.09,0,-0.01,
0,0,-0.03,-9.98,-0.09,0,-0.01,
0,0,-0.03,-9.98,-0.09,-0.01,-0.01,
0,0,0.05,-10.08,-0.13,-0.01,-0.01,
0,0,0.05,-10.08,-0.13,0,-0.01,
0,0,-0.07,-10.01,-0.08,0,-0.01,
0,0,-0.07,-10.01,-0.08,-0.01,0,
0,0,-0.07,-10.01,-0.08,-0.01,0,
0,0,-0.07,-10.01,-0.08,0,-0.01,
0,0,0.02,-9.96,-0.15,0,-0.01,
0,0,0.02,-9.96,-0.15,0,-0.01,
0,0,0.02,-9.96,-0.15,-0.01,-0.01,
0,0,0.06,-9.93,0.04,-0.01,-0.01,
0,0,0.06,-9.93,0.04,-0.01,-0.01,
0,0,0.06,-9.93,0.04,0,-0.01,
0,0,0.04,-10.08,-0.2,0,-0.01,
0,0,0.04,-10.08,-0.2,-0.01,-0.01,
0,0,0.04,-10.08,-0.2,-0.01,-0.01,
0,0,0,-9.96,-0.04,-0.01,-0.01,
0,0,0,-9.96,-0.04,0,-0.01,
0,0,0,-9.96,-0.04,0,-0.01,
0,0,0.05,-10.07,-0.16,-0.01,-0.01,
0,0,0.05,-10.07,-0.16,0,-0.01,
0,0,0.05,-10.07,-0.16,0,-0.01,
0,0,-0.03,-10.01,-0.03,0,-0.01,
0,0,-0.03,-10.01,-0.03,0,-0.01,
0,0,-0.03,-10.01,-0.03,0,-0.01,
0,0,0.03,-10.05,-0.13,-0.01,-0.01,
0,0,0.03,-10.05,-0.13,-0.01,-0.01,
0,0,0.03,-10.05,-0.13,-0.01,-0.01,
0,0,0.06,-10.01,-0.08,-0.01,-0.01,
0,0,0.06,-10.01,-0.08,-0.01,-0.01,
0,0,0.06,-10.01,-0.08,-0.01,-0.01,
0,0,-0.06,-10,-0.12,-0.01,-0.01,
0,0,-0.06,-10,-0.12,-0.01,-0.01,
0,0,-0.06,-10,-0.12,0,-0.01,
0,0,0,-10.06,-0.04,-0.01,-0.01,
0,0,0,-10.06,-0.04,-0.01,-0.01,
0,0,0,-10.06,-0.04,-0.01,-0.01,
0,0,0.08,-10.07,-0.12,0,-0.01,
0,0,0.08,-10.07,-0.12,0,-0.01,
0,0,0.08,-10.07,-0.12,-0.01,-0.01,
0,0,-0.08,-10.04,-0.08,-0.01,-0.01,
0,0,-0.08,-10.04,-0.08,0,-0.01,
0,0,-0.08,-10.04,-0.08,0,-0.01,
0,0,-0.02,-10.02,-0.06,0,-0.01,
0,0,-0.02,-10.02,-0.06,-0.01,-0.01,
0,0,-0.02,-10.02,-0.06,-0.01,-0.01,
0,0,0.04,-10.03,-0.04,-0.01,-0.01,
0,0,0.04,-10.03,-0.04,0,-0.01,
0,0,0.04,-10.03,-0.04,-0.01,-0.01,
0,0,0.04,-9.98,-0.11,-0.01,-0.01,
0,0,0.04,-9.98,-0.11,-0.01,-0.01,
0,0,0.04,-9.98,-0.11,0,-0.01,
0,0,0.08,-10.04,-0.06,0,-0.01,
0,0,0.08,-10.04,-0.06,0,-0.01,
0,0,0.08,-10.04,-0.06,0,-0.01,
0,0,0.02,-10,-0.1,-0.01,-0.01,
0,0,0.02,-10,-0.1,0,-0.01,
0,0,0.02,-10,-0.1,0,-0.01,
0,0,-0.04,-10.04,-0.05,-0.01,-0.01,
0,0,-0.04,-10.04,-0.05,0,-0.01,
0,0,-0.04,-10.04,-0.05,0,-0.01,
0,0,0,-10,-0.08,0,-0.01,
0,0,0,-10,-0.08,-0.01,-0.01,
0,0,0,-10,-0.08,-0.01,-0.01,
0,0,-0.05,-10.04,-0.15,-0.01,-0.01,
0,0,-0.05,-10.04,-0.15,-0.01,-0.01,
0,0,-0.05,-10.04,-0.15,-0.01,-0.01,
0,0,0,-10.07,-0.1,0,-0.01,
0,0,0,-10.07,-0.1,0,-0.01,
0,0,0,-10.07,-0.1,-0.01,-0.01,
0,0,0,-10.01,-0.11,0,-0.01,
0,0,0,-10.01,-0.11,0,-0.01,
0,0,0,-10.01,-0.11,-0.01,-0.01,
0,0,0.03,-10.04,-0.11,0,0,
0,0,0.03,-10.04,-0.11,0,0,
0,0,0.03,-10.04,-0.11,0,-0.02,
0,0,0.06,-10,-0.11,-0.01,-0.01,
0,0,0.06,-10,-0.11,-0.01,-0.01,
0,0,0.06,-10,-0.11,-0.01,-0.01,
0,0,0,-10.04,-0.09,-0.01,-0.01,
0,0,0,-10.04,-0.09,-0.01,-0.01,
0,0,0,-10.04,-0.09,0,-0.01,
0,0,0.02,-10.04,-0.05,0,-0.01,
0,0,0.02,-10.04,-0.05,0,-0.01,
0,0,0.02,-10.04,-0.05,-0.01,-0.01,
0,0,0.02,-10.02,-0.1,-0.01,-0.01,
0,0,0.02,-10.02,-0.1,0,-0.01,
0,0,0.02,-10.02,-0.1,-0.01,-0.01,
0,0,0.02,-9.98,-0.1,-0.01,-0.01,
0,0,0.02,-9.98,-0.1,0,-0.01,
0,0,0.02,-9.98,-0.1,0,-0.01,
0,0,-0.03,-10.08,-0.12,0,-0.01,
0,0,-0.03,-10.08,-0.12,0,-0.01,
0,0,-0.03,-10.08,-0.12,0,-0.01,
0,0,-0.05,-10.02,-0.14,-0.01,-0.01,
0,0,-0.05,-10.02,-0.14,0,-0.01,
0,0,-0.05,-10.02,-0.14,0,-0.01,
0,0,-0.01,-9.96,-0.02,0,-0.01,
0,0,-0.01,-9.96,-0.02,0,-0.01,
0,0,-0.01,-9.96,-0.02,0,-0.01,
0,0,-0.06,-10.04,-0.09,0,-0.01,
0,0,-0.06,-10.04,-0.09,0,-0.01,
0,0,-0.06,-10.04,-0.09,-0.01,-0.01,
0,0,0.01,-10.05,-0.09,0,-0.01,
0,0,0.01,-10.05,-0.09,0,-0.01,
0,0,0.01,-10.05,-0.09,0,-0.01,
0,0,0.03,-10.05,-0.13,0,-0.01,
0,0,0.03,-10.05,-0.13,-0.01,0,
0,0,0.03,-10.05,-0.13,-0.01,-0.01,
0,0,-0.07,-9.98,-0.05,-0.01,-0.01,
0,0,-0.07,-9.98,-0.05,0,-0.01,
0,0,-0.07,-9.98,-0.05,-0.01,-0.01,
0,0,0,-9.99,-0.14,-0.01,-0.01,
0,0,0,-9.99,-0.14,0,-0.01,
0,0,0,-9.99,-0.14,0,-0.01,
0,0,0.04,-10,-0.14,-0.01,-0.01,
0,0,0.04,-10,-0.14,-0.01,-0.01,
0,0,0.04,-10,-0.14,-0.01,-0.01,
0,0,0.05,-10.01,-0.1,0,-0.01,
0,0,0.05,-10.01,-0.1,-0.01,-0.01,
0,0,0.05,-10.01,-0.1,-0.01,-0.01,
0,0,0,-9.99,-0.05,0,-0.01,
0,0,0,-9.99,-0.05,-0.01,-0.01,
0,0,0,-9.99,-0.05,-0.01,-0.01,
0,0,0.08,-10.05,-0.12,0,0,
0,0,0.08,-10.05,-0.12,0,0,
0,0,0.08,-10.05,-0.12,0,-0.01,
0,0,0.04,-10.02,-0.11,0,-0.01,
0,0,0.04,-10.02,-0.11,0,-0.01,
0,0,0.04,-10.02,-0.11,0,-0.01,
0,0,-0.07,-10,-0.04,-0.01,-0.01,
0,0,-0.07,-10,-0.04,-0.01,-0.01,
0,0,-0.07,-10,-0.04,0,-0.01,
0,0,0.04,-9.98,-0.04,0,-0.01,
0,0,0.04,-9.98,-0.04,0,-0.01,
0,0,0.04,-9.98,-0.04,0,-0.01,
0,0,0,-10.02,-0.11,0,-0.01,
0,0,0,-10.02,-0.11,0,-0.01,
0,0,0,-10.02,-0.11,-0.01,-0.01,
0,0,-0.01,-9.99,-0.07,-0.01,-0.01,
0,0,-0.01,-9.99,-0.07,-0.01,-0.01,
0,0,-0.01,-9.99,-0.07,-0.01,-0.01,
0,0,0.01,-10.04,-0.15,-0.01,-0.01,
0,0,0.01,-10.04,-0.15,0,-0.01,
0,0,0.01,-10.04,-0.15,0,-0.01,
0,0,0.04,-10.03,-0.06,0,-0.01,
0,0,0.04,-10.03,-0.06,-0.01,-0.01,
0,0,0.04,-10.03,-0.06,0,-0.01,
0,0,0.02,-10.01,-0.08,0,-0.01,
0,0,0.02,-10.01,-0.08,-0.01,-0.01,
0,0,0.02,-10.01,-0.08,0,-0.01,
0,0,0,-10.01,-0.09,0,-0.01,
0,0,0,-10.01,-0.09,0,-0.01,
0,0,0,-10.01,-0.09,0,-0.01,
0,0,0.04,-10.07,-0.12,0,-0.01,
0,0,0.04,-10.07,-0.12,0,-0.01,
0,0,0.04,-10.07,-0.12,0,-0.01,
0,0,-0.01,-9.95,-0.11,0,-0.01,
0,0,-0.01,-9.95,-0.11,0,-0.01,
0,0,-0.02,-9.99,-0.1,0,-0.01,
0,0,-0.02,-9.99,-0.1,0,-0.01,
0,0,-0.02,-9.99,-0.1,0,-0.01,
0,0,-0.02,-10.04,-0.13,0,-0.01,
0,0,-0.02,-10.04,-0.13,-0.01,-0.01,
0,0,-0.02,-10.04,-0.13,-0.01,-0.01,
0,0,-0.07,-10.05,-0.08,-0.01,-0.01,
0,0,-0.07,-10.05,-0.08,0,-0.01,
0,0,-0.07,-10.05,-0.08,0,-0.01,
0,0,-0.01,-10.02,-0.06,0,-0.01,
0,0,-0.01,-10.02,-0.06,0,-0.01,
0,0,-0.01,-10.02,-0.06,-0.01,-0.01,
0,0,0.05,-9.97,-0.14,-0.01,-0.01,
0,0,0.05,-9.97,-0.14,0,-0.01,
0,0,0.05,-9.97,-0.14,-0.01,0,
0,0,0.02,-9.99,-0.11,-0.01,0,
0,0,0.02,-9.99,-0.11,0,-0.01,
0,0,0.02,-9.99,-0.11,0,-0.01,
0,0,0.01,-10.03,-0.1,0,-0.01,
0,0,0.01,-10.03,-0.1,0,-0.01,
0,0,0.01,-10.03,-0.1,0,-0.01,
0,0,0,-9.99,-0.04,0,-0.01,
0,0,0,-9.99,-0.04,-0.01,-0.01,
0,0,0,-9.99,-0.04,-0.01,-0.01,
0,0,0.01,-10.04,-0.08,-0.01,-0.01,
0,0,0.01,-10.04,-0.08,-0.01,-0.01,
0,0,0.01,-10.04,-0.08,-0.01,-0.01,
0,0,0.04,-10.06,-0.11,-0.01,-0.01,
0,0,0.04,-10.06,-0.11,0,-0.01,
0,0,0.04,-10.06,-0.11,0,-0.01,
0,0,0.04,-10.06,-0.12,0,0,
0,0,0.04,-10.06,-0.12,0,-0.01,
0,0,0.04,-10.06,-0.12,0,-0.01,
0,0,0,-9.93,-0.1,0,-0.01,
0,0,0,-9.93,-0.1,0,-0.01,
0,0,0,-9.93,-0.1,0,-0.01,
0,0,-0.02,-10.08,-0.07,0,-0.01,
0,0,-0.02,-10.08,-0.07,-0.01,-0.01,
0,0,-0.02,-10.08,-0.07,-0.01,-0.01,
0,0,0.01,-10,-0.14,-0.01,-0.01,
0,0,0.01,-10,-0.14,-0.01,-0.01,
0,0,0.01,-10,-0.14,0,-0.01,
0,0,0.02,-9.99,-0.08,0,-0.01,
0,0,0.02,-9.99,-0.08,0,-0.01,
0,0,0.02,-9.99,-0.08,0,-0.01,
0,0,-0.01,-9.99,-0.03,0,-0.01,
0,0,-0.01,-9.99,-0.03,0,-0.01,
0,0,-0.01,-9.99,-0.03,0,-0.01,
0,0,0,-10.04,-0.04,0,-0.01,
0,0,0,-10.04,-0.04,0,-0.01,
0,0,0,-10.04,-0.04,0,-0.01,
0,0,0,-10.06,-0.02,0,-0.01,
0,0,0,-10.06,-0.02,0,-0.01,
0,0,0,-10.06,-0.02,-0.01,-0.01,
0,0,-0.04,-9.97,-0.13,-0.01,-0.01,
0,0,-0.04,-9.97,-0.13,0,-0.01,
0,0,-0.04,-9.97,-0.13,0,-0.01,
0,0,0.02,-10.04,-0.03,0,-0.01,
0,0,0.02,-10.04,-0.03,-0.01,-0.01,
0,0,0.02,-10.04,-0.03,-0.01,-0.01,
0,0,0.04,-10,0,0,-0.01,
0,0,0.04,-10,0,0,-0.01,
0,0,0.04,-10,0,0,-0.01,
0,0,0.01,-10.08,-0.12,-0.01,0,
0,0,0.01,-10.08,-0.12,-0.01,-0.01,
0,0,0.01,-10.08,-0.12,-0.01,-0.01,
0,0,0.04,-9.98,-0.08,0,-0.01,
0,0,0.04,-9.98,-0.08,0,-0.01,
0,0,0.04,-9.98,-0.08,0,-0.01,
0,0,0.04,-10.04,-0.14,0,-0.01,
0,0,0.04,-10.04,-0.14,0,-0.01,
0,0,0.04,-10.04,-0.14,-0.01,-0.01,
0,0,-0.01,-10.02,-0.05,0,-0.01,
0,0,-0.01,-10.02,-0.05,0,-0.01,
0,0,-0.01,-10.02,-0.05,0,-0.01,
0,0,0.04,-9.96,-0.09,0,-0.01,
0,0,0.04,-9.96,-0.09,0,-0.01,
0,0,0.04,-9.96,-0.09,-0.01,-0.01,
0,0,-0.07,-10.01,-0.11,-0.01,-0.01,
0,0,-0.07,-10.01,-0.11,-0.01,-0.01,
0,0,-0.07,-10.01,-0.11,-0.01,0,
0,0,0.05,-10.02,-0.12,-0.01,0,
0,0,0.05,-10.02,-0.12,0,-0.01,
0,0,0.05,-10.02,-0.12,0,-0.01,
0,0,0.04,-10,-0.07,0,-0.01,
0,0,0.04,-10,-0.07,0,-0.01,
0,0,0.04,-10,-0.07,0,-0.01,
0,0,-0.01,-10,-0.06,0,-0.01,
0,0,-0.01,-10,-0.06,-0.01,-0.01,
0,0,-0.01,-10,-0.06,-0.01,-0.01,
0,0,-0.03,-10.02,-0.11,-0.01,-0.01,
0,0,-0.03,-10.02,-0.11,0,-0.01,
0,0,-0.03,-10.02,-0.11,0,-0.01,
0,0,0,-10,-0.11,0,-0.01,
0,0,0,-10,-0.11,-0.01,-0.01,
0,0,0,-10,-0.11,-0.01,-0.01,
0,0,-0.01,-10.02,-0.13,-0.01,-0.01,
0,0,-0.01,-10.02,-0.13,0,-0.01,
0,0,-0.01,-10.02,-0.13,0,-0.01,
0,0,0.01,-10.03,-0.01,0,-0.01,
0,0,0.01,-10.03,-0.01,0,-0.01,
0,0,0.01,-10.03,-0.01,0,-0.01,
0,0,0,-10.05,-0.13,0,-0.01,
0,0,0,-10.05,-0.13,0,-0.01,
0,0,0,-10.05,-0.13,0,-0.01,
0,0,0.11,-10.07,-0.1,-0.01,-0.01,
0,0,0.11,-10.07,-0.1,0,-0.01,
0,0,0.04,-10.11,-0.1,0,-0.01,
0,0,0.04,-10.11,-0.1,0,-0.01,
0,0,0.04,-10.11,-0.1,0,-0.01,
0,0,-0.06,-10.01,-0.07,0,-0.01,
0,0,-0.06,-10.01,-0.07,0,-0.01,
0,0,-0.06,-10.01,-0.07,0,-0.01,
0,0,0,-10.04,-0.14,0,-0.01,
0,0,0,-10.04,-0.14,0,-0.01,
0,0,0,-10.04,-0.14,0,-0.01,
0,0,-0.01,-10.01,-0.08,0,-0.01,
0,0,-0.01,-10.01,-0.08,0,-0.01,
0,0,-0.01,-10.01,-0.08,0,-0.01,
0,0,-0.04,-9.98,-0.04,0,-0.01,
0,0,-0.04,-9.98,-0.04,0,-0.01,
0,0,-0.04,-9.98,-0.04,0,-0.01,
0,0,0,-9.98,-0.04,0,-0.01,
0,0,0,-9.98,-0.04,0,-0.01,
0,0,0,-9.98,-0.04,0,-0.01,
0,0,0.01,-10.05,-0.09,0,-0.01,
0,0,0.01,-10.05,-0.09,0,-0.01,
0,0,0.01,-10.05,-0.09,0,-0.01,
0,0,-0.01,-9.97,-0.08,0,-0.01,
0,0,-0.01,-9.97,-0.08,0,-0.01,
0,0,-0.01,-9.97,-0.08,0,-0.01,
0,0,-0.03,-10.05,-0.08,-0.01,-0.01,
0,0,-0.03,-10.05,-0.08,-0.01,-0.01,
0,0,-0.03,-10.05,-0.08,-0.01,-0.01,
0,0,0.05,-9.96,-0.09,0,-0.01,
0,0,0.05,-9.96,-0.09,0,-0.01,
0,0,0.05,-9.96,-0.09,-0.01,-0.01,
0,0,0,-10.04,-0.13,0,-0.01,
0,0,0,-10.04,-0.13,0,-0.01,
0,0,0,-10.04,-0.13,0,-0.01,
0,0,0.01,-9.97,-0.05,0,-0.01,
0,0,0.01,-9.97,-0.05,0,-0.01,
0,0,0.01,-9.97,-0.05,-0.01,-0.01,
0,0,-0.01,-10.07,-0.01,-0.01,-0.01,
0,0,-0.01,-10.07,-0.01,0,-0.01,
0,0,-0.01,-10.07,-0.01,-0.01,-0.01,
0,0,0,-10.01,-0.05,-0.01,-0.01,
0,0,0,-10.01,-0.05,-0.01,-0.01,
0,0,0,-10.01,-0.05,0,-0.01,
0,0,0.01,-10.02,-0.13,0,-0.01,
0,0,0.01,-10.02,-0.13,0,-0.01,
0,0,0.01,-10.02,-0.13,0,-0.01,
0,0,0.02,-9.99,-0.08,-0.01,-0.01,
0,0,0.02,-9.99,-0.08,-0.01,-0.01,
0,0,0.02,-9.99,-0.08,-0.01,-0.01,
0,0,0.04,-10.01,-0.11,-0.01,-0.01,
0,0,0.04,-10.01,-0.11,0,-0.01,
0,0,0.04,-10.01,-0.11,0,-0.01,
0,0,-0.03,-10.02,-0.03,-0.01,-0.01,
0,0,-0.03,-10.02,-0.03,0,-0.01,
0,0,-0.03,-10.02,-0.03,0,-0.01,
0,0,0.06,-10.01,-0.09,0,-0.01,
0,0,0.06,-10.01,-0.09,-0.01,-0.01,
0,0,0,-10.03,-0.13,-0.01,-0.01,
0,0,0,-10.03,-0.13,0,-0.01,
0,0,0,-10.03,-0.13,0,-0.01,
0,0,0.03,-10.07,-0.1,0,-0.01,
0,0,0.03,-10.07,-0.1,0,-0.01,
0,0,0.03,-10.07,-0.1,0,-0.01,
0,0,-0.02,-9.99,-0.08,0,-0.01,
0,0,-0.02,-9.99,-0.08,0,-0.01,
0,0,-0.02,-9.99,-0.08,-0.01,-0.01,
0,0,-0.03,-9.96,0.02,-0.01,-0.01,
0,0,-0.03,-9.96,0.02,-0.01,-0.01,
0,0,-0.03,-9.96,0.02,-0.01,-0.01,
0,0,0.05,-10.22,-0.15,-0.01,-0.01,
0,0,0.05,-10.22,-0.15,0,-0.01,
0,0,0.05,-10.22,-0.15,-0.01,-0.01,
0,0,-0.11,-9.97,-0.3,-0.01,-0.01,
0,0,-0.11,-9.97,-0.3,0,-0.01,
0,0,-0.11,-9.97,-0.3,0,-0.01,
0,0,0.04,-10.11,-0.1,0,-0.01,
0,0,0.04,-10.11,-0.1,0,-0.01,
0,0,0.04,-10.11,-0.1,0,-0.01,
0,0,0.09,-9.84,0.14,0,-0.01,
0,0,0.09,-9.84,0.14,-0.01,-0.01,
0,0,0.09,-9.84,0.14,-0.01,-0.01,
0,0,-0.1,-10.07,-0.19,-0.01,-0.01,
0,0,-0.1,-10.07,-0.19,-0.01,-0.01,
0,0,-0.1,-10.07,-0.19,-0.01,-0.01,
0,0,0.07,-9.96,-0.26,0,-0.01,
0,0,0.07,-9.96,-0.26,0,-0.01,
0,0,0.07,-9.96,-0.26,0,-0.01,
0,0,-0.04,-10.06,-0.06,0,-0.01,
0,0,-0.04,-10.06,-0.06,0,-0.01,
0,0,-0.04,-10.06,-0.06,0,-0.01,
0,0,0.25,-9.84,0.07,0,-0.01,
0,0,0.25,-9.84,0.07,0,-0.01,
0,0,0.25,-9.84,0.07,-0.01,0,
0,0,-0.1,-10.24,-0.2,-0.01,-0.01,
0,0,-0.1,-10.24,-0.2,-0.01,-0.01,
0,0,-0.1,-10.24,-0.2,0,-0.01,
0,0,0.13,-9.97,-0.21,-0.01,-0.01,
0,0,0.13,-9.97,-0.21,-0.01,-0.01,
0,0,0.13,-9.97,-0.21,0,-0.01,
0,0,-0.04,-10.11,-0.05,0,-0.01,
0,0,-0.04,-10.11,-0.05,0,-0.01,
0,0,-0.04,-10.11,-0.05,0,-0.01,
0,0,0.09,-9.96,0.07,0,-0.01,
0,0,0.09,-9.96,0.07,0,-0.01,
0,0,0.09,-9.96,0.07,0,-0.01,
0,0,0.04,-10.06,-0.21,0,-0.01,
0,0,0.04,-10.06,-0.21,-0.01,-0.01,
0,0,0.04,-10.06,-0.21,0,-0.01,
0,0,-0.07,-10.06,-0.17,0,-0.01,
0,0,-0.07,-10.06,-0.17,-0.01,-0.01,
0,0,-0.07,-10.06,-0.17,0,-0.01,
0,0,0.02,-10.09,-0.01,0,-0.01,
0,0,0.02,-10.09,-0.01,0,-0.01,
0,0,0.02,-10.09,-0.01,0,-0.01,
0,0,0.07,-9.9,0.04,0,-0.01,
0,0,0.07,-9.9,0.04,0,-0.01,
0,0,0.07,-9.9,0.04,0,-0.01,
0,0,-0.04,-10.06,-0.08,-0.01,-0.01,
0,0,-0.04,-10.06,-0.08,-0.01,-0.01,
0,0,-0.04,-10.06,-0.08,-0.01,-0.01,
0,0,0,-10.04,-0.13,0,-0.01,
0,0,0,-10.04,-0.13,-0.01,-0.01,
0,0,0,-10.04,-0.13,-0.01,-0.01,
0,0,-0.06,-9.99,-0.07,0,-0.01,
0,0,-0.06,-9.99,-0.07,0,-0.01,
0,0,-0.06,-9.99,-0.07,0,-0.01,
0,0,-0.02,-9.96,-0.03,0,-0.01,
0,0,-0.02,-9.96,-0.03,0,-0.01,
0,0,-0.02,-9.96,-0.03,0,-0.01,
0,0,-0.03,-10.06,-0.11,0,-0.01,
0,0,-0.03,-10.06,-0.11,0,-0.01,
0,0,-0.03,-10.06,-0.11,0,-0.01,
0,0,0.05,-10.02,-0.14,0,-0.01,
0,0,0.05,-10.02,-0.14,0,-0.01,
0,0,0.05,-10.02,-0.14,0,-0.01,
0,0,-0.08,-10.02,-0.05,0,-0.01,
0,0,-0.08,-10.02,-0.05,0,-0.01,
0,0,-0.08,-10.02,-0.05,0,-0.01,
0,0,0.07,-10.01,-0.02,0,-0.01,
0,0,0.07,-10.01,-0.02,0,-0.01,
0,0,0.07,-10.01,-0.02,0,-0.01,
0,0,0.02,-10,-0.09,-0.01,-0.01,
0,0,0.02,-10,-0.09,-0.01,-0.01,
0,0,0.02,-10,-0.09,-0.01,-0.01,
0,0,-0.07,-10.07,-0.18,0,-0.01,
0,0,-0.07,-10.07,-0.18,0,-0.01,
0,0,-0.07,-10.07,-0.18,0,-0.01,
0,0,0.03,-10.05,-0.06,0,-0.01,
0,0,0.03,-10.05,-0.06,0,-0.01,
0,0,0.03,-10.05,-0.06,0,-0.01,
0,0,0.05,-10,-0.02,-0.01,-0.01,
0,0,0.05,-10,-0.02,0,-0.01,
0,0,0.05,-10,-0.02,0,-0.01,
0,0,0.03,-10.05,-0.11,0,-0.01,
0,0,0.03,-10.05,-0.11,0,-0.01,
0,0,0.03,-10.05,-0.11,-0.01,-0.01,
0,0,0.03,-10.01,-0.16,0,-0.02,
0,0,0.03,-10.01,-0.16,0,-0.02,
0,0,0.03,-10.01,-0.16,0,-0.01,
0,0,0.02,-10.01,-0.07,0,-0.01,
0,0,0.02,-10.01,-0.07,0,-0.01,
0,0,0.02,-10.01,-0.07,0,-0.01,
0,0,-0.01,-9.99,-0.05,0,-0.01,
0,0,-0.01,-9.99,-0.05,0,-0.01,
0,0,-0.01,-9.99,-0.05,0,-0.01,
0,0,0.01,-10.05,-0.08,-0.01,-0.01,
0,0,0.01,-10.05,-0.08,-0.01,-0.01,
0,0,0.01,-10.05,-0.08,-0.01,-0.01,
0,0,0.01,-10.02,-0.08,0,-0.01,
0,0,0.01,-10.02,-0.08,0,-0.01,
0,0,0.01,-10.02,-0.08,0,-0.01,
0,0,-0.02,-10.04,-0.02,-0.01,-0.01,
0,0,-0.02,-10.04,-0.02,-0.01,-0.01,
0,0,-0.02,-10.04,-0.02,-0.01,-0.01,
0,0,-0.05,-10,-0.13,-0.01,-0.01,
0,0,0.02,-10.05,-0.15,0,-0.01,
0,0,0.08,-10,-0.1,0,-0.01,
0,0,-0.02,-10,-0.04,-0.01,-0.01,
0,0,0.01,-10.01,-0.09,0,-0.01,
0,0,0.01,-10.01,-0.09,-0.01,-0.01,
0,0,-0.01,-10.02,-0.14,-0.01,-0.01,
0,0,-0.01,-10.02,-0.14,0,-0.01,
0,0,-0.01,-10.02,-0.14,0,-0.01,
0,0,-0.03,-9.99,-0.08,0,-0.01,
0,0,-0.03,-9.99,-0.08,-0.01,-0.01,
0,0,-0.03,-9.99,-0.08,0,0,
0,0,0,-10.03,-0.11,0,0,
0,0,0,-10.03,-0.11,-0.01,-0.01,
0,0,0,-10.03,-0.11,-0.01,0,
0,0,0.04,-10,-0.12,-0.01,0,
0,0,0.04,-10,-0.12,-0.01,-0.01,
0,0,0.04,-10,-0.12,0,-0.01,
0,0,0,-10.03,-0.11,0,-0.01,
0,0,0,-10.03,-0.11,0,-0.01,
0,0,0,-10.03,-0.11,-0.01,-0.01,
0,0,0.03,-10.01,-0.1,-0.01,-0.01,
0,0,0.03,-10.01,-0.1,0,-0.01,
0,0,0.03,-10.01,-0.1,-0.01,-0.01,
0,0,0,-10,-0.03,-0.01,-0.01,
0,0,0,-10,-0.03,-0.01,-0.01,
0,0,0,-10,-0.03,-0.01,-0.01,
0,0,-0.03,-10.01,-0.14,-0.01,-0.01,
0,0,-0.03,-10.01,-0.14,-0.01,-0.01,
0,0,0.07,-9.98,-0.09,0,-0.01,
0,0,0.07,-9.98,-0.09,0,-0.01,
0,0,0.07,-9.98,-0.09,-0.01,-0.01,
0,0,0.08,-10.05,-0.11,0,-0.01,
0,0,0.08,-10.05,-0.11,0,-0.01,
0,0,0.08,-10.05,-0.11,0,-0.01,
0,0,0,-10.06,-0.08,-0.01,-0.01,
0,0,0,-10.06,-0.08,-0.01,-0.01,
0,0,0,-10.06,-0.08,-0.01,-0.01,
0,0,0,-9.92,-0.15,0,-0.01,
0,0,0,-9.92,-0.15,0,-0.01,
0,0,0,-9.92,-0.15,-0.01,-0.01,
0,0,-0.03,-10.01,-0.14,0,-0.01,
0,0,-0.03,-10.01,-0.14,0,-0.01,
0,0,-0.03,-10.01,-0.14,-0.01,-0.01,
0,0,0.02,-10.12,0.07,-0.01,-0.01,
0,0,0.02,-10.12,0.07,-0.01,-0.01,
0,0,0.02,-10.12,0.07,-0.01,-0.01,
0,0,0.05,-9.94,-0.01,-0.01,-0.01,
0,0,0.05,-9.94,-0.01,-0.01,-0.01,
0,0,0.05,-9.94,-0.01,0,-0.01,
0,0,0.02,-10.03,0,-0.01,-0.01,
0,0,0.02,-10.03,0,-0.01,-0.01,
0,0,0.06,-10.01,-0.21,-0.01,-0.01,
0,0,0.06,-10.01,-0.21,-0.01,-0.01,
0,0,0.06,-10.01,-0.21,0,-0.01,
0,0,0.01,-9.99,-0.09,-0.01,-0.01,
0,0,0.01,-9.99,-0.09,-0.01,-0.01,
0,0,0.01,-9.99,-0.09,0,-0.01,
0,0,-0.09,-9.98,-0.09,0,-0.01,
0,0,-0.09,-9.98,-0.09,0,-0.01,
0,0,-0.09,-9.98,-0.09,-0.01,-0.01,
0,0,-0.02,-10.09,-0.22,0,-0.01,
0,0,-0.02,-10.09,-0.22,0,-0.01,
0,0,-0.02,-10.09,-0.22,-0.01,-0.01,
0,0,0.05,-10.07,-0.16,0,-0.01,
0,0,0.05,-10.07,-0.16,0,-0.01,
0,0,0.05,-10.07,-0.16,0,-0.01,
0,0,0.06,-9.98,-0.06,0,-0.01,
0,0,0.06,-9.98,-0.06,0,-0.01,
0,0,0.06,-9.98,-0.06,0,-0.01,
0,0,0.03,-9.97,-0.03,0,-0.01,
0,0,0.03,-9.97,-0.03,0,-0.01,
0,0,0.03,-9.97,-0.03,0,-0.01,
0,0,0.03,-10.04,0,-0.01,-0.01,
0,0,0.03,-10.04,0,-0.01,-0.01,
0,0,0.05,-10.06,-0.11,0,-0.01,
0,0,0.05,-10.06,-0.11,0,-0.01,
0,0,0.05,-10.06,-0.11,0,-0.01,
0,0,-0.04,-10.07,-0.06,-0.01,-0.01,
0,0,-0.04,-10.07,-0.06,0,-0.01,
0,0,-0.04,-10.07,-0.06,0,-0.01,
0,0,-0.01,-10.06,-0.04,-0.01,-0.01,
0,0,-0.01,-10.06,-0.04,-0.01,-0.01,
0,0,-0.01,-10.06,-0.04,-0.01,-0.01,
0,0,0,-10.05,-0.01,-0.01,-0.01,
0,0,0,-10.05,-0.01,0,-0.01,
0,0,0,-10.05,-0.01,0,-0.01,
0,0,-0.08,-9.96,-0.07,0,-0.01,
0,0,-0.08,-9.96,-0.07,0,-0.01,
0,0,-0.08,-9.96,-0.07,0,-0.01,
0,0,-0.11,-10.06,-0.04,0,0,
0,0,-0.11,-10.06,-0.04,0,-0.01,
0,0,-0.11,-10.06,-0.04,0,-0.01,
0,0,0,-10.02,-0.1,0,-0.01,
0,0,0,-10.02,-0.1,0,-0.01,
0,0,-0.05,-10.02,-0.08,-0.01,-0.01,
0,0,-0.05,-10.02,-0.08,-0.01,-0.01,
0,0,-0.05,-10.02,-0.08,0,-0.01,
0,0,0.03,-10.04,-0.13,-0.01,-0.01,
0,0,0.03,-10.04,-0.13,-0.01,-0.01,
0,0,0.03,-10.04,-0.13,0,-0.01,
0,0,0.03,-10.03,-0.02,-0.01,-0.01,
0,0,0.03,-10.03,-0.02,-0.01,-0.01,
0,0,0.03,-10.03,-0.02,0,-0.01,
0,0,-0.01,-10.01,-0.05,0,0,
0,0,-0.01,-10.01,-0.05,0,0,
0,0,-0.01,-10.01,-0.05,0,-0.01,
0,0,-0.01,-10.02,-0.09,-0.01,0,
0,0,-0.01,-10.02,-0.09,-0.01,0,
0,0,0.01,-10.02,-0.11,0,-0.01,
0,0,0.01,-10.02,-0.11,-0.01,-0.01,
0,0,0.01,-10.02,-0.11,-0.01,-0.01,
0,0,0.1,-9.98,-0.07,0,-0.01,
0,0,0.1,-9.98,-0.07,0,-0.01,
0,0,0.1,-9.98,-0.07,0,-0.01,
0,0,0,-10.04,-0.12,0,-0.01,
0,0,0,-10.04,-0.12,0,-0.01,
0,0,0,-10.04,-0.12,0,-0.01,
0,0,0.05,-10.01,-0.13,0,-0.01,
0,0,0.05,-10.01,-0.13,0,-0.01,
0,0,0.05,-10.01,-0.13,0,-0.01,
0,0,0,-10.06,-0.1,0,-0.01,
0,0,0,-10.06,-0.1,0,-0.01,
0,0,0.02,-10,-0.09,-0.01,-0.01,
0,0,0.02,-10,-0.09,-0.01,-0.01,
0,0,0.02,-10,-0.09,0,0,
0,0,-0.03,-9.99,-0.06,-0.01,-0.01,
0,0,-0.03,-9.99,-0.06,-0.01,-0.01,
0,0,-0.03,-9.99,-0.06,0,-0.01,
0,0,-0.08,-9.93,-0.05,-0.01,-0.01,
0,0,-0.08,-9.93,-0.05,-0.01,-0.01,
0,0,-0.08,-9.93,-0.05,0,-0.01,
0,0,0.01,-9.99,-0.1,-0.01,-0.01,
0,0,0.01,-9.99,-0.1,-0.01,-0.01,
0,0,0.01,-9.99,-0.1,-0.01,-0.01,
0,0,-0.01,-10.1,-0.09,-0.01,0,
0,0,-0.01,-10.1,-0.09,-0.01,0,
0,0,-0.01,-10.1,-0.09,0,-0.01,
0,0,0.05,-9.98,-0.14,0,-0.01,
0,0,0.05,-9.98,-0.14,0,-0.01,
0,0,0.05,-9.98,-0.14,-0.01,-0.01,
0,0,-0.05,-10.01,-0.05,0,-0.01,
0,0,-0.05,-10.01,-0.05,0,-0.01,
0,0,-0.05,-10.01,-0.05,0,-0.01,
0,0,0,-9.98,-0.11,0,-0.01,
0,0,0,-9.98,-0.11,0,-0.01,
0,0,0,-10.04,-0.11,0,-0.01,
0,0,0,-10.04,-0.11,0,-0.01,
0,0,0,-10.04,-0.11,0,-0.01,
0,0,0,-10.02,-0.11,-0.01,-0.01,
0,0,0,-10.02,-0.11,-0.01,-0.01,
0,0,0,-10.02,-0.11,0,-0.01,
0,0,0,-9.99,-0.07,0,-0.01,
0,0,0,-9.99,-0.07,0,-0.01,
0,0,0,-9.99,-0.07,-0.01,-0.01,
0,0,0.04,-9.99,-0.09,0,-0.01,
0,0,0.04,-9.99,-0.09,0,-0.01,
0,0,0.04,-9.99,-0.09,-0.01,-0.01,
0,0,-0.01,-10.02,-0.11,0,-0.01,
0,0,-0.01,-10.02,-0.11,0,-0.01,
0,0,-0.01,-10.02,-0.11,0,0,
0,0,0.01,-10.04,-0.13,0,-0.01,
0,0,0.01,-10.04,-0.13,0,-0.01,
0,0,0.01,-10.04,-0.13,0,-0.01,
0,0,-0.01,-10.04,-0.1,0,-0.01,
0,0,-0.01,-10.04,-0.1,0,-0.01,
0,0,-0.01,-10.04,-0.1,-0.01,-0.01,
0,0,-0.04,-10.03,-0.07,0,-0.01,
0,0,-0.04,-10.03,-0.07,0,-0.01,
0,0,-0.04,-10.03,-0.07,-0.01,-0.01,
0,0,0,-10.03,-0.11,0,-0.01,
0,0,0,-10.03,-0.11,0,-0.01,
0,0,0.01,-10.03,-0.17,0,-0.01,
0,0,0.01,-10.03,-0.17,0,-0.01,
0,0,0.01,-10.03,-0.17,0,-0.01,
0,0,0.02,-9.98,-0.05,0,-0.01,
0,0,0.02,-9.98,-0.05,0,-0.01,
0,0,0.02,-9.98,-0.05,0,-0.01,
0,0,0.07,-10.03,-0.04,0,-0.01,
0,0,0.07,-10.03,-0.04,-0.01,-0.01,
0,0,0.07,-10.03,-0.04,-0.01,-0.01,
0,0,0,-10,-0.08,0,-0.01,
0,0,0,-10,-0.08,-0.01,-0.01,
0,0,0,-10,-0.08,-0.01,-0.01,
0,0,0,-9.99,-0.13,0,-0.01,
0,0,0,-9.99,-0.13,-0.01,-0.01,
0,0,0,-9.99,-0.13,-0.01,-0.01,
0,0,0,-10.07,-0.16,-0.01,-0.01,
0,0,0,-10.07,-0.16,-0.01,-0.01,
0,0,-0.04,-9.97,-0.04,-0.01,-0.01,
0,0,-0.04,-9.97,-0.04,0,-0.01,
0,0,-0.04,-9.97,-0.04,0,-0.01,
0,0,0.02,-9.99,-0.09,-0.01,-0.01,
0,0,0.02,-9.99,-0.09,-0.01,-0.01,
0,0,0.02,-9.99,-0.09,-0.01,-0.01,
0,0,0,-9.99,-0.15,0,-0.01,
0,0,0,-9.99,-0.15,0,-0.01,
0,0,0,-9.99,-0.15,-0.01,-0.01,
0,0,-0.01,-10,-0.07,-0.01,-0.01,
0,0,-0.01,-10,-0.07,-0.01,-0.01,
0,0,-0.01,-10,-0.07,0,-0.01,
0,0,-0.01,-10.03,-0.06,0,-0.01,
0,0,-0.01,-10.03,-0.06,0,-0.01,
0,0,-0.01,-10.03,-0.06,0,-0.01,
0,0,-0.03,-9.98,-0.13,0,-0.01,
0,0,-0.03,-9.98,-0.13,-0.01,-0.01,
0,0,-0.03,-9.98,-0.13,0,-0.01,
0,0,-0.02,-10.07,-0.11,0,-0.01,
0,0,-0.02,-10.07,-0.11,0,-0.01,
0,0,-0.02,-10.07,-0.11,0,-0.01,
0,0,-0.04,-10.01,-0.07,0,-0.01,
0,0,-0.04,-10.01,-0.07,0,-0.01,
0,0,-0.04,-10.01,-0.07,0,-0.01,
0,0,0,-10.01,-0.09,0,-0.01,
0,0,0,-10.01,-0.09,0,-0.01,
0,0,0,-10.05,-0.09,-0.01,-0.01,
0,0,0,-10.05,-0.09,-0.01,-0.01,
0,0,0,-10.05,-0.09,0,-0.01,
0,0,0.02,-10.07,-0.12,0,-0.01,
0,0,0.02,-10.07,-0.12,0,-0.01,
0,0,0.02,-10.07,-0.12,-0.01,-0.01,
0,0,-0.07,-10.04,-0.12,-0.01,-0.01,
0,0,-0.07,-10.04,-0.12,-0.01,-0.01,
0,0,-0.07,-10.04,-0.12,0,-0.01,
0,0,0,-9.96,-0.07,0,-0.01,
0,0,0,-9.96,-0.07,0,-0.01,
0,0,0,-9.96,-0.07,0,-0.01,
0,0,0,-10.08,-0.07,0,-0.01,
0,0,0,-10.08,-0.07,0,-0.01,
0,0,0,-10.08,-0.07,0,-0.02,
0,0,0.04,-10.06,-0.12,0,-0.01,
0,0,0.04,-10.06,-0.12,0,-0.01,
0,0,0.04,-10.07,-0.13,-0.01,-0.01,
0,0,0.04,-10.07,-0.13,0,-0.01,
0,0,0.04,-10.07,-0.13,0,-0.01,
0,0,0.02,-10.02,-0.07,0,-0.01,
0,0,0.02,-10.02,-0.07,-0.01,-0.01,
0,0,0.02,-10.02,-0.07,-0.01,-0.01,
0,0,0.03,-10.02,-0.03,-0.01,-0.01,
0,0,0.03,-10.02,-0.03,0,-0.01,
0,0,0.03,-10.02,-0.03,0,-0.01,
0,0,-0.01,-10.03,-0.04,0,-0.01,
0,0,-0.01,-10.03,-0.04,0,-0.01,
0,0,-0.01,-10.03,-0.04,0,-0.01,
0,0,0.01,-10.06,-0.03,0,-0.01,
0,0,0.01,-10.06,-0.03,0,-0.01,
0,0,0.01,-10.06,-0.03,0,-0.01,
0,0,-0.03,-9.97,-0.11,0,-0.01,
0,0,-0.03,-9.97,-0.11,0,-0.01,
0,0,-0.03,-9.97,-0.11,0,-0.01,
0,0,0,-10.04,-0.1,-0.01,-0.01,
0,0,0,-10.04,-0.1,0,-0.01,
0,0,0,-10.04,-0.1,0,-0.01,
0,0,-0.04,-10.06,-0.11,0,-0.01,
0,0,-0.04,-10.06,-0.11,0,-0.01,
0,0,-0.04,-10.06,-0.11,0,-0.01,
0,0,-0.01,-10.03,-0.09,0,-0.01,
0,0,-0.01,-10.03,-0.09,0,-0.01,
0,0,-0.01,-10.03,-0.09,0,-0.01,
0,0,0.02,-10.05,-0.14,0,-0.01,
0,0,0.02,-10.05,-0.14,0,-0.01,
0,0,-0.04,-10.01,-0.11,0,-0.01,
0,0,-0.04,-10.01,-0.11,-0.01,-0.01,
0,0,-0.04,-10.01,-0.11,-0.01,-0.01,
0,0,-0.03,-10.1,-0.17,-0.01,-0.01,
0,0,-0.03,-10.1,-0.17,0,-0.01,
0,0,-0.03,-10.1,-0.17,-0.01,-0.01,
0,0,0.02,-9.98,-0.15,-0.01,-0.01,
0,0,0.02,-9.98,-0.15,0,-0.01,
0,0,0.02,-9.98,-0.15,-0.01,-0.01,
0,0,0.03,-10.06,-0.1,-0.01,-0.01,
0,0,0.03,-10.06,-0.1,0,-0.01,
0,0,0.03,-10.06,-0.1,0,-0.01,
0,0,0.05,-10,-0.04,0,-0.01,
0,0,0.05,-10,-0.04,0,-0.01,
0,0,0,-9.97,-0.05,0,-0.01,
0,0,0,-9.97,-0.05,0,-0.01,
0,0,0,-9.97,-0.05,0,-0.01,
0,0,0.02,-10.01,-0.11,0,0,
0,0,0.02,-10.01,-0.11,0,0,
0,0,0.02,-10.01,-0.11,0,0,
0,0,0.04,-10.04,-0.11,0,-0.01,
0,0,0.04,-10.04,-0.11,0,-0.01,
0,0,0.04,-10.04,-0.11,-0.01,-0.01,
0,0,-0.01,-10.05,-0.11,-0.01,-0.01,
0,0,-0.01,-10.05,-0.11,-0.01,-0.01,
0,0,-0.01,-10.05,-0.11,0,-0.01,
0,0,0.01,-9.99,-0.08,0,-0.01,
0,0,0.01,-9.99,-0.08,0,-0.01,
0,0,0.01,-9.99,-0.08,0,-0.01,
0,0,0.04,-9.98,-0.05,0,-0.01,
0,0,0.04,-9.98,-0.05,0,-0.01,
0,0,0.02,-10.03,-0.08,-0.01,-0.01,
0,0,0.02,-10.03,-0.08,-0.01,-0.01,
0,0,0.02,-10.03,-0.08,-0.01,-0.01,
0,0,0,-9.96,-0.06,-0.01,-0.01,
0,0,0,-9.96,-0.06,-0.01,-0.01,
0,0,0,-9.96,-0.06,0,-0.01,
0,0,-0.06,-10.04,-0.1,0,-0.01,
0,0,-0.06,-10.04,-0.1,-0.01,-0.01,
0,0,-0.06,-10.04,-0.1,0,-0.01,
0,0,-0.01,-10.06,-0.04,0,-0.01,
0,0,-0.01,-10.06,-0.04,0,-0.01,
0,0,-0.01,-10.06,-0.04,0,0,
0,0,-0.04,-10.04,-0.11,0,0,
0,0,-0.04,-10.04,-0.11,0,-0.01,
0,0,-0.04,-10.04,-0.11,-0.01,-0.01,
0,0,0.03,-10.05,-0.11,-0.01,-0.01,
0,0,0.03,-10.05,-0.11,0,-0.01,
0,0,0,-9.98,-0.07,-0.01,-0.01,
0,0,0,-9.98,-0.07,-0.01,-0.01,
0,0,0,-9.98,-0.07,0,0,
0,0,-0.12,-10.48,0.22,0,-0.01,
0,0,-0.12,-10.48,0.22,0,-0.01,
0,0,-0.12,-10.48,0.22,0.01,-0.01,
0,0,0.45,-9.83,0.06,-0.01,-0.01,
0,0,0.45,-9.83,0.06,0,-0.01,
0,0,0.45,-9.83,0.06,0,-0.01,
0,0,-0.39,-9.82,0.2,-0.02,-0.01,
0,0,-0.39,-9.82,0.2,0.01,-0.01,
0,0,-0.39,-9.82,0.2,0.01,-0.01,
0,0,0.11,-10.12,-0.37,0,0,
0,0,0.11,-10.12,-0.37,-0.01,0,
0,0,-0.23,-10.32,-0.23,-0.01,0,
0,0,-0.23,-10.32,-0.23,-0.01,-0.01,
0,0,-0.23,-10.32,-0.23,0,-0.01,
0,0,0.28,-9.92,-0.24,0,-0.01,
0,0,0.28,-9.92,-0.24,0,-0.01,
0,0,0.28,-9.92,-0.24,0,-0.01,
0,0,-0.04,-10.14,-0.26,0,-0.01,
0,0,-0.04,-10.14,-0.26,0.01,-0.01,
0,0,-0.04,-10.14,-0.26,0,-0.01,
0,0,0.37,-9.89,-0.08,0,-0.01,
0,0,0.37,-9.89,-0.08,0,0,
0,0,0.37,-9.89,-0.08,0,0,
0,0,-0.12,-10.08,-0.25,0,-0.01,
0,0,-0.12,-10.08,-0.25,0,-0.01,
0,0,-0.12,-10.08,-0.25,0,-0.01,
0,0,0.38,-10.01,-0.03,0,-0.01,
0,0,0.38,-10.01,-0.03,0,-0.01,
0,0,0.38,-10.01,-0.03,0,-0.01,
0,0,-0.1,-9.95,-0.05,0,-0.01,
0,0,-0.1,-9.95,-0.05,-0.01,-0.01,
0,0,-0.1,-9.95,-0.05,-0.01,-0.01,
0,0,0.05,-10,0,0,-0.01,
0,0,0.05,-10,0,-0.01,-0.01,
0,0,-0.12,-10.11,-0.16,-0.01,-0.01,
0,0,-0.12,-10.11,-0.16,-0.01,-0.01,
0,0,-0.12,-10.11,-0.16,0,-0.01,
0,0,-0.04,-10.05,-0.12,0,-0.01,
0,0,-0.04,-10.05,-0.12,0,-0.01,
0,0,-0.04,-10.05,-0.12,0,-0.01,
0,0,0.07,-10.01,-0.05,0,-0.01,
0,0,0.07,-10.01,-0.05,-0.01,-0.01,
0,0,0.07,-10.01,-0.05,0,-0.01,
0,0,-0.04,-10.06,-0.08,0,-0.01,
0,0,-0.04,-10.06,-0.08,-0.01,-0.01,
0,0,-0.04,-10.06,-0.08,0,-0.01,
0,0,0.02,-10.02,-0.06,0,-0.01,
0,0,0.02,-10.02,-0.06,0,-0.01,
0,0,0.02,-10.02,-0.06,0,-0.01,
0,0,-0.04,-10.09,-0.09,0,-0.01,
0,0,-0.04,-10.09,-0.09,0,-0.01,
0,0,-0.04,-10.09,-0.09,-0.01,-0.01,
0,0,-0.01,-10.05,-0.09,-0.01,-0.01,
0,0,-0.01,-10.05,-0.09,-0.01,-0.01,
0,0,-0.01,-10.05,-0.09,-0.01,-0.01,
0,0,-0.07,-9.99,-0.1,-0.01,-0.01,
0,0,-0.07,-9.99,-0.1,-0.01,-0.01,
0,0,-0.07,-9.99,-0.1,-0.01,-0.01,
0,0,-0.04,-10.07,-0.11,-0.01,-0.01,
0,0,-0.04,-10.07,-0.11,-0.01,-0.01,
0,0,0.1,-10.03,-0.07,-0.01,-0.01,
0,0,0.1,-10.03,-0.07,-0.01,-0.01,
0,0,0.1,-10.03,-0.07,0,-0.01,
0,0,0.08,-10.02,-0.05,-0.01,-0.01,
0,0,0.08,-10.02,-0.05,-0.01,-0.01,
0,0,0.08,-10.02,-0.05,0,-0.01,
0,0,0,-10.05,-0.16,0,-0.01,
0,0,0,-10.05,-0.16,0,-0.01,
0,0,0,-10.05,-0.16,0,-0.01,
0,0,0.03,-10.04,-0.16,-0.01,-0.01,
0,0,0.03,-10.04,-0.16,-0.01,-0.01,
0,0,0.03,-10.04,-0.16,0,-0.01,
0,0,0.05,-10.02,-0.11,0,-0.01,
0,0,0.05,-10.02,-0.11,0,-0.01,
0,0,0.05,-10.02,-0.11,-0.01,-0.01,
0,0,-0.04,-9.98,-0.07,0,-0.01,
0,0,-0.04,-9.98,-0.07,0,-0.01,
0,0,-0.04,-9.98,-0.07,0,-0.01,
0,0,0.05,-10,-0.12,0,-0.01,
0,0,0.05,-10,-0.12,0,-0.01,
0,0,-0.01,-10.03,-0.13,-0.01,-0.01,
0,0,-0.01,-10.03,-0.13,0,-0.01,
0,0,-0.01,-10.03,-0.13,0,-0.01,
0,0,0.03,-10,-0.1,-0.01,-0.01,
0,0,0.03,-10,-0.1,0,-0.01,
0,0,0.03,-10,-0.1,0,-0.01,
0,0,-0.07,-9.99,-0.06,-0.01,-0.01,
0,0,-0.07,-9.99,-0.06,0,-0.01,
0,0,-0.07,-9.99,-0.06,0,-0.01,
0,0,0.01,-10.02,-0.14,-0.01,-0.01,
0,0,0.01,-10.02,-0.14,0,-0.01,
0,0,0.01,-10.02,-0.14,0,-0.01,
0,0,0.01,-10.06,-0.11,-0.01,-0.01,
0,0,0.01,-10.06,-0.11,-0.01,-0.01,
0,0,0.01,-10.06,-0.11,-0.01,-0.01,
0,0,0.03,-10.06,-0.11,-0.01,-0.01,
0,0,0.03,-10.06,-0.11,0,-0.01,
0,0,-0.07,-10.02,-0.1,0,-0.01,
0,0,-0.07,-10.02,-0.1,0,-0.01,
0,0,-0.07,-10.02,-0.1,0,-0.01,
0,0,-0.04,-10.01,-0.13,0,-0.01,
0,0,-0.04,-10.01,-0.13,0,-0.01,
0,0,-0.04,-10.01,-0.13,0,-0.01,
0,0,-0.02,-10.03,-0.12,0,-0.01,
0,0,-0.02,-10.03,-0.12,-0.01,-0.01,
0,0,-0.02,-10.03,-0.12,0,-0.01,
0,0,-0.01,-10.02,-0.05,0,-0.01,
0,0,-0.01,-10.02,-0.05,0,-0.01,
0,0,-0.01,-10.02,-0.05,-0.01,0,
0,0,-0.03,-10,-0.1,-0.01,0,
0,0,-0.03,-10,-0.1,-0.01,-0.01,
0,0,-0.03,-10,-0.1,0,-0.01,
0,0,0.16,-10.05,-0.08,0,-0.01,
0,0,0.16,-10.05,-0.08,-0.01,-0.01,
0,0,0.16,-10.05,-0.08,-0.01,-0.01,
0,0,0.01,-9.98,-0.03,-0.01,-0.01,
0,0,0.01,-9.98,-0.03,-0.01,-0.01,
0,0,0.05,-10.06,-0.17,-0.01,-0.01,
0,0,0.05,-10.06,-0.17,0,-0.01,
0,0,0.05,-10.06,-0.17,0,-0.01,
0,0,0.09,-10.07,-0.1,0,0,
0,0,0.09,-10.07,-0.1,0,0,
0,0,0.09,-10.07,-0.1,0,-0.01,
0,0,0.02,-9.92,-0.1,0,-0.01,
0,0,0.02,-9.92,-0.1,0,-0.01,
0,0,0.02,-9.92,-0.1,0,0,
0,0,-0.02,-10.08,-0.09,-0.01,-0.01,
0,0,-0.02,-10.08,-0.09,-0.01,-0.01,
0,0,-0.02,-10.08,-0.09,0,-0.01,
0,0,0.03,-10.03,-0.1,-0.01,-0.01,
0,0,0.03,-10.03,-0.1,-0.01,-0.01,
0,0,0.03,-10.03,-0.1,-0.01,-0.01,
0,0,-0.11,-9.98,-0.07,0,-0.01,
0,0,-0.11,-9.98,-0.07,0,-0.01,
0,0,-0.11,-9.98,-0.07,0,-0.01,
0,0,0.03,-10.05,-0.03,-0.01,-0.01,
0,0,0.03,-10.05,-0.03,-0.01,-0.01,
0,0,0.03,-10.05,-0.03,0,-0.01,
0,0,-0.04,-10.02,-0.05,-0.01,-0.01,
0,0,-0.04,-10.02,-0.05,-0.01,-0.01,
0,0,-0.04,-10.02,-0.05,0,-0.01,
0,0,0,-10.06,-0.06,0,-0.01,
0,0,0,-10.06,-0.06,0,-0.01,
0,0,0,-10.06,-0.06,0,-0.01,
0,0,-0.05,-10.04,-0.13,-0.01,-0.01,
0,0,-0.05,-10.04,-0.13,-0.01,-0.01,
0,0,-0.06,-10.01,-0.04,0,-0.01,
0,0,-0.06,-10.01,-0.04,-0.01,-0.01,
0,0,-0.06,-10.01,-0.04,-0.01,-0.01,
0,0,-0.05,-10.03,-0.15,0,-0.01,
0,0,-0.05,-10.03,-0.15,0,-0.01,
0,0,-0.05,-10.03,-0.15,0,-0.01,
0,0,0.04,-10.05,-0.09,0,-0.01,
0,0,0.04,-10.05,-0.09,0,-0.01,
0,0,0.04,-10.05,-0.09,0,-0.01,
0,0,0.05,-10.03,-0.11,-0.01,-0.01,
0,0,0.05,-10.03,-0.11,-0.01,-0.01,
0,0,0.05,-10.03,-0.11,-0.01,-0.01,
0,0,-0.02,-10.01,-0.1,0,-0.01,
0,0,-0.02,-10.01,-0.1,-0.01,-0.01,
0,0,-0.02,-10.01,-0.1,-0.01,-0.01,
0,0,0.02,-10.01,-0.11,0,-0.01,
0,0,0.02,-10.01,-0.11,-0.01,-0.01,
0,0,0.03,-9.97,-0.08,-0.01,-0.01,
0,0,0.03,-9.97,-0.08,0,-0.01,
0,0,0.03,-9.97,-0.08,0,-0.01,
0,0,-0.01,-10.08,-0.09,0,-0.01,
0,0,-0.01,-10.08,-0.09,0,-0.01,
0,0,-0.01,-10.08,-0.09,-0.01,0,
0,0,0.1,-9.96,-0.12,-0.01,0,
0,0,0.1,-9.96,-0.12,0,-0.01,
0,0,0.1,-9.96,-0.12,0,-0.01,
0,0,-0.04,-10.01,-0.16,0,-0.01,
0,0,-0.04,-10.01,-0.16,0,-0.01,
0,0,-0.04,-10.01,-0.16,-0.01,-0.01,
0,0,0.07,-10.07,-0.09,-0.01,-0.01,
0,0,0.07,-10.07,-0.09,-0.01,-0.01,
0,0,0.07,-10.07,-0.09,0,-0.01,
0,0,0.05,-9.99,0.02,0,-0.01,
0,0,0.05,-9.99,0.02,-0.01,-0.01,
0,0,0.05,-9.99,0.02,0,-0.01,
0,0,0.05,-9.97,0.03,0,-0.01,
0,0,0.05,-9.97,0.03,0,-0.01,
0,0,0.05,-9.98,-0.11,0,-0.02,
0,0,0.05,-9.98,-0.11,0,-0.02,
0,0,0.05,-9.98,-0.11,0,0,
0,0,0.04,-10.02,-0.09,0,-0.01,
0,0,0.04,-10.02,-0.09,0,-0.01,
0,0,0.04,-10.02,-0.09,0,-0.01,
0,0,-0.01,-10.03,-0.11,0,-0.01,
0,0,-0.01,-10.03,-0.11,0,-0.01,
0,0,-0.01,-10.03,-0.11,0,-0.01,
0,0,-0.02,-10.1,-0.04,0,-0.01,
0,0,-0.02,-10.1,-0.04,-0.01,0,
0,0,-0.02,-10.1,-0.04,-0.01,0,
0,0,0.03,-10.07,-0.08,0,-0.01,
0,0,0.03,-10.07,-0.08,-0.01,-0.01,
0,0,0.04,-10.08,-0.03,-0.01,-0.01,
0,0,0.04,-10.08,-0.03,-0.01,-0.01,
0,0,0.04,-10.08,-0.03,-0.01,-0.01,
0,0,-0.01,-10.01,-0.04,-0.01,-0.01,
0,0,-0.01,-10.01,-0.04,0,-0.01,
0,0,-0.01,-10.01,-0.04,0,-0.01,
0,0,-0.03,-9.91,-0.17,0,-0.01,
0,0,-0.03,-9.91,-0.17,0,-0.01,
0,0,-0.03,-9.91,-0.17,-0.01,-0.01,
0,0,-0.05,-10.04,-0.16,-0.01,-0.01,
0,0,-0.05,-10.04,-0.16,-0.01,-0.01,
0,0,-0.05,-10.04,-0.16,0,-0.01,
0,0,0.12,-10.01,-0.07,0,-0.01,
0,0,0.12,-10.01,-0.07,0,-0.01,
0,0,0.12,-10.01,-0.07,0,-0.01,
0,0,0.03,-10.04,-0.02,0,-0.01,
0,0,0.03,-10.04,-0.02,-0.01,0,
0,0,-0.04,-9.97,-0.08,0,-0.01,
0,0,-0.04,-9.97,-0.08,0,-0.01,
0,0,-0.04,-9.97,-0.08,0,-0.01,
0,0,0.02,-10.07,-0.1,-0.01,-0.01,
0,0,0.02,-10.07,-0.1,-0.01,-0.01,
0,0,0.02,-10.07,-0.1,0,-0.01,
0,0,0.02,-10,-0.04,-0.01,-0.01,
0,0,0.02,-10,-0.04,-0.01,-0.01,
0,0,0.02,-10,-0.04,0,-0.01,
0,0,0.03,-10.06,-0.1,0,-0.01,
0,0,0.03,-10.06,-0.1,0,-0.01,
0,0,0.03,-10.06,-0.1,0,-0.01,
0,0,0,-10.05,-0.11,0,-0.01,
0,0,0,-10.05,-0.11,0,-0.01,
0,0,0,-10.05,-0.11,0,-0.01,
0,0,0,-10.03,-0.05,0,-0.01,
0,0,0,-10.03,-0.05,0,-0.01,
0,0,0,-10.03,-0.05,0,-0.01,
0,0,-0.07,-10,-0.08,0,-0.01,
0,0,-0.07,-10,-0.08,0,-0.01,
0,0,-0.07,-10,-0.08,-0.01,-0.01,
0,0,-0.05,-10.02,-0.06,-0.01,-0.01,
0,0,-0.05,-10.02,-0.06,0,-0.01,
0,0,-0.05,-10.02,-0.06,0,-0.01,
0,0,0,-10.09,-0.11,0,-0.01,
0,0,0,-10.09,-0.11,-0.01,-0.01,
0,0,0,-10.09,-0.11,0,-0.01,
0,0,0.01,-10.02,-0.1,0,-0.01,
0,0,0.01,-10.02,-0.1,0,-0.01,
0,0,0.01,-10.02,-0.1,-0.01,-0.01,
0,0,0.06,-9.96,-0.04,-0.01,-0.01,
0,0,0.06,-9.96,-0.04,-0.01,-0.01,
0,0,0.02,-10.04,-0.07,0,-0.01,
0,0,0.02,-10.04,-0.07,0,-0.01,
0,0,0.02,-10.04,-0.07,0,-0.01,
0,0,0,-10.02,-0.07,-0.01,-0.01,
0,0,0,-10.02,-0.07,0,-0.01,
0,0,0,-10.02,-0.07,0,-0.01,
0,0,0,-10.05,-0.11,-0.01,-0.01,
0,0,0,-10.05,-0.11,0,-0.01,
0,0,0,-10.05,-0.11,0,-0.01,
0,0,-0.04,-10.07,-0.1,0,-0.01,
0,0,-0.04,-10.07,-0.1,0,-0.01,
0,0,-0.04,-10.07,-0.1,0,-0.01,
0,0,0.07,-10.03,-0.1,-0.01,-0.01,
0,0,0.07,-10.03,-0.1,-0.01,0,
0,0,-0.02,-10.06,-0.12,-0.01,0,
0,0,-0.02,-10.06,-0.12,0,-0.01,
0,0,-0.02,-10.06,-0.12,-0.01,-0.01,
0,0,-0.01,-9.97,-0.1,-0.01,-0.01,
0,0,-0.01,-9.97,-0.1,0,-0.01,
0,0,-0.01,-9.97,-0.1,-0.01,-0.01,
0,0,0,-10.07,-0.14,-0.01,-0.01,
0,0,0,-10.07,-0.14,-0.01,-0.01,
0,0,0,-10.07,-0.14,0,-0.01,
0,0,0.02,-10.04,-0.07,0,-0.01,
0,0,0.02,-10.04,-0.07,-0.01,-0.01,
0,0,0.02,-10.04,-0.07,0,-0.01,
0,0,-0.03,-10.01,-0.07,0,-0.01,
0,0,-0.03,-10.01,-0.07,0,-0.01,
0,0,-0.03,-10.01,-0.07,0,-0.01,
0,0,0,-10.05,-0.1,0,-0.01,
0,0,0,-10.05,-0.1,0,-0.01,
0,0,0.05,-9.98,-0.04,0,-0.01,
0,0,0.05,-9.98,-0.04,0,-0.01,
0,0,0.05,-9.98,-0.04,-0.01,-0.01,
0,0,-0.02,-9.98,-0.08,-0.01,-0.01,
0,0,-0.02,-9.98,-0.08,-0.01,-0.01,
0,0,-0.02,-9.98,-0.08,-0.01,-0.01,
0,0,0,-10.01,-0.09,0,-0.01,
0,0,0,-10.01,-0.09,-0.01,-0.01,
0,0,0,-10.01,-0.09,-0.01,-0.01,
0,0,-0.01,-10.03,-0.14,-0.01,-0.01,
0,0,-0.01,-10.03,-0.14,-0.01,-0.01,
0,0,0.04,-10.03,-0.09,-0.01,-0.01,
0,0,0.04,-10.03,-0.09,-0.01,-0.01,
0,0,0.04,-10.03,-0.09,-0.01,-0.01,
0,0,0.04,-9.98,-0.05,-0.01,-0.01,
0,0,0.04,-9.98,-0.05,-0.01,-0.01,
0,0,0.04,-9.98,-0.05,0,-0.01,
0,0,-0.03,-9.96,-0.11,0,-0.01,
0,0,-0.03,-9.96,-0.11,-0.01,-0.01,
0,0,-0.03,-9.96,-0.11,0,-0.01,
0,0,-0.04,-10.03,-0.09,0,-0.01,
0,0,-0.04,-10.03,-0.09,0,-0.01,
0,0,-0.04,-10.03,-0.09,-0.01,-0.01,
0,0,0.01,-10.05,-0.12,-0.01,-0.01,
0,0,0.01,-10.05,-0.12,-0.01,-0.01,
0,0,0.02,-9.98,-0.07,0,-0.01,
0,0,0.02,-9.98,-0.07,-0.01,-0.01,
0,0,0.02,-9.98,-0.07,-0.01,-0.01,
0,0,0.02,-9.99,-0.08,0,-0.01,
0,0,0.02,-9.99,-0.08,-0.01,-0.01,
0,0,0.02,-9.99,-0.08,-0.01,-0.01,
0,0,0.05,-10.07,-0.07,-0.01,-0.01,
0,0,0.05,-10.07,-0.07,0,-0.01,
0,0,0.05,-10.07,-0.07,0,-0.01,
0,0,-0.04,-10.06,-0.13,0,-0.01,
0,0,-0.04,-10.06,-0.13,-0.01,-0.01,
0,0,0,-10,-0.1,-0.01,0,
0,0,0,-10,-0.1,-0.01,0,
0,0,0,-10,-0.1,-0.01,-0.01,
0,0,-0.01,-10.02,-0.13,0,-0.01,
0,0,-0.01,-10.02,-0.13,0,-0.01,
0,0,-0.01,-10.02,-0.13,0,-0.01,
0,0,-0.01,-10.03,-0.09,-0.01,-0.01,
0,0,-0.01,-10.03,-0.09,-0.01,-0.01,
0,0,-0.01,-10.03,-0.09,0,-0.01,
0,0,0,-9.97,-0.11,-0.01,-0.01,
0,0,0,-9.97,-0.11,0,-0.01,
0,0,0.04,-10.02,-0.09,0,-0.01,
0,0,0.04,-10.02,-0.09,0,-0.01,
0,0,0.04,-10.02,-0.09,0,-0.01,
0,0,0.04,-10,-0.1,0,-0.01,
0,0,0.04,-10,-0.1,-0.01,-0.01,
0,0,0.04,-10,-0.1,0,-0.01,
0,0,-0.01,-10.01,-0.14,0,-0.01,
0,0,-0.01,-10.01,-0.14,0,-0.01,
0,0,-0.01,-10.01,-0.14,0,0,
0,0,0,-10.04,-0.15,0,0,
0,0,0,-10.04,-0.15,0,-0.01,
0,0,0,-10.04,-0.15,0,-0.01,
0,0,0.02,-10.05,-0.03,0,-0.01,
0,0,0.02,-10.05,-0.03,0,-0.01,
0,0,0.02,-10.05,-0.03,0,-0.01,
0,0,-0.03,-10.06,-0.12,0,-0.01,
0,0,-0.03,-10.06,-0.12,0,-0.01,
0,0,-0.03,-10.05,-0.13,0,-0.01,
0,0,-0.03,-10.05,-0.13,0,-0.01,
0,0,-0.03,-10.05,-0.13,0,-0.01,
0,0,0,-10.01,-0.09,-0.01,-0.01,
0,0,0,-10.01,-0.09,-0.01,-0.01,
0,0,0,-10.01,-0.09,-0.01,0,
0,0,0,-10.02,-0.1,0,-0.01,
0,0,0,-10.02,-0.1,0,-0.01,
0,0,0,-10.02,-0.1,0,-0.01,
0,0,-0.01,-10.01,-0.07,0,-0.01,
0,0,-0.01,-10.01,-0.07,0,-0.01,
0,0,-0.01,-10.01,-0.07,-0.01,-0.01,
0,0,0,-10.01,-0.08,0,-0.01,
0,0,0,-10.01,-0.08,0,-0.01,
0,0,0.01,-10.06,-0.11,0,-0.01,
0,0,0.01,-10.06,-0.11,0,-0.01,
0,0,0.01,-10.06,-0.11,0,-0.01,
0,0,0.01,-10.02,-0.14,0,-0.01,
0,0,0.01,-10.02,-0.14,-0.01,-0.01,
0,0,0.01,-10.02,-0.14,-0.01,-0.01,
0,0,-0.09,-10.06,-0.11,-0.01,-0.01,
0,0,-0.09,-10.06,-0.11,0,-0.01,
0,0,-0.09,-10.06,-0.11,0,-0.01,
0,0,-0.05,-10.04,-0.11,0,-0.01,
0,0,-0.05,-10.04,-0.11,0,-0.01,
0,0,-0.05,-10.04,-0.11,-0.01,-0.01,
0,0,-0.01,-10.06,-0.12,-0.01,-0.01,
0,0,-0.01,-10.06,-0.12,-0.01,-0.01,
0,0,-0.01,-10.06,-0.12,0,-0.01,
0,0,-0.02,-10.06,-0.07,0,-0.01,
0,0,-0.02,-10.06,-0.07,0,-0.01,
0,0,0,-10.06,-0.11,0,-0.01,
0,0,0,-10.06,-0.11,0,-0.01,
0,0,0,-10.06,-0.11,-0.01,-0.01,
0,0,0.02,-10.04,-0.09,0,-0.01,
0,0,0.02,-10.04,-0.09,0,-0.01,
0,0,0.02,-10.04,-0.09,-0.01,-0.01,
0,0,-0.02,-10.06,-0.11,-0.01,0,
0,0,-0.02,-10.06,-0.11,0,-0.01,
0,0,-0.02,-10.06,-0.11,0,-0.01,
0,0,0.04,-10,-0.07,-0.01,-0.01,
0,0,0.04,-10,-0.07,0,-0.01,
0,0,0,-10,-0.09,0,-0.01,
0,0,0,-10,-0.09,0,-0.01,
0,0,0,-10,-0.09,0,-0.01,
0,0,0.04,-10.04,-0.14,0,-0.01,
0,0,0.04,-10.04,-0.14,-0.01,-0.01,
0,0,0.04,-10.04,-0.14,0,-0.01,
0,0,-0.03,-10,-0.09,0,-0.01,
0,0,-0.03,-10,-0.09,0,0,
0,0,-0.03,-10,-0.09,-0.01,-0.01,
0,0,0.02,-9.99,-0.07,-0.01,-0.01,
0,0,0.02,-9.99,-0.07,-0.01,-0.01,
0,0,0.02,-9.99,-0.07,0,-0.01,
0,0,-0.02,-9.99,-0.11,0,-0.01,
0,0,-0.02,-9.99,-0.11,-0.01,-0.01,
0,0,0.01,-10.04,-0.15,0,-0.01,
0,0,0.01,-10.04,-0.15,0,-0.01,
0,0,0.01,-10.04,-0.15,-0.01,-0.01,
0,0,0,-10.05,-0.13,0,-0.01,
0,0,0,-10.05,-0.13,0,-0.01,
0,0,0,-10.05,-0.13,0,-0.01,
0,0,0.08,-10,-0.14,-0.01,-0.01,
0,0,0.08,-10,-0.14,0,-0.01,
0,0,0.08,-10,-0.14,0,-0.01,
0,0,0.04,-10,-0.11,-0.01,0,
0,0,0.04,-10,-0.11,0,-0.01,
0,0,0.04,-10,-0.11,0,-0.01,
0,0,-0.04,-10.03,-0.05,0,-0.01,
0,0,-0.04,-10.03,-0.05,0,-0.01,
0,0,-0.04,-10.03,-0.05,0,-0.01,
0,0,-0.02,-10.05,-0.11,0,-0.01,
0,0,-0.02,-10.05,-0.11,0,-0.01,
0,0,-0.05,-10.01,-0.05,0,-0.01,
0,0,-0.05,-10.01,-0.05,-0.01,-0.01,
0,0,-0.05,-10.01,-0.05,0,-0.01,
0,0,0.02,-10,-0.07,0,-0.01,
0,0,0.02,-10,-0.07,0,-0.01,
0,0,0.02,-10,-0.07,0,-0.01,
0,0,0.07,-10.09,-0.12,0,-0.01,
0,0,0.07,-10.09,-0.12,-0.01,-0.01,
0,0,0.07,-10.09,-0.12,0,-0.01,
0,0,0.02,-10.01,-0.11,0,-0.01,
0,0,0.02,-10.01,-0.11,-0.01,-0.01,
0,0,0.02,-10.01,-0.11,0,-0.01,
0,0,-0.01,-10.06,-0.04,0,-0.01,
0,0,-0.01,-10.06,-0.04,-0.01,-0.01,
0,0,-0.01,-10.06,-0.04,0,-0.01,
0,0,0.07,-10.04,-0.11,0,-0.01,
0,0,0.07,-10.04,-0.11,-0.01,-0.01,
0,0,0.07,-10.04,-0.11,0,-0.01,
0,0,-0.03,-10.03,-0.11,0,-0.01,
0,0,-0.03,-10.03,-0.11,0,-0.01,
0,0,-0.03,-10.03,-0.11,0,-0.01,
0,0,-0.02,-10.03,-0.08,0,-0.01,
0,0,-0.02,-10.03,-0.08,0,-0.01,
0,0,0,-10,-0.07,0,-0.01,
0,0,0,-10,-0.07,0,-0.01,
0,0,0,-10,-0.07,0,0,
0,0,-0.03,-10,-0.07,0,0,
0,0,-0.03,-10,-0.07,0,0,
0,0,-0.03,-10,-0.07,-0.01,-0.01,
0,0,-0.01,-9.99,-0.08,0,-0.01,
0,0,-0.01,-9.99,-0.08,0,-0.01,
0,0,-0.01,-9.99,-0.08,-0.01,-0.01,
0,0,-0.02,-10.05,-0.11,-0.01,-0.01,
0,0,-0.02,-10.05,-0.11,-0.01,-0.01,
0,0,0,-10.05,-0.11,-0.01,-0.01,
0,0,0,-10.05,-0.11,0,-0.01,
0,0,0,-10.05,-0.11,-0.01,-0.01,
0,0,0,-10.02,-0.08,-0.01,-0.01,
0,0,0,-10.02,-0.08,0,-0.01,
0,0,0,-10.02,-0.08,0,-0.01,
0,0,-0.01,-10.03,-0.12,0,-0.01,
0,0,-0.01,-10.03,-0.12,-0.01,-0.01,
0,0,-0.01,-10.03,-0.12,-0.01,-0.01,
0,0,0.04,-10.05,-0.05,-0.01,-0.01,
0,0,0.04,-10.05,-0.05,0,-0.01,
0,0,0.04,-10.05,-0.05,-0.01,-0.01,
0,0,-0.01,-10.02,-0.09,-0.01,-0.01,
0,0,-0.01,-10.02,-0.09,-0.01,0,
0,0,0.02,-10.06,-0.1,0,-0.01,
0,0,0.02,-10.06,-0.1,0,-0.01,
0,0,0.02,-10.06,-0.1,0,-0.01,
0,0,0.05,-9.98,-0.1,0,-0.01,
0,0,0.05,-9.98,-0.1,-0.01,-0.01,
0,0,0.05,-9.98,-0.1,-0.01,-0.01,
0,0,-0.06,-10.06,-0.08,0,-0.01,
0,0,-0.06,-10.06,-0.08,0,-0.01,
0,0,-0.06,-10.06,-0.08,0,-0.01,
0,0,0.03,-10.02,-0.1,-0.01,-0.01,
0,0,0.03,-10.02,-0.1,0,-0.01,
0,0,0.03,-10.02,-0.1,0,-0.01,
0,0,-0.02,-9.98,-0.07,0,-0.01,
0,0,-0.02,-9.98,-0.07,0,-0.01,
0,0,-0.02,-9.98,-0.07,0,-0.01,
0,0,0.01,-10.03,-0.13,0,-0.01,
0,0,0.01,-10.03,-0.13,0,-0.01,
0,0,0.05,-10.09,-0.08,0,-0.01,
0,0,0.05,-10.09,-0.08,-0.01,-0.01,
0,0,0.05,-10.09,-0.08,0,-0.01,
0,0,0.03,-10.02,-0.11,0,-0.01,
0,0,0.03,-10.02,-0.11,0,-0.01,
0,0,0.03,-10.02,-0.11,-0.01,-0.01,
0,0,0.03,-9.96,-0.09,-0.01,-0.01,
0,0,0.03,-9.96,-0.09,0,-0.01,
0,0,0.03,-9.96,-0.09,0,-0.01,
0,0,0.03,-10.09,-0.1,0,-0.01,
0,0,0.03,-10.09,-0.1,0,-0.01,
0,0,0.03,-10.09,-0.1,0,-0.01,
0,0,-0.01,-10.08,-0.11,0,-0.01,
0,0,-0.01,-10.08,-0.11,0,-0.01,
0,0,-0.01,-10.08,-0.11,0,-0.01,
0,0,0,-9.99,-0.11,0,-0.01,
0,0,0,-9.99,-0.11,-0.01,-0.01,
0,0,0,-10.06,-0.13,0,-0.01,
0,0,0,-10.06,-0.13,0,-0.01,
0,0,0,-10.06,-0.13,-0.01,-0.01,
0,0,0,-10.06,-0.11,0,-0.01,
0,0,0,-10.06,-0.11,0,-0.01,
0,0,0,-10.06,-0.11,0,-0.01,
0,0,-0.02,-10.07,-0.05,0,0,
0,0,-0.02,-10.07,-0.05,0,0,
0,0,-0.02,-10.07,-0.05,-0.01,-0.01,
0,0,0.03,-10.01,-0.09,0,-0.01,
0,0,0.03,-10.01,-0.09,0,-0.01,
0,0,0.03,-10.01,-0.09,0,-0.01,
0,0,0.05,-10.02,-0.11,0,-0.01,
0,0,0.05,-10.02,-0.11,0,-0.01,
0,0,0.05,-10.02,-0.11,-0.01,-0.01,
0,0,-0.02,-10.02,-0.09,0,-0.01,
0,0,-0.02,-10.02,-0.09,0,-0.01,
0,0,-0.02,-10.02,-0.09,-0.01,-0.01,
0,0,0,-10.06,-0.06,0,-0.01,
0,0,0,-10.06,-0.06,0,-0.01,
0,0,0,-10.06,-0.06,0,-0.01,
0,0,0.05,-10.11,-0.11,0,-0.01,
0,0,0.05,-10.11,-0.11,0,-0.01,
0,0,-0.05,-10.01,-0.07,0,-0.01,
0,0,-0.05,-10.01,-0.07,0,-0.01,
0,0,-0.05,-10.01,-0.07,0,-0.01,
0,0,-0.01,-10.04,-0.06,-0.01,-0.01,
0,0,-0.01,-10.04,-0.06,-0.01,-0.01,
0,0,-0.01,-10.04,-0.06,0,-0.01,
0,0,0.03,-10.06,-0.07,-0.01,-0.01,
0,0,0.03,-10.06,-0.07,-0.01,-0.01,
0,0,0.03,-10.06,-0.07,0,-0.01,
0,0,0.03,-10.03,-0.12,0,-0.01,
0,0,0.03,-10.03,-0.12,0,-0.01,
0,0,0.03,-10.03,-0.12,0,-0.01,
0,0,0.06,-10.02,-0.1,0,-0.01,
0,0,0.06,-10.02,-0.1,0,-0.01,
0,0,0.06,-10.02,-0.1,0,-0.01,
0,0,0,-10.05,-0.07,0,-0.01,
0,0,0,-10.05,-0.07,0,-0.01,
0,0,0,-10.05,-0.07,0,-0.01,
0,0,-0.01,-10.02,-0.04,0,-0.01,
0,0,-0.01,-10.02,-0.04,0,-0.01,
0,0,-0.01,-10.02,-0.04,-0.01,-0.01,
0,0,-0.02,-10.04,-0.11,-0.01,-0.01,
0,0,-0.02,-10.04,-0.11,-0.01,-0.01,
0,0,-0.02,-10.04,-0.11,0,-0.01,
0,0,-0.04,-10.06,-0.11,0,-0.01,
0,0,-0.04,-10.06,-0.11,0,-0.01,
0,0,0.05,-10,-0.06,-0.01,-0.01,
0,0,0.05,-10,-0.06,0,-0.01,
0,0,0.05,-10,-0.06,0,-0.01,
0,0,0.04,-10.06,-0.11,0,-0.01,
0,0,0.04,-10.06,-0.11,0,-0.01,
0,0,0.04,-10.06,-0.11,0,-0.01,
0,0,0,-10.04,-0.06,0,-0.01,
0,0,0,-10.04,-0.06,-0.01,-0.01,
0,0,0,-10.04,-0.06,-0.01,-0.01,
0,0,0.03,-10,-0.09,-0.01,-0.01,
0,0,0.03,-10,-0.09,0,-0.01,
0,0,0.03,-10,-0.09,0,-0.01,
0,0,0.02,-10.06,-0.1,-0.01,-0.01,
0,0,0.02,-10.06,-0.1,-0.01,-0.01,
0,0,0.02,-10.06,-0.1,0,-0.01,
0,0,0,-10.06,-0.14,0,-0.01,
0,0,0,-10.06,-0.14,0,-0.01,
0,0,0.01,-9.96,-0.07,-0.01,-0.01,
0,0,0.01,-9.96,-0.07,-0.01,-0.01,
0,0,0.01,-9.96,-0.07,-0.01,-0.01,
0,0,0.03,-10,-0.06,0,-0.01,
0,0,0.03,-10,-0.06,0,-0.01,
0,0,0.03,-10,-0.06,0,-0.01,
0,0,-0.07,-10.01,-0.11,-0.01,-0.01,
0,0,-0.07,-10.01,-0.11,-0.01,-0.01,
0,0,-0.07,-10.01,-0.11,-0.01,-0.01,
0,0,-0.04,-10.02,-0.07,0,-0.01,
0,0,-0.04,-10.02,-0.07,0,-0.01,
0,0,-0.04,-10.02,-0.07,0,-0.01,
0,0,-0.01,-10.07,-0.05,0,-0.01,
0,0,-0.01,-10.07,-0.05,0,-0.01,
0,0,-0.01,-10.07,-0.05,0,-0.01,
0,0,0.01,-10,-0.1,0,-0.01,
0,0,0.03,-10.02,-0.04,-0.01,0,
0,0,0.03,-10.02,-0.04,0,-0.01,
0,0,0.03,-10.02,-0.04,-0.01,-0.01,
0,0,0.07,-10.07,-0.06,-0.01,-0.01,
0,0,0.07,-10.07,-0.06,0,-0.01,
0,0,0.07,-10.07,-0.06,0,-0.01,
0,0,0.04,-10.03,-0.07,0,-0.01,
0,0,0.04,-10.03,-0.07,0,-0.01,
0,0,0,-10.04,-0.13,0,-0.01,
0,0,0,-10.04,-0.13,0,-0.01,
0,0,0,-10.04,-0.13,-0.01,-0.01,
0,0,-0.05,-10.02,-0.05,0,-0.01,
0,0,-0.05,-10.02,-0.05,0,-0.01,
0,0,-0.05,-10.02,-0.05,0,-0.01,
0,0,0.02,-10.01,-0.06,-0.01,-0.01,
0,0,0.02,-10.01,-0.06,-0.01,-0.01,
0,0,0.02,-10.01,-0.06,0,-0.01,
0,0,-0.01,-10,-0.06,0,-0.01,
0,0,-0.01,-10,-0.06,0,-0.01,
0,0,-0.01,-10,-0.06,0,-0.01,
0,0,0,-10,-0.09,0,-0.01,
0,0,0,-10,-0.09,0,-0.01,
0,0,0,-10,-0.09,0,-0.01,
0,0,0.04,-9.99,-0.09,0,-0.01,
0,0,0.04,-9.99,-0.09,0,-0.01,
0,0,0.04,-9.99,-0.09,-0.01,-0.01,
0,0,0.02,-10,-0.07,0,-0.01,
0,0,0.02,-10,-0.07,0,-0.01,
0,0,0.02,-10,-0.07,0,-0.01,
0,0,0.02,-10.02,-0.11,-0.01,-0.01,
0,0,0.02,-10.02,-0.11,-0.01,-0.01,
0,0,0.01,-10.07,-0.08,0,-0.01,
0,0,0.01,-10.07,-0.08,-0.01,-0.01,
0,0,0.01,-10.07,-0.08,-0.01,-0.01,
0,0,-0.1,-9.99,-0.1,-0.01,-0.01,
0,0,-0.1,-9.99,-0.1,0,-0.01,
0,0,-0.1,-9.99,-0.1,0,-0.01,
0,0,0.05,-9.99,-0.06,0,-0.01,
0,0,0.05,-9.99,-0.06,0,-0.01,
0,0,0.05,-9.99,-0.06,0,-0.01,
0,0,-0.03,-10.07,-0.08,0,-0.01,
0,0,-0.03,-10.07,-0.08,0,-0.01,
0,0,-0.03,-10.07,-0.08,0,-0.01,
0,0,0.08,-10.01,-0.11,-0.01,-0.01,
0,0,0.08,-10.01,-0.11,-0.01,-0.01,
0,0,0.08,-10.01,-0.11,0,-0.01,
0,0,-0.04,-10.06,-0.08,0,-0.01,
0,0,-0.04,-10.06,-0.08,0,-0.01,
0,0,-0.04,-10.06,-0.08,-0.01,-0.01,
0,0,0.04,-9.95,-0.08,-0.01,0,
0,0,0.04,-9.95,-0.08,-0.01,0,
0,0,0.04,-9.95,-0.08,-0.01,-0.01,
0,0,0,-10.01,-0.09,0,-0.01,
0,0,0,-10.01,-0.09,0,-0.01,
0,0,0,-10.01,-0.09,0,-0.01,
0,0,0.02,-9.99,-0.11,0,-0.01,
0,0,0.02,-9.99,-0.11,0,-0.01,
0,0,0.02,-9.99,-0.11,0,-0.01,
0,0,0.02,-10.01,-0.13,0,-0.01,
0,0,0.02,-10.01,-0.13,0,-0.01,
0,0,0.02,-10.01,-0.13,0,-0.01,
0,0,0.01,-9.94,-0.02,0,-0.01,
0,0,0.01,-9.94,-0.02,0,-0.01,
0,0,-0.01,-10.01,-0.04,0,-0.01,
0,0,-0.01,-10.01,-0.04,0,-0.01,
0,0,-0.01,-10.01,-0.04,0,-0.01,
0,0,0.01,-10.07,-0.1,-0.01,-0.01,
0,0,0.01,-10.07,-0.1,0,-0.01,
0,0,0.01,-10.07,-0.1,0,-0.01,
0,0,0.06,-10.01,-0.08,0,-0.01,
0,0,0.06,-10.01,-0.08,0,-0.01,
0,0,0.06,-10.01,-0.08,0,-0.01,
0,0,0.05,-10.09,-0.07,0,-0.01,
0,0,0.05,-10.09,-0.07,-0.01,-0.01,
0,0,0.05,-10.09,-0.07,-0.01,-0.01,
0,0,0.05,-9.96,-0.07,-0.01,-0.01,
0,0,0.05,-9.96,-0.07,-0.01,0,
0,0,0.05,-9.96,-0.07,-0.01,0,
0,0,0.02,-10.13,-0.08,0,-0.01,
0,0,0.02,-10.13,-0.08,-0.01,-0.01,
0,0,0,-10.1,-0.15,-0.01,-0.01,
0,0,0,-10.1,-0.15,0,-0.01,
0,0,0,-10.1,-0.15,0,-0.01,
0,0,-0.07,-10.03,-0.08,0,-0.01,
0,0,-0.07,-10.03,-0.08,-0.01,-0.01,
0,0,-0.07,-10.03,-0.08,0,-0.01,
0,0,0.05,-9.98,-0.04,0,-0.01,
0,0,0.05,-9.98,-0.04,0,-0.01,
0,0,0.05,-9.98,-0.04,-0.01,-0.01,
0,0,0.03,-9.98,-0.14,0,-0.01,
0,0,0.03,-9.98,-0.14,0,-0.01,
0,0,0.03,-9.98,-0.14,0,-0.01,
0,0,0,-10,-0.08,0,-0.01,
0,0,0,-10,-0.08,0,-0.01,
0,0,0,-10.05,-0.09,-0.01,-0.01,
0,0,0,-10.05,-0.09,0,-0.01,
0,0,0,-10.05,-0.09,0,-0.01,
0,0,0.01,-9.99,-0.06,-0.01,-0.01,
0,0,0.01,-9.99,-0.06,0,-0.01,
0,0,0.01,-9.99,-0.06,0,-0.01,
0,0,-0.03,-10.01,-0.07,-0.01,-0.01,
0,0,-0.03,-10.01,-0.07,-0.01,-0.01,
0,0,-0.03,-10.01,-0.07,-0.01,-0.01,
0,0,-0.06,-10.04,-0.05,-0.01,-0.01,
0,0,-0.06,-10.04,-0.05,0,-0.01,
0,0,-0.06,-10.04,-0.05,0,-0.01,
0,0,0.07,-10.03,-0.15,0,-0.01,
0,0,0.07,-10.03,-0.15,0,-0.01,
0,0,0.07,-10.03,-0.15,0,-0.01,
0,0,0.02,-10.02,-0.06,0,-0.01,
0,0,0.02,-10.02,-0.06,-0.01,-0.01,
0,0,-0.01,-10,-0.04,-0.01,-0.01,
0,0,-0.01,-10,-0.04,0,-0.01,
0,0,-0.01,-10,-0.04,0,-0.01,
0,0,0,-10.03,-0.06,0,-0.01,
0,0,0,-10.03,-0.06,0,-0.01,
0,0,0,-10.03,-0.06,-0.01,-0.01,
0,0,-0.04,-10.05,-0.11,0,-0.01,
0,0,-0.04,-10.05,-0.11,0,-0.01,
0,0,-0.04,-10.05,-0.11,0,-0.01,
0,0,0,-10.03,-0.12,-0.01,-0.01,
0,0,0,-10.03,-0.12,-0.01,-0.01,
0,0,0,-10.03,-0.12,0,-0.01,
0,0,-0.06,-9.96,0.06,0,-0.01,
0,0,-0.06,-9.96,0.06,0,-0.01,
0,0,0.04,-10.03,-0.05,0,-0.01,
0,0,0.04,-10.03,-0.05,-0.01,-0.01,
0,0,0.04,-10.03,-0.05,-0.01,-0.01,
0,0,0.01,-10.06,-0.15,-0.01,-0.01,
0,0,0.01,-10.06,-0.15,0,-0.01,
0,0,0.01,-10.06,-0.15,0,-0.01,
0,0,0.03,-10.07,-0.15,0,-0.01,
0,0,0.03,-10.07,-0.15,0,-0.01,
0,0,0.03,-10.07,-0.15,0,-0.01,
0,0,0,-9.97,-0.05,0,-0.01,
0,0,0,-9.97,-0.05,0,-0.01,
0,0,0,-9.97,-0.05,0,-0.01,
0,0,0,-9.98,-0.09,0,-0.01,
0,0,0,-9.98,-0.09,-0.01,-0.01,
0,0,0,-9.98,-0.09,-0.01,-0.01,
0,0,0,-10.07,-0.08,-0.01,-0.01,
0,0,0,-10.07,-0.08,-0.01,-0.01,
0,0,0,-10.07,-0.08,-0.01,-0.01,
0,0,0,-10.01,-0.17,0,-0.01,
0,0,0,-10.01,-0.17,0,-0.01,
0,0,0,-10.01,-0.17,0,-0.01,
0,0,-0.04,-9.98,-0.04,-0.01,-0.01,
0,0,-0.04,-9.98,-0.04,-0.01,-0.01,
0,0,-0.04,-9.98,-0.04,0,-0.01,
0,0,-0.03,-10.06,-0.02,0,-0.01,
0,0,-0.03,-10.06,-0.02,0,-0.01,
0,0,-0.01,-10.09,-0.08,0,-0.01,
0,0,-0.01,-10.09,-0.08,-0.01,-0.01,
0,0,-0.01,-10.09,-0.08,-0.01,-0.01,
0,0,0.02,-10.09,-0.16,-0.01,-0.01,
0,0,0.02,-10.09,-0.16,0,-0.01,
0,0,0.02,-10.09,-0.16,0,-0.01,
0,0,-0.03,-10.08,-0.14,0,-0.01,
0,0,-0.03,-10.08,-0.14,-0.01,-0.01,
0,0,-0.03,-10.08,-0.14,0,-0.01,
0,0,0.06,-10.04,-0.05,0,-0.01,
0,0,0.06,-10.04,-0.05,-0.01,-0.01,
0,0,0.06,-10.04,-0.05,-0.01,-0.01,
0,0,0.06,-10.07,-0.11,-0.01,-0.01,
0,0,0.06,-10.07,-0.11,0,-0.01,
0,0,0.01,-10.01,-0.11,0,-0.01,
0,0,0.01,-10.01,-0.11,0,-0.01,
0,0,0.01,-10.01,-0.11,0,-0.01,
0,0,-0.02,-9.99,-0.12,-0.01,-0.01,
0,0,-0.02,-9.99,-0.12,-0.01,-0.01,
0,0,-0.02,-9.99,-0.12,0,-0.01,
0,0,0,-10.04,-0.1,0,-0.01,
0,0,0,-10.04,-0.1,0,-0.01,
0,0,0,-10.04,-0.1,-0.01,-0.01,
0,0,0,-10.05,-0.15,0,-0.01,
0,0,0,-10.05,-0.15,0,-0.01,
0,0,0,-10.05,-0.15,-0.01,-0.01,
0,0,-0.06,-10.04,-0.13,0,-0.01,
0,0,-0.06,-10.04,-0.13,0,-0.01,
0,0,-0.06,-10.04,-0.13,0,-0.01,
0,0,0.02,-10.04,-0.07,0,-0.01,
0,0,0.02,-10.04,-0.07,0,-0.01,
0,0,-0.02,-9.97,-0.04,0,-0.01,
0,0,-0.02,-9.97,-0.04,-0.01,-0.01,
0,0,-0.02,-9.97,-0.04,-0.01,-0.01,
0,0,0.04,-10.1,-0.09,0,-0.01,
0,0,0.04,-10.1,-0.09,-0.01,-0.01,
0,0,0.04,-10.1,-0.09,-0.01,-0.01,
0,0,0,-9.99,-0.14,0,-0.01,
0,0,0,-9.99,-0.14,0,-0.01,
0,0,0,-9.99,-0.14,-0.01,-0.01,
0,0,0.01,-10.04,-0.11,-0.01,-0.01,
0,0,0.01,-10.04,-0.11,0,-0.01,
0,0,0.01,-10.04,-0.11,-0.01,-0.01,
0,0,0.03,-9.98,-0.03,-0.01,-0.01,
0,0,0.03,-9.98,-0.03,-0.01,-0.01,
0,0,0.03,-9.98,-0.03,-0.01,-0.01,
0,0,0,-10.05,-0.07,-0.01,-0.01,
0,0,0,-10.05,-0.07,0,0,
0,0,0.04,-10,-0.11,0,-0.01,
0,0,0.04,-10,-0.11,0,-0.01,
0,0,0.04,-10,-0.11,0,-0.01,
0,0,-0.02,-10.05,-0.12,-0.01,-0.01,
0,0,-0.02,-10.05,-0.12,-0.01,-0.01,
0,0,-0.02,-10.05,-0.12,0,-0.01,
0,0,0.03,-10.01,-0.09,0,-0.01,
0,0,0.03,-10.01,-0.09,0,-0.01,
0,0,0.03,-10.01,-0.09,0,-0.01,
0,0,0,-10.07,-0.11,0,-0.01,
0,0,0,-10.07,-0.11,0,-0.01,
0,0,0,-10.07,-0.11,0,-0.01,
0,0,0.02,-10.06,-0.11,0,-0.01,
0,0,0.02,-10.06,-0.11,0,-0.01,
0,0,0.02,-10.06,-0.11,0,-0.01,
0,0,-0.02,-10.01,-0.09,-0.01,0,
0,0,-0.02,-10.01,-0.09,-0.01,0,
0,0,-0.02,-10.01,-0.09,0,-0.01,
0,0,0,-10.04,-0.11,0,-0.01,
0,0,0,-10.04,-0.11,0,-0.01,
0,0,0.07,-9.98,-0.08,0,-0.01,
0,0,0.07,-9.98,-0.08,0,-0.01,
0,0,0.07,-9.98,-0.08,0,-0.01,
0,0,0,-10.08,-0.13,-0.01,-0.01,
0,0,0,-10.08,-0.13,-0.01,-0.01,
0,0,0,-10.08,-0.13,0,-0.01,
0,0,-0.01,-10.05,-0.08,-0.01,-0.01,
0,0,-0.01,-10.05,-0.08,-0.01,-0.01,
0,0,-0.01,-10.05,-0.08,-0.01,-0.01,
0,0,-0.05,-10.06,-0.09,0,-0.01,
0,0,-0.05,-10.06,-0.09,0,-0.01,
0,0,-0.05,-10.06,-0.09,-0.01,-0.01,
0,0,-0.03,-9.98,-0.09,0,-0.01,
0,0,-0.03,-9.98,-0.09,-0.01,-0.01,
0,0,-0.03,-9.98,-0.09,-0.01,-0.01,
0,0,0.02,-10.04,-0.11,0,-0.01,
0,0,0.02,-10.04,-0.11,0,-0.01,
0,0,0.02,-10.04,-0.11,0,-0.01,
0,0,0,-10.01,-0.02,-0.01,-0.01,
0,0,0,-10.01,-0.02,-0.01,-0.01,
0,0,0,-10.01,-0.02,0,-0.01,
0,0,0.01,-10.08,-0.09,-0.01,-0.01,
0,0,0.01,-10.08,-0.09,-0.01,-0.01,
0,0,0.01,-10.08,-0.09,0,-0.01,
0,0,0.02,-10.05,-0.09,0,-0.01,
0,0,0.02,-10.05,-0.09,0,-0.01,
0,0,0.02,-10.05,-0.09,0,-0.01,
0,0,-0.01,-10.01,-0.14,0,-0.01,
0,0,-0.01,-10.01,-0.14,0,-0.01,
0,0,0.03,-10.01,-0.04,0,-0.01,
0,0,0.03,-10.01,-0.04,-0.01,-0.01,
0,0,0.03,-10.01,-0.04,-0.01,-0.01,
0,0,-0.07,-10,-0.08,0,-0.01,
0,0,-0.07,-10,-0.08,-0.01,-0.01,
0,0,-0.07,-10,-0.08,-0.01,-0.01,
0,0,-0.02,-9.98,-0.17,0,-0.01,
0,0,-0.02,-9.98,-0.17,0,0,
0,0,-0.02,-9.98,-0.17,0,0,
0,0,0.05,-10.08,-0.13,-0.01,-0.01,
0,0,0.05,-10.08,-0.13,0,-0.01,
0,0,0.05,-10.08,-0.13,0,-0.01,
0,0,0,-10.06,-0.06,-0.01,0,
0,0,0,-10.06,-0.06,0,-0.01,
0,0,0,-10.06,-0.06,0,-0.01,
0,0,-0.01,-9.99,-0.11,-0.01,-0.01,
0,0,-0.01,-9.99,-0.11,-0.01,-0.01,
0,0,0.02,-10.04,-0.07,-0.01,-0.01,
0,0,0.02,-10.04,-0.07,-0.01,-0.01,
0,0,0.02,-10.04,-0.07,0,-0.01,
0,0,0.04,-10.07,-0.08,0,-0.01,
0,0,0.04,-10.07,-0.08,0,-0.01,
0,0,0.04,-10.07,-0.08,0,-0.01,
0,0,-0.02,-10.01,-0.07,-0.01,-0.01,
0,0,-0.02,-10.01,-0.07,-0.01,-0.01,
0,0,-0.02,-10.01,-0.07,-0.01,-0.01,
0,0,0.06,-10.04,-0.13,0,-0.01,
0,0,0.06,-10.04,-0.13,0,-0.01,
0,0,0.06,-10.04,-0.13,0,-0.01,
0,0,0.02,-10.07,-0.1,-0.01,-0.01,
0,0,0.02,-10.07,-0.1,-0.01,-0.01,
0,0,-0.02,-10.09,-0.14,0,-0.01,
0,0,-0.02,-10.09,-0.14,0,-0.01,
0,0,-0.02,-10.09,-0.14,0,-0.01,
0,0,0.05,-10,-0.03,0,-0.01,
0,0,0.05,-10,-0.03,0,-0.01,
0,0,0.05,-10,-0.03,0,-0.01,
0,0,0.03,-10.01,-0.02,0,-0.01,
0,0,0.03,-10.01,-0.02,0,-0.01,
0,0,0.03,-10.01,-0.02,0,-0.01,
0,0,0.02,-10.02,-0.08,-0.01,-0.01,
0,0,0.02,-10.02,-0.08,0,-0.01,
0,0,0.02,-10.02,-0.08,0,-0.01,
0,0,0.04,-10.02,-0.14,0,-0.01,
0,0,0.04,-10.02,-0.14,0,-0.01,
0,0,0.04,-10.02,-0.14,0,-0.01,
0,0,-0.01,-9.99,-0.07,0,-0.01,
0,0,-0.01,-9.99,-0.07,-0.01,-0.01,
0,0,-0.02,-10,-0.15,0,-0.01,
0,0,-0.02,-10,-0.15,0,-0.01,
0,0,-0.02,-10,-0.15,-0.01,-0.01,
0,0,0.05,-10.05,-0.06,0,0,
0,0,0.05,-10.05,-0.06,0,0,
0,0,0.05,-10.05,-0.06,0,-0.01,
0,0,0.06,-10.04,-0.11,-0.01,-0.01,
0,0,0.06,-10.04,-0.11,-0.01,-0.01,
0,0,0.06,-10.04,-0.11,-0.01,-0.01,
0,0,0.03,-10.02,-0.01,0,-0.01,
0,0,0.03,-10.02,-0.01,0,-0.01,
0,0,0.03,-10.02,-0.01,-0.01,0,
0,0,0.03,-10.08,-0.06,0,-0.01,
0,0,0.03,-10.08,-0.06,0,-0.01,
0,0,-0.01,-10,-0.15,0,-0.01,
0,0,-0.01,-10,-0.15,0,-0.01,
0,0,-0.01,-10,-0.15,0,-0.01,
0,0,-0.03,-10.03,-0.01,-0.01,-0.01,
0,0,-0.03,-10.03,-0.01,0,-0.01,
0,0,-0.03,-10.03,-0.01,0,-0.01,
0,0,0.02,-10,-0.1,-0.01,-0.01,
0,0,0.02,-10,-0.1,0,-0.01,
0,0,0.02,-10,-0.1,0,-0.01,
0,0,-0.03,-10,-0.13,0,-0.01,
0,0,-0.03,-10,-0.13,0,-0.01,
0,0,-0.03,-10,-0.13,0,-0.01,
0,0,-0.06,-10.03,-0.04,0,-0.01,
0,0,-0.06,-10.03,-0.04,0,-0.01,
0,0,-0.06,-10.03,-0.04,0,-0.01,
0,0,0.06,-10,-0.09,0,-0.01,
0,0,0.06,-10,-0.09,-0.01,-0.01,
0,0,0.06,-10,-0.09,-0.01,-0.01,
0,0,0.04,-9.96,-0.06,-0.01,-0.01,
0,0,0.04,-9.96,-0.06,-0.01,-0.01,
0,0,0.04,-9.96,-0.06,-0.01,-0.01,
0,0,-0.04,-10.02,-0.1,0,-0.01,
0,0,-0.04,-10.02,-0.1,0,-0.01,
0,0,-0.04,-10.02,-0.1,0,-0.01,
0,0,0.06,-10.01,-0.08,-0.01,-0.01,
0,0,0.06,-10.01,-0.08,0,-0.01,
0,0,0.04,-10.03,-0.09,0,-0.01,
0,0,0.04,-10.03,-0.09,0,-0.01,
0,0,0.04,-10.03,-0.09,0,-0.01,
0,0,0,-9.99,-0.15,0,-0.01,
0,0,0,-9.99,-0.15,-0.01,0,
0,0,0,-9.99,-0.15,-0.01,0,
0,0,0.02,-10.05,-0.05,0,-0.01,
0,0,0.02,-10.05,-0.05,0,-0.01,
0,0,0.02,-10.05,-0.05,0,-0.01,
0,0,-0.02,-10.09,-0.12,0,-0.01,
0,0,-0.02,-10.09,-0.12,0,-0.01,
0,0,-0.02,-10.09,-0.12,0,-0.01,
0,0,0,-10.05,-0.04,0,-0.01,
0,0,0,-10.05,-0.04,0,0,
0,0,0,-10.05,-0.04,0,0,
0,0,-0.02,-10.05,-0.11,0,-0.01,
0,0,-0.02,-10.05,-0.11,0,-0.01,
0,0,-0.02,-10.05,-0.11,0,-0.01,
0,0,0.02,-10,-0.11,-0.01,-0.01,
0,0,0.02,-10,-0.11,0,-0.01,
0,0,0.02,-10,-0.11,0,-0.01,
0,0,0.05,-10,-0.06,0,-0.01,
0,0,0.05,-10,-0.06,0,0,
0,0,-0.01,-10.07,-0.13,0,0,
0,0,-0.01,-10.07,-0.13,0,-0.01,
0,0,-0.01,-10.07,-0.13,0,-0.01,
0,0,0.02,-9.98,-0.03,0,-0.01,
0,0,0.02,-9.98,-0.03,-0.01,-0.01,
0,0,0.02,-9.98,-0.03,0,-0.01,
0,0,0.03,-10.02,-0.1,0,-0.01,
0,0,0.03,-10.02,-0.1,0,-0.01,
0,0,0.03,-10.02,-0.1,-0.01,-0.01,
0,0,-0.04,-10.01,-0.09,-0.01,-0.01,
0,0,-0.04,-10.01,-0.09,0,-0.01,
0,0,-0.04,-10.01,-0.09,-0.01,-0.01,
0,0,-0.01,-10.03,-0.09,0,-0.01,
0,0,-0.01,-10.03,-0.09,0,-0.01,
0,0,-0.01,-10.03,-0.09,0,-0.01,
0,0,-0.02,-10.03,-0.09,0,-0.01,
0,0,-0.02,-10.03,-0.09,0,-0.01,
0,0,-0.02,-10.03,-0.09,0,0,
0,0,-0.01,-9.95,-0.04,-0.01,-0.01,
0,0,-0.01,-9.95,-0.04,-0.01,-0.01,
0,0,0,-10.04,-0.18,-0.01,-0.01,
0,0,0,-10.04,-0.18,0,-0.01,
0,0,0,-10.04,-0.18,0,-0.01,
0,0,0.03,-10.06,0,-0.01,-0.01,
0,0,0.03,-10.06,0,-0.01,-0.01,
0,0,0.03,-10.06,0,-0.01,-0.01,
0,0,0,-10.14,-0.23,-0.01,-0.01,
0,0,0,-10.14,-0.23,0,-0.01,
0,0,0,-10.14,-0.23,0,-0.01,
0,0,-0.06,-10.08,-0.18,-0.01,-0.01,
0,0,-0.06,-10.08,-0.18,-0.01,-0.01,
0,0,-0.06,-10.08,-0.18,-0.01,-0.01,
0,0,0.09,-9.94,-0.01,-0.01,-0.01,
0,0,0.09,-9.94,-0.01,0,-0.01,
0,0,0.09,-9.94,-0.01,0,-0.01,
0,0,0.03,-10.06,-0.08,0,-0.01,
0,0,0.03,-10.06,-0.08,-0.01,-0.01,
0,0,0.03,-10.06,-0.08,-0.01,-0.01,
0,0,0,-10.07,-0.17,-0.01,-0.01,
0,0,0,-10.07,-0.17,0,-0.01,
0,0,0.01,-10.11,-0.14,0,-0.01,
0,0,0.01,-10.11,-0.14,0,-0.01,
0,0,0.01,-10.11,-0.14,0,-0.01,
0,0,0.04,-9.96,-0.06,0,-0.01,
0,0,0.04,-9.96,-0.06,0,0,
0,0,0.04,-9.96,-0.06,-0.01,-0.01,
0,0,-0.11,-9.97,-0.14,-0.01,-0.01,
0,0,-0.11,-9.97,-0.14,0,-0.01,
0,0,-0.11,-9.97,-0.14,-0.01,-0.01,
0,0,0.07,-10.04,-0.18,-0.01,-0.01,
0,0,0.07,-10.04,-0.18,-0.01,-0.01,
0,0,0.07,-10.04,-0.18,0,-0.01,
0,0,-0.01,-10.04,-0.14,0,-0.01,
0,0,-0.01,-10.04,-0.14,0,-0.01,
0,0,-0.01,-10.04,-0.14,0,-0.01,
0,0,-0.03,-9.99,0,0,-0.01,
0,0,-0.03,-9.99,0,-0.01,-0.01,
0,0,-0.03,-9.99,0,0,-0.01,
0,0,0.02,-10.03,-0.11,0,-0.01,
0,0,0.02,-10.03,-0.11,-0.01,-0.01,
0,0,0.02,-10.03,-0.11,-0.01,-0.01,
0,0,0.01,-9.95,-0.06,-0.01,-0.01,
0,0,0.01,-9.95,-0.06,0,-0.01,
0,0,0.01,-10.02,-0.12,0,-0.01,
0,0,0.01,-10.02,-0.12,-0.01,0,
0,0,0.01,-10.02,-0.12,0,-0.01,
0,0,0.04,-9.96,0.01,0,-0.01,
0,0,0.04,-9.96,0.01,-0.01,-0.01,
0,0,0.04,-9.96,0.01,0,-0.01,
0,0,-0.02,-10.03,-0.15,0,-0.01,
0,0,-0.02,-10.03,-0.15,0,-0.01,
0,0,-0.02,-10.03,-0.15,0,-0.01,
0,0,-0.01,-10.02,-0.11,0,-0.01,
0,0,-0.01,-10.02,-0.11,0,-0.01,
0,0,-0.01,-10.02,-0.11,0,0,
0,0,0.07,-10.04,-0.06,0,0,
0,0,0.07,-10.04,-0.06,-0.01,-0.01,
0,0,0.07,-10.04,-0.06,-0.01,-0.01,
0,0,-0.08,-10.07,-0.09,-0.01,-0.01,
0,0,-0.08,-10.07,-0.09,0,-0.01,
0,0,-0.08,-10.07,-0.09,0,-0.01,
0,0,-0.03,-10.01,-0.11,-0.01,-0.01,
0,0,-0.03,-10.01,-0.11,0,-0.01,
0,0,-0.03,-10.01,-0.11,0,-0.01,
0,0,0.03,-10.03,-0.12,0,-0.01,
0,0,0.03,-10.03,-0.12,0,-0.01,
0,0,0.03,-10.03,-0.12,0,-0.01,
0,0,0,-10.01,-0.08,-0.01,-0.01,
0,0,0,-10.01,-0.08,0,-0.01,
0,0,0,-10.01,-0.08,0,-0.01,
0,0,0.07,-10.07,-0.09,0,-0.01,
0,0,0.07,-10.07,-0.09,-0.01,-0.01,
0,0,0.07,-10.07,-0.09,-0.01,-0.01,
0,0,0.02,-10.03,-0.11,0,-0.01,
0,0,0.02,-10.03,-0.11,0,-0.01,
0,0,0.02,-10.03,-0.11,0,-0.01,
0,0,0.01,-10,-0.06,-0.01,-0.01,
0,0,0.01,-10,-0.06,0,-0.01,
0,0,0.04,-10.13,-0.22,0,-0.01,
0,0,0.04,-10.13,-0.22,0,-0.01,
0,0,0.04,-10.13,-0.22,0,-0.01,
0,0,0,-9.96,-0.05,0,-0.01,
0,0,0,-9.96,-0.05,0,-0.01,
0,0,0,-9.96,-0.05,0,-0.01,
0,0,0.07,-10.04,-0.14,0,-0.01,
0,0,0.07,-10.04,-0.14,0,-0.01,
0,0,0.07,-10.04,-0.14,-0.01,-0.01,
0,0,0.01,-9.97,-0.08,-0.01,-0.01,
0,0,0.01,-9.97,-0.08,0,-0.01,
0,0,0.01,-9.97,-0.08,0,-0.01,
0,0,0.03,-10.06,-0.11,0,-0.01,
0,0,0.03,-10.06,-0.11,0,-0.01,
0,0,0.03,-10.06,-0.11,0,0,
0,0,-0.05,-10.06,-0.06,0,0,
0,0,-0.05,-10.06,-0.06,0,-0.01,
0,0,0.07,-10.01,-0.04,0,-0.01,
0,0,0.07,-10.01,-0.04,0,-0.01,
0,0,0.07,-10.01,-0.04,-0.01,-0.01,
0,0,0.02,-10.04,-0.1,0,-0.01,
0,0,0.02,-10.04,-0.1,0,-0.01,
0,0,0.02,-10.04,-0.1,0,-0.01,
0,0,0.01,-10.02,-0.15,-0.01,-0.01,
0,0,0.01,-10.02,-0.15,-0.01,-0.01,
0,0,0.01,-10.02,-0.15,-0.01,-0.01,
0,0,0,-10.02,-0.06,-0.01,-0.01,
0,0,0,-10.02,-0.06,-0.01,-0.01,
0,0,0,-10.02,-0.06,-0.01,-0.01,
0,0,0.06,-10.03,-0.08,-0.01,0,
0,0,0.06,-10.03,-0.08,-0.01,0,
0,0,0.06,-10.03,-0.08,-0.01,-0.01,
0,0,0.02,-10,-0.06,0,-0.01,
0,0,0.02,-10,-0.06,-0.01,-0.01,
0,0,0.02,-10,-0.06,-0.01,-0.01,
0,0,0.02,-10.04,-0.1,-0.01,-0.01,
0,0,0.02,-10.04,-0.1,0,-0.01,
0,0,0.08,-10.04,-0.11,0,-0.01,
0,0,0.08,-10.04,-0.11,0,-0.01,
0,0,0.08,-10.04,-0.11,0,-0.01,
0,0,0.04,-10.01,-0.04,0,-0.01,
0,0,0.04,-10.01,-0.04,-0.01,-0.01,
0,0,0.04,-10.01,-0.04,0,-0.01,
0,0,0.03,-10.04,-0.13,0,-0.01,
0,0,0.03,-10.04,-0.13,0,-0.01,
0,0,0.03,-10.04,-0.13,0,-0.01,
0,0,0,-10.04,-0.05,0,-0.01,
0,0,0,-10.04,-0.05,-0.01,-0.01,
0,0,0,-10.04,-0.05,0,-0.01,
0,0,0.02,-10.06,-0.1,0,-0.01,
0,0,0.02,-10.06,-0.1,0,-0.01,
0,0,0.02,-10.06,-0.1,-0.01,-0.01,
0,0,0,-9.96,-0.11,-0.01,-0.01,
0,0,0,-9.96,-0.11,0,-0.01,
0,0,0.04,-9.96,-0.07,0,-0.01,
0,0,0.04,-9.96,-0.07,0,-0.01,
0,0,0.04,-9.96,-0.07,-0.01,-0.01,
0,0,-0.06,-10.02,-0.05,0,-0.01,
0,0,-0.06,-10.02,-0.05,0,-0.01,
0,0,-0.06,-10.02,-0.05,0,-0.01,
0,0,0.02,-9.99,-0.11,0,-0.01,
0,0,0.02,-9.99,-0.11,0,-0.01,
0,0,0.02,-9.99,-0.11,0,0,
0,0,0.07,-10.07,-0.09,-0.01,-0.01,
0,0,0.07,-10.07,-0.09,-0.01,-0.01,
0,0,0.07,-10.07,-0.09,-0.01,0,
0,0,0.02,-10.03,-0.07,-0.01,-0.01,
0,0,0.02,-10.03,-0.07,-0.01,-0.01,
0,0,0.02,-10.03,-0.07,0,-0.01,
0,0,0.09,-10.04,-0.07,0,-0.01,
0,0,0.09,-10.04,-0.07,0,-0.01,
0,0,0.09,-10.04,-0.07,-0.01,-0.01,
0,0,0.03,-10.06,-0.1,-0.01,-0.01,
0,0,0.03,-10.06,-0.1,-0.01,-0.01,
0,0,0.03,-10.06,-0.1,-0.01,-0.01,
0,0,-0.01,-10.01,-0.08,-0.01,-0.01,
0,0,-0.01,-10.01,-0.08,-0.01,-0.01,
0,0,0,-9.96,-0.12,0,-0.01,
0,0,0,-9.96,-0.12,0,-0.01,
0,0,0,-9.96,-0.12,0,-0.01,
0,0,-0.05,-10.03,-0.1,-0.01,-0.01,
0,0,-0.05,-10.03,-0.1,-0.01,-0.01,
0,0,-0.05,-10.03,-0.1,-0.01,-0.01,
0,0,0,-10.05,-0.08,-0.01,-0.01,
0,0,0,-10.05,-0.08,0,-0.01,
0,0,0,-10.05,-0.08,0,-0.01,
0,0,-0.04,-10.12,-0.17,0,-0.01,
0,0,-0.04,-10.12,-0.17,0,-0.01,
0,0,-0.04,-10.12,-0.17,0,-0.01,
0,0,0.05,-10.05,-0.06,0,-0.01,
0,0,0.05,-10.05,-0.06,-0.01,-0.01,
0,0,0.05,-10.05,-0.06,-0.01,-0.01,
0,0,0.02,-10.09,-0.09,-0.01,-0.01,
0,0,0.02,-10.09,-0.09,0,0,
0,0,0.02,-10.09,-0.09,0,0,
0,0,0,-9.99,-0.11,-0.01,-0.01,
0,0,0,-9.99,-0.11,0,-0.01,
0,0,0,-9.99,-0.1,0,-0.01,
0,0,0,-9.99,-0.1,0,-0.01,
0,0,0,-9.99,-0.1,0,-0.01,
0,0,-0.02,-10.02,0,0,-0.01,
0,0,-0.02,-10.02,0,0,-0.01,
0,0,-0.02,-10.02,0,0,-0.01,
0,0,-0.05,-10,-0.08,0,-0.01,
0,0,-0.05,-10,-0.08,-0.01,0,
0,0,-0.05,-10,-0.08,-0.01,-0.01,
0,0,-0.02,-9.96,-0.14,-0.01,-0.01,
0,0,-0.02,-9.96,-0.14,-0.01,-0.01,
0,0,-0.02,-9.96,-0.14,0,-0.01,
0,0,0,-10,-0.11,0,-0.01,
0,0,0,-10,-0.11,0,-0.01,
0,0,0,-10,-0.11,0,0,
0,0,0.07,-9.99,-0.05,0,0,
0,0,0.07,-9.99,-0.05,-0.01,-0.02,
0,0,0.01,-10.06,-0.06,0,-0.01,
0,0,0.01,-10.06,-0.06,0,-0.01,
0,0,0.01,-10.06,-0.06,-0.01,-0.01,
0,0,-0.03,-10.01,-0.12,-0.01,-0.01,
0,0,-0.03,-10.01,-0.12,-0.01,-0.01,
0,0,-0.03,-10.01,-0.12,0,-0.01,
0,0,0.02,-10.1,-0.14,0,-0.01,
0,0,0.02,-10.1,-0.14,0,-0.01,
0,0,0.02,-10.1,-0.14,-0.01,-0.01,
0,0,-0.05,-10,-0.02,0,-0.01,
0,0,-0.05,-10,-0.02,0,-0.01,
0,0,-0.05,-10,-0.02,-0.01,-0.01,
0,0,-0.02,-10.01,0.01,-0.01,-0.01,
0,0,-0.02,-10.01,0.01,-0.01,-0.01,
0,0,-0.02,-10.01,0.01,-0.01,-0.01,
0,0,0.01,-10.07,-0.21,0,-0.01,
0,0,0.01,-10.07,-0.21,0,-0.01,
0,0,-0.08,-10.03,-0.14,0,-0.01,
0,0,-0.08,-10.03,-0.14,0,-0.01,
0,0,-0.08,-10.03,-0.14,0,-0.01,
0,0,0.06,-10.01,-0.01,0,-0.01,
0,0,0.06,-10.01,-0.01,-0.01,-0.01,
0,0,0.06,-10.01,-0.01,0,-0.01,
0,0,0,-9.99,0,0,-0.01,
0,0,0,-9.99,0,-0.01,-0.01,
0,0,0,-9.99,0,-0.01,-0.01,
0,0,-0.02,-10.07,-0.17,-0.01,-0.01,
0,0,-0.02,-10.07,-0.17,-0.01,-0.01,
0,0,-0.02,-10.07,-0.17,-0.01,-0.01,
0,0,0.05,-10.04,-0.11,-0.01,-0.01,
0,0,0.05,-10.04,-0.11,0,-0.01,
0,0,0.05,-10.04,-0.11,0,-0.01,
0,0,0.04,-10,-0.12,0,-0.01,
0,0,0.04,-10,-0.12,0,-0.01,
0,0,-0.07,-9.99,-0.07,0,-0.01,
0,0,-0.07,-9.99,-0.07,0,-0.01,
0,0,-0.07,-9.99,-0.07,-0.01,-0.01,
0,0,-0.02,-10.03,-0.09,0,-0.01,
0,0,-0.02,-10.03,-0.09,0,-0.01,
0,0,-0.02,-10.03,-0.09,0,-0.01,
0,0,-0.04,-9.99,-0.09,-0.01,-0.01,
0,0,-0.04,-9.99,-0.09,-0.01,-0.01,
0,0,-0.04,-9.99,-0.09,0,0,
0,0,-0.02,-10.09,-0.12,0,-0.01,
0,0,-0.02,-10.09,-0.12,0,-0.01,
0,0,-0.02,-10.09,-0.12,-0.01,-0.01,
0,0,0.04,-9.97,-0.1,-0.01,-0.01,
0,0,0.04,-9.97,-0.1,-0.01,-0.01,
0,0,0.04,-9.97,-0.1,0,-0.01,
0,0,-0.01,-10.04,-0.04,-0.01,-0.01,
0,0,-0.01,-10.04,-0.04,-0.01,-0.01,
0,0,0,-10.08,-0.13,0,-0.01,
0,0,0,-10.08,-0.13,0,-0.01,
0,0,0,-10.08,-0.13,0,-0.01,
0,0,0,-10.04,-0.09,0,-0.01,
0,0,0,-10.04,-0.09,-0.01,-0.01,
0,0,0,-10.04,-0.09,-0.01,-0.01,
0,0,0.01,-9.97,-0.06,-0.01,-0.01,
0,0,0.01,-9.97,-0.06,0,-0.01,
0,0,0.01,-9.97,-0.06,0,-0.01,
0,0,0.01,-9.99,-0.02,0,-0.01,
0,0,0.01,-9.99,-0.02,-0.01,-0.01,
0,0,0.01,-9.99,-0.02,-0.01,-0.01,
0,0,-0.02,-10.02,-0.07,0,-0.01,
0,0,-0.02,-10.02,-0.07,0,-0.01,
0,0,-0.02,-10.02,-0.07,0,-0.01,
0,0,-0.02,-10.08,-0.19,-0.01,-0.01,
0,0,-0.02,-10.08,-0.19,0,-0.01,
0,0,-0.02,-10.08,-0.19,0,-0.01,
0,0,-0.01,-9.97,-0.07,0,-0.01,
0,0,-0.01,-9.97,-0.07,0,-0.01,
0,0,-0.01,-10.03,-0.06,0,-0.01,
0,0,-0.01,-10.03,-0.06,0,-0.01,
0,0,-0.01,-10.03,-0.06,-0.01,-0.01,
0,0,0.01,-10.01,-0.12,-0.01,-0.01,
0,0,0.01,-10.01,-0.12,-0.01,-0.01,
0,0,0.01,-10.01,-0.12,0,-0.01,
0,0,0.02,-10.02,-0.03,-0.01,-0.01,
0,0,0.02,-10.02,-0.03,-0.01,-0.01,
0,0,0.02,-10.02,-0.03,-0.01,-0.01,
0,0,0.06,-9.97,-0.13,0,-0.01,
0,0,0.06,-9.97,-0.13,0,-0.01,
0,0,0,-9.97,-0.06,0,-0.01,
0,0,0,-9.97,-0.06,0,-0.01,
0,0,0,-9.97,-0.06,0,-0.01,
0,0,-0.06,-10.08,-0.07,0,-0.01,
0,0,-0.06,-10.08,-0.07,-0.01,-0.01,
0,0,-0.06,-10.08,-0.07,-0.01,0,
0,0,-0.06,-10.12,-0.16,-0.01,0,
0,0,-0.06,-10.12,-0.16,-0.01,0,
0,0,-0.06,-10.12,-0.16,0,-0.01,
0,0,0,-10.06,-0.06,0,-0.01,
0,0,0,-10.06,-0.06,-0.01,-0.01,
0,0,0,-10.06,-0.06,0,-0.01,
0,0,0.02,-10.07,-0.06,0,-0.01,
0,0,0.02,-10.07,-0.06,0,0,
0,0,0.02,-10.07,-0.06,-0.01,-0.01,
0,0,0.04,-10.04,-0.13,-0.01,-0.01,
0,0,0.04,-10.04,-0.13,-0.01,-0.01,
0,0,0,-10.01,-0.03,0,-0.01,
0,0,0,-10.01,-0.03,0,-0.01,
0,0,0,-10.01,-0.03,0,-0.01,
0,0,0.03,-10.05,-0.12,-0.01,-0.01,
0,0,0.03,-10.05,-0.12,-0.01,-0.01,
0,0,0.03,-10.05,-0.12,-0.01,-0.01,
0,0,-0.01,-10.06,-0.08,0,0,
0,0,-0.01,-10.06,-0.08,0,0,
0,0,-0.01,-10.06,-0.08,0.01,-0.01,
0,0,0,-10.04,-0.09,-0.01,-0.01,
0,0,0,-10.04,-0.09,-0.01,-0.01,
0,0,0,-10.04,-0.09,0,0,
0,0,0.01,-10.01,-0.09,-0.01,-0.01,
0,0,0.01,-10.01,-0.09,-0.01,-0.01,
0,0,-0.02,-9.99,-0.06,0,-0.01,
0,0,-0.02,-9.99,-0.06,-0.01,-0.01,
0,0,-0.02,-9.99,-0.06,-0.01,-0.01,
0,0,-0.07,-10.01,-0.08,0,-0.01,
0,0,-0.07,-10.01,-0.08,0,-0.01,
0,0,-0.07,-10.01,-0.08,0,-0.01,
0,0,-0.01,-10.04,-0.08,0,-0.01,
0,0,-0.01,-10.04,-0.08,-0.01,-0.01,
0,0,-0.01,-10.04,-0.08,-0.01,-0.01,
0,0,0.01,-10,-0.03,0,-0.01,
0,0,0.01,-10,-0.03,0,-0.01,
0,0,0.01,-10,-0.03,0,-0.01,
0,0,0,-10.05,-0.04,-0.01,-0.01,
0,0,0,-10.05,-0.04,-0.01,-0.01,
0,0,0,-10.05,-0.04,0,-0.01,
0,0,0.07,-10.06,-0.13,0,-0.01,
0,0,0.07,-10.06,-0.13,0,-0.01,
0,0,0.02,-10.05,-0.15,-0.01,-0.01,
0,0,0.02,-10.05,-0.15,-0.01,-0.01,
0,0,0.02,-10.05,-0.15,0,-0.01,
0,0,0.03,-10.04,-0.11,0,-0.01,
0,0,0.03,-10.04,-0.11,0,-0.01,
0,0,0.03,-10.04,-0.11,0,-0.01,
0,0,0.04,-10.02,-0.03,0,-0.01,
0,0,0.04,-10.02,-0.03,0,-0.01,
0,0,0.04,-10.02,-0.03,0,-0.01,
0,0,-0.03,-10.06,-0.09,-0.01,-0.01,
0,0,-0.03,-10.06,-0.09,-0.01,-0.01,
0,0,-0.03,-10.06,-0.09,-0.01,-0.01,
0,0,0.01,-10.05,-0.08,-0.01,-0.01,
0,0,0.01,-10.05,-0.08,-0.01,-0.01,
0,0,0.01,-10.05,-0.08,0,-0.01,
0,0,-0.06,-10.03,-0.09,-0.01,-0.01,
0,0,-0.06,-10.03,-0.09,-0.01,-0.01,
0,0,0.01,-10.01,-0.09,-0.01,-0.01,
0,0,0.01,-10.01,-0.09,0,-0.01,
0,0,0.01,-10.01,-0.09,0,-0.01,
0,0,0,-10.05,-0.06,0,-0.01,
0,0,0,-10.05,-0.06,0,-0.01,
0,0,0,-10.05,-0.06,0,-0.01,
0,0,-0.02,-10.05,-0.11,0,-0.01,
0,0,-0.02,-10.05,-0.11,0,-0.01,
0,0,-0.02,-10.05,-0.11,0,-0.01,
0,0,0,-10.03,-0.1,0,-0.01,
0,0,0,-10.03,-0.1,-0.01,-0.01,
0,0,0,-10.03,-0.1,-0.01,-0.01,
0,0,0,-10.07,-0.03,0,-0.01,
0,0,0,-10.07,-0.03,0,-0.01,
0,0,0,-10.07,-0.03,0,-0.01,
0,0,0.03,-10.02,-0.07,0,-0.01,
0,0,0.03,-10.02,-0.07,0,-0.01,
0,0,0.03,-10.02,-0.07,0,-0.01,
0,0,0.06,-10.01,-0.07,0,-0.01,
0,0,0.06,-10.01,-0.07,0,-0.01,
0,0,0.06,-10.01,-0.07,0,-0.01,
0,0,0.02,-10.02,-0.09,-0.01,-0.01,
0,0,0.02,-10.02,-0.09,-0.01,-0.01,
0,0,-0.05,-10.08,-0.05,-0.01,-0.01,
0,0,-0.05,-10.08,-0.05,-0.01,-0.01,
0,0,-0.05,-10.08,-0.05,-0.01,0,
0,0,0.02,-10.01,-0.09,-0.01,0,
0,0,0.02,-10.01,-0.09,-0.01,-0.01,
0,0,0.02,-10.01,-0.09,-0.01,-0.01,
0,0,-0.02,-10.07,-0.09,-0.01,-0.01,
0,0,-0.02,-10.07,-0.09,-0.01,-0.01,
0,0,-0.02,-10.07,-0.09,-0.01,-0.01,
0,0,0.05,-10.08,-0.13,-0.01,-0.01,
0,0,0.05,-10.08,-0.13,-0.01,-0.01,
0,0,0.05,-9.96,-0.06,-0.01,-0.01,
0,0,0.05,-9.96,-0.06,-0.01,-0.01,
0,0,0.05,-9.96,-0.06,-0.01,-0.01,
0,0,0.03,-10.11,-0.06,-0.01,-0.01,
0,0,0.03,-10.11,-0.06,0,-0.01,
0,0,0.03,-10.11,-0.06,0,-0.01,
0,0,-0.05,-10.08,-0.16,-0.01,-0.01,
0,0,-0.05,-10.08,-0.16,0,-0.01,
0,0,-0.05,-10.08,-0.16,0,-0.01,
0,0,-0.02,-9.88,-0.05,0,-0.01,
0,0,-0.02,-9.88,-0.05,0,-0.01,
0,0,-0.02,-9.88,-0.05,0,-0.01,
0,0,-0.03,-10.06,-0.1,0,-0.01,
0,0,-0.03,-10.06,-0.1,0,-0.01,
0,0,-0.07,-10.06,-0.15,-0.01,-0.01,
0,0,-0.07,-10.06,-0.15,-0.01,-0.01,
0,0,-0.07,-10.06,-0.15,-0.01,-0.01,
0,0,-0.03,-10.07,-0.07,0,-0.01,
0,0,-0.03,-10.07,-0.07,0,-0.01,
0,0,-0.03,-10.07,-0.07,0,-0.01,
0,0,-0.01,-10.08,-0.09,0,-0.01,
0,0,-0.01,-10.08,-0.09,0,-0.01,
0,0,-0.01,-10.08,-0.09,0,-0.01,
0,0,0.08,-10.07,-0.07,0,-0.01,
0,0,0.08,-10.07,-0.07,0,-0.01,
0,0,0.08,-10.07,-0.07,0,-0.01,
0,0,0.03,-10.04,-0.03,0,-0.01,
0,0,0.03,-10.04,-0.03,0,-0.01,
0,0,0.03,-10.02,-0.11,0,-0.01,
0,0,0.03,-10.02,-0.11,0,-0.01,
0,0,0.03,-10.02,-0.11,0,-0.01,
0,0,0.01,-10.04,-0.05,0,-0.01,
0,0,0.01,-10.04,-0.05,0,-0.01,
0,0,0.01,-10.04,-0.05,0,-0.01,
0,0,0.04,-10.01,-0.08,0,-0.01,
0,0,0.04,-10.01,-0.08,0,-0.01,
0,0,0.04,-10.01,-0.08,0,-0.01,
0,0,0,-9.96,-0.12,0,0,
0,0,0,-9.96,-0.12,0,-0.01,
0,0,0,-9.96,-0.12,0,-0.01,
0,0,-0.02,-10.03,-0.09,0,-0.01,
0,0,-0.02,-10.03,-0.09,0,-0.01,
0,0,-0.02,-10.03,-0.09,0,-0.01,
0,0,0.01,-10.04,-0.05,0,0,
0,0,0.01,-10.04,-0.05,0,-0.01,
0,0,0.08,-9.98,-0.03,0,-0.01,
0,0,0.08,-9.98,-0.03,-0.01,-0.01,
0,0,0.08,-9.98,-0.03,-0.01,-0.01,
0,0,0.01,-10.05,-0.11,-0.01,-0.01,
0,0,0.01,-10.05,-0.11,0,-0.01,
0,0,0.01,-10.05,-0.11,0,-0.01,
0,0,0,-9.98,-0.15,0,-0.01,
0,0,0,-9.98,-0.15,0,-0.01,
0,0,0,-9.98,-0.15,-0.01,-0.01,
0,0,0.04,-9.94,-0.03,-0.01,-0.01,
0,0,0.04,-9.94,-0.03,0,-0.01,
0,0,0.04,-9.94,-0.03,0,-0.01,
0,0,-0.04,-9.99,-0.08,0,-0.01,
0,0,-0.04,-9.99,-0.08,0,-0.01,
0,0,-0.04,-9.99,-0.08,0,-0.01,
0,0,0.01,-10.03,-0.12,0,-0.01,
0,0,0.01,-10.03,-0.12,0,-0.01,
0,0,0.01,-10.03,-0.12,-0.01,-0.01,
0,0,0,-9.96,-0.08,-0.01,-0.01,
0,0,0,-9.96,-0.08,0,-0.01,
0,0,0,-9.96,-0.08,0,-0.01,
0,0,0.05,-9.97,-0.14,0,-0.01,
0,0,0.05,-9.97,-0.14,0,-0.01,
0,0,0.05,-9.97,-0.14,0,-0.01,
0,0,0.03,-10.05,-0.11,0,-0.01,
0,0,0.03,-10.05,-0.11,-0.01,-0.01,
0,0,0.03,-10.05,-0.11,-0.01,-0.01,
0,0,-0.02,-10.02,-0.11,0,-0.01,
0,0,-0.02,-10.02,-0.11,-0.01,-0.01,
0,0,-0.02,-10.02,-0.11,-0.01,-0.01,
0,0,0.03,-10.07,-0.07,-0.01,-0.01,
0,0,0.03,-10.07,-0.07,0,-0.01,
0,0,0.03,-10.07,-0.07,0,-0.01,
0,0,0.04,-9.93,-0.08,0,-0.01,
0,0,0.04,-9.93,-0.08,0,0,
0,0,0.04,-9.93,-0.08,0,0,
0,0,-0.01,-10.05,-0.06,-0.01,-0.01,
0,0,-0.01,-10.05,-0.06,-0.01,-0.01,
0,0,-0.01,-10.05,-0.06,-0.01,-0.01,
0,0,-0.04,-9.98,-0.09,0,-0.01,
0,0,-0.04,-9.98,-0.09,-0.01,-0.01,
0,0,0.03,-10.1,-0.07,-0.01,-0.01,
0,0,0.03,-10.1,-0.07,0,-0.01,
0,0,0.03,-10.1,-0.07,0,-0.01,
0,0,0,-10.09,-0.11,0,-0.01,
0,0,0,-10.09,-0.11,-0.01,-0.01,
0,0,0,-10.09,-0.11,0,-0.01,
0,0,0,-10,-0.07,0,-0.01,
0,0,0,-10,-0.07,0,-0.01,
0,0,0,-10,-0.07,0,-0.01,
0,0,0.03,-9.99,-0.08,0,-0.01,
0,0,0.03,-9.99,-0.08,0,-0.01,
0,0,0.03,-9.99,-0.08,-0.01,-0.01,
0,0,0.04,-10.07,-0.1,-0.01,-0.01,
0,0,0.04,-10.07,-0.1,-0.01,-0.01,
0,0,0.04,-10.07,-0.1,0,-0.01,
0,0,0.04,-10.02,-0.12,0,-0.01,
0,0,0.04,-10.02,-0.12,-0.01,-0.01,
0,0,-0.01,-10.03,-0.11,0,-0.01,
0,0,-0.01,-10.03,-0.11,0,-0.01,
0,0,-0.01,-10.03,-0.11,0,-0.01,
0,0,0.02,-9.92,-0.03,0,-0.01,
0,0,0.02,-9.92,-0.03,0,-0.01,
0,0,0.02,-9.92,-0.03,-0.01,-0.01,
0,0,0.03,-10.06,-0.11,0,-0.01,
0,0,0.03,-10.06,-0.11,0,-0.01,
0,0,0.03,-10.06,-0.11,0,-0.01,
0,0,0,-9.96,-0.11,0,-0.01,
0,0,0,-9.96,-0.11,0,-0.01,
0,0,0,-9.96,-0.11,0,-0.01,
0,0,0.05,-10.04,-0.08,-0.01,-0.01,
0,0,0.05,-10.04,-0.08,-0.01,-0.01,
0,0,0.05,-10.04,-0.08,0,-0.01,
0,0,0.03,-10.05,-0.09,0,-0.01,
0,0,0.03,-10.05,-0.09,0,-0.01,
0,0,0.03,-10.05,-0.09,0,-0.01,
0,0,0.02,-10,-0.14,-0.01,-0.01,
0,0,0.02,-10,-0.14,-0.01,-0.01,
0,0,0.01,-10.05,-0.1,0,-0.01,
0,0,0.01,-10.05,-0.1,0,-0.02,
0,0,0.01,-10.05,-0.1,0,-0.02,
0,0,-0.05,-10.06,-0.11,0,0,
0,0,-0.05,-10.06,-0.11,-0.01,-0.01,
0,0,-0.05,-10.06,-0.11,-0.01,-0.01,
0,0,0.02,-10.03,-0.07,0,-0.01,
0,0,0.02,-10.03,-0.07,0,-0.01,
0,0,0.02,-10.03,-0.07,0,-0.01,
0,0,0.05,-10.02,-0.12,0,-0.01,
0,0,0.05,-10.02,-0.12,-0.01,-0.01,
0,0,0.05,-10.02,-0.12,-0.01,-0.01,
0,0,0.03,-10.02,-0.15,-0.01,-0.01,
0,0,0.03,-10.02,-0.15,-0.01,-0.01,
0,0,0.03,-10.02,-0.15,-0.01,-0.01,
0,0,0.07,-10.02,-0.1,-0.01,-0.01,
0,0,0.06,-10.06,-0.02,-0.01,-0.01,
0,0,0.06,-10.06,-0.02,-0.01,-0.01,
0,0,0.06,-10.06,-0.02,0,-0.01,
0,0,0.04,-10,-0.02,-0.01,-0.01,
0,0,0.04,-10,-0.02,-0.01,-0.01,
0,0,0.04,-10,-0.02,0,-0.01,
0,0,0.07,-10.06,-0.14,0,-0.01,
0,0,0.07,-10.06,-0.14,0,-0.01,
0,0,0.02,-10.01,-0.06,0,-0.01,
0,0,0.02,-10.01,-0.06,0,-0.01,
0,0,0.02,-10.01,-0.06,0,-0.01,
0,0,0.09,-9.96,-0.02,0,-0.01,
0,0,0.09,-9.96,-0.02,-0.01,-0.01,
0,0,0.09,-9.96,-0.02,-0.01,-0.01,
0,0,-0.06,-10.02,-0.12,0,-0.01,
0,0,-0.06,-10.02,-0.12,0,-0.01,
0,0,-0.06,-10.02,-0.12,0,-0.01,
0,0,0.03,-10.05,-0.15,-0.01,-0.01,
0,0,0.03,-10.05,-0.15,0,-0.02,
0,0,0.03,-10.05,-0.15,0,-0.02,
0,0,0.1,-9.99,-0.1,0,-0.01,
0,0,0.1,-9.99,-0.1,0,-0.01,
0,0,0.1,-9.99,-0.1,0,-0.01,
0,0,-0.02,-10,-0.04,0,-0.01,
0,0,-0.02,-10,-0.04,-0.01,-0.01,
0,0,-0.02,-10,-0.04,-0.01,-0.01,
0,0,-0.07,-10.03,-0.19,0,-0.01,
0,0,-0.07,-10.03,-0.19,-0.01,-0.01,
0,0,-0.07,-10.03,-0.19,-0.01,-0.01,
0,0,0.01,-10.04,-0.14,0,-0.01,
0,0,0.01,-10.04,-0.14,0,-0.01,
0,0,0.01,-10.04,-0.14,0,-0.01,
0,0,0.03,-10.03,-0.02,-0.01,-0.01,
0,0,0.03,-10.03,-0.02,-0.01,-0.01,
0,0,0.03,-10.03,-0.02,-0.01,-0.01,
0,0,0.04,-10.02,-0.11,0,-0.01,
0,0,0.04,-10.02,-0.11,0,-0.01,
0,0,0.04,-10.02,-0.11,0,0,
0,0,0.05,-10.03,-0.11,-0.01,-0.01,
0,0,0.05,-10.03,-0.11,-0.01,-0.01,
0,0,0.03,-10.05,-0.13,0,-0.01,
0,0,0.03,-10.05,-0.13,-0.01,-0.01,
0,0,0.03,-10.05,-0.13,-0.01,-0.01,
0,0,-0.06,-10.01,-0.12,-0.01,-0.01,
0,0,-0.06,-10.01,-0.12,0,-0.01,
0,0,-0.06,-10.01,-0.12,0,-0.01,
0,0,0,-9.99,-0.07,-0.01,0,
0,0,0,-9.99,-0.07,-0.01,-0.01,
0,0,0,-9.99,-0.07,-0.01,-0.01,
0,0,-0.03,-10.05,-0.11,-0.01,-0.01,
0,0,-0.03,-10.05,-0.11,-0.01,-0.01,
0,0,-0.03,-10.05,-0.11,-0.01,-0.01,
0,0,0.1,-9.93,-0.07,0,-0.01,
0,0,0.1,-9.93,-0.07,0,0,
0,0,0.1,-9.93,-0.07,0,0,
0,0,0.05,-9.96,-0.05,0,0,
0,0,0.05,-9.96,-0.05,0,-0.01,
0,0,0.05,-9.96,-0.05,0,-0.01,
0,0,-0.04,-10.07,-0.18,0,-0.01,
0,0,-0.04,-10.07,-0.18,0,-0.01,
0,0,0.04,-9.99,-0.08,0,-0.01,
0,0,0.04,-9.99,-0.08,-0.01,-0.01,
0,0,0.04,-9.99,-0.08,0,-0.01,
0,0,0,-10.09,-0.11,0,-0.01,
0,0,0,-10.09,-0.11,0,-0.01,
0,0,0,-10.09,-0.11,0,-0.01,
0,0,-0.07,-10.04,-0.08,0,-0.01,
0,0,-0.07,-10.04,-0.08,0,-0.01,
0,0,-0.07,-10.04,-0.08,0,-0.01,
0,0,0.07,-10.05,-0.06,0,-0.01,
0,0,0.07,-10.05,-0.06,0,-0.01,
0,0,0.07,-10.05,-0.06,-0.01,-0.01,
0,0,0.07,-9.97,-0.02,-0.01,0,
0,0,0.07,-9.97,-0.02,-0.01,0,
0,0,0.07,-9.97,-0.02,0,0,
0,0,0,-10,-0.16,-0.01,-0.01,
0,0,0,-10,-0.16,-0.01,-0.01,
0,0,0.06,-10.08,-0.12,0,-0.01,
0,0,0.06,-10.08,-0.12,0,-0.01,
0,0,0.06,-10.08,-0.12,0,-0.01,
0,0,0.05,-10.03,-0.07,0,-0.01,
0,0,0.05,-10.03,-0.07,-0.01,-0.01,
0,0,0.05,-10.03,-0.07,-0.01,-0.01,
0,0,-0.07,-10.02,-0.1,-0.01,-0.01,
0,0,-0.07,-10.02,-0.1,0,-0.01,
0,0,-0.07,-10.02,-0.1,0,-0.01,
0,0,0.02,-10.04,-0.1,-0.01,-0.01,
0,0,0.02,-10.04,-0.1,0,-0.01,
0,0,0.02,-10.04,-0.1,0,-0.01,
0,0,0,-10.01,-0.1,-0.01,-0.01,
0,0,0,-10.01,-0.1,0,-0.01,
0,0,0,-10.01,-0.1,0,-0.01,
0,0,0.02,-10.01,-0.05,-0.01,0,
0,0,0.02,-10.01,-0.05,-0.01,-0.01,
0,0,0.03,-10.06,-0.07,-0.01,-0.01,
0,0,0.03,-10.06,-0.07,0,-0.01,
0,0,0.03,-10.06,-0.07,0,-0.01,
0,0,0,-10.03,-0.11,0,-0.01,
0,0,0,-10.03,-0.11,0,-0.01,
0,0,0,-10.03,-0.11,0,-0.01,
0,0,-0.04,-10.04,-0.03,-0.01,-0.01,
0,0,-0.04,-10.04,-0.03,-0.01,-0.01,
0,0,-0.04,-10.04,-0.03,0,-0.01,
0,0,0,-10.07,-0.09,0,0,
0,0,0,-10.07,-0.09,0,0,
0,0,0,-10.07,-0.09,0,-0.01,
0,0,0,-10.08,-0.18,-0.01,-0.01,
0,0,0,-10.08,-0.18,-0.01,-0.01,
0,0,0,-10.03,-0.1,0,-0.01,
0,0,0,-10.03,-0.1,-0.01,-0.01,
0,0,0,-10.03,-0.1,-0.01,-0.01,
0,0,-0.07,-10,-0.06,0,-0.01,
0,0,-0.07,-10,-0.06,0,-0.01,
0,0,-0.07,-10,-0.06,0,-0.01,
0,0,-0.04,-10,-0.07,0,-0.01,
0,0,-0.04,-10,-0.07,0,-0.01,
0,0,-0.04,-10,-0.07,0,-0.01,
0,0,0.01,-10.06,-0.12,0,-0.01,
0,0,0.01,-10.06,-0.12,0,-0.01,
0,0,0.01,-10.06,-0.12,0,-0.01,
0,0,0,-9.99,-0.08,-0.01,-0.01,
0,0,0,-9.99,-0.08,0,0,
0,0,0,-9.99,-0.08,0,0,
0,0,0.01,-9.97,-0.07,-0.01,0,
0,0,0.01,-9.97,-0.07,-0.01,-0.01,
0,0,-0.05,-10.11,-0.16,-0.01,-0.01,
0,0,-0.05,-10.11,-0.16,-0.01,-0.01,
0,0,-0.05,-10.11,-0.16,0,-0.01,
0,0,0.03,-10.02,-0.12,0,-0.01,
0,0,0.03,-10.02,-0.12,0,-0.01,
0,0,0.03,-10.02,-0.12,0,-0.01,
0,0,0.01,-10.07,-0.11,0,-0.01,
0,0,0.01,-10.07,-0.11,0,-0.01,
0,0,0.01,-10.07,-0.11,-0.01,-0.01,
0,0,-0.07,-10.01,-0.07,-0.01,-0.01,
0,0,-0.07,-10.01,-0.07,0,-0.01,
0,0,-0.07,-10.01,-0.07,0,-0.01,
0,0,-0.02,-9.96,-0.06,0,-0.01,
0,0,-0.02,-9.96,-0.06,0,-0.01,
0,0,-0.02,-9.96,-0.06,0,-0.01,
0,0,0,-10.06,-0.07,0,-0.01,
0,0,0,-10.06,-0.07,0,-0.01,
0,0,0,-10.06,-0.07,0,-0.01,
0,0,0.05,-10.01,-0.13,0,-0.01,
0,0,0.05,-10.01,-0.13,0,-0.01,
0,0,0.05,-10.01,-0.13,0,-0.01,
0,0,0.03,-10.02,-0.08,0,-0.01,
0,0,0.03,-10.02,-0.08,-0.01,-0.01,
0,0,0.03,-10.02,-0.08,-0.01,-0.01,
0,0,0,-10.07,-0.08,-0.01,-0.01,
0,0,0,-10.07,-0.08,0,-0.01,
0,0,0.02,-9.98,-0.09,-0.01,-0.01,
0,0,0.02,-9.98,-0.09,-0.01,-0.01,
0,0,0.02,-9.98,-0.09,0,-0.01,
0,0,-0.04,-10.01,-0.11,-0.01,-0.01,
0,0,-0.04,-10.01,-0.11,-0.01,-0.01,
0,0,-0.04,-10.01,-0.11,0,-0.01,
0,0,0,-10.02,-0.16,0,-0.01,
0,0,0,-10.02,-0.16,0,-0.01,
0,0,0,-10.02,-0.16,0,-0.01,
0,0,-0.04,-9.98,0,-0.01,-0.01,
0,0,-0.04,-9.98,0,-0.01,-0.01,
0,0,-0.04,-9.98,0,0,-0.01,
0,0,0.01,-10.07,-0.08,-0.01,-0.01,
0,0,0.01,-10.07,-0.08,-0.01,-0.01,
0,0,0.01,-10.07,-0.08,0,-0.01,
0,0,-0.01,-10.05,-0.09,0,-0.01,
0,0,-0.01,-10.05,-0.09,0,-0.01,
0,0,-0.03,-10.01,-0.12,-0.01,-0.01,
0,0,-0.03,-10.01,-0.12,-0.01,-0.01,
0,0,-0.03,-10.01,-0.12,-0.01,-0.01,
0,0,0.05,-10.11,-0.08,0,-0.01,
0,0,0.05,-10.11,-0.08,0,-0.01,
0,0,0.05,-10.11,-0.08,0,-0.01,
0,0,0.04,-10.01,0,-0.01,-0.01,
0,0,0.04,-10.01,0,0,-0.01,
0,0,0.04,-10.01,0,0,-0.01,
0,0,0.09,-10.09,-0.12,0,-0.01,
0,0,0.09,-10.09,-0.12,0,-0.01,
0,0,0.09,-10.09,-0.12,0,-0.01,
0,0,0.02,-10.03,-0.15,0,-0.01,
0,0,0.02,-10.03,-0.15,-0.01,-0.01,
0,0,0.02,-10.03,-0.15,-0.01,-0.01,
0,0,0.07,-10.02,0,-0.01,-0.01,
0,0,0.07,-10.02,0,0,-0.01,
0,0,0.03,-9.97,-0.06,0,-0.01,
0,0,0.03,-9.97,-0.06,0,-0.01,
0,0,0.03,-9.97,-0.06,-0.01,-0.01,
0,0,-0.02,-10.02,-0.12,-0.01,-0.01,
0,0,-0.02,-10.02,-0.12,-0.01,-0.01,
0,0,-0.02,-10.02,-0.12,0,-0.01,
0,0,0.06,-9.96,-0.04,-0.01,-0.01,
0,0,0.06,-9.96,-0.04,-0.01,-0.01,
0,0,0.06,-9.96,-0.04,0,0,
0,0,-0.03,-9.98,-0.03,-0.01,-0.01,
0,0,-0.03,-9.98,-0.03,-0.01,-0.01,
0,0,-0.03,-9.98,-0.03,-0.01,-0.01,
0,0,0,-10.05,-0.07,0,-0.01,
0,0,0,-10.05,-0.07,0,-0.01,
0,0,0,-10.05,-0.07,-0.01,-0.01,
0,0,-0.06,-10.06,-0.1,0,-0.01,
0,0,-0.06,-10.06,-0.1,0,-0.01,
0,0,0,-10.05,-0.07,0,-0.01,
0,0,0,-10.05,-0.07,0,-0.01,
0,0,0,-10.05,-0.07,0,-0.01,
0,0,-0.01,-9.98,-0.07,0,-0.01,
0,0,-0.01,-9.98,-0.07,0,-0.01,
0,0,-0.01,-9.98,-0.07,0,-0.01,
0,0,0.04,-10,-0.12,-0.01,-0.01,
0,0,0.04,-10,-0.12,0,-0.01,
0,0,0.04,-10,-0.12,0,-0.01,
0,0,0,-10.02,-0.09,0,-0.01,
0,0,0,-10.02,-0.09,0,-0.01,
0,0,0,-10.02,-0.09,0,-0.01,
0,0,0.05,-10.01,-0.06,0,-0.01,
0,0,0.05,-10.01,-0.06,0,-0.01,
0,0,0.05,-10.01,-0.06,0,-0.01,
0,0,0.03,-10.06,0.01,-0.01,-0.01,
0,0,0.03,-10.06,0.01,-0.01,-0.01,
0,0,0.03,-10.06,0.01,-0.01,-0.01,
0,0,0.04,-10.05,-0.03,0,-0.01,
0,0,0.04,-10.05,-0.03,0,-0.01,
0,0,0.04,-10.05,-0.03,0,-0.01,
0,0,0.03,-9.99,-0.06,0,-0.01,
0,0,0.03,-9.99,-0.06,0,-0.01,
0,0,0.03,-9.99,-0.06,-0.01,-0.01,
0,0,-0.07,-10.05,-0.11,0,-0.01,
0,0,-0.07,-10.05,-0.11,0,-0.01,
0,0,-0.07,-10.05,-0.11,-0.01,-0.01,
0,0,0,-10.06,0.03,-0.01,-0.01,
0,0,0,-10.06,0.03,-0.01,-0.01,
0,0,0,-10.06,0.03,0,-0.01,
0,0,0,-10.02,-0.08,-0.01,-0.01,
0,0,0,-10.02,-0.08,-0.01,-0.01,
0,0,0.03,-9.97,-0.09,-0.01,0,
0,0,0.03,-9.97,-0.09,0,-0.01,
0,0,0.03,-9.97,-0.09,0,-0.01,
0,0,0.05,-9.98,-0.14,0,-0.01,
0,0,0.05,-9.98,-0.14,0,-0.01,
0,0,0.05,-9.98,-0.14,0,-0.01,
0,0,-0.01,-10.01,-0.07,0,-0.01,
0,0,-0.01,-10.01,-0.07,0,-0.01,
0,0,-0.01,-10.01,-0.07,0,-0.01,
0,0,0.01,-9.97,-0.03,0,-0.01,
0,0,0.01,-9.97,-0.03,0,-0.01,
0,0,0.01,-9.97,-0.03,0,-0.01,
0,0,-0.01,-10.05,-0.16,0,-0.01,
0,0,-0.01,-10.05,-0.16,0,-0.01,
0,0,-0.01,-10.05,-0.16,0,-0.01,
0,0,0.02,-10.04,-0.1,0,-0.01,
0,0,0.02,-10.04,-0.1,0,-0.01,
0,0,0.05,-10.06,-0.06,0,-0.01,
0,0,0.05,-10.06,-0.06,0,-0.01,
0,0,0.05,-10.06,-0.06,0,-0.01,
0,0,0.03,-10.06,-0.09,0,-0.01,
0,0,0.03,-10.06,-0.09,-0.01,-0.01,
0,0,0.03,-10.06,-0.09,-0.01,-0.01,
0,0,0.02,-10.01,-0.01,-0.01,-0.01,
0,0,0.02,-10.01,-0.01,0,-0.01,
0,0,0.02,-10.01,-0.01,0,0,
0,0,-0.01,-10.02,-0.14,0,0,
0,0,-0.01,-10.02,-0.14,0,-0.01,
0,0,-0.01,-10.02,-0.14,0,-0.01,
0,0,0.02,-10.05,-0.15,-0.01,-0.01,
0,0,0.02,-10.05,-0.15,-0.01,-0.01,
0,0,0.02,-10.05,-0.15,0,-0.01,
0,0,-0.02,-9.99,-0.11,0,-0.01,
0,0,-0.02,-9.99,-0.11,0,-0.01,
0,0,0.05,-10.03,-0.14,-0.01,-0.01,
0,0,0.05,-10.03,-0.14,0,-0.01,
0,0,0.05,-10.03,-0.14,0,-0.01,
0,0,0.03,-10,-0.07,0,-0.01,
0,0,0.03,-10,-0.07,-0.01,-0.01,
0,0,0.03,-10,-0.07,-0.01,-0.01,
0,0,0.05,-9.98,-0.03,-0.01,-0.01,
0,0,0.05,-9.98,-0.03,0,-0.01,
0,0,0.05,-9.98,-0.03,0,-0.01,
0,0,0.04,-10.1,-0.14,0,-0.01,
0,0,0.04,-10.1,-0.14,-0.01,-0.01,
0,0,0.04,-10.1,-0.14,-0.01,-0.01,
0,0,0.03,-10.07,-0.11,-0.01,-0.01,
0,0,0.03,-10.07,-0.11,0,-0.01,
0,0,0.01,-10.02,-0.1,0,-0.01,
0,0,0.01,-10.02,-0.1,0,-0.01,
0,0,0.01,-10.02,-0.1,0,-0.01,
0,0,0,-10,-0.11,0,-0.01,
0,0,0,-10,-0.11,0,-0.01,
0,0,0,-10,-0.11,-0.01,-0.01,
0,0,-0.01,-10.08,-0.11,-0.01,-0.01,
0,0,-0.01,-10.08,-0.11,0,-0.01,
0,0,-0.01,-10.08,-0.11,0,-0.01,
0,0,0.03,-10.06,-0.11,0,-0.01,
0,0,0.03,-10.06,-0.11,0,-0.01,
0,0,0.03,-10.06,-0.11,0,-0.01,
0,0,0,-9.98,-0.04,0,-0.01,
0,0,0,-9.98,-0.04,0,-0.01,
0,0,0.09,-10.01,-0.09,0,-0.01,
0,0,0.09,-10.01,-0.09,0,-0.01,
0,0,0.09,-10.01,-0.09,0,-0.01,
0,0,0,-10.05,-0.16,0,-0.01,
0,0,0,-10.05,-0.16,0,-0.01,
0,0,0,-10.05,-0.16,0,-0.01,
0,0,-0.01,-10.03,-0.06,0,-0.01,
0,0,-0.01,-10.03,-0.06,0,-0.01,
0,0,-0.01,-10.03,-0.06,0,-0.01,
0,0,0.03,-10.03,-0.03,0,-0.01,
0,0,0.03,-10.03,-0.03,-0.01,0,
0,0,0.03,-10.03,-0.03,-0.01,0,
0,0,0.03,-9.96,-0.03,0,-0.01,
0,0,0.03,-9.96,-0.03,0,-0.01,
0,0,0.03,-9.96,-0.03,0,-0.01,
0,0,-0.02,-10.03,-0.1,0,-0.01,
0,0,-0.02,-10.03,-0.1,0,-0.01,
0,0,-0.02,-10.03,-0.1,0,-0.01,
0,0,0,-10.07,-0.11,-0.01,-0.01,
0,0,0,-10.07,-0.11,0,-0.01,
0,0,-0.05,-10.02,-0.04,0,-0.01,
0,0,-0.05,-10.02,-0.04,-0.01,-0.01,
0,0,-0.05,-10.02,-0.04,-0.01,-0.01,
0,0,0.07,-10.03,-0.05,-0.01,-0.01,
0,0,0.07,-10.03,-0.05,-0.01,-0.01,
0,0,0.07,-10.03,-0.05,-0.01,-0.01,
0,0,0.08,-9.99,-0.15,-0.01,-0.01,
0,0,0.08,-9.99,-0.15,0,-0.01,
0,0,0.08,-9.99,-0.15,0,-0.01,
0,0,0,-10.04,-0.16,0,-0.01,
0,0,0,-10.04,-0.16,0,-0.01,
0,0,0,-10.04,-0.16,0,-0.01,
0,0,-0.02,-9.96,-0.08,-0.01,0,
0,0,-0.02,-9.96,-0.08,0,-0.01,
0,0,-0.02,-9.96,-0.08,0,-0.01,
0,0,0.01,-10.01,-0.05,0,-0.01,
0,0,0.01,-10.01,-0.05,0,-0.01,
0,0,0.01,-10.01,-0.05,0,-0.01,
0,0,-0.08,-10.04,-0.13,-0.01,-0.01,
0,0,-0.08,-10.04,-0.13,0,-0.01,
0,0,-0.08,-10.04,-0.13,0,-0.01,
0,0,-0.02,-10.06,-0.11,-0.01,-0.01,
0,0,-0.02,-10.06,-0.11,0,-0.01,
0,0,-0.02,-10.06,-0.11,0,-0.01,
0,0,0.01,-9.99,-0.07,0,-0.01,
0,0,0.01,-9.99,-0.07,-0.01,-0.01,
0,0,0.01,-9.99,-0.07,-0.01,-0.01,
0,0,0.05,-10.07,-0.09,0,-0.01,
0,0,0.05,-10.07,-0.09,-0.01,-0.01,
0,0,0,-10,-0.09,-0.01,-0.01,
0,0,0,-10,-0.09,0,-0.01,
0,0,0,-10,-0.09,-0.01,0,
0,0,0,-10.04,-0.08,-0.01,0,
0,0,0,-10.04,-0.08,-0.01,-0.01,
0,0,0,-10.04,-0.08,0,-0.01,
0,0,0,-10.02,0,0,-0.01,
0,0,0,-10.02,0,0,-0.01,
0,0,0,-10.02,0,0,-0.01,
0,0,0,-10.01,-0.12,0,-0.01,
0,0,0,-10.01,-0.12,0,-0.01,
0,0,0,-10.01,-0.12,0,-0.01,
0,0,-0.01,-10.01,-0.1,0,-0.01,
0,0,-0.01,-10.01,-0.1,0,-0.01,
0,0,-0.01,-10.01,-0.1,0,0,
0,0,0.04,-10.06,-0.06,0,0,
0,0,0.04,-10.06,-0.06,0,-0.01,
0,0,0.04,-10.06,-0.06,0,-0.01,
0,0,0,-9.96,-0.04,0,-0.01,
0,0,0,-9.96,-0.04,0,-0.01,
0,0,-0.05,-10.04,-0.1,-0.01,-0.01,
0,0,-0.05,-10.04,-0.1,-0.01,-0.01,
0,0,-0.05,-10.04,-0.1,0,-0.01,
0,0,0.02,-10.01,-0.12,0,-0.01,
0,0,0.02,-10.01,-0.12,0,-0.01,
0,0,0.02,-10.01,-0.12,0,-0.01,
0,0,0.01,-10.01,-0.04,0,-0.01,
0,0,0.01,-10.01,-0.04,0,-0.01,
0,0,0.01,-10.01,-0.04,0,-0.01,
0,0,0.01,-10.02,-0.04,0,-0.01,
0,0,0.01,-10.02,-0.04,0,-0.01,
0,0,0.01,-10.02,-0.04,0,-0.01,
0,0,0.03,-10,-0.03,-0.01,-0.01,
0,0,0.03,-10,-0.03,-0.01,-0.01,
0,0,0.03,-10,-0.03,0,-0.01,
0,0,-0.03,-10.01,-0.08,-0.01,-0.01,
0,0,-0.03,-10.01,-0.08,-0.01,-0.01,
0,0,-0.03,-10.01,-0.08,-0.01,-0.01,
0,0,0.02,-10.05,-0.14,0,-0.01,
0,0,0.02,-10.05,-0.14,0,-0.01,
0,0,-0.01,-10,-0.1,-0.01,-0.01,
0,0,-0.01,-10,-0.1,-0.01,-0.01,
0,0,-0.01,-10,-0.1,-0.01,-0.01,
0,0,0,-10.04,-0.08,-0.01,0,
0,0,0,-10.04,-0.08,-0.01,-0.01,
0,0,0,-10.04,-0.08,-0.01,-0.01,
0,0,0.05,-10.12,-0.17,0,0,
0,0,0.05,-10.12,-0.17,-0.01,0,
0,0,0.05,-10.12,-0.17,-0.01,0,
0,0,0.01,-10.03,-0.11,0,-0.01,
0,0,0.01,-10.03,-0.11,-0.01,-0.01,
0,0,0.01,-10.03,-0.11,-0.01,-0.01,
0,0,0,-10.13,-0.25,-0.01,-0.01,
0,0,0,-10.13,-0.25,-0.01,-0.01,
0,0,0,-10.13,-0.25,-0.01,-0.01,
0,0,0.1,-10.02,-0.03,-0.01,-0.01,
0,0,0.1,-10.02,-0.03,0,-0.01,
0,0,0.1,-10.02,-0.03,-0.01,-0.01,
0,0,0.07,-9.98,-0.07,-0.01,-0.01,
0,0,0.07,-9.98,-0.07,0,-0.01,
0,0,0,-9.97,-0.03,0,-0.01,
0,0,0,-9.97,-0.03,0,-0.01,
0,0,0,-9.97,-0.03,0,-0.01,
0,0,0.05,-10.04,-0.12,0,-0.01,
0,0,0.05,-10.04,-0.12,0,-0.01,
0,0,0.05,-10.04,-0.12,0,-0.01,
0,0,0,-10.09,-0.15,0,-0.01,
0,0,0,-10.09,-0.15,-0.01,-0.01,
0,0,0,-10.09,-0.15,0,-0.01,
0,0,-0.02,-10.01,-0.04,0,-0.01,
0,0,-0.02,-10.01,-0.04,-0.01,-0.01,
0,0,-0.02,-10.01,-0.04,-0.01,-0.01,
0,0,0.05,-10.01,-0.09,-0.01,-0.01,
0,0,0.05,-10.01,-0.09,0,-0.01,
0,0,0.05,-10.01,-0.09,0,-0.01,
0,0,-0.07,-10.07,0,0,-0.01,
0,0,-0.07,-10.07,0,0,-0.01,
0,0,-0.07,-10.07,0,-0.01,-0.01,
0,0,0.11,-10.07,-0.21,-0.01,-0.01,
0,0,0.11,-10.07,-0.21,-0.01,-0.01,
0,0,0.11,-10.07,-0.21,-0.01,-0.01,
0,0,0.06,-9.95,-0.08,-0.01,-0.01,
0,0,0.06,-9.95,-0.08,0,-0.01,
0,0,0.06,-9.95,-0.08,0,-0.01,
0,0,-0.08,-10.19,-0.14,0,0,
0,0,-0.08,-10.19,-0.14,0,-0.01,
0,0,-0.08,-10.19,-0.14,0,-0.01,
0,0,0.11,-10.01,-0.05,-0.01,-0.01,
0,0,0.11,-10.01,-0.05,0,-0.01,
0,0,0,-10.08,-0.09,-0.01,-0.01,
0,0,0,-10.08,-0.09,-0.01,-0.01,
0,0,0,-10.08,-0.09,0,-0.01,
0,0,0.03,-9.94,-0.14,0,-0.01,
0,0,0.03,-9.94,-0.14,0,-0.01,
0,0,0.03,-9.94,-0.14,0,-0.01,
0,0,0.04,-10.05,-0.1,0,-0.01,
0,0,0.04,-10.05,-0.1,0,-0.01,
0,0,0.04,-10.05,-0.1,0,-0.01,
0,0,-0.03,-9.98,-0.07,0,0,
0,0,-0.03,-9.98,-0.07,0,0,
0,0,-0.03,-9.98,-0.07,0,-0.01,
0,0,-0.07,-10.01,-0.02,0,-0.01,
0,0,-0.07,-10.01,-0.02,0,-0.01,
0,0,-0.07,-10.01,-0.02,0,0,
0,0,0.04,-10.05,-0.14,0,-0.01,
0,0,0.04,-10.05,-0.14,0,-0.01,
0,0,0.04,-10.05,-0.14,0,-0.01,
0,0,-0.08,-10,-0.08,0,-0.01,
0,0,-0.08,-10,-0.08,0,-0.01,
0,0,0.03,-10.02,-0.11,-0.01,-0.01,
0,0,0.03,-10.02,-0.11,-0.01,-0.01,
0,0,0.03,-10.02,-0.11,-0.01,-0.01,
0,0,0.04,-10.01,-0.01,0,-0.01,
0,0,0.04,-10.01,-0.01,-0.01,-0.01,
0,0,0.04,-10.01,-0.01,-0.01,-0.01,
0,0,0,-10.02,-0.07,-0.01,-0.01,
0,0,0,-10.02,-0.07,-0.01,0,
0,0,0,-10.02,-0.07,-0.01,0,
0,0,0.06,-10.09,-0.06,0,-0.01,
0,0,0.06,-10.09,-0.06,-0.01,-0.01,
0,0,0.06,-10.09,-0.06,-0.01,-0.01,
0,0,0.02,-10.05,-0.14,0,-0.01,
0,0,0.02,-10.05,-0.14,-0.01,-0.01,
0,0,0.02,-10.05,-0.14,-0.01,-0.01,
0,0,-0.02,-9.99,-0.06,-0.01,-0.01,
0,0,-0.02,-9.99,-0.06,0,-0.01,
0,0,0.02,-9.94,-0.07,0,-0.01,
0,0,0.02,-9.94,-0.07,-0.01,-0.01,
0,0,0.02,-9.94,-0.07,-0.01,-0.01,
0,0,0,-10,-0.12,-0.01,-0.01,
0,0,0,-10,-0.12,0,-0.01,
0,0,0,-10,-0.12,0,-0.01,
0,0,-0.01,-10.05,-0.1,0,-0.01,
0,0,-0.01,-10.05,-0.1,0,-0.01,
0,0,-0.01,-10.05,-0.1,0,-0.01,
0,0,0,-10.06,-0.05,0,-0.01,
0,0,0,-10.06,-0.05,-0.01,-0.01,
0,0,0,-10.06,-0.05,0,-0.01,
0,0,0.02,-10.07,-0.1,0,-0.01,
0,0,0.02,-10.07,-0.1,-0.01,-0.01,
0,0,0.02,-10.07,-0.1,-0.01,-0.01,
0,0,0.11,-10.26,-0.15,-0.01,-0.01,
0,0,0.11,-10.26,-0.15,-0.01,-0.01,
0,0,0.11,-10.26,-0.15,0.01,-0.01,
0,0,-0.03,-9.82,0.29,0.01,-0.01,
0,0,-0.03,-9.82,0.29,-0.01,-0.01,
0,0,0.3,-10.16,-0.35,-0.01,-0.01,
0,0,0.3,-10.16,-0.35,-0.01,-0.01,
0,0,0.3,-10.16,-0.35,-0.01,-0.01,
0,0,-0.16,-9.81,0.38,0,-0.01,
0,0,-0.16,-9.81,0.38,0,-0.01,
0,0,-0.16,-9.81,0.38,0,-0.01,
0,0,0.02,-10.1,-0.41,-0.01,-0.01,
0,0,0.02,-10.1,-0.41,-0.01,-0.01,
0,0,0.02,-10.1,-0.41,-0.01,-0.01,
0,0,-0.13,-9.95,0.11,-0.01,-0.01,
0,0,-0.13,-9.95,0.11,0,-0.01,
0,0,-0.13,-9.95,0.11,0,-0.01,
0,0,-0.09,-10.22,-0.28,0,-0.01,
0,0,-0.09,-10.22,-0.28,0,-0.01,
0,0,-0.09,-10.22,-0.28,0,-0.01,
0,0,0.11,-9.84,0.17,-0.01,-0.01,
0,0,0.11,-9.84,0.17,-0.01,-0.01,
0,0,0.11,-9.84,0.17,0,-0.01,
0,0,-0.12,-10.08,-0.13,-0.01,0,
0,0,-0.12,-10.08,-0.13,-0.01,0,
0,0,-0.12,-10.08,-0.13,-0.01,-0.01,
0,0,-0.04,-10.01,-0.11,0,-0.01,
0,0,-0.04,-10.01,-0.11,0,-0.01,
0,0,-0.04,-10.01,-0.11,-0.01,-0.01,
0,0,-0.01,-10.11,-0.25,0,-0.01,
0,0,-0.01,-10.11,-0.25,0,-0.01,
0,0,-0.01,-10.11,-0.25,0,-0.01,
0,0,-0.02,-10.01,0,0,-0.01,
0,0,-0.02,-10.01,0,0,-0.01,
0,0,-0.04,-10.01,-0.05,-0.01,-0.01,
0,0,-0.04,-10.01,-0.05,-0.01,-0.01,
0,0,-0.04,-10.01,-0.05,-0.01,0,
0,0,0.07,-9.96,0.04,0,-0.01,
0,0,0.07,-9.96,0.04,0,-0.01,
0,0,0.07,-9.96,0.04,-0.01,-0.01,
0,0,-0.04,-10.07,-0.1,-0.01,-0.01,
0,0,-0.04,-10.07,-0.1,-0.01,-0.01,
0,0,-0.04,-10.07,-0.1,0,-0.01,
0,0,0.1,-9.99,-0.12,0,-0.01,
0,0,0.1,-9.99,-0.12,0,-0.01,
0,0,0.1,-9.99,-0.12,0,-0.01,
0,0,-0.06,-10.05,-0.12,-0.01,-0.01,
0,0,-0.06,-10.05,-0.12,0,-0.01,
0,0,-0.06,-10.05,-0.12,0,-0.01,
0,0,0.03,-10.04,-0.14,0,-0.01,
0,0,0.03,-10.04,-0.14,-0.01,-0.01,
0,0,0.03,-10.04,-0.14,-0.01,-0.01,
0,0,0.09,-10.08,-0.07,0,-0.01,
0,0,0.09,-10.08,-0.07,0,-0.01,
0,0,0,-10,-0.09,0,-0.01,
0,0,0,-10,-0.09,-0.01,-0.01,
0,0,0,-10,-0.09,0,-0.01,
0,0,0.03,-10.06,-0.06,0,-0.01,
0,0,0.03,-10.06,-0.06,0,-0.01,
0,0,0.03,-10.06,-0.06,-0.01,-0.01,
0,0,-0.02,-9.99,-0.07,-0.01,-0.01,
0,0,-0.02,-9.99,-0.07,-0.01,-0.01,
0,0,-0.02,-9.99,-0.07,0,-0.01,
0,0,0.09,-9.99,-0.1,0,-0.01,
0,0,0.09,-9.99,-0.1,0,-0.01,
0,0,0.09,-9.99,-0.1,-0.01,-0.01,
0,0,0,-9.96,0.01,-0.01,-0.01,
0,0,0,-9.96,0.01,0,-0.01,
0,0,0,-9.96,0.01,-0.01,-0.01,
0,0,0.03,-10,-0.02,-0.01,-0.01,
0,0,0.03,-10,-0.02,-0.01,-0.01,
0,0,0.03,-10.05,-0.09,0,-0.01,
0,0,0.03,-10.05,-0.09,0,-0.01,
0,0,0.03,-10.05,-0.09,-0.01,-0.01,
0,0,-0.02,-9.99,-0.07,-0.01,-0.01,
0,0,-0.02,-9.99,-0.07,-0.01,-0.01,
0,0,-0.02,-9.99,-0.07,0,-0.01,
0,0,0,-10.01,-0.07,0,-0.01,
0,0,0,-10.01,-0.07,0,-0.01,
0,0,0,-10.01,-0.07,0,-0.01,
0,0,0.01,-10.01,-0.05,0,0,
0,0,0.01,-10.01,-0.05,0,0,
0,0,0.01,-10.01,-0.05,0,-0.01,
0,0,0.02,-10.07,-0.05,-0.01,-0.01,
0,0,0.02,-10.07,-0.05,-0.01,-0.01,
1,0,0.02,-10.07,-0.05,0,-0.01,
1,0,0.03,-10.01,-0.11,0,-0.01,
1,0,0.03,-10.01,-0.11,0,-0.01,
1,0,0.03,-10.01,-0.11,-0.01,-0.01,
1,0,0.01,-10.03,-0.04,-0.01,-0.01,
1,0,0.01,-10.03,-0.04,-0.01,-0.01,
1,0,0.06,-10.04,-0.12,-0.01,-0.01,
1,0,0.06,-10.04,-0.12,-0.01,-0.01,
1,0,0.06,-10.04,-0.12,-0.01,-0.01,
1,0,-0.02,-10.12,-0.09,0,-0.01,
1,0,-0.02,-10.12,-0.09,0,-0.01,
1,0,-0.02,-10.12,-0.09,0,-0.01,
1,0,0,-10,-0.06,-0.01,-0.01,
1,0,0,-10,-0.06,0,-0.01,
1,0,0,-10,-0.06,0,-0.01,
1,0,-0.01,-9.97,-0.03,0,-0.01,
1,0,-0.01,-9.97,-0.03,0,-0.01,
1,0,-0.01,-9.97,-0.03,0,-0.01,
1,0,-0.02,-10,-0.04,-0.01,-0.01,
1,0,-0.02,-10,-0.04,0,-0.01,
1,0,-0.02,-10,-0.04,0,-0.01,
1,0,0.04,-10.01,-0.07,-0.01,-0.01,
1,0,0.04,-10.01,-0.07,0,-0.01,
1,0,0.03,-10.05,-0.15,0,-0.01,
1,0,0.03,-10.05,-0.15,-0.01,-0.01,
1,0,0.03,-10.05,-0.15,-0.01,-0.01,
1,0,0,-10.09,-0.07,-0.01,-0.01,
1,0,0,-10.09,-0.07,0,-0.01,
1,0,0,-10.09,-0.07,-0.01,-0.01,
1,0,0.05,-9.96,-0.12,-0.01,-0.01,
1,0,0.05,-9.96,-0.12,-0.01,-0.01,
1,0,0.05,-9.96,-0.12,0,-0.01,
1,0,0.05,-9.99,-0.08,0,-0.01,
1,0,0.05,-9.99,-0.08,0,-0.01,
1,0,0.05,-9.99,-0.08,0,-0.01,
1,0,-0.02,-10.09,-0.14,0,-0.01,
1,0,-0.02,-10.09,-0.14,0,-0.01,
1,0,-0.02,-10.09,-0.14,-0.01,-0.01,
1,0,0.07,-9.96,-0.06,0,-0.01,
1,0,0.07,-9.96,-0.06,0,-0.01,
1,0,0.07,-9.96,-0.06,0,-0.01,
1,0,0,-9.98,-0.06,0,-0.01,
1,0,0,-9.98,-0.06,0,-0.01,
1,0,0,-9.98,-0.06,0,-0.01,
1,0,0.01,-10.04,-0.09,0,-0.01,
1,0,0.01,-10.04,-0.09,-0.01,-0.01,
1,0,-0.05,-9.99,-0.06,0,-0.01,
1,0,-0.05,-9.99,-0.06,0,-0.01,
1,0,-0.05,-9.99,-0.06,0,-0.01,
1,0,-0.01,-10.04,-0.05,-0.01,-0.01,
1,0,-0.01,-10.04,-0.05,-0.01,-0.01,
1,0,-0.01,-10.04,-0.05,0,-0.01,
1,0,-0.03,-10.04,-0.1,0,-0.01,
1,0,-0.03,-10.04,-0.1,0,-0.01,
1,0,-0.03,-10.04,-0.1,0,-0.01,
1,0,0.04,-9.99,0,-0.01,-0.01,
1,0,0.04,-9.99,0,0,-0.01,
1,0,0.04,-9.99,0,0,-0.01,
1,0,-0.01,-10.09,-0.19,-0.01,-0.01,
1,0,-0.01,-10.09,-0.19,0,-0.01,
1,0,-0.07,-10.06,-0.13,0,-0.01,
1,0,-0.07,-10.06,-0.13,0,-0.01,
1,0,-0.07,-10.06,-0.13,0,-0.01,
1,0,0.08,-10,-0.11,0,-0.01,
1,0,0.08,-10,-0.11,0,-0.01,
1,0,0.08,-10,-0.11,0,-0.01,
1,0,-0.03,-10,0,0,-0.01,
1,0,-0.03,-10,0,0,-0.01,
1,0,-0.03,-10,0,0,-0.01,
1,0,0.02,-10.07,-0.1,0,-0.01,
1,0,0.02,-10.07,-0.1,0,-0.01,
1,0,0.02,-10.04,-0.06,0,-0.01,
1,0,0.02,-10.04,-0.06,0,-0.01,
1,0,0.02,-10.04,-0.06,0,-0.01,
1,0,-0.01,-10.02,-0.05,-0.01,-0.01,
1,0,-0.01,-10.02,-0.05,0,-0.01,
1,0,-0.01,-10.02,-0.05,0,-0.01,
1,0,0.01,-9.96,0.04,-0.01,-0.01,
1,0,0.01,-9.96,0.04,0,-0.01,
1,0,0.01,-9.96,0.04,0,-0.01,
1,0,-0.04,-10.04,-0.07,-0.01,-0.01,
1,0,-0.04,-10.04,-0.07,0,-0.01,
1,0,-0.04,-10.04,-0.07,0,-0.01,
1,0,0,-9.94,-0.09,0,-0.01,
1,0,0,-9.94,-0.09,0,-0.01,
1,0,-0.01,-10.02,-0.08,0,-0.01,
1,0,-0.01,-10.02,-0.08,0,-0.01,
1,0,-0.01,-10.02,-0.08,-0.01,-0.01,
1,0,0,-9.99,-0.05,-0.01,-0.01,
1,0,0,-9.99,-0.05,0,-0.01,
1,0,0,-9.99,-0.05,0,-0.01,
1,0,-0.01,-10.1,-0.14,0,-0.01,
1,0,-0.01,-10.1,-0.14,0,-0.01,
1,0,-0.01,-10.1,-0.14,-0.01,-0.01,
1,0,0.07,-10.07,-0.11,0,-0.01,
1,0,0.07,-10.07,-0.11,0,-0.01,
1,0,0.07,-10.07,-0.11,-0.01,-0.01,
1,0,0,-9.97,-0.11,-0.01,-0.01,
1,0,0,-9.97,-0.11,-0.01,-0.01,
1,0,0,-9.97,-0.11,0,-0.01,
1,0,0,-9.98,-0.03,0,-0.01,
1,0,0,-9.98,-0.03,0,-0.01,
1,0,0.01,-10.06,-0.08,0,-0.01,
1,0,0.01,-10.06,-0.08,-0.01,-0.01,
1,0,0.01,-10.06,-0.08,-0.01,-0.01,
1,0,0.03,-10.06,-0.17,0,-0.01,
1,0,0.03,-10.06,-0.17,0,-0.01,
1,0,0.03,-10.06,-0.17,0,-0.01,
1,0,-0.01,-10.01,-0.04,0,-0.01,
1,0,-0.01,-10.01,-0.04,0,-0.01,
1,0,-0.01,-10.01,-0.04,0,-0.01,
1,0,0.06,-10.03,-0.08,0,-0.01,
1,0,0.06,-10.03,-0.08,-0.01,-0.01,
1,0,0.06,-10.03,-0.08,-0.01,-0.01,
1,0,-0.02,-10.02,-0.11,0,-0.01,
1,0,-0.02,-10.02,-0.11,0,-0.01,
1,0,-0.02,-10.02,-0.11,0,-0.01,
1,0,0,-10.03,-0.06,0,-0.01,
1,0,0,-10.03,-0.06,0,-0.01,
1,0,0.09,-10.03,-0.11,0,-0.01,
1,0,0.09,-10.03,-0.11,0,-0.01,
1,0,0.09,-10.03,-0.11,0,-0.01,
1,0,-0.01,-10.05,-0.11,0,-0.01,
1,0,-0.01,-10.05,-0.11,0,-0.01,
1,0,-0.01,-10.05,-0.11,-0.01,-0.01,
1,0,-0.02,-10,-0.13,-0.01,-0.01,
1,0,-0.02,-10,-0.13,0,-0.01,
1,0,-0.02,-10,-0.13,0,-0.01,
1,0,0.05,-10.02,-0.06,0,-0.01,
1,0,0.05,-10.02,-0.06,0,-0.01,
1,0,0.05,-10.02,-0.06,0,-0.01,
1,0,0.02,-10.06,-0.13,0,-0.01,
1,0,0.02,-10.06,-0.13,0,-0.01,
1,0,0.02,-10.06,-0.13,-0.01,-0.01,
1,0,0,-10,-0.1,-0.01,-0.01,
1,0,0,-10,-0.1,0,-0.01,
1,0,0,-10,-0.1,0,-0.01,
1,0,-0.02,-10.03,-0.03,0,-0.01,
1,0,-0.02,-10.03,-0.03,-0.01,0,
1,0,-0.02,-10.03,-0.03,-0.01,0,
1,0,0.03,-10,-0.05,-0.01,-0.01,
1,0,0.03,-10,-0.05,-0.01,0,
1,0,0.03,-10,-0.05,-0.01,0,
1,0,-0.02,-9.95,-0.06,0,-0.01,
1,0,-0.02,-9.95,-0.06,0,0,
1,0,-0.02,-9.95,-0.06,0,0,
1,0,0.06,-10.01,-0.08,-0.01,-0.01,
1,0,0.06,-10.01,-0.08,0,-0.01,
1,0,0.06,-10.01,-0.08,0,-0.01,
1,0,0.09,-10.02,-0.11,0,-0.01,
1,0,0.09,-10.02,-0.11,0,-0.01,
1,0,-0.04,-10,-0.08,0,-0.01,
1,0,-0.04,-10,-0.08,-0.01,-0.01,
1,0,-0.04,-10,-0.08,0,-0.01,
1,0,-0.01,-10.04,-0.13,0,-0.01,
1,0,-0.01,-10.04,-0.13,-0.01,-0.01,
1,0,-0.01,-10.04,-0.13,0,-0.01,
1,0,-0.03,-10.03,-0.08,0,-0.01,
1,0,-0.03,-10.03,-0.08,0,-0.01,
1,0,-0.03,-10.03,-0.08,0,-0.01,
1,0,0.05,-10.01,-0.03,0,-0.01,
1,0,0.05,-10.01,-0.03,-0.01,-0.01,
1,0,0.05,-10.01,-0.03,0,-0.01,
1,0,0,-9.92,0.01,-0.01,-0.01,
1,0,0,-9.92,0.01,-0.01,-0.01,
1,0,-0.03,-9.97,0.01,-0.01,-0.01,
1,0,-0.03,-9.97,0.01,-0.01,-0.01,
1,0,-0.03,-9.97,0.01,-0.01,-0.01,
1,0,-0.02,-10.02,-0.15,0,-0.01,
1,0,-0.02,-10.02,-0.15,-0.01,0,
1,0,-0.02,-10.02,-0.15,-0.01,0,
1,0,-0.06,-10.06,-0.12,0,-0.01,
1,0,-0.06,-10.06,-0.12,0,-0.01,
1,0,-0.06,-10.06,-0.12,0,-0.01,
1,0,0.03,-9.98,-0.08,0,-0.01,
1,0,0.03,-9.98,-0.08,0,-0.01,
1,0,0.03,-9.98,-0.08,0,-0.01,
1,0,0,-10.01,-0.1,-0.01,-0.01,
1,0,0,-10.01,-0.1,-0.01,0,
1,0,-0.05,-10.04,-0.1,-0.01,0,
1,0,-0.05,-10.04,-0.1,0,-0.01,
1,0,-0.05,-10.04,-0.1,0,-0.01,
1,0,0.01,-10.04,-0.11,0,-0.01,
1,0,0.01,-10.04,-0.11,0,-0.01,
1,0,0.01,-10.04,-0.11,0,-0.01,
1,0,0.03,-10.07,-0.04,-0.01,-0.01,
1,0,0.03,-10.07,-0.04,-0.01,-0.01,
1,0,0.03,-10.07,-0.04,-0.01,-0.01,
1,0,0.05,-10.06,-0.07,0,0,
1,0,0.05,-10.06,-0.07,0,0,
1,0,0.05,-10.06,-0.07,0,-0.01,
1,0,0.04,-10.07,-0.13,-0.01,-0.01,
1,0,0.04,-10.07,-0.13,-0.01,-0.01,
1,0,0.04,-10.07,-0.13,-0.01,-0.01,
1,0,0.07,-9.96,-0.06,-0.01,-0.01,
1,0,0.07,-9.96,-0.06,-0.01,-0.01,
1,0,0,-10.04,-0.11,0,-0.01,
1,0,0,-10.04,-0.11,0,-0.01,
1,0,0,-10.04,-0.11,0,-0.01,
1,0,0.04,-10.07,-0.06,0,-0.01,
1,0,0.04,-10.07,-0.06,-0.01,-0.02,
1,0,0.04,-10.07,-0.06,-0.01,-0.02,
1,0,-0.04,-10.07,-0.14,0,-0.01,
1,0,-0.04,-10.07,-0.14,0,-0.01,
1,0,-0.04,-10.07,-0.14,-0.01,-0.01,
1,0,-0.04,-10.05,-0.08,-0.01,-0.01,
1,0,-0.04,-10.05,-0.08,0,-0.01,
1,0,0.02,-9.98,-0.06,0,-0.01,
1,0,0.02,-9.98,-0.06,0,-0.01,
1,0,0.02,-9.98,-0.06,0,-0.01,
1,0,-0.02,-10.04,-0.07,0,-0.01,
1,0,-0.02,-10.04,-0.07,0,-0.01,
1,0,-0.02,-10.04,-0.07,-0.01,-0.01,
1,0,-0.05,-10.02,-0.07,0,-0.01,
1,0,-0.05,-10.02,-0.07,0,-0.01,
1,0,-0.05,-10.02,-0.07,0,-0.01,
1,0,0,-10.08,-0.13,0,-0.01,
1,0,0,-10.08,-0.13,0,-0.01,
1,0,0,-10.08,-0.13,0,-0.01,
1,0,0.02,-9.96,-0.07,-0.01,-0.01,
1,0,0.02,-9.96,-0.07,-0.01,-0.01,
1,0,0.02,-9.96,-0.07,0,-0.01,
1,0,0,-10,-0.06,0,0,
1,0,0,-10,-0.06,0,0,
1,0,0,-10,-0.06,0,-0.01,
1,0,0.05,-9.98,-0.09,0,-0.01,
1,0,0.05,-9.98,-0.09,0,-0.01,
1,0,0.05,-9.98,-0.09,-0.01,-0.01,
1,0,0.01,-10.01,-0.1,-0.01,-0.01,
1,0,0.01,-10.01,-0.1,-0.01,-0.01,
1,0,0.01,-10.01,-0.1,0,-0.01,
1,0,0,-10.05,-0.11,0,-0.01,
1,0,0,-10.05,-0.11,0,-0.01,
1,0,-0.03,-9.98,-0.01,-0.01,-0.01,
1,0,-0.03,-9.98,-0.01,-0.01,-0.01,
1,0,-0.03,-9.98,-0.01,0,-0.01,
1,0,0.07,-10.05,-0.15,0,-0.01,
1,0,0.07,-10.05,-0.15,0,-0.01,
1,0,0.07,-10.05,-0.15,-0.01,-0.01,
1,0,-0.05,-10.02,-0.05,0,-0.01,
1,0,-0.05,-10.02,-0.05,0,-0.01,
1,0,-0.05,-10.02,-0.05,0,-0.01,
1,0,-0.01,-10.04,-0.11,0,-0.01,
1,0,-0.01,-10.04,-0.11,0,-0.01,
1,0,-0.01,-10.04,-0.11,0,-0.01,
1,0,0.05,-10.01,-0.08,0,-0.01,
1,0,0.05,-10.01,-0.08,0,-0.01,
1,0,0.05,-10.01,-0.08,-0.01,-0.01,
1,0,0,-10.05,-0.06,0,-0.01,
1,0,0,-10.05,-0.06,0,-0.01,
1,0,0,-10.05,-0.06,0,-0.01,
1,0,-0.03,-10.01,-0.06,-0.01,0,
1,0,-0.03,-10.01,-0.06,-0.01,0,
1,0,-0.03,-10.01,-0.06,0,-0.01,
1,0,-0.04,-10.04,-0.08,0,-0.01,
1,0,-0.04,-10.04,-0.08,0,-0.01,
1,0,-0.04,-10.04,-0.08,-0.01,-0.01,
1,0,-0.01,-9.97,-0.11,0,-0.01,
1,0,-0.01,-9.97,-0.11,0,-0.01,
1,0,-0.01,-9.97,-0.11,0,-0.01,
1,0,0.04,-10.05,-0.15,0,-0.01,
1,0,0.04,-10.05,-0.15,0,-0.01,
1,0,0.06,-9.98,-0.06,0,-0.01,
1,0,0.06,-9.98,-0.06,-0.01,-0.01,
1,0,0.06,-9.98,-0.06,-0.01,-0.01,
1,0,-0.03,-9.99,-0.04,0,-0.01,
1,0,-0.03,-9.99,-0.04,-0.01,-0.01,
1,0,-0.03,-9.99,-0.04,-0.01,-0.01,
1,0,0.09,-10.05,-0.09,-0.01,-0.01,
1,0,0.09,-10.05,-0.09,0,-0.01,
1,0,0.09,-10.05,-0.09,0,-0.01,
1,0,0.04,-10.08,-0.06,0,-0.01,
1,0,0.04,-10.08,-0.06,0,-0.01,
1,0,0.04,-10.08,-0.06,0,-0.01,
1,0,0.06,-10.06,-0.06,-0.01,-0.01,
1,0,0.06,-10.06,-0.06,0,-0.01,
1,0,0.06,-10.06,-0.06,0,-0.01,
1,0,0.02,-10.03,-0.08,0,-0.01,
1,0,0.02,-10.03,-0.08,0,-0.01,
1,0,-0.06,-10.04,-0.12,0,-0.01,
1,0,-0.06,-10.04,-0.12,0,-0.01,
1,0,-0.06,-10.04,-0.12,0,0,
1,0,0,-9.95,-0.04,0,0,
1,0,0,-9.95,-0.04,-0.01,-0.01,
1,0,0,-9.95,-0.04,0,-0.01,
1,0,-0.06,-10.09,-0.05,0,-0.01,
1,0,-0.06,-10.09,-0.05,0,-0.01,
1,0,-0.06,-10.09,-0.05,0,-0.01,
1,0,0.01,-10.04,-0.03,0,-0.01,
1,0,0.01,-10.04,-0.03,-0.01,-0.01,
1,0,0.01,-10.04,-0.03,0,-0.01,
1,0,0.03,-10.06,-0.12,0,-0.01,
1,0,0.03,-10.06,-0.12,0,-0.01,
1,0,0.03,-10.06,-0.12,0,-0.01,
1,0,0.07,-10.05,-0.08,0,-0.01,
1,0,0.07,-10.05,-0.08,0,-0.01,
1,0,0.07,-10.05,-0.08,-0.01,-0.01,
1,0,-0.03,-10.07,-0.04,-0.01,-0.01,
1,0,-0.03,-10.07,-0.04,-0.01,-0.01,
1,0,-0.05,-10.02,-0.11,0,-0.01,
1,0,-0.05,-10.02,-0.11,0,-0.01,
1,0,-0.05,-10.02,-0.11,0,-0.01,
1,0,-0.06,-9.99,-0.17,-0.01,-0.01,
1,0,-0.06,-9.99,-0.17,-0.01,-0.01,
1,0,-0.06,-9.99,-0.17,0,-0.01,
1,0,-0.06,-10,-0.05,0,-0.01,
1,0,-0.06,-10,-0.05,0,-0.01,
1,0,-0.06,-10,-0.05,-0.01,-0.01,
1,0,-0.05,-10.11,-0.08,-0.01,-0.01,
1,0,-0.05,-10.11,-0.08,-0.01,-0.01,
1,0,-0.05,-10.11,-0.08,-0.01,-0.01,
1,0,0.01,-9.98,-0.1,0,-0.01,
1,0,0.01,-9.98,-0.1,0,-0.01,
1,0,0.01,-9.98,-0.1,0,-0.01,
1,0,-0.07,-10,-0.09,0,-0.01,
1,0,-0.07,-10,-0.09,0,-0.01,
1,0,0,-10.05,-0.08,-0.01,-0.01,
1,0,0,-10.05,-0.08,-0.01,-0.01,
1,0,0,-10.05,-0.08,-0.01,-0.01,
1,0,-0.06,-10.06,-0.15,-0.01,-0.01,
1,0,-0.06,-10.06,-0.15,0,-0.01,
1,0,-0.06,-10.06,-0.15,0,-0.01,
1,0,0.06,-10.06,0,0,-0.01,
1,0,0.06,-10.06,0,0,-0.01,
1,0,0.06,-10.06,0,0,-0.01,
1,0,0.07,-10.03,0.01,0,-0.01,
1,0,0.07,-10.03,0.01,0,-0.01,
1,0,0.07,-10.03,0.01,-0.01,-0.01,
1,0,0.03,-10.01,-0.07,-0.01,-0.01,
1,0,0.03,-10.01,-0.07,-0.01,-0.01,
1,0,0.03,-10.01,-0.07,0,-0.01,
1,0,-0.02,-10.02,-0.09,0,-0.01,
1,0,-0.02,-10.02,-0.09,0,-0.01,
1,0,-0.02,-10.02,-0.09,0,-0.01,
1,0,-0.05,-10.02,-0.09,0,-0.01,
1,0,-0.05,-10.02,-0.09,0,-0.01,
1,0,-0.05,-10.02,-0.09,0,-0.01,
1,0,-0.02,-10.04,-0.1,0,-0.01,
1,0,-0.02,-10.04,-0.1,0,-0.01,
1,0,-0.02,-10.04,-0.1,0,0,
1,0,-0.01,-10.03,-0.11,0,0,
1,0,-0.01,-10.03,-0.11,-0.01,-0.01,
1,0,-0.01,-10.03,-0.11,-0.01,-0.01,
1,0,-0.01,-10.03,-0.11,-0.01,0,
1,0,0,-10.01,-0.11,0,-0.01,
1,0,0,-10.01,-0.11,0,-0.01,
1,0,0,-10.04,-0.06,0,-0.01,
1,0,0,-10.04,-0.06,-0.01,-0.01,
1,0,0,-10.04,-0.06,-0.01,-0.01,
1,0,0.05,-10.06,-0.06,0,-0.01,
1,0,0.05,-10.06,-0.06,-0.01,-0.01,
1,0,0.05,-10.06,-0.06,-0.01,-0.01,
1,0,-0.03,-10.06,-0.14,0,0,
1,0,-0.03,-10.06,-0.14,-0.01,-0.01,
1,0,-0.03,-10.06,-0.14,-0.01,-0.01,
1,0,-0.08,-9.99,-0.08,-0.01,-0.01,
1,0,-0.08,-9.99,-0.08,-0.01,-0.01,
1,0,-0.08,-9.99,-0.08,0,-0.01,
1,0,0.07,-10.07,-0.22,-0.01,-0.01,
1,0,0.07,-10.07,-0.22,-0.01,-0.01,
1,0,0.07,-10.07,-0.22,-0.01,-0.01,
1,0,-0.07,-9.96,-0.03,0,-0.01,
1,0,-0.07,-9.96,-0.03,0,-0.01,
1,0,-0.07,-9.96,-0.03,0,-0.01,
1,0,0.03,-10.02,-0.14,0,-0.01,
1,0,0.03,-10.02,-0.14,0,-0.01,
1,0,0.03,-10.02,-0.14,0,-0.01,
1,0,0.01,-10.06,-0.1,-0.01,-0.01,
1,0,0.01,-10.06,-0.1,-0.01,-0.01,
1,0,0.01,-10.06,-0.1,-0.01,0,
1,0,0,-10.02,-0.12,-0.01,0,
1,0,0,-10.02,-0.12,0,-0.01,
1,0,0,-10.02,-0.12,0,-0.01,
1,0,0.01,-10.1,-0.17,0,-0.01,
1,0,0.01,-10.1,-0.17,0,-0.01,
1,0,0.01,-10.1,-0.17,-0.01,-0.01,
1,0,0.1,-9.96,0,-0.01,-0.01,
1,0,0.1,-9.96,0,-0.01,-0.01,
1,0,0.1,-9.96,0,0,-0.01,
1,0,0.01,-10.06,-0.12,0,-0.01,
1,0,0.01,-10.06,-0.12,0,-0.01,
1,0,0.01,-10.06,-0.12,0,-0.01,
1,0,0.01,-9.98,-0.06,0,-0.01,
1,0,0.01,-9.98,-0.06,-0.01,0,
1,0,0.01,-9.98,-0.06,0,-0.01,
1,0,-0.01,-9.97,-0.09,0,-0.01,
1,0,-0.01,-9.97,-0.09,-0.01,-0.01,
1,0,-0.01,-9.97,-0.09,-0.01,-0.01,
1,0,0.04,-10.04,-0.03,0,-0.01,
1,0,0.04,-10.04,-0.03,0,-0.01,
1,0,0.04,-10.04,-0.03,0,-0.01,
1,0,0,-10.03,-0.1,0,-0.01,
1,0,0,-10.03,-0.1,0,-0.01,
1,0,0,-10.03,-0.1,0,-0.01,
1,0,-0.07,-10.03,0,-0.01,-0.01,
1,0,-0.07,-10.03,0,-0.01,-0.01,
1,0,-0.07,-10.03,0,-0.01,-0.01,
1,0,0,-9.98,-0.1,-0.01,-0.01,
1,0,0,-9.98,-0.1,-0.01,-0.01,
1,0,0,-9.98,-0.1,-0.01,-0.01,
1,0,0.03,-10.07,-0.12,0,-0.01,
1,0,0.03,-10.07,-0.12,0,-0.01,
1,0,0.03,-10.07,-0.12,0,-0.01,
1,0,0,-9.96,0.04,0,0,
1,0,0,-9.96,0.04,-0.01,-0.01,
1,0,0,-10.03,-0.03,-0.01,-0.01,
1,0,0,-10.03,-0.03,-0.01,-0.01,
1,0,0,-10.03,-0.03,-0.01,-0.01,
1,0,-0.01,-9.99,-0.03,0,-0.01,
1,0,-0.01,-9.99,-0.03,0,-0.01,
1,0,-0.01,-9.99,-0.03,0,-0.01,
1,0,0.03,-10.09,-0.21,0,-0.01,
1,0,0.03,-10.09,-0.21,0,-0.01,
1,0,0.03,-10.09,-0.21,0,-0.01,
1,0,0,-9.96,-0.03,0.01,-0.01,
1,0,0,-9.96,-0.03,0,-0.01,
1,0,0,-9.96,-0.03,0,-0.01,
1,0,0,-10,-0.07,0,-0.01,
1,0,0,-10,-0.07,-0.01,-0.01,
1,0,0,-10,-0.07,-0.01,-0.01,
1,0,-0.05,-10.03,-0.19,-0.01,-0.01,
1,0,-0.05,-10.03,-0.19,-0.01,-0.01,
1,0,-0.05,-10.03,-0.19,-0.01,-0.01,
1,0,0.03,-10.06,-0.12,0,-0.01,
1,0,0.03,-10.06,-0.12,0,-0.01,
1,0,0.03,-10.06,-0.12,0,-0.01,
1,0,-0.02,-10.02,-0.11,-0.01,0,
1,0,-0.02,-10.02,-0.11,-0.01,0,
1,0,-0.02,-10.02,-0.11,0,-0.01,
1,0,0.05,-10.03,-0.11,-0.01,-0.01,
1,0,0.05,-10.03,-0.11,-0.01,-0.01,
1,0,0.05,-10.03,-0.11,-0.01,-0.01,
1,0,0.04,-10.05,-0.14,-0.01,-0.01,
1,0,0.04,-10.05,-0.14,-0.01,-0.01,
1,0,0.04,-10.05,-0.14,0,-0.01,
1,0,0.02,-10.05,-0.2,0,-0.01,
1,0,0.02,-10.05,-0.2,-0.01,-0.01,
1,0,0.02,-10.05,-0.2,0,-0.01,
1,0,0.01,-9.93,-0.09,0,-0.01,
1,0,0.01,-9.93,-0.09,0,-0.01,
1,0,0.01,-9.93,-0.09,-0.01,-0.01,
1,0,0.01,-10,-0.02,-0.01,-0.01,
1,0,0.01,-10,-0.02,0,-0.01,
1,0,0.01,-10,-0.02,0,-0.01,
1,0,0,-10.04,-0.01,0,-0.01,
1,0,0,-10.04,-0.01,0,-0.01,
1,0,0,-10.04,-0.01,-0.01,-0.01,
1,0,0.01,-10.12,-0.09,-0.01,-0.01,
1,0,0.01,-10.12,-0.09,-0.01,-0.01,
1,0,0.01,-10.12,-0.09,-0.01,-0.01,
1,0,0,-9.99,-0.03,0,-0.01,
1,0,0,-9.99,-0.03,0,-0.01,
1,0,0,-9.99,-0.03,0,-0.01,
1,0,0.11,-9.99,-0.21,-0.01,-0.01,
1,0,0.11,-9.99,-0.21,0,-0.01,
1,0,0.11,-9.99,-0.21,0,-0.01,
1,0,-0.07,-10.07,0.04,0,-0.01,
1,0,-0.07,-10.07,0.04,0,-0.01,
1,0,-0.07,-10.07,0.04,0,-0.01,
1,0,0.03,-9.91,-0.09,-0.01,-0.01,
1,0,0.03,-9.91,-0.09,0,-0.01,
1,0,0.03,-9.91,-0.09,0,-0.01,
1,0,0.08,-10.03,-0.17,0,-0.01,
1,0,0.08,-10.03,-0.17,0,-0.01,
1,0,0.08,-10.03,-0.17,0,-0.01,
1,0,0.01,-9.94,0.03,0,-0.01,
1,0,0.01,-9.94,0.03,0,-0.01,
1,0,0.01,-9.94,0.03,0,-0.01,
1,0,0,-10.05,-0.12,0,-0.01,
1,0,0,-10.05,-0.12,0,-0.01,
1,0,0,-10.05,-0.12,-0.01,-0.01,
1,0,0,-9.99,0.02,0,-0.01,
1,0,0,-9.99,0.02,0,-0.01,
1,0,0,-9.99,0.02,0,-0.01,
1,0,0.03,-10,-0.11,0,-0.01,
1,0,0.03,-10,-0.11,0,-0.01,
1,0,0.01,-10.01,-0.06,0,0,
1,0,0.01,-10.01,-0.06,0,-0.01,
1,0,0.01,-10.01,-0.06,0,-0.01,
1,0,0.06,-10.01,-0.08,0,-0.01,
1,0,0.06,-10.01,-0.08,-0.01,-0.01,
1,0,0.06,-10.01,-0.08,-0.01,-0.01,
1,0,0.08,-10.07,-0.15,0,-0.01,
1,0,0.08,-10.07,-0.15,0,-0.01,
1,0,0.08,-10.07,-0.15,-0.01,-0.01,
1,0,-0.03,-10.08,-0.07,0,-0.01,
1,0,-0.03,-10.08,-0.07,0,-0.01,
1,0,-0.03,-10.08,-0.07,0,-0.01,
1,0,-0.03,-10.05,-0.07,-0.01,-0.01,
1,0,-0.03,-10.05,-0.07,-0.01,-0.01,
1,0,-0.03,-10.05,-0.07,0,-0.01,
1,0,-0.01,-10,-0.07,-0.01,-0.01,
1,0,-0.01,-10,-0.07,-0.01,-0.01,
1,0,-0.01,-10,-0.07,-0.01,-0.01,
1,0,-0.01,-10.02,-0.09,0,-0.01,
1,0,-0.01,-10.02,-0.09,0,-0.01,
1,0,-0.01,-10.02,-0.09,0,-0.01,
1,0,0.01,-9.99,-0.02,-0.01,-0.01,
1,0,0.01,-9.99,-0.02,-0.01,-0.01,
1,0,0.01,-9.99,-0.02,0,-0.02,
1,0,0,-9.99,-0.09,0,-0.02,
1,0,0,-9.99,-0.09,0,-0.01,
1,0,0,-9.99,-0.09,-0.01,-0.01,
1,0,0.01,-10.03,-0.06,-0.01,-0.01,
1,0,0.01,-10.03,-0.06,-0.01,-0.01,
1,0,0.01,-10.03,-0.06,-0.01,-0.01,
1,0,0,-10.02,-0.08,-0.01,-0.01,
1,0,0,-10.02,-0.08,0,-0.01,
1,0,0,-10.02,-0.08,0,-0.01,
1,0,-0.02,-10.06,-0.05,0,-0.01,
1,0,-0.02,-10.06,-0.05,-0.01,-0.01,
1,0,-0.02,-10.06,-0.05,-0.01,-0.01,
1,0,-0.06,-10.05,-0.12,-0.01,-0.01,
1,0,-0.06,-10.05,-0.12,0,-0.01,
1,0,-0.06,-10.05,-0.12,-0.01,-0.01,
1,0,0.01,-10.06,-0.1,-0.01,-0.01,
1,0,0.01,-10.06,-0.1,-0.01,-0.01,
1,0,0.01,-10.06,-0.1,-0.01,-0.01,
1,0,-0.05,-10.06,-0.02,0,-0.01,
1,0,-0.05,-10.06,-0.02,0,0,
1,0,-0.05,-10.06,-0.02,0,0,
1,0,0.02,-10.05,-0.1,0,-0.01,
1,0,0.02,-10.05,-0.1,-0.01,-0.01,
1,0,0.02,-10.05,-0.1,-0.01,-0.01,
1,0,0.03,-9.98,-0.11,0,-0.01,
1,0,0.03,-9.98,-0.11,0,-0.01,
1,0,0.03,-9.98,-0.11,0,-0.01,
1,0,-0.01,-10.05,-0.01,0,-0.01,
1,0,-0.01,-10.05,-0.01,0,-0.01,
1,0,-0.01,-10.05,-0.01,-0.01,-0.01,
1,0,0.03,-10.04,-0.08,-0.01,-0.01,
1,0,0.03,-10.04,-0.08,-0.01,-0.01,
1,0,0.03,-10.04,-0.08,0,-0.01,
1,0,0.02,-10.04,-0.14,0,-0.01,
1,0,0.02,-10.04,-0.14,-0.01,-0.01,
1,0,0.02,-10.04,-0.14,0,-0.01,
1,0,0.02,-10.01,-0.05,0,-0.01,
1,0,0.02,-10.01,-0.05,-0.01,-0.01,
1,0,0.02,-10.01,-0.05,0,-0.01,
1,0,0.03,-9.96,-0.07,0,-0.01,
1,0,0.03,-9.96,-0.07,0,-0.01,
1,0,0.03,-9.96,-0.07,-0.01,-0.01,
1,0,-0.02,-10,-0.06,-0.01,-0.01,
1,0,-0.02,-10,-0.06,0,-0.01,
1,0,-0.02,-10,-0.06,0,-0.01,
1,0,0.04,-10.06,-0.12,0,-0.01,
1,0,0.04,-10.06,-0.12,-0.01,0,
1,0,0.04,-10.06,-0.12,-0.01,0,
1,0,-0.03,-10.08,-0.02,0,-0.01,
1,0,-0.03,-10.08,-0.02,0,-0.01,
1,0,-0.03,-10.08,-0.02,0,-0.01,
1,0,0.02,-10.03,-0.04,-0.01,-0.01,
1,0,0.02,-10.03,-0.04,-0.01,-0.01,
1,0,0.02,-10.03,-0.04,-0.01,-0.01,
1,0,0.03,-10.23,-0.22,-0.01,-0.01,
1,0,0.03,-10.23,-0.22,0,-0.01,
1,0,0.03,-10.23,-0.22,0,-0.01,
1,0,0.09,-9.85,-0.29,-0.01,-0.01,
1,0,0.09,-9.85,-0.29,0,0,
1,0,0.09,-9.85,-0.29,0,0,
1,0,-0.19,-9.87,-0.06,-0.01,-0.02,
1,0,-0.19,-9.87,-0.06,-0.01,-0.02,
1,0,-0.19,-9.87,-0.06,0,-0.01,
1,0,-0.01,-10.1,-0.06,-0.01,-0.01,
1,0,-0.01,-10.1,-0.06,-0.01,-0.01,
1,0,-0.01,-10.1,-0.06,0,-0.01,
1,0,-0.02,-10.06,-0.11,0,-0.01,
1,0,-0.02,-10.06,-0.11,0,-0.01,
1,0,-0.02,-10.06,-0.11,0,-0.01,
1,0,0.06,-10.02,-0.08,-0.01,0,
1,0,0.06,-10.02,-0.08,-0.01,0,
1,0,0.06,-10.02,-0.08,0,-0.01,
1,0,0.05,-9.98,-0.05,0,-0.01,
1,0,0.05,-9.98,-0.05,0,-0.01,
1,0,0.05,-9.98,-0.05,0,-0.01,
1,0,-0.03,-10.05,-0.15,0,-0.01,
1,0,-0.03,-10.05,-0.15,0,-0.01,
1,0,0.01,-10.03,-0.11,0,-0.01,
1,0,0.01,-10.03,-0.11,0,-0.01,
1,0,0.01,-10.03,-0.11,0,-0.01,
1,0,0,-9.98,-0.09,0,-0.01,
1,0,0,-9.98,-0.09,0,-0.01,
1,0,0,-9.98,-0.09,-0.01,-0.01,
1,0,-0.05,-9.99,-0.06,0,-0.01,
1,0,-0.05,-9.99,-0.06,0,-0.01,
1,0,-0.05,-9.99,-0.06,-0.01,-0.01,
1,0,0.05,-10.06,-0.09,0,-0.01,
1,0,0.05,-10.06,-0.09,0,-0.01,
1,0,0.05,-10.06,-0.09,0,-0.01,
1,0,0.03,-9.98,-0.01,0,-0.01,
1,0,0.03,-9.98,-0.01,0,-0.01,
1,0,0.03,-9.98,-0.01,0,-0.01,
1,0,-0.03,-10.06,-0.11,0,-0.01,
1,0,-0.03,-10.06,-0.11,0,-0.01,
1,0,-0.03,-10.06,-0.11,0,-0.01,
1,0,-0.08,-10.02,-0.08,0,-0.01,
1,0,-0.08,-10.02,-0.08,0,-0.01,
1,0,-0.08,-10.02,-0.08,0,-0.01,
1,0,-0.04,-10.01,-0.06,0,-0.01,
1,0,-0.04,-10.01,-0.06,0,-0.01,
1,0,-0.04,-10.01,-0.06,0,-0.01,
1,0,0.02,-10.03,-0.06,0,-0.01,
1,0,0.02,-10.03,-0.06,0,-0.01,
1,0,0.02,-10.03,-0.06,-0.01,-0.01,
1,0,0,-10.06,-0.05,0,-0.01,
1,0,0,-10.06,-0.05,0,-0.01,
1,0,0,-10.06,-0.05,0,-0.01,
1,0,0.03,-10.04,-0.06,0,-0.01,
1,0,0.03,-10.04,-0.06,0,-0.01,
1,0,0.03,-10.04,-0.06,-0.01,-0.01,
1,0,0.05,-10.02,-0.08,-0.01,-0.01,
1,0,0.05,-10.02,-0.08,0,-0.01,
1,0,0.05,-10.02,-0.08,0,-0.01,
1,0,0,-10.01,-0.02,0,-0.01,
1,0,0,-10.01,-0.02,0,-0.01,
1,0,0,-10.01,-0.02,0,-0.01,
1,0,0.06,-10.05,-0.05,0,-0.01,
1,0,0.06,-10.05,-0.05,0,-0.01,
1,0,0.06,-10.05,-0.05,0,-0.01,
1,0,-0.08,-9.98,-0.1,0,-0.01,
1,0,-0.08,-9.98,-0.1,0,0,
1,0,-0.08,-9.98,-0.1,0,0,
1,0,0.04,-10.07,-0.09,0,-0.01,
1,0,0.04,-10.07,-0.09,0,-0.01,
1,0,0.04,-10.07,-0.09,0,-0.01,
1,0,0.02,-10.01,-0.08,0,-0.01,
1,0,0.02,-10.01,-0.08,0,-0.01,
1,0,0.02,-10.01,-0.08,0,-0.01,
1,0,0,-10.06,-0.07,-0.01,-0.01,
1,0,0,-10.06,-0.07,-0.01,-0.01,
1,0,0,-10.06,-0.07,0,-0.01,
1,0,0.08,-10,-0.08,0,-0.01,
1,0,0.08,-10,-0.08,0,-0.01,
1,0,0.08,-10,-0.08,0,-0.01,
1,0,0,-10.05,-0.08,0,-0.01,
1,0,0,-10.05,-0.08,0,-0.01,
1,0,0,-10.05,-0.08,-0.01,-0.01,
1,0,0.04,-9.97,-0.09,0,-0.01,
1,0,0.04,-9.97,-0.09,0,-0.01,
1,0,0.04,-9.97,-0.09,0,-0.01,
1,0,0.07,-10.06,-0.13,0,-0.01,
1,0,0.07,-10.06,-0.13,0,-0.01,
1,0,0.07,-10.06,-0.13,0,-0.01,
1,0,0.01,-9.96,-0.08,0,-0.01,
1,0,0.01,-9.96,-0.08,0,-0.01,
1,0,0.01,-9.96,-0.08,-0.01,-0.01,
1,0,0.01,-10.08,-0.04,-0.01,-0.01,
1,0,0.01,-10.08,-0.04,-0.01,-0.01,
1,0,0.01,-10.08,-0.04,-0.01,-0.01,
1,0,-0.01,-10.1,-0.08,-0.01,-0.01,
1,0,-0.01,-10.1,-0.08,0,-0.01,
1,0,-0.01,-10.1,-0.08,-0.01,-0.01,
1,0,-0.04,-10.02,-0.1,-0.01,-0.01,
1,0,-0.04,-10.02,-0.1,0,-0.01,
1,0,-0.04,-10.02,-0.1,0,-0.01,
1,0,0.03,-10.08,-0.11,0,-0.01,
1,0,0.03,-10.08,-0.11,0,-0.01,
1,0,0.03,-10.08,-0.11,0,-0.01,
1,0,0.02,-9.98,-0.05,-0.01,0,
1,0,0.02,-9.98,-0.05,0,-0.01,
1,0,-0.03,-10.06,-0.09,0,-0.01,
1,0,-0.03,-10.06,-0.09,-0.01,-0.01,
1,0,-0.03,-10.06,-0.09,0,-0.01,
1,0,0.02,-9.9,-0.09,0,-0.01,
1,0,0.02,-9.9,-0.09,0,-0.01,
1,0,0.02,-9.9,-0.09,-0.01,-0.01,
1,0,0.04,-10.05,-0.13,-0.01,-0.01,
1,0,0.04,-10.05,-0.13,-0.01,-0.01,
1,0,0.04,-10.05,-0.13,-0.01,-0.01,
1,0,0.1,-10.07,-0.21,-0.01,-0.01,
1,0,0.1,-10.07,-0.21,0,-0.01,
1,0,0.1,-10.07,-0.21,0,-0.01,
1,0,-0.01,-10.05,0.03,0,-0.01,
1,0,-0.01,-10.05,0.03,0,-0.01,
1,0,-0.01,-10.05,0.03,0,-0.01,
1,0,0.1,-9.9,0.05,0,-0.01,
1,0,0.1,-9.9,0.05,-0.01,-0.01,
1,0,0.1,-9.9,0.05,-0.01,-0.01,
1,0,-0.03,-10.05,-0.03,-0.01,-0.01,
1,0,-0.03,-10.05,-0.03,-0.01,-0.01,
1,0,-0.03,-10.05,-0.03,-0.01,-0.01,
1,0,0.05,-10.02,-0.23,-0.01,-0.01,
1,0,0.05,-10.02,-0.23,-0.01,0,
1,0,0.05,-10.02,-0.23,-0.01,0,
1,0,0,-10.16,-0.13,-0.01,0,
1,0,0,-10.16,-0.13,-0.01,0,
1,0,0,-10.16,-0.13,0,-0.01,
1,0,0,-9.96,-0.06,0,-0.01,
1,0,0,-9.96,-0.06,0,-0.01,
1,0,0,-9.96,-0.06,-0.01,-0.01,
1,0,-0.01,-10.04,-0.09,0,-0.01,
1,0,-0.01,-10.04,-0.09,0,-0.01,
1,0,-0.01,-10.04,-0.09,0,-0.01,
1,0,0.07,-10,-0.13,-0.01,-0.01,
1,0,0.07,-10,-0.13,-0.01,-0.01,
1,0,0.07,-10,-0.13,0,-0.01,
1,0,0,-10.01,-0.08,0,-0.01,
1,0,0,-10.01,-0.08,0,-0.01,
1,0,0,-10.01,-0.08,0,-0.01,
1,0,0.01,-10.01,0.03,-0.01,-0.01,
1,0,0.01,-10.01,0.03,-0.01,-0.01,
1,0,0.01,-10.01,0.03,-0.01,-0.01,
1,0,0,-10.05,-0.15,-0.01,-0.01,
1,0,0,-10.05,-0.15,0,-0.01,
1,0,0,-10.05,-0.15,-0.01,-0.01,
1,0,0.04,-10.04,-0.14,-0.01,-0.01,
1,0,0.04,-10.04,-0.14,0,-0.01,
1,0,0.04,-10.04,-0.14,0,-0.01,
1,0,0.03,-10.01,-0.16,0,-0.01,
1,0,0.03,-10.01,-0.16,0,-0.01,
1,0,0.03,-10.01,-0.16,0,-0.01,
1,0,0.03,-10.02,-0.07,0,-0.01,
1,0,0.03,-10.02,-0.07,-0.01,-0.01,
1,0,0.03,-10.02,-0.07,-0.01,-0.01,
1,0,0,-10.06,0,0,-0.01,
1,0,0,-10.06,0,-0.01,-0.01,
1,0,0,-10.06,0,-0.01,-0.01,
1,0,-0.07,-10.06,-0.13,0,-0.01,
1,0,-0.07,-10.06,-0.13,0,-0.01,
1,0,-0.07,-10.06,-0.13,0,-0.01,
1,0,-0.04,-10.01,-0.07,0,-0.01,
1,0,-0.04,-10.01,-0.07,0,-0.01,
1,0,-0.04,-10.01,-0.07,0,-0.01,
1,0,0,-9.97,-0.04,-0.01,-0.01,
1,0,0,-9.97,-0.04,-0.01,-0.01,
1,0,0,-9.97,-0.04,0,-0.01,
1,0,0,-9.99,-0.08,0,-0.01,
1,0,0,-9.99,-0.08,0,-0.01,
1,0,0,-9.99,-0.08,0,-0.01,
1,0,0,-10.05,-0.17,0,-0.01,
1,0,0,-10.05,-0.17,0,-0.01,
1,0,0,-10.05,-0.17,0,-0.01,
1,0,0,-9.98,-0.12,0,-0.01,
1,0,0,-9.98,-0.12,0,-0.01,
1,0,0,-9.98,-0.12,0,-0.01,
1,0,-0.02,-10.04,-0.07,0,-0.01,
1,0,-0.02,-10.04,-0.07,-0.01,-0.01,
1,0,-0.02,-10.04,-0.07,-0.01,-0.01,
1,0,0.04,-10.02,-0.06,0,-0.01,
1,0,0.04,-10.02,-0.06,-0.01,-0.01,
1,0,0.04,-10.02,-0.06,-0.01,-0.01,
1,0,-0.03,-10.06,-0.14,0,-0.01,
1,0,-0.03,-10.06,-0.14,0,-0.01,
1,0,-0.03,-10.06,-0.14,0,-0.01,
1,0,0.02,-10.04,-0.15,0,-0.01,
1,0,0.02,-10.04,-0.15,0,-0.01,
1,0,0.02,-10.04,-0.15,0,-0.01,
1,0,-0.02,-9.94,-0.05,-0.01,-0.01,
1,0,-0.02,-9.94,-0.05,-0.01,-0.01,
1,0,-0.02,-9.94,-0.05,-0.01,-0.01,
1,0,-0.05,-10.02,-0.09,-0.01,-0.01,
1,0,-0.05,-10.02,-0.09,0,-0.01,
1,0,-0.05,-10.02,-0.09,0,-0.01,
1,0,-0.01,-10.01,-0.11,-0.01,-0.01,
1,0,-0.01,-10.01,-0.11,-0.01,-0.01,
1,0,-0.01,-10.01,-0.11,-0.01,-0.01,
1,0,-0.04,-10.07,-0.11,-0.01,-0.01,
1,0,-0.04,-10.07,-0.11,-0.01,-0.01,
1,0,-0.04,-10.07,-0.11,0,-0.01,
1,0,-0.02,-10.06,-0.03,-0.01,-0.01,
1,0,-0.02,-10.06,-0.03,-0.01,-0.01,
1,0,-0.02,-10.06,-0.03,-0.01,-0.01,
1,0,0.02,-9.99,-0.01,0,-0.01,
1,0,0.02,-9.99,-0.01,0,-0.01,
1,0,0.02,-9.99,-0.01,0,-0.01,
1,0,-0.03,-10.05,-0.09,0,-0.01,
1,0,-0.03,-10.05,-0.09,0,-0.01,
1,0,-0.03,-10.05,-0.09,0,-0.01,
1,0,0.07,-10.01,-0.14,0,-0.01,
1,0,0.07,-10.01,-0.14,0,-0.01,
1,0,0.07,-10.01,-0.14,0,-0.01,
1,0,0,-10.03,-0.04,0,-0.01,
1,0,0,-10.03,-0.04,-0.01,-0.01,
1,0,0,-10.03,-0.04,-0.01,-0.01,
1,0,-0.02,-9.97,-0.05,-0.01,-0.01,
1,0,-0.02,-9.97,-0.05,-0.01,-0.01,
1,0,-0.02,-9.97,-0.05,0,-0.01,
1,0,-0.06,-10.07,-0.15,0,-0.01,
1,0,-0.06,-10.07,-0.15,0,-0.01,
1,0,-0.06,-10.07,-0.15,0,-0.01,
1,0,0,-10.04,-0.08,0,-0.01,
1,0,0,-10.04,-0.08,0,-0.01,
1,0,0,-10.04,-0.08,0,-0.01,
1,0,0,-10.07,-0.11,0,-0.01,
1,0,0,-10.07,-0.11,0,-0.01,
1,0,0,-10.07,-0.11,0,-0.01,
1,0,0.04,-10.06,-0.1,0,-0.01,
1,0,0.04,-10.06,-0.1,-0.01,-0.01,
1,0,0.04,-10.06,-0.1,-0.01,-0.01,
1,0,-0.03,-10.02,-0.11,-0.01,-0.01,
1,0,-0.03,-10.02,-0.11,0,-0.01,
1,0,0,-10.07,-0.09,0,-0.01,
1,0,0,-10.07,-0.09,-0.01,-0.01,
1,0,0,-10.07,-0.09,0,-0.01,
1,0,-0.02,-10.05,-0.08,0,-0.01,
1,0,-0.02,-10.05,-0.08,0,-0.01,
1,0,-0.02,-10.05,-0.08,0,-0.01,
1,0,-0.07,-10,-0.03,0,-0.01,
1,0,-0.07,-10,-0.03,0,-0.01,
1,0,-0.07,-10,-0.03,0,-0.01,
1,0,0,-10.05,-0.13,0,-0.01,
1,0,0,-10.05,-0.13,-0.01,-0.01,
1,0,0,-10.05,-0.13,-0.01,-0.01,
1,0,-0.02,-10.01,-0.11,-0.01,-0.01,
1,0,-0.02,-10.01,-0.11,0,-0.01,
1,0,-0.02,-10.01,-0.11,0,-0.01,
1,0,0.02,-10,-0.11,0,-0.01,
1,0,0.02,-10,-0.11,0,-0.01,
1,0,0.02,-10,-0.11,0,-0.01,
1,0,0,-10.04,-0.05,0,-0.01,
1,0,0,-10.04,-0.05,-0.01,-0.01,
1,0,0,-10.04,-0.05,-0.01,-0.01,
1,0,0,-10.03,-0.1,0,-0.01,
1,0,0,-10.03,-0.1,0,-0.01,
1,0,0,-10.03,-0.1,0,-0.01,
1,0,-0.01,-10.02,-0.1,-0.01,-0.01,
1,0,-0.01,-10.02,-0.1,-0.01,-0.01,
1,0,-0.01,-10.02,-0.1,0,-0.01,
1,0,0.03,-9.98,-0.09,0,-0.01,
1,0,0.03,-9.98,-0.09,0,-0.01,
1,0,0.03,-9.98,-0.09,-0.01,0,
1,0,0.04,-9.98,-0.05,0,-0.01,
1,0,0.04,-9.98,-0.05,0,-0.01,
1,0,0.04,-9.98,-0.05,0,-0.01,
1,0,-0.01,-10.06,-0.13,0,-0.01,
1,0,-0.01,-10.06,-0.13,0,-0.01,
1,0,-0.01,-10.06,-0.13,-0.01,-0.01,
1,0,-0.03,-10.06,-0.12,-0.01,-0.01,
1,0,-0.03,-10.06,-0.12,0,-0.01,
1,0,-0.03,-10.06,-0.12,-0.01,-0.01,
1,0,0.01,-10,-0.09,-0.01,-0.01,
1,0,0.01,-10,-0.09,-0.01,-0.01,
1,0,0.01,-10,-0.09,-0.01,-0.01,
1,0,0,-10.04,-0.08,-0.01,-0.01,
1,0,0,-10.04,-0.08,0,-0.01,
1,0,0,-10.04,-0.08,0,-0.01,
1,0,-0.01,-10.07,-0.1,0,-0.01,
1,0,-0.01,-10.07,-0.1,0,-0.01,
1,0,-0.01,-10.07,-0.1,0,-0.01,
1,0,0.03,-10.05,-0.09,0,-0.01,
1,0,0.03,-10.05,-0.09,0,-0.01,
1,0,0.03,-10.05,-0.09,0,-0.01,
1,0,0,-10.01,-0.08,0,-0.01,
1,0,0,-10.01,-0.08,0,-0.01,
1,0,0,-10.01,-0.08,0,-0.01,
1,0,0.01,-10.04,-0.08,0,-0.01,
1,0,0.01,-10.04,-0.08,0,-0.01,
1,0,0.01,-10.04,-0.08,0,-0.01,
1,0,0,-10.07,-0.05,-0.01,-0.01,
1,0,0,-10.07,-0.05,0,-0.01,
1,0,0,-10.07,-0.05,0,-0.01,
1,0,0,-10.04,-0.1,-0.01,-0.01,
1,0,0,-10.04,-0.1,-0.01,-0.01,
1,0,0,-10.04,-0.1,-0.01,-0.01,
1,0,0.04,-10.05,-0.1,0,-0.01,
1,0,0.04,-10.05,-0.1,0.01,-0.01,
1,0,0.04,-10.05,-0.1,0.01,-0.01,
1,0,0.02,-10.01,-0.07,-0.01,-0.01,
1,0,0.02,-10.01,-0.07,-0.01,-0.01,
1,0,0.02,-10.01,-0.07,0,-0.01,
1,0,0.03,-10.07,-0.09,0,-0.01,
1,0,0.03,-10.07,-0.09,0,-0.01,
1,0,0.03,-10.07,-0.09,0,-0.01,
1,0,0.01,-10.04,-0.15,0,-0.01,
1,0,0.01,-10.04,-0.15,0,-0.01,
1,0,0.01,-10.04,-0.15,0,-0.01,
1,0,0.02,-9.99,-0.07,-0.01,-0.01,
1,0,0.02,-9.99,-0.07,-0.01,-0.01,
1,0,0.02,-9.99,-0.07,0,-0.01,
1,0,0,-10.02,-0.12,0,-0.01,
1,0,0,-10.02,-0.12,0,-0.01,
1,0,0,-10.02,-0.12,-0.01,-0.01,
1,0,-0.03,-9.98,-0.14,-0.01,-0.01,
1,0,-0.03,-9.98,-0.14,-0.01,0,
1,0,-0.03,-9.98,-0.14,-0.01,-0.01,
1,0,-0.02,-10.02,-0.09,-0.01,-0.01,
1,0,-0.02,-10.02,-0.09,-0.01,-0.01,
1,0,0.02,-10.03,-0.06,0,-0.01,
1,0,0.02,-10.03,-0.06,0,-0.01,
1,0,0.02,-10.03,-0.06,0,-0.01,
1,0,0.01,-9.99,-0.09,0,-0.01,
1,0,0.01,-9.99,-0.09,0,-0.01,
1,0,0.01,-9.99,-0.09,0,-0.01,
1,0,-0.03,-10.03,-0.11,0,-0.01,
1,0,-0.03,-10.03,-0.11,0,-0.01,
1,0,-0.03,-10.03,-0.11,-0.01,-0.01,
1,0,-0.02,-9.97,-0.11,0,-0.01,
1,0,-0.02,-9.97,-0.11,0,-0.01,
1,0,-0.02,-9.97,-0.11,0,-0.01,
1,0,0.06,-10.05,-0.11,-0.01,-0.01,
1,0,0.06,-10.05,-0.11,-0.01,-0.01,
1,0,0.06,-10.05,-0.11,-0.01,-0.01,
1,0,-0.03,-10,-0.05,0,-0.01,
1,0,-0.03,-10,-0.05,0,-0.01,
1,0,-0.03,-10,-0.05,-0.01,-0.01,
1,0,0.02,-10.05,-0.08,0,-0.01,
1,0,0.02,-10.05,-0.08,0,-0.01,
1,0,0.02,-10.05,-0.08,0,-0.01,
1,0,-0.04,-10,-0.12,0,-0.01,
1,0,-0.04,-10,-0.12,0,-0.01,
1,0,-0.04,-10,-0.12,-0.01,-0.02,
1,0,-0.01,-10.08,-0.14,-0.01,-0.02,
1,0,-0.01,-10.08,-0.14,-0.01,-0.01,
1,0,-0.01,-10.08,-0.14,0,-0.01,
1,0,0.03,-9.96,-0.03,0,-0.01,
1,0,0.03,-9.96,-0.03,-0.01,-0.01,
1,0,0.03,-9.96,-0.03,-0.01,-0.01,
1,0,0.04,-9.98,-0.01,-0.01,-0.01,
1,0,0.04,-9.98,-0.01,0,-0.01,
1,0,0.04,-9.98,-0.01,-0.01,-0.01,
1,0,0.01,-9.98,-0.1,-0.01,-0.01,
1,0,0.01,-9.98,-0.1,0,-0.01,
1,0,0.01,-9.98,-0.1,0,-0.01,
1,0,0,-10.09,-0.07,-0.01,-0.01,
1,0,0,-10.09,-0.07,0,-0.01,
1,0,0,-10.09,-0.07,0,-0.01,
1,0,-0.06,-9.99,-0.15,-0.01,-0.01,
1,0,-0.06,-9.99,-0.15,0,-0.01,
1,0,-0.06,-9.99,-0.15,0,-0.01,
1,0,-0.03,-9.98,0,-0.01,-0.01,
1,0,-0.03,-9.98,0,0,0,
1,0,-0.03,-9.98,0,0,0,
1,0,0.02,-10.05,-0.19,0,-0.01,
1,0,0.02,-10.05,-0.19,0,-0.01,
1,0,0.02,-10.05,-0.19,0,-0.01,
1,0,0,-9.99,-0.1,0,-0.01,
1,0,0,-9.99,-0.1,0,-0.01,
1,0,0,-9.99,-0.1,0,-0.01,
1,0,0.02,-10.07,-0.11,0,-0.01,
1,0,0.02,-10.07,-0.11,0,-0.01,
1,0,0.02,-10.07,-0.11,0,-0.01,
1,0,-0.03,-10.01,-0.01,-0.01,-0.01,
1,0,-0.03,-10.01,-0.01,-0.01,-0.01,
1,0,0.01,-9.99,-0.12,0,-0.01,
1,0,0.01,-9.99,-0.12,0,-0.01,
1,0,0.01,-9.99,-0.12,0,-0.01,
1,0,-0.05,-10.01,-0.08,-0.01,-0.01,
1,0,-0.05,-10.01,-0.08,0,-0.01,
1,0,-0.05,-10.01,-0.08,0,-0.01,
1,0,0.02,-10.05,-0.09,0,-0.01,
1,0,0.02,-10.05,-0.09,0,-0.01,
1,0,0.02,-10.05,-0.09,0,-0.01,
1,0,0.02,-9.97,-0.01,-0.01,-0.01,
1,0,0.02,-9.97,-0.01,-0.01,-0.01,
1,0,0.02,-9.97,-0.01,-0.01,-0.01,
1,0,-0.02,-10,-0.06,-0.01,-0.01,
1,0,-0.02,-10,-0.06,-0.01,-0.01,
1,0,-0.02,-10,-0.06,-0.01,-0.01,
1,0,-0.01,-10.06,-0.06,-0.01,-0.01,
1,0,-0.01,-10.06,-0.06,0,-0.01,
1,0,-0.01,-10.06,-0.06,0,-0.01,
1,0,0,-10.01,-0.08,0,-0.01,
1,0,0,-10.01,-0.08,0,-0.01,
1,0,0.04,-9.98,-0.01,0,-0.01,
1,0,0.04,-9.98,-0.01,0,-0.01,
1,0,0.04,-9.98,-0.01,0,-0.01,
1,0,0,-10.04,-0.09,0,-0.01,
1,0,0,-10.04,-0.09,0,-0.01,
1,0,0,-10.04,-0.09,0,-0.01,
1,0,0.06,-9.95,-0.07,0,-0.01,
1,0,0.06,-9.95,-0.07,-0.01,-0.01,
1,0,0.06,-9.95,-0.07,0,-0.01,
1,0,-0.03,-10.1,-0.08,0,-0.01,
1,0,-0.03,-10.1,-0.08,-0.01,-0.01,
1,0,-0.03,-10.1,-0.08,-0.01,-0.01,
1,0,0.02,-10.09,-0.25,-0.01,-0.01,
1,0,0.02,-10.09,-0.25,-0.01,-0.01,
1,0,0.02,-10.09,-0.25,0,-0.01,
1,0,0.04,-10.03,0,0,-0.01,
1,0,0.04,-10.03,0,0,-0.01,
1,0,0,-9.98,-0.02,-0.01,-0.01,
1,0,0,-9.98,-0.02,-0.01,-0.01,
1,0,0,-9.98,-0.02,-0.01,-0.01,
1,0,0.05,-10.05,-0.04,-0.01,-0.01,
1,0,0.05,-10.05,-0.04,-0.01,-0.01,
1,0,0.05,-10.05,-0.04,0,-0.01,
1,0,0.03,-10.04,-0.1,-0.01,-0.01,
1,0,0.03,-10.04,-0.1,-0.01,-0.01,
1,0,0.03,-10.04,-0.1,0,0,
1,0,-0.04,-10.06,-0.12,0,-0.01,
1,0,-0.04,-10.06,-0.12,0,-0.01,
1,0,-0.04,-10.06,-0.12,0,-0.01,
1,0,0,-10.07,-0.18,0,-0.01,
1,0,0,-10.07,-0.18,0,-0.01,
1,0,0,-10.07,-0.18,-0.01,-0.01,
1,0,0.07,-9.98,-0.1,-0.01,-0.01,
1,0,0.07,-9.98,-0.1,-0.01,-0.01,
1,0,0.07,-9.98,-0.1,0,-0.01,
1,0,0.13,-10.02,0,0,-0.01,
1,0,0.13,-10.02,0,0,-0.01,
1,0,0.13,-10.02,0,-0.01,-0.01,
1,0,0.06,-10.05,-0.06,0,-0.01,
1,0,0.06,-10.05,-0.06,0,-0.01,
1,0,0.06,-10.05,-0.06,-0.01,-0.01,
1,0,0.03,-10.03,-0.13,0,-0.01,
1,0,0.03,-10.03,-0.13,0,-0.01,
1,0,0.03,-10.03,-0.13,0,-0.01,
1,0,-0.02,-10.02,-0.18,0,-0.01,
1,0,-0.02,-10.02,-0.18,0,-0.01,
1,0,-0.02,-10.02,-0.18,0,-0.01,
1,0,0.01,-9.99,-0.03,0,-0.01,
1,0,0.01,-9.99,-0.03,0,-0.01,
1,0,0.02,-9.95,0,0,-0.01,
1,0,0.02,-9.95,0,0,-0.01,
1,0,0.02,-9.95,0,0,-0.01,
1,0,0.02,-10.08,-0.11,-0.01,-0.01,
1,0,0.02,-10.08,-0.11,-0.01,-0.01,
1,0,0.02,-10.08,-0.11,0,-0.01,
1,0,0,-10.03,-0.1,0,-0.01,
1,0,0,-10.03,-0.1,0,-0.01,
1,0,0,-10.03,-0.1,0,-0.01,
1,0,0.07,-9.93,-0.01,0,-0.01,
1,0,0.07,-9.93,-0.01,0,-0.01,
1,0,0.07,-9.93,-0.01,-0.01,-0.01,
1,0,0.02,-10.02,-0.05,0,-0.01,
1,0,0.02,-10.02,-0.05,0,-0.01,
1,0,0.02,-10.02,-0.05,0,-0.01,
1,0,0.01,-10.04,-0.16,0,-0.01,
1,0,0.01,-10.04,-0.16,-0.01,-0.01,
1,0,0.01,-10.04,-0.16,0,-0.01,
1,0,0,-10.05,-0.06,0,-0.01,
1,0,0,-10.05,-0.06,0,-0.01,
1,0,0,-10.05,-0.06,0,-0.01,
1,0,-0.02,-10.05,-0.09,0,-0.01,
1,0,-0.02,-10.05,-0.09,-0.01,-0.01,
1,0,-0.02,-10.05,-0.09,0,-0.01,
1,0,0,-10.01,-0.06,0,-0.01,
1,0,0,-10.01,-0.06,-0.01,-0.01,
1,0,0,-10.01,-0.06,-0.01,-0.01,
1,0,0.05,-10.07,-0.1,-0.01,-0.01,
1,0,0.05,-10.07,-0.1,-0.01,-0.01,
1,0,0.05,-10.07,-0.1,0,-0.01,
1,0,-0.02,-10.02,-0.09,0,-0.01,
1,0,-0.02,-10.02,-0.09,0,-0.01,
1,0,-0.02,-10.02,-0.09,0,-0.01,
1,0,0.05,-10.06,-0.08,0,-0.01,
1,0,0.05,-10.06,-0.08,0,-0.01,
1,0,0.05,-10.06,-0.08,-0.01,-0.01,
1,0,-0.05,-10.07,-0.11,-0.01,-0.01,
1,0,-0.05,-10.07,-0.11,0,-0.01,
1,0,-0.05,-10.07,-0.11,0,-0.01,
1,0,-0.02,-10.01,-0.11,0,-0.01,
1,0,-0.02,-10.01,-0.11,0,-0.01,
1,0,-0.02,-10.01,-0.11,0,-0.01,
1,0,0.02,-10.02,0.04,0,-0.01,
1,0,0.02,-10.02,0.04,-0.01,-0.01,
1,0,-0.02,-10,-0.1,-0.01,-0.01,
1,0,-0.02,-10,-0.1,-0.01,-0.01,
1,0,-0.02,-10,-0.1,-0.01,0,
1,0,0,-9.97,0,-0.01,0,
1,0,0,-9.97,0,0,-0.01,
1,0,0,-9.97,0,0,-0.01,
1,0,0.02,-9.96,-0.11,0,-0.01,
1,0,0.02,-9.96,-0.11,0,-0.01,
1,0,0.02,-9.96,-0.11,0,-0.01,
1,0,-0.06,-10,-0.08,0,-0.01,
1,0,-0.06,-10,-0.08,-0.01,-0.01,
1,0,-0.06,-10,-0.08,-0.01,0,
1,0,-0.01,-10.07,-0.06,-0.01,0,
1,0,-0.01,-10.07,-0.06,0,-0.01,
1,0,-0.01,-10.07,-0.06,0,-0.01,
1,0,0.04,-9.99,-0.12,0,-0.01,
1,0,0.04,-9.99,-0.12,0,-0.01,
1,0,0.04,-9.99,-0.12,0,-0.01,
1,0,0,-10.06,-0.14,0,-0.01,
1,0,0,-10.06,-0.14,-0.01,-0.01,
1,0,0,-10.06,-0.14,0,-0.01,
1,0,-0.01,-10.03,-0.11,0,-0.01,
1,0,-0.01,-10.03,-0.11,0,-0.01,
1,0,-0.01,-10.03,-0.11,0,-0.01,
1,0,0,-9.99,-0.11,0,-0.01,
1,0,0,-9.99,-0.11,0,-0.01,
1,0,0,-10,-0.15,0,-0.01,
1,0,0,-10,-0.15,0,-0.01,
1,0,0,-10,-0.15,-0.01,-0.01,
1,0,0.01,-9.99,-0.1,0,-0.01,
1,0,0.01,-9.99,-0.1,0,-0.01,
1,0,0.01,-9.99,-0.1,-0.01,-0.01,
1,0,0,-10.09,-0.1,0,-0.01,
1,0,0,-10.09,-0.1,0,-0.01,
1,0,0,-10.09,-0.1,-0.01,-0.01,
1,0,0.02,-10,-0.1,0,-0.01,
1,0,0.02,-10,-0.1,0,-0.01,
1,0,0.02,-10,-0.1,0,-0.01,
1,0,-0.04,-10.06,-0.18,0,-0.01,
1,0,-0.04,-10.06,-0.18,0,-0.01,
1,0,-0.04,-10.06,-0.18,0,-0.01,
1,0,0.07,-9.88,0,-0.01,-0.01,
1,0,0.07,-9.88,0,-0.01,-0.01,
1,0,0.07,-9.88,0,-0.01,-0.01,
1,0,0.06,-10.08,-0.2,0,-0.01,
1,0,0.06,-10.08,-0.2,0,-0.01,
1,0,0.06,-10.08,-0.2,0,-0.01,
1,0,-0.02,-10.05,-0.1,-0.01,-0.01,
1,0,-0.02,-10.05,-0.1,-0.01,-0.01,
1,0,-0.02,-10.05,-0.1,0,-0.01,
1,0,0.01,-10.01,-0.05,-0.01,-0.01,
1,0,0.01,-10.01,-0.05,-0.01,-0.01,
1,0,0.02,-10.01,0.03,0,-0.01,
1,0,0.02,-10.01,0.03,0,-0.01,
1,0,0.02,-10.01,0.03,-0.01,-0.01,
1,0,0.02,-10.01,0.03,-0.01,-0.01,
1,0,0.01,-10.03,-0.07,-0.01,-0.01,
1,0,0.01,-10.03,-0.07,-0.01,-0.01,
1,0,0.01,-10.03,-0.07,-0.01,-0.01,
1,0,0.08,-10.05,-0.24,-0.01,-0.01,
1,0,0.08,-10.05,-0.24,-0.01,-0.01,
1,0,0.08,-10.05,-0.24,-0.01,-0.01,
1,0,-0.09,-10.02,-0.02,0,-0.01,
1,0,-0.09,-10.02,-0.02,-0.01,-0.01,
1,0,0.03,-10.02,-0.05,-0.01,-0.01,
1,0,0.03,-10.02,-0.05,-0.01,-0.01,
1,0,0.03,-10.02,-0.05,-0.01,-0.01,
1,0,-0.01,-10.11,-0.15,-0.01,-0.01,
1,0,-0.01,-10.11,-0.15,0,-0.01,
1,0,-0.01,-10.11,-0.15,-0.01,-0.01,
1,0,-0.01,-10.11,-0.15,-0.01,-0.01,
1,0,-0.03,-10.06,-0.17,0,-0.01,
1,0,-0.03,-10.06,-0.17,0,-0.01,
1,0,-0.03,-10.06,-0.17,0,-0.01,
1,0,0.13,-9.9,0.01,0,-0.01,
1,0,0.13,-9.9,0.01,0,-0.01,
1,0,0.13,-9.9,0.01,-0.01,-0.01,
1,0,0.02,-10.07,-0.05,0,-0.01,
1,0,0.02,-10.07,-0.05,0,-0.01,
1,0,0.02,-10.07,-0.05,0,-0.01,
1,0,-0.02,-10.1,-0.17,-0.01,-0.01,
1,0,-0.02,-10.1,-0.17,-0.01,-0.01,
1,0,-0.02,-10.1,-0.17,0,-0.01,
1,0,0.05,-9.97,-0.1,0,-0.01,
1,0,0.05,-9.97,-0.1,0,-0.01,
1,0,0.05,-9.97,-0.1,-0.01,-0.01,
1,0,-0.07,-10,0,-0.01,-0.01,
1,0,-0.07,-10,0,0,-0.01,
1,0,-0.07,-10,0,0,-0.01,
1,0,0.03,-10.06,-0.1,0,-0.01,
1,0,0.03,-10.06,-0.1,-0.01,-0.01,
1,0,0.03,-10.06,-0.1,0,-0.01,
1,0,0,-10.1,-0.11,0,-0.01,
1,0,0,-10.1,-0.11,0,-0.01,
1,0,0,-10.01,-0.12,0,-0.01,
1,0,0,-10.01,-0.12,0,-0.01,
1,0,0,-10.01,-0.12,0,0,
1,0,-0.01,-10.1,-0.08,0,0,
1,0,-0.01,-10.1,-0.08,-0.01,-0.01,
1,0,-0.01,-10.1,-0.08,0,-0.01,
1,0,-0.02,-10.03,-0.08,0,-0.01,
1,0,-0.02,-10.03,-0.08,0,-0.01,
1,0,-0.02,-10.03,-0.08,0,-0.01,
1,0,-0.06,-10.04,-0.09,0,-0.01,
1,0,-0.06,-10.04,-0.09,0,-0.01,
1,0,-0.06,-10.04,-0.09,0,-0.01,
1,0,0.04,-10.01,-0.13,0,-0.01,
1,0,0.04,-10.01,-0.13,0,-0.01,
1,0,0.04,-10.01,-0.13,-0.01,-0.01,
1,0,-0.16,-10.03,-0.08,-0.01,-0.01,
1,0,-0.16,-10.03,-0.08,-0.01,-0.01,
1,0,-0.16,-10.03,-0.08,-0.01,-0.01,
1,0,0.3,-10.03,-0.06,0,-0.01,
1,0,0.3,-10.03,-0.06,-0.01,-0.01,
1,0,0.3,-10.03,-0.06,-0.01,-0.01,
1,0,0.08,-10.02,-0.07,-0.01,-0.01,
1,0,0.08,-10.02,-0.07,-0.01,-0.01,
1,0,0.08,-10.02,-0.07,-0.01,-0.01,
1,0,0.06,-10.01,-0.09,0,-0.01,
1,0,0.06,-10.01,-0.09,0,-0.01,
1,0,0.06,-10.01,-0.09,0,-0.01,
1,0,-0.02,-10.06,-0.09,0,-0.01,
1,0,-0.02,-10.06,-0.09,0,-0.01,
1,0,-0.02,-10.06,-0.09,0,-0.01,
1,0,-0.2,-10.04,-0.03,0,-0.01,
1,0,-0.2,-10.04,-0.03,0,-0.01,
1,0,-0.2,-10.04,-0.03,-0.01,-0.01,
1,0,-0.24,-9.96,-0.03,-0.01,-0.01,
1,0,-0.24,-9.96,-0.03,-0.01,-0.01,
1,0,-0.24,-9.96,-0.03,0,-0.01,
1,0,0.23,-9.96,-0.11,-0.01,-0.01,
1,0,0.23,-9.96,-0.11,-0.01,-0.01,
1,0,0.23,-9.96,-0.11,-0.01,-0.01,
1,0,-0.05,-10,-0.18,-0.01,-0.01,
1,0,-0.05,-10,-0.18,-0.01,-0.01,
1,0,-0.05,-10,-0.18,0,-0.01,
1,0,0.04,-10.02,-0.04,-0.01,-0.01,
1,0,0.04,-10.02,-0.04,-0.01,-0.01,
1,0,0.04,-10.02,-0.04,0,-0.01,
1,0,0.03,-10.03,-0.1,0,-0.01,
1,0,0.03,-10.03,-0.1,0,-0.01,
1,0,0.03,-10.03,-0.1,-0.01,-0.01,
1,0,-0.3,-10.12,-0.09,-0.01,-0.01,
1,0,-0.3,-10.12,-0.09,0,-0.01,
1,0,-0.3,-10.12,-0.09,0,-0.01,
1,0,0.04,-10.04,-0.13,0,-0.01,
1,0,0.04,-10.04,-0.13,0,-0.01,
1,0,0.04,-10.04,-0.13,-0.01,-0.01,
1,0,-0.07,-10.07,0.01,-0.01,-0.01,
1,0,-0.07,-10.07,0.01,-0.01,-0.01,
1,0,-0.07,-10.07,0.01,0,-0.01,
1,0,0.45,-9.88,0.03,0,-0.01,
1,0,0.45,-9.88,0.03,0,-0.01,
1,0,0.45,-9.88,0.03,0,-0.01,
1,0,-0.13,-10.05,-0.14,0,-0.01,
1,0,-0.13,-10.05,-0.14,0,-0.01,
1,0,-0.13,-10.05,-0.14,0,-0.01,
1,0,-0.02,-10.02,-0.17,0,-0.01,
1,0,-0.02,-10.02,-0.17,0,-0.01,
1,0,-0.02,-10.02,-0.17,0,-0.01,
1,0,-0.14,-10.08,-0.12,0,-0.01,
1,0,-0.14,-10.08,-0.12,-0.01,-0.01,
1,0,-0.14,-10.08,-0.12,-0.01,-0.01,
1,0,-0.07,-10.07,-0.06,-0.01,-0.01,
1,0,-0.09,-10.06,-0.08,0,-0.01,
1,0,-0.02,-10.04,-0.11,-0.01,-0.01,
1,0,-0.03,-10.09,-0.06,0,-0.01,
1,0,-0.01,-10.05,-0.06,0,-0.01,
1,0,0.02,-10.01,-0.09,-0.01,-0.01,
1,0,0.09,-9.99,-0.1,0,-0.01,
1,0,-0.04,-9.96,-0.1,0,-0.01,
1,0,-0.04,-9.96,-0.1,0,-0.01,
1,0,-0.04,-9.96,-0.1,0,-0.01,
1,0,-0.05,-10.07,-0.11,0,-0.01,
1,0,-0.05,-10.07,-0.11,0,-0.01,
1,0,-0.05,-10.07,-0.11,-0.01,-0.01,
1,0,-0.01,-9.97,-0.03,-0.01,-0.01,
1,0,-0.01,-9.97,-0.03,-0.01,-0.01,
1,0,-0.01,-9.97,-0.03,-0.01,-0.01,
1,0,0.08,-10.11,-0.15,-0.01,-0.01,
1,0,0.08,-10.11,-0.15,-0.01,-0.01,
1,0,0.08,-10.11,-0.15,-0.01,-0.01,
1,0,0.02,-9.9,-0.05,-0.01,-0.01,
1,0,0.02,-9.9,-0.05,-0.01,-0.01,
1,0,0.02,-9.9,-0.05,0,-0.01,
1,0,0.03,-10.1,-0.11,0,-0.01,
1,0,0.03,-10.1,-0.11,-0.01,-0.01,
1,0,0.03,-10.1,-0.11,0,-0.01,
1,0,0,-9.97,0.1,0,-0.01,
1,0,0,-9.97,0.1,0,-0.01,
1,0,0.04,-10.06,-0.14,0,-0.01,
1,0,0.04,-10.06,-0.14,0,-0.01,
1,0,0.04,-10.06,-0.14,0,-0.01,
1,0,-0.03,-9.84,0.02,-0.01,-0.01,
1,0,-0.03,-9.84,0.02,-0.01,-0.01,
1,0,-0.03,-9.84,0.02,0,-0.01,
1,0,-0.03,-10.21,-0.16,0,-0.01,
1,0,-0.03,-10.21,-0.16,0,-0.01,
1,0,-0.03,-10.21,-0.16,0,-0.01,
1,0,-0.09,-10.14,-0.09,0,-0.01,
1,0,-0.09,-10.14,-0.09,0,-0.01,
1,0,-0.09,-10.14,-0.09,0,-0.01,
1,0,0,-10.08,-0.27,0,-0.01,
1,0,0,-10.08,-0.27,-0.01,-0.01,
1,0,0,-10.08,-0.27,-0.01,-0.01,
1,0,-0.01,-9.93,0.09,0,-0.01,
1,0,-0.01,-9.93,0.09,-0.01,-0.01,
1,0,-0.01,-9.93,0.09,-0.01,-0.01,
1,0,0.02,-10.04,-0.12,0,-0.01,
1,0,0.02,-10.04,-0.12,-0.01,-0.01,
1,0,-0.04,-10,0.03,-0.01,-0.01,
1,0,-0.04,-10,0.03,0,-0.01,
1,0,-0.04,-10,0.03,0,-0.01,
1,0,-0.02,-10,-0.14,0,-0.01,
1,0,-0.02,-10,-0.14,-0.01,-0.01,
1,0,-0.02,-10,-0.14,-0.01,-0.01,
1,0,0.03,-10.06,0.01,-0.01,-0.01,
1,0,0.03,-10.06,0.01,-0.01,-0.01,
1,0,0.03,-10.06,0.01,-0.01,-0.01,
1,0,0.13,-10.03,-0.15,0,-0.01,
1,0,0.13,-10.03,-0.15,0,-0.01,
1,0,0.13,-10.03,-0.15,0,-0.01,
1,0,0.01,-10.15,-0.07,-0.01,-0.01,
1,0,0.01,-10.15,-0.07,0,-0.01,
1,0,0.01,-10.15,-0.07,0,-0.01,
1,0,0.03,-10.01,-0.15,0,-0.01,
1,0,0.03,-10.01,-0.15,0,-0.01,
1,0,0.03,-10.01,-0.15,0,-0.01,
1,0,-0.02,-10,-0.1,-0.01,-0.01,
1,0,-0.02,-10,-0.1,0,-0.01,
1,0,-0.02,-10,-0.1,0,-0.01,
1,0,0.04,-9.96,-0.01,0,-0.01,
1,0,0.04,-9.96,-0.01,0,-0.01,
1,0,0.09,-10.01,-0.09,0,-0.01,
1,0,0.09,-10.01,-0.09,0,-0.01,
1,0,0.09,-10.01,-0.09,-0.01,-0.01,
1,0,0.06,-10.06,-0.02,0,-0.01,
1,0,0.06,-10.06,-0.02,0,-0.01,
1,0,0.06,-10.06,-0.02,-0.01,-0.01,
1,0,0.04,-10.04,-0.06,-0.01,0,
1,0,0.04,-10.04,-0.06,-0.01,0,
1,0,0.04,-10.04,-0.06,-0.01,-0.01,
1,0,-0.04,-10.04,-0.03,-0.01,0,
1,0,-0.04,-10.04,-0.03,-0.01,0,
1,0,-0.04,-10.04,-0.03,-0.01,-0.01,
1,0,0.06,-10.06,-0.15,0,-0.01,
1,0,0.06,-10.06,-0.15,0,-0.01,
1,0,0.06,-10.06,-0.15,-0.01,-0.01,
1,0,0.02,-10.09,-0.09,-0.01,-0.01,
1,0,0.02,-10.09,-0.09,-0.01,-0.01,
1,0,-0.02,-9.94,-0.11,-0.01,-0.01,
1,0,-0.02,-9.94,-0.11,0,-0.01,
1,0,-0.02,-9.94,-0.11,0,-0.01,
1,0,-0.05,-10.05,-0.08,0,-0.01,
1,0,-0.05,-10.05,-0.08,0,-0.01,
1,0,-0.05,-10.05,-0.08,-0.01,-0.01,
1,0,0.03,-10.01,-0.13,0,-0.01,
1,0,0.03,-10.01,-0.13,0,-0.01,
1,0,0.03,-10.01,-0.13,0,-0.01,
1,0,-0.11,-10.05,-0.08,-0.01,-0.01,
1,0,-0.11,-10.05,-0.08,-0.01,-0.01,
1,0,-0.11,-10.05,-0.08,0,-0.01,
1,0,0.02,-10.05,-0.08,-0.01,-0.01,
1,0,0.02,-10.05,-0.08,-0.01,-0.01,
1,0,0.02,-10.05,-0.08,0,-0.01,
1,0,0.03,-10.01,-0.09,-0.01,-0.01,
1,0,0.03,-10.01,-0.09,-0.01,-0.01,
1,0,0.03,-10.01,-0.09,-0.01,-0.01,
1,0,0.04,-10.01,-0.08,0,-0.01,
1,0,0.04,-10.01,-0.08,0,-0.01,
1,0,0.04,-10.01,-0.08,0,-0.01,
1,0,0.04,-10.05,-0.09,0,-0.01,
1,0,0.04,-10.05,-0.09,0,-0.01,
1,0,0.04,-10.05,-0.09,0,-0.01,
1,0,0,-10.02,-0.13,0,-0.01,
1,0,0,-10.02,-0.13,0,-0.01,
1,0,0,-10.02,-0.13,0,0,
1,0,-0.01,-10.01,-0.11,0,-0.01,
1,0,-0.01,-10.01,-0.11,0,-0.01,
1,0,-0.05,-10.07,-0.1,-0.01,-0.01,
1,0,-0.05,-10.07,-0.1,0,-0.01,
1,0,-0.05,-10.07,-0.1,0,-0.01,
1,0,0.09,-10.02,-0.04,-0.01,-0.01,
1,0,0.09,-10.02,-0.04,0,-0.01,
1,0,0.09,-10.02,-0.04,0,-0.01,
1,0,0.04,-9.95,-0.11,-0.01,-0.01,
1,0,0.04,-9.95,-0.11,-0.01,-0.01,
1,0,0.04,-9.95,-0.11,-0.01,-0.01,
1,0,-0.03,-10,-0.07,0,-0.01,
1,0,-0.03,-10,-0.07,0,-0.01,
1,0,-0.03,-10,-0.07,0,-0.01,
1,0,0.01,-10.08,-0.13,-0.01,-0.01,
1,0,0.01,-10.08,-0.13,0,-0.01,
1,0,-0.04,-9.88,-0.03,0,-0.01,
1,0,-0.04,-9.88,-0.03,0,-0.01,
1,0,-0.04,-9.88,-0.03,-0.01,-0.01,
1,0,0,-10.07,-0.08,0,-0.01,
1,0,0,-10.07,-0.08,0,-0.01,
1,0,0,-10.07,-0.08,-0.01,-0.01,
1,0,0.05,-9.97,-0.02,0,-0.01,
1,0,0.05,-9.97,-0.02,0,-0.01,
1,0,0.05,-9.97,-0.02,0,-0.01,
1,0,-0.09,-10.04,-0.05,0,-0.01,
1,0,-0.09,-10.04,-0.05,0,-0.01,
1,0,-0.09,-10.04,-0.05,-0.01,-0.01,
1,0,-0.06,-10.04,-0.07,-0.01,-0.01,
1,0,-0.06,-10.04,-0.07,-0.01,-0.01,
1,0,-0.06,-10.04,-0.07,0,-0.01,
1,0,0.02,-10.02,-0.11,0,-0.01,
1,0,0.02,-10.02,-0.11,0,-0.01,
1,0,0.02,-10.02,-0.11,0,-0.01,
1,0,-0.03,-10.03,-0.06,0,-0.01,
1,0,-0.03,-10.03,-0.06,0,-0.01,
1,0,0.02,-10.05,-0.16,-0.01,-0.01,
1,0,0.02,-10.05,-0.16,-0.01,-0.01,
1,0,0.02,-10.05,-0.16,-0.01,-0.01,
1,0,-0.06,-10.08,-0.08,-0.01,-0.01,
1,0,-0.06,-10.08,-0.08,0,-0.01,
1,0,-0.06,-10.08,-0.08,0,-0.01,
1,0,-0.03,-10.08,-0.13,0,-0.01,
1,0,-0.03,-10.08,-0.13,0,-0.01,
1,0,-0.03,-10.08,-0.13,0,-0.01,
1,0,0.02,-9.97,-0.03,0,-0.01,
1,0,0.02,-9.97,-0.03,0,-0.01,
1,0,0.02,-9.97,-0.03,0,-0.01,
1,0,0.1,-9.99,-0.04,-0.01,-0.01,
1,0,0.1,-9.99,-0.04,-0.01,0,
1,0,0.1,-9.99,-0.04,-0.01,0,
1,0,0.03,-10.05,-0.11,0,-0.01,
1,0,0.03,-10.05,-0.11,-0.01,-0.01,
1,0,-0.02,-9.97,-0.1,-0.01,-0.01,
1,0,-0.02,-9.97,-0.1,0,-0.01,
1,0,-0.02,-9.97,-0.1,-0.01,-0.01,
1,0,-0.02,-10.03,-0.09,-0.01,-0.01,
1,0,-0.02,-10.03,-0.09,0,-0.01,
1,0,-0.02,-10.03,-0.09,0,-0.01,
1,0,-0.02,-10.02,-0.17,0,-0.01,
1,0,-0.02,-10.02,-0.17,-0.01,-0.01,
1,0,-0.02,-10.02,-0.17,-0.01,-0.01,
1,0,-0.05,-10.03,-0.13,-0.01,-0.01,
1,0,-0.05,-10.03,-0.13,-0.01,-0.01,
1,0,-0.05,-10.03,-0.13,-0.01,-0.01,
1,0,0.06,-10.06,-0.08,-0.01,-0.01,
1,0,0.06,-10.06,-0.08,-0.01,-0.01,
1,0,0.06,-10.06,-0.08,0,-0.01,
1,0,0.08,-9.99,-0.09,0,-0.01,
1,0,0.08,-9.99,-0.09,-0.01,-0.01,
1,0,-0.02,-10.05,-0.11,0,-0.01,
1,0,-0.02,-10.05,-0.11,0,-0.01,
1,0,-0.02,-10.05,-0.11,-0.01,-0.01,
1,0,-0.01,-10.07,-0.15,-0.01,0,
1,0,-0.01,-10.07,-0.15,-0.01,0,
1,0,-0.01,-10.07,-0.15,-0.01,0,
1,0,0.09,-10.04,-0.09,0,-0.01,
1,0,0.09,-10.04,-0.09,0,-0.01,
1,0,0.09,-10.04,-0.09,0,-0.01,
1,0,0.05,-10.07,-0.12,0,-0.01,
1,0,0.05,-10.07,-0.12,0,-0.01,
1,0,0.05,-10.07,-0.12,0,-0.01,
1,0,-0.02,-10.1,-0.08,0,-0.01,
1,0,-0.02,-10.1,-0.08,0,-0.01,
1,0,-0.02,-10.1,-0.08,0,-0.01,
1,0,0,-10.04,-0.11,-0.01,-0.01,
1,0,0,-10.04,-0.11,-0.01,-0.01,
1,0,0,-10.04,-0.11,-0.01,-0.01,
1,0,-0.05,-10.07,-0.07,0,-0.01,
1,0,-0.05,-10.07,-0.07,0,-0.01,
1,0,-0.05,-10.07,-0.07,-0.01,-0.01,
1,0,0.01,-10,-0.05,-0.01,0,
1,0,0.01,-10,-0.05,-0.01,0,
1,0,0.01,-10,-0.05,0,-0.01,
1,0,0.02,-10.08,-0.1,0,-0.01,
1,0,0.02,-10.08,-0.1,0,-0.01,
1,0,0.02,-10.08,-0.1,0,-0.01,
1,0,0,-10.05,-0.17,0,-0.01,
1,0,0,-10.05,-0.17,0,-0.01,
1,0,0,-10.05,-0.17,-0.01,-0.01,
1,0,0.08,-10.04,-0.02,-0.01,-0.01,
1,0,0.08,-10.04,-0.02,-0.01,-0.01,
1,0,0.06,-10.03,-0.12,0,-0.01,
1,0,0.06,-10.03,-0.12,0,-0.01,
1,0,0.06,-10.03,-0.12,0,-0.01,
1,0,-0.01,-10,-0.03,-0.01,-0.01,
1,0,-0.01,-10,-0.03,0,-0.01,
1,0,-0.01,-10,-0.03,0,-0.01,
1,0,0.03,-10.03,-0.07,0,-0.01,
1,0,0.03,-10.03,-0.07,-0.01,-0.01,
1,0,0.03,-10.03,-0.07,-0.01,-0.01,
1,0,0.01,-10,-0.11,-0.01,-0.01,
1,0,0.01,-10,-0.11,-0.01,-0.01,
1,0,0.01,-10,-0.11,-0.01,-0.01,
1,0,0.03,-10.04,-0.06,0,-0.01,
1,0,0.03,-10.04,-0.06,0,-0.01,
1,0,0.03,-10.04,-0.06,0,-0.01,
1,0,-0.01,-10.05,-0.09,0,-0.01,
1,0,-0.01,-10.05,-0.09,-0.01,-0.01,
1,0,0.02,-10.02,-0.11,-0.01,-0.01,
1,0,0.02,-10.02,-0.11,0,-0.01,
1,0,0.02,-10.02,-0.11,-0.01,-0.01,
1,0,-0.05,-10.06,-0.08,-0.01,-0.01,
1,0,-0.05,-10.06,-0.08,0,-0.01,
1,0,-0.05,-10.06,-0.08,-0.01,-0.01,
1,0,0.06,-10.03,-0.05,-0.01,-0.01,
1,0,0.06,-10.03,-0.05,-0.01,-0.01,
1,0,0.06,-10.03,-0.05,0,-0.01,
1,0,0.01,-10.02,-0.07,0,-0.01,
1,0,0.01,-10.02,-0.07,0,-0.01,
1,0,0.01,-10.02,-0.07,0,-0.01,
1,0,0.03,-10.07,-0.12,0,-0.01,
1,0,0.03,-10.07,-0.12,0,-0.01,
1,0,0.03,-10.07,-0.12,-0.01,-0.01,
1,0,0.04,-10,-0.1,-0.01,-0.01,
1,0,0.04,-10,-0.1,0,-0.01,
1,0,0.04,-10,-0.1,0,-0.01,
1,0,-0.06,-10.01,-0.11,0,-0.01,
1,0,-0.06,-10.01,-0.11,-0.01,-0.01,
1,0,-0.06,-10.01,-0.11,0,-0.01,
1,0,-0.01,-10.09,-0.08,0,-0.01,
1,0,-0.01,-10.09,-0.08,0,-0.01,
1,0,-0.04,-10.02,-0.02,-0.01,-0.01,
1,0,-0.04,-10.02,-0.02,-0.01,-0.01,
1,0,-0.04,-10.02,-0.02,0,-0.01,
1,0,0,-10.06,-0.1,0,-0.01,
1,0,0,-10.06,-0.1,0,-0.01,
1,0,0,-10.06,-0.1,-0.01,-0.01,
1,0,0.01,-10.01,-0.09,0,0,
1,0,0.01,-10.01,-0.09,0,0,
1,0,0.01,-10.01,-0.09,-0.01,-0.01,
1,0,0.05,-10,-0.1,0,-0.01,
1,0,0.05,-10,-0.1,0,-0.01,
1,0,0.05,-10,-0.1,-0.01,-0.01,
1,0,0.06,-10.01,-0.12,0,-0.01,
1,0,0.06,-10.01,-0.12,0,-0.01,
1,0,0.06,-10.01,-0.12,0,-0.01,
1,0,0,-9.99,-0.02,0,-0.01,
1,0,0,-9.99,-0.02,0,-0.01,
1,0,0.04,-10.06,-0.05,-0.01,-0.01,
1,0,0.04,-10.06,-0.05,0,-0.01,
1,0,0.04,-10.06,-0.05,0,-0.01,
1,0,-0.04,-10.05,-0.08,0,-0.01,
1,0,-0.04,-10.05,-0.08,0,-0.01,
1,0,-0.04,-10.05,-0.08,0,-0.01,
1,0,-0.01,-10.02,-0.11,0,-0.01,
1,0,-0.01,-10.02,-0.11,-0.01,-0.01,
1,0,-0.01,-10.02,-0.11,-0.01,-0.01,
1,0,0.01,-10.07,-0.03,-0.01,-0.01,
1,0,0.01,-10.07,-0.03,0,-0.01,
1,0,0.01,-10.07,-0.03,0,-0.01,
1,0,0.1,-10.01,-0.11,-0.01,-0.01,
1,0,0.1,-10.01,-0.11,0,-0.01,
1,0,0.1,-10.01,-0.11,0,-0.01,
1,0,-0.04,-10.03,-0.07,-0.01,-0.01,
1,0,-0.04,-10.03,-0.07,0,-0.01,
1,0,-0.04,-10.03,-0.07,0,-0.01,
1,0,0.05,-10.07,-0.07,0,-0.01,
1,0,0.05,-10.07,-0.07,0,0,
1,0,0.05,-10.07,-0.07,0,0,
1,0,0.03,-9.98,-0.12,0,-0.01,
1,0,0.03,-9.98,-0.12,0,-0.01,
1,0,0.03,-9.98,-0.12,0,-0.01,
1,0,0,-9.99,-0.04,0,-0.01,
1,0,0,-9.99,-0.04,0,-0.01,
1,0,0,-9.99,-0.04,0,-0.01,
1,0,0.05,-10,-0.11,0,-0.01,
1,0,0.05,-10,-0.11,0,-0.01,
1,0,0.05,-10,-0.11,0,-0.01,
1,0,0,-10.05,-0.13,0,-0.01,
1,0,0,-10.05,-0.13,0,-0.01,
1,0,0.13,-11.23,0.84,0.01,-0.06,
1,0,0.13,-11.23,0.84,-0.04,0.01,
1,0,0.13,-11.23,0.84,-0.04,0.01,
1,0,0.83,-12.69,2.33,0.03,-0.03,
1,0,0.83,-12.69,2.33,-0.03,0,
1,0,0.83,-12.69,2.33,-0.03,0,
1,0,-0.34,-9.62,0.16,0,-0.02,
1,0,-0.34,-9.62,0.16,-0.01,0.01,
1,0,-0.34,-9.62,0.16,-0.01,0.01,
1,0,-0.13,-9.81,-0.72,-0.01,-0.01,
1,0,-0.13,-9.81,-0.72,0.01,-0.01,
1,0,-0.13,-9.81,-0.72,-0.01,-0.01,
1,0,-0.17,-10.06,-0.43,-0.01,-0.01,
1,0,-0.17,-10.06,-0.43,0,-0.01,
1,0,-0.17,-10.06,-0.43,0,-0.02,
1,0,0.15,-10.12,0.17,0,-0.02,
1,0,0.15,-10.12,0.17,0,-0.01,
1,0,0.07,-10.12,-0.03,-0.01,-0.01,
1,0,0.07,-10.12,-0.03,-0.01,-0.01,
1,0,0.07,-10.12,-0.03,0,-0.01,
1,0,-0.11,-10.21,-0.11,0,-0.01,
1,0,-0.11,-10.21,-0.11,0,-0.01,
1,0,-0.11,-10.21,-0.11,0,-0.01,
1,0,0.24,-9.73,-0.29,-0.01,-0.01,
1,0,0.24,-9.73,-0.29,-0.01,-0.01,
1,0,0.24,-9.73,-0.29,-0.01,-0.01,
1,0,-0.28,-10.09,-0.18,-0.01,0,
1,0,-0.28,-10.09,-0.18,-0.01,0,
1,0,-0.28,-10.09,-0.18,0,-0.02,
1,0,0.04,-9.96,-0.3,-0.01,-0.01,
1,0,0.04,-9.96,-0.3,-0.01,-0.01,
1,0,0.04,-9.96,-0.3,-0.01,0,
1,0,0.03,-9.98,-0.07,0,-0.01,
1,0,0.03,-9.98,-0.07,0,-0.01,
1,0,0.03,-9.98,-0.07,0,-0.01,
1,0,0,-9.93,0.02,-0.01,-0.01,
1,0,0,-9.93,0.02,-0.01,-0.01,
1,0,0.06,-10.07,0.03,0,-0.01,
1,0,0.06,-10.07,0.03,0,-0.01,
1,0,0.06,-10.07,0.03,0,-0.01,
1,0,0.04,-10.13,-0.05,0,-0.01,
1,0,0.04,-10.13,-0.05,0,-0.01,
1,0,0.04,-10.13,-0.05,0,-0.01,
1,0,-0.11,-9.99,-0.16,0,-0.01,
1,0,-0.11,-9.99,-0.16,0,-0.01,
1,0,-0.11,-9.99,-0.16,0,-0.01,
1,0,-0.03,-10.11,-0.14,0,-0.01,
1,0,-0.03,-10.11,-0.14,0,-0.01,
1,0,-0.03,-10.11,-0.14,0,-0.01,
1,0,0.06,-10.02,-0.09,-0.01,-0.01,
1,0,0.06,-10.02,-0.09,-0.01,-0.01,
1,0,0.06,-10.02,-0.09,-0.01,-0.01,
1,0,0.06,-9.96,-0.06,-0.01,-0.01,
1,0,0.06,-9.96,-0.06,-0.01,-0.01,
1,0,0.06,-9.96,-0.06,-0.01,-0.01,
1,0,0.02,-10.05,-0.14,-0.01,-0.01,
1,0,0.02,-10.05,-0.14,0,-0.01,
1,0,0.12,-10.13,-0.08,0,-0.01,
1,0,0.12,-10.13,-0.08,0,-0.01,
1,0,0.12,-10.13,-0.08,0,-0.01,
1,0,-0.02,-10.01,-0.01,0,-0.01,
1,0,-0.02,-10.01,-0.01,0,-0.01,
1,0,-0.02,-10.01,-0.01,-0.01,-0.01,
1,0,-0.07,-10.04,-0.09,-0.01,-0.01,
1,0,-0.07,-10.04,-0.09,-0.01,-0.01,
1,0,-0.07,-10.04,-0.09,-0.01,-0.01,
1,0,0,-10,-0.22,-0.01,-0.01,
1,0,0,-10,-0.22,0,-0.01,
1,0,0,-10,-0.22,-0.01,-0.01,
1,0,-0.01,-10.05,-0.14,-0.01,-0.01,
1,0,-0.01,-10.05,-0.14,-0.01,-0.01,
1,0,-0.01,-10.05,-0.14,0,-0.01,
1,0,0.05,-9.98,-0.02,0,-0.01,
1,0,0.05,-9.98,-0.02,-0.01,-0.01,
1,0,0.05,-9.98,-0.02,0,-0.01,
1,0,0.02,-10.01,-0.08,0,-0.01,
1,0,0.02,-10.01,-0.08,-0.01,-0.01,
1,0,0.02,-10.01,-0.08,-0.01,-0.01,
1,0,0,-9.98,-0.17,-0.01,-0.01,
1,0,0,-9.98,-0.17,-0.01,-0.01,
1,0,0.01,-10.08,-0.13,-0.01,-0.01,
1,0,0.01,-10.08,-0.13,-0.01,-0.01,
1,0,0.01,-10.08,-0.13,0,-0.01,
1,0,-0.05,-10.02,-0.07,0,-0.01,
1,0,-0.05,-10.02,-0.07,0,-0.01,
1,0,-0.05,-10.02,-0.07,0,-0.01,
1,0,0,-10.08,-0.02,0,-0.01,
1,0,0,-10.08,-0.02,0,-0.01,
1,0,0,-10.08,-0.02,-0.01,-0.01,
1,0,-0.02,-10.03,-0.12,-0.01,-0.01,
1,0,-0.02,-10.03,-0.12,0,-0.01,
1,0,-0.02,-10.03,-0.12,0,-0.01,
1,0,0.03,-9.96,-0.17,0,-0.01,
1,0,0.03,-9.96,-0.17,0,-0.01,
1,0,0.03,-9.96,-0.17,-0.01,-0.01,
1,0,0.02,-10.05,-0.09,-0.01,-0.01,
1,0,0.02,-10.05,-0.09,-0.01,-0.01,
1,0,0.02,-10.05,-0.09,-0.01,-0.01,
1,0,0.09,-10.05,-0.05,-0.01,-0.01,
1,0,0.09,-10.05,-0.05,-0.01,-0.01,
1,0,0.09,-10.05,-0.05,-0.01,-0.01,
1,0,0.06,-10.06,-0.09,-0.01,-0.01,
1,0,0.06,-10.06,-0.09,-0.01,-0.01,
1,0,0.06,-10.06,-0.09,0,-0.01,
1,0,0.04,-10.02,-0.11,0,-0.01,
1,0,0.04,-10.02,-0.11,0,-0.01,
1,0,0.04,-10.02,-0.11,0,-0.01,
1,0,0.04,-10.17,0.01,0,-0.01,
1,0,0.04,-10.17,0.01,-0.01,-0.01,
1,0,-0.06,-10.01,-0.16,0,-0.01,
1,0,-0.06,-10.01,-0.16,0,-0.01,
1,0,-0.06,-10.01,-0.16,-0.01,-0.01,
1,0,0.03,-10.29,-0.04,-0.01,-0.01,
1,0,0.03,-10.29,-0.04,-0.01,-0.01,
1,0,0.03,-10.29,-0.04,0,-0.01,
1,0,0.07,-10.22,-0.4,0,-0.01,
1,0,0.07,-10.22,-0.4,0,-0.01,
1,0,0.07,-10.22,-0.4,-0.01,-0.01,
1,0,-0.12,-10.7,-0.42,0.01,-0.01,
1,0,-0.12,-10.7,-0.42,0.01,-0.01,
1,0,-0.12,-10.7,-0.42,-0.01,0,
1,0,0.26,-9.68,0.08,0,-0.01,
1,0,0.26,-9.68,0.08,0,-0.01,
1,0,0.26,-9.68,0.08,0,-0.01,
1,0,0.05,-10.17,0.01,-0.01,-0.01,
1,0,0.05,-10.17,0.01,-0.01,-0.01,
1,0,0.05,-10.17,0.01,0,-0.01,
1,0,-0.05,-9.87,-0.16,-0.01,-0.01,
1,0,-0.05,-9.87,-0.16,-0.01,-0.01,
1,0,-0.11,-10.14,-0.08,0,-0.01,
1,0,-0.11,-10.14,-0.08,0,-0.01,
1,0,-0.11,-10.14,-0.08,0,-0.01,
1,0,0.07,-10.1,-0.09,0,-0.01,
1,0,0.07,-10.1,-0.09,0,-0.01,
1,0,0.07,-10.1,-0.09,0,-0.01,
1,0,-0.06,-10.09,-0.11,-0.01,-0.01,
1,0,-0.06,-10.09,-0.11,0,-0.01,
1,0,-0.06,-10.09,-0.11,0,-0.01,
1,0,-0.04,-9.95,-0.03,0,-0.01,
1,0,-0.04,-9.95,-0.03,-0.01,-0.01,
1,0,-0.04,-9.95,-0.03,-0.01,-0.01,
1,0,-0.02,-10.05,-0.06,-0.01,-0.01,
1,0,-0.02,-10.05,-0.06,0,-0.01,
1,0,-0.02,-10.05,-0.06,0,-0.01,
1,0,-0.02,-10.01,-0.07,-0.01,-0.01,
1,0,-0.02,-10.01,-0.07,-0.01,-0.01,
1,0,-0.02,-10.01,-0.07,-0.01,-0.01,
1,0,0.01,-9.98,-0.12,0,-0.01,
1,0,0.01,-9.98,-0.12,-0.01,-0.01,
1,0,0.03,-10.1,-0.1,-0.01,-0.01,
1,0,0.03,-10.1,-0.1,0,-0.01,
1,0,0.03,-10.1,-0.1,0,0,
1,0,0.04,-9.95,0,0,0,
1,0,0.04,-9.95,0,-0.01,-0.01,
1,0,0.04,-9.95,0,0,-0.01,
1,0,0,-10.07,-0.07,0,-0.01,
1,0,0,-10.07,-0.07,-0.01,0,
1,0,0,-10.07,-0.07,0,-0.01,
1,0,0.02,-9.99,-0.12,0,-0.01,
1,0,0.02,-9.99,-0.12,0,-0.01,
1,0,0.02,-9.99,-0.12,-0.01,-0.01,
1,0,-0.01,-10.02,-0.1,-0.01,-0.01,
1,0,-0.01,-10.02,-0.1,0,-0.01,
1,0,-0.01,-10.02,-0.1,-0.01,-0.01,
1,0,-0.02,-9.99,-0.09,-0.01,-0.01,
1,0,-0.02,-9.99,-0.09,-0.01,-0.01,
1,0,-0.01,-10.09,-0.11,-0.01,-0.01,
1,0,-0.01,-10.09,-0.11,-0.01,-0.01,
1,0,-0.01,-10.09,-0.11,-0.01,-0.01,
1,0,-0.01,-9.97,-0.07,-0.01,-0.01,
1,0,-0.01,-9.97,-0.07,-0.01,-0.01,
1,0,-0.01,-9.97,-0.07,-0.01,-0.01,
1,0,0.08,-10.03,-0.08,-0.01,-0.01,
1,0,0.08,-10.03,-0.08,-0.01,-0.01,
1,0,0.08,-10.03,-0.08,-0.01,-0.01,
1,0,0.01,-10.03,-0.09,0,-0.01,
1,0,0.01,-10.03,-0.09,0,-0.01,
1,0,0.01,-10.03,-0.09,0,-0.01,
1,0,0.02,-10.03,-0.02,0,-0.01,
1,0,0.02,-10.03,-0.02,0,-0.01,
1,0,0.02,-10.03,-0.02,0,-0.01,
1,0,-0.01,-10.04,-0.11,0,-0.01,
1,0,-0.01,-10.04,-0.11,0,-0.01,
1,0,-0.01,-10.04,-0.11,0,-0.01,
1,0,-0.01,-10.08,-0.11,0,-0.01,
1,0,-0.01,-10.08,-0.11,0,-0.01,
1,0,-0.01,-10.08,-0.11,0,-0.01,
1,0,-0.01,-9.96,-0.05,0,-0.01,
1,0,-0.01,-9.96,-0.05,0,-0.01,
1,0,-0.01,-9.96,-0.05,-0.01,-0.01,
1,0,-0.04,-10.07,-0.1,-0.01,-0.01,
1,0,-0.04,-10.07,-0.1,0,-0.01,
1,0,-0.04,-10.07,-0.1,0,-0.01,
1,0,-0.04,-10.02,-0.06,0,-0.01,
1,0,-0.04,-10.02,-0.06,-0.01,-0.01,
1,0,-0.04,-10.02,-0.06,-0.01,-0.01,
1,0,0.03,-9.98,-0.06,-0.01,-0.01,
1,0,0.03,-9.98,-0.06,-0.01,-0.01,
1,0,0.02,-10.04,-0.09,-0.01,-0.01,
1,0,0.02,-10.04,-0.09,-0.01,-0.01,
1,0,0.02,-10.04,-0.09,0,-0.01,
1,0,-0.01,-10.01,-0.05,0,0,
1,0,-0.01,-10.01,-0.05,0,0,
1,0,-0.01,-10.01,-0.05,-0.01,-0.01,
1,0,-0.01,-10.06,-0.03,0,-0.01,
1,0,-0.01,-10.06,-0.03,0,-0.01,
1,0,-0.01,-10.06,-0.03,0,-0.01,
1,0,-0.03,-10.03,-0.1,0,-0.01,
1,0,-0.03,-10.03,-0.1,0,-0.01,
1,0,-0.03,-10.03,-0.1,-0.01,-0.01,
1,0,0,-10.07,-0.04,-0.01,-0.01,
1,0,0,-10.07,-0.04,-0.01,-0.01,
1,0,0,-10.07,-0.04,-0.01,-0.01,
1,0,-0.01,-9.99,-0.04,0,-0.01,
1,0,-0.01,-9.99,-0.04,0,-0.01,
1,0,-0.05,-10.03,-0.08,0,-0.01,
1,0,-0.05,-10.03,-0.08,0,-0.01,
1,0,-0.05,-10.03,-0.08,0,-0.01,
1,0,-0.02,-9.97,-0.03,0,-0.01,
1,0,-0.02,-9.97,-0.03,-0.01,-0.01,
1,0,-0.02,-9.97,-0.03,0,-0.01,
1,0,0,-10.02,-0.09,0,-0.01,
1,0,0,-10.02,-0.09,-0.01,-0.01,
1,0,0,-10.02,-0.09,-0.01,-0.01,
1,0,0.02,-9.98,-0.17,-0.01,-0.01,
1,0,0.02,-9.98,-0.17,-0.01,-0.01,
1,0,0.02,-9.98,-0.17,0,-0.01,
1,0,0,-10.06,-0.02,0,-0.01,
1,0,0,-10.06,-0.02,0,-0.01,
1,0,0,-10.06,-0.02,-0.01,0,
1,0,0.04,-10.07,-0.05,-0.01,0,
1,0,0.04,-10.07,-0.05,0,-0.01,
1,0,0.04,-10.07,-0.05,-0.01,-0.01,
1,0,-0.03,-10.03,-0.07,-0.01,-0.01,
1,0,-0.03,-10.03,-0.07,-0.01,-0.01,
1,0,0.03,-10.02,-0.08,-0.01,-0.01,
1,0,0.03,-10.02,-0.08,-0.01,-0.01,
1,0,0.03,-10.02,-0.08,0,-0.01,
1,0,0.03,-10.02,-0.11,0,-0.01,
1,0,0.03,-10.02,-0.11,0,-0.01,
1,0,0.03,-10.02,-0.11,0,-0.01,
1,0,0.06,-10.03,-0.09,0,-0.01,
1,0,0.06,-10.03,-0.09,0,-0.01,
1,0,0.06,-10.03,-0.09,-0.01,-0.01,
1,0,0.04,-10,-0.11,0,-0.01,
1,0,0.04,-10,-0.11,0,-0.01,
1,0,0.04,-10,-0.11,0,-0.01,
1,0,0,-10.03,-0.14,0,-0.01,
1,0,0,-10.03,-0.14,0,-0.01,
1,0,0,-10.03,-0.14,0,-0.01,
1,0,0.01,-10.02,-0.11,0,-0.01,
1,0,0.01,-10.02,-0.11,0,-0.01,
1,0,0.05,-10.03,-0.08,-0.01,-0.01,
1,0,0.05,-10.03,-0.08,0,-0.01,
1,0,0.05,-10.03,-0.08,0,-0.01,
1,0,0.07,-10.04,-0.02,0,-0.01,
1,0,0.07,-10.04,-0.02,0,-0.01,
1,0,0.07,-10.04,-0.02,0,-0.01,
1,0,0,-10.1,-0.06,0,-0.01,
1,0,0,-10.1,-0.06,0,-0.01,
1,0,0,-10.1,-0.06,0,-0.01,
1,0,0,-10.03,-0.07,-0.01,-0.01,
1,0,0,-10.03,-0.07,0,-0.01,
1,0,0,-10.03,-0.07,0,-0.01,
1,0,0.01,-10.02,-0.08,0,-0.01,
1,0,0.01,-10.02,-0.08,0,-0.01,
1,0,0.01,-10.02,-0.08,0,-0.01,
1,0,0.03,-10.03,-0.04,0,-0.01,
1,0,0.03,-10.03,-0.04,-0.01,-0.01,
1,0,0.07,-10.03,-0.09,-0.01,-0.01,
1,0,0.07,-10.03,-0.09,0,-0.01,
1,0,0.07,-10.03,-0.09,0,-0.01,
1,0,0.02,-9.97,-0.07,0,-0.01,
1,0,0.02,-9.97,-0.07,0,-0.01,
1,0,0.02,-9.97,-0.07,0,-0.01,
1,0,-0.02,-10.05,-0.08,0,-0.01,
1,0,-0.02,-10.05,-0.08,-0.01,-0.01,
1,0,-0.02,-10.05,-0.08,0,-0.01,
1,0,0.02,-10.06,-0.16,0,-0.01,
1,0,0.02,-10.06,-0.16,0,-0.01,
1,0,0.02,-10.06,-0.16,0,-0.01,
1,0,-0.01,-10.01,-0.08,0,-0.01,
1,0,-0.01,-10.01,-0.08,0,-0.01,
1,0,-0.01,-10.01,-0.08,0,-0.01,
1,0,-0.01,-10.03,-0.08,0,-0.01,
1,0,-0.01,-10.03,-0.08,0,-0.01,
1,0,-0.01,-10.03,-0.08,-0.01,-0.01,
1,0,0,-10.01,-0.05,-0.01,-0.01,
1,0,0,-10.01,-0.05,-0.01,-0.01,
1,0,0,-10.01,-0.05,0,-0.01,
1,0,-0.04,-10,-0.1,0,-0.01,
1,0,-0.04,-10,-0.1,0,-0.01,
1,0,-0.04,-10,-0.1,-0.01,-0.01,
1,0,0,-10.04,-0.15,-0.01,-0.01,
1,0,0,-10.04,-0.15,-0.01,-0.01,
1,0,0.06,-9.95,-0.07,-0.01,-0.01,
1,0,0.06,-9.95,-0.07,-0.01,-0.01,
1,0,0.06,-9.95,-0.07,0,-0.01,
1,0,0,-9.99,-0.08,-0.01,-0.01,
1,0,0,-9.99,-0.08,-0.01,-0.01,
1,0,0,-9.99,-0.08,-0.01,-0.01,
1,0,-0.02,-10.01,-0.09,0,-0.01,
1,0,-0.02,-10.01,-0.09,0,-0.01,
1,0,-0.02,-10.01,-0.09,-0.01,-0.01,
1,0,-0.02,-10.04,-0.09,-0.01,-0.01,
1,0,-0.02,-10.04,-0.09,-0.01,-0.01,
1,0,-0.02,-10.04,-0.09,-0.01,-0.01,
1,0,0.02,-10.04,-0.07,0,-0.01,
1,0,0.02,-10.04,-0.07,0,-0.01,
1,0,0.02,-9.99,-0.06,0,-0.01,
1,0,0.02,-9.99,-0.06,-0.01,-0.01,
1,0,0.02,-9.99,-0.06,0,-0.01,
1,0,0.05,-10.04,-0.05,0,-0.01,
1,0,0.05,-10.04,-0.05,-0.01,-0.01,
1,0,0.05,-10.04,-0.05,-0.01,-0.01,
1,0,0.02,-10,-0.11,-0.01,-0.01,
1,0,0.02,-10,-0.11,-0.01,-0.01,
1,0,0.02,-10,-0.11,0,-0.01,
1,0,0,-9.97,-0.1,0,-0.01,
1,0,0,-9.97,-0.1,-0.01,-0.01,
1,0,0,-9.97,-0.1,0,-0.01,
1,0,-0.06,-10.04,-0.04,0,-0.01,
1,0,-0.06,-10.04,-0.04,0,-0.01,
1,0,0,-10.04,-0.09,-0.01,-0.01,
1,0,0,-10.04,-0.09,0,-0.01,
1,0,0,-10.04,-0.09,0,-0.01,
1,0,0.05,-10.06,-0.06,-0.01,-0.01,
1,0,0.05,-10.06,-0.06,0,-0.01,
1,0,0.05,-10.06,-0.06,0,-0.01,
1,0,0,-10.05,-0.08,0,-0.01,
1,0,0,-10.05,-0.08,-0.01,-0.01,
1,0,0,-10.05,-0.08,-0.01,-0.01,
1,0,0.04,-10,-0.11,0,-0.01,
1,0,0.04,-10,-0.11,-0.01,-0.01,
1,0,0.06,-10,-0.08,-0.01,-0.01,
1,0,0.06,-10,-0.08,0,-0.01,
1,0,0.06,-10,-0.08,0,-0.01,
1,0,-0.02,-10.1,-0.15,0,-0.01,
1,0,-0.02,-10.1,-0.15,0,-0.01,
1,0,-0.02,-10.1,-0.15,-0.01,-0.01,
1,0,-0.03,-10.02,0,0,-0.01,
1,0,-0.03,-10.02,0,0,-0.01,
1,0,-0.03,-10.02,0,0,-0.01,
1,0,0.04,-10.09,-0.03,-0.01,-0.01,
1,0,0.04,-10.09,-0.03,-0.01,-0.01,
1,0,0.04,-10.09,-0.03,0,-0.01,
1,0,0,-10,-0.09,0,-0.01,
1,0,0,-10,-0.09,0,-0.01,
1,0,-0.08,-10.01,-0.05,-0.01,-0.01,
1,0,-0.08,-10.01,-0.05,0,-0.01,
1,0,-0.08,-10.01,-0.05,0,-0.01,
1,0,0,-9.97,-0.05,-0.01,-0.01,
1,0,0,-9.97,-0.05,-0.01,-0.01,
1,0,0,-9.97,-0.05,-0.01,-0.01,
1,0,-0.03,-9.99,-0.06,-0.01,-0.01,
1,0,-0.03,-9.99,-0.06,0,-0.01,
1,0,-0.03,-9.99,-0.06,0,-0.01,
1,0,0.05,-9.98,-0.07,-0.01,-0.01,
1,0,0.05,-9.98,-0.07,0,-0.01,
1,0,0.05,-9.98,-0.07,0,-0.01,
1,0,0,-10.02,-0.15,-0.01,-0.01,
1,0,0,-10.02,-0.15,0,-0.01,
1,0,0.03,-10.02,-0.09,0,-0.01,
1,0,0.03,-10.02,-0.09,-0.01,-0.01,
1,0,0.03,-10.02,-0.09,0,0,
1,0,-0.03,-10.07,-0.09,0,0,
1,0,-0.03,-10.07,-0.09,-0.01,-0.01,
1,0,-0.03,-10.07,-0.09,0,-0.01,
1,0,-0.05,-10.04,-0.01,0,-0.01,
1,0,-0.05,-10.04,-0.01,-0.01,-0.01,
1,0,-0.05,-10.04,-0.01,-0.01,-0.01,
1,0,0.03,-10.02,-0.04,-0.01,-0.01,
1,0,0.03,-10.02,-0.04,0,-0.01,
1,0,0.03,-10.02,-0.04,0,-0.01,
1,0,0.04,-10.06,-0.1,0,-0.01,
1,0,0.04,-10.06,-0.1,-0.01,-0.01,
1,0,0.04,-10.06,-0.1,0,-0.01,
1,0,0.05,-10,-0.09,0,-0.01,
1,0,0.05,-10,-0.09,0,-0.01,
1,0,0.05,-10,-0.09,0,-0.01,
1,0,0.01,-10.01,-0.12,0,-0.01,
1,0,0.01,-10.01,-0.12,0,-0.01,
1,0,0.01,-10.01,-0.12,-0.01,-0.01,
1,0,0,-10.01,-0.08,-0.01,-0.01,
1,0,0,-10.01,-0.08,0,-0.01,
1,0,0,-10.01,-0.08,0,-0.01,
1,0,0.02,-10.02,-0.08,0,-0.01,
1,0,0.02,-10.02,-0.08,0,-0.01,
1,0,0.01,-9.94,-0.09,0,-0.01,
1,0,0.01,-9.94,-0.09,0,-0.01,
1,0,0.01,-9.94,-0.09,0,-0.01,
1,0,0.03,-10.07,-0.1,-0.01,-0.01,
1,0,0.03,-10.07,-0.1,-0.01,-0.01,
1,0,0.03,-10.07,-0.1,0,-0.01,
1,0,0.02,-10,-0.12,-0.01,-0.01,
1,0,0.02,-10,-0.12,-0.01,-0.01,
1,0,0.02,-10,-0.12,-0.01,0,
1,0,0.03,-10,-0.09,0,-0.01,
1,0,0.03,-10,-0.09,0,-0.01,
1,0,0.03,-10,-0.09,0,-0.01,
1,0,0,-10.02,-0.08,-0.01,-0.01,
1,0,0,-10.02,-0.08,-0.01,-0.01,
1,0,0,-10.02,-0.08,-0.01,-0.01,
1,0,0,-10.02,-0.09,-0.01,-0.01,
1,0,0,-10.02,-0.09,-0.01,-0.01,
1,0,-0.06,-9.99,-0.02,-0.01,-0.01,
1,0,-0.06,-9.99,-0.02,-0.01,-0.01,
1,0,-0.06,-9.99,-0.02,-0.01,-0.01,
1,0,0.02,-10.02,-0.11,0,-0.01,
1,0,0.02,-10.02,-0.11,-0.01,-0.01,
1,0,0.02,-10.02,-0.11,-0.01,-0.01,
1,0,0.02,-10.04,-0.06,-0.01,-0.01,
1,0,0.02,-10.04,-0.06,-0.01,-0.01,
1,0,0.02,-10.04,-0.06,0,-0.01,
1,0,0.04,-10.03,-0.04,0,-0.01,
1,0,0.04,-10.03,-0.04,0,-0.01,
1,0,0.04,-10.03,-0.04,0,-0.01,
1,0,-0.03,-10.02,-0.12,0,-0.01,
1,0,-0.03,-10.02,-0.12,-0.01,-0.01,
1,0,-0.03,-9.97,-0.09,0,-0.01,
1,0,-0.03,-9.97,-0.09,0,-0.01,
1,0,-0.03,-9.97,-0.09,-0.01,-0.01,
1,0,0.04,-10.01,-0.09,0,-0.01,
1,0,0.04,-10.01,-0.09,0,-0.01,
1,0,0.04,-10.01,-0.09,0,-0.01,
1,0,0.03,-9.99,-0.08,-0.01,-0.01,
1,0,0.03,-9.99,-0.08,-0.01,-0.01,
1,0,0.03,-9.99,-0.08,-0.01,-0.01,
1,0,-0.08,-10.08,-0.06,-0.01,-0.01,
1,0,-0.08,-10.08,-0.06,-0.01,-0.01,
1,0,-0.08,-10.08,-0.06,0,-0.01,
1,0,0.08,-10.03,-0.1,-0.01,-0.01,
1,0,0.08,-10.03,-0.1,-0.01,-0.01,
1,0,0.08,-10.03,-0.1,0,-0.01,
1,0,-0.01,-10.03,-0.07,-0.01,-0.01,
1,0,-0.01,-10.03,-0.07,-0.01,-0.01,
1,0,0,-10,-0.12,0,-0.01,
1,0,0,-10,-0.12,-0.01,-0.01,
1,0,0,-10,-0.12,-0.01,-0.01,
1,0,0.04,-10,-0.04,-0.01,-0.01,
1,0,0.04,-10,-0.04,0,-0.01,
1,0,0.04,-10,-0.04,0,-0.01,
1,0,0.02,-10.05,-0.13,-0.01,-0.01,
1,0,0.02,-10.05,-0.13,0,-0.01,
1,0,0.02,-10.05,-0.13,-0.01,-0.01,
1,0,0,-10.02,-0.1,-0.01,-0.01,
1,0,0,-10.02,-0.1,-0.01,-0.01,
1,0,0,-10.02,-0.1,0,-0.01,
1,0,0,-10.01,-0.06,0,-0.01,
1,0,0,-10.01,-0.06,0,-0.01,
1,0,0.01,-10.03,-0.1,-0.01,-0.01,
1,0,0.01,-10.03,-0.1,-0.01,-0.01,
1,0,0.01,-10.03,-0.1,0,-0.01,
1,0,0.07,-10.01,-0.07,0,-0.01,
1,0,0.07,-10.01,-0.07,0,-0.01,
1,0,0.07,-10.01,-0.07,0,-0.01,
1,0,0.02,-9.96,-0.09,0,-0.01,
1,0,0.02,-9.96,-0.09,0,-0.01,
1,0,0.02,-9.96,-0.09,0,-0.01,
1,0,0.01,-10.05,-0.11,-0.01,-0.01,
1,0,0.01,-10.05,-0.11,-0.01,-0.01,
1,0,0.01,-10.05,-0.11,0,-0.01,
1,0,-0.05,-10.03,-0.09,-0.01,-0.01,
1,0,-0.05,-10.03,-0.09,-0.01,-0.01,
1,0,-0.05,-10.03,-0.09,-0.01,-0.01,
1,0,0.01,-10.11,-0.02,-0.01,-0.01,
1,0,0.01,-10.11,-0.02,-0.01,-0.01,
1,0,0.03,-10.03,-0.08,0,-0.01,
1,0,0.03,-10.03,-0.08,0,-0.01,
1,0,0.03,-10.03,-0.08,0,-0.01,
1,0,0.04,-10.06,-0.06,0,-0.01,
1,0,0.04,-10.06,-0.06,-0.01,-0.01,
1,0,0.04,-10.06,-0.06,0,-0.01,
1,0,-0.01,-9.98,-0.08,0,-0.01,
1,0,-0.01,-9.98,-0.08,-0.01,-0.01,
1,0,-0.01,-9.98,-0.08,0,-0.01,
1,0,-0.03,-10.02,-0.03,0,-0.01,
1,0,-0.03,-10.02,-0.03,0,0,
1,0,-0.03,-10.02,-0.03,0,0,
1,0,0.02,-10.03,-0.1,-0.01,-0.01,
1,0,0.02,-10.03,-0.1,-0.01,-0.01,
1,0,0.02,-10.03,-0.1,-0.01,-0.01,
1,0,0.02,-9.99,-0.1,0,-0.01,
1,0,0.02,-9.99,-0.1,0,-0.01,
1,0,0.02,-9.99,-0.1,0,-0.01,
1,0,0.04,-9.99,-0.11,0,-0.01,
1,0,0.04,-9.99,-0.11,0,-0.01,
1,0,0.04,-9.99,-0.11,0,-0.01,
1,0,-0.04,-10.05,-0.13,0,-0.01,
1,0,-0.04,-10.05,-0.13,-0.01,-0.01,
1,0,-0.04,-10.05,-0.13,-0.01,-0.01,
1,0,0.03,-9.98,-0.11,-0.01,-0.01,
1,0,0.03,-9.98,-0.11,0,-0.01,
1,0,0.04,-10.07,-0.13,0,-0.01,
1,0,0.04,-10.07,-0.13,0,-0.01,
1,0,0.04,-10.07,-0.13,0,-0.01,
1,0,-0.1,-10.1,-0.08,0,-0.01,
1,0,-0.1,-10.1,-0.08,0,-0.01,
1,0,-0.1,-10.1,-0.08,-0.01,-0.01,
1,0,-0.03,-10.07,-0.1,-0.01,-0.01,
1,0,-0.03,-10.07,-0.1,0,-0.01,
1,0,-0.03,-10.07,-0.1,-0.01,-0.01,
1,0,0.01,-10.05,-0.11,-0.01,-0.01,
1,0,0.01,-10.05,-0.11,-0.01,-0.01,
1,0,0.01,-10.05,-0.11,0,-0.01,
1,0,-0.05,-10.01,-0.12,0,-0.01,
1,0,-0.05,-10.01,-0.12,0,-0.01,
1,0,-0.05,-10.01,-0.12,0,-0.01,
1,0,0.02,-10.03,-0.05,0,-0.01,
1,0,0.02,-10.03,-0.05,-0.01,-0.01,
1,0,0.02,-10.03,-0.05,-0.01,-0.01,
1,0,0.04,-10.03,-0.11,-0.01,-0.01,
1,0,0.04,-10.03,-0.11,0,-0.01,
1,0,-0.03,-10.01,-0.08,0,-0.01,
1,0,-0.03,-10.01,-0.08,0,-0.01,
1,0,-0.03,-10.01,-0.08,-0.01,-0.01,
1,0,0.04,-10.02,-0.04,-0.01,-0.01,
1,0,0.04,-10.02,-0.04,-0.01,-0.01,
1,0,0.04,-10.02,-0.04,0,0,
1,0,-0.03,-10,-0.05,0,-0.01,
1,0,-0.03,-10,-0.05,0,-0.01,
1,0,-0.03,-10,-0.05,0,-0.01,
1,0,-0.03,-10,-0.04,0,-0.01,
1,0,-0.03,-10,-0.04,0,-0.01,
1,0,-0.03,-10,-0.04,0,-0.01,
1,0,0.01,-9.97,-0.08,0,-0.01,
1,0,0.01,-9.97,-0.08,0,-0.01,
1,0,0.01,-9.97,-0.08,0,-0.01,
1,0,-0.01,-9.95,-0.09,0,-0.01,
1,0,-0.01,-9.95,-0.09,0,-0.01,
1,0,-0.01,-9.95,-0.09,0,-0.01,
1,0,0.05,-9.98,-0.03,0,-0.01,
1,0,0.05,-9.98,-0.03,0,-0.01,
1,0,0.05,-9.98,-0.03,0,-0.01,
1,0,-0.05,-10.01,-0.09,0,-0.01,
1,0,-0.05,-10.01,-0.09,0,-0.01,
1,0,-0.02,-10,-0.06,0,-0.01,
1,0,-0.02,-10,-0.06,0,-0.01,
1,0,-0.02,-10,-0.06,0,-0.01,
1,0,-0.02,-10.02,-0.07,0,-0.01,
1,0,-0.02,-10.02,-0.07,0,-0.01,
1,0,-0.02,-10.02,-0.07,0,-0.01,
1,0,0.03,-10.03,-0.05,0,-0.01,
1,0,0.03,-10.03,-0.05,-0.01,-0.01,
1,0,0.03,-10.03,-0.05,-0.01,-0.01,
1,0,-0.04,-9.99,-0.07,-0.01,-0.01,
1,0,-0.04,-9.99,-0.07,-0.01,-0.01,
1,0,-0.04,-9.99,-0.07,-0.01,-0.01,
1,0,-0.01,-10.07,-0.16,-0.01,-0.01,
1,0,-0.01,-10.07,-0.16,0,-0.01,
1,0,-0.01,-10.07,-0.16,0,-0.01,
1,0,0.04,-10.05,-0.04,0,-0.01,
1,0,0.04,-10.05,-0.04,-0.01,-0.01,
1,0,0.03,-10.05,-0.02,-0.01,-0.01,
1,0,0.03,-10.05,-0.02,0,-0.01,
1,0,0.03,-10.05,-0.02,-0.01,-0.01,
1,0,0.02,-10.07,-0.07,-0.01,-0.01,
1,0,0.02,-10.07,-0.07,0,-0.01,
1,0,0.02,-10.07,-0.07,0,-0.01,
1,0,-0.04,-10.07,-0.1,0,-0.01,
1,0,-0.04,-10.07,-0.1,0,-0.01,
1,0,-0.04,-10.07,-0.1,-0.01,-0.01,
1,0,0,-10.03,-0.06,-0.01,-0.01,
1,0,0,-10.03,-0.06,-0.01,-0.01,
1,0,0,-10.03,-0.06,0,-0.01,
1,0,0,-9.98,-0.03,0,-0.01,
1,0,0,-9.98,-0.03,-0.01,-0.01,
1,0,0,-9.98,-0.03,-0.01,-0.01,
1,0,0.07,-10.03,-0.08,-0.01,-0.01,
1,0,0.07,-10.03,-0.08,0,-0.01,
1,0,0.07,-10.03,-0.08,0,-0.01,
1,0,0.04,-10.02,-0.09,-0.01,-0.01,
1,0,0.04,-10.02,-0.09,0,-0.01,
1,0,0.04,-10.02,-0.09,0,-0.01,
1,0,-0.06,-10.11,-0.17,-0.01,-0.01,
1,0,-0.06,-10.11,-0.17,0,-0.01,
1,0,-0.06,-10.11,-0.17,0,-0.01,
1,0,0.01,-9.98,-0.2,0,-0.01,
1,0,0.01,-9.98,-0.2,-0.01,-0.01,
1,0,0.01,-9.98,-0.2,-0.01,-0.01,
1,0,0.03,-10.06,-0.03,0,-0.01,
1,0,0.03,-10.06,-0.03,0,-0.01,
1,0,0.03,-10.06,-0.03,0,-0.01,
1,0,0.07,-9.96,0,-0.01,0,
1,0,0.07,-9.96,0,-0.01,-0.01,
1,0,0.07,-9.96,0,-0.01,-0.01,
1,0,0.09,-9.99,-0.22,-0.01,-0.01,
1,0,-0.07,-10.01,0.02,-0.01,-0.01,
1,0,-0.07,-10.01,0.02,-0.01,-0.01,
1,0,-0.07,-10.01,0.02,-0.01,0,
1,0,-0.02,-9.99,-0.06,-0.01,-0.01,
1,0,-0.02,-9.99,-0.06,-0.01,-0.01,
1,0,-0.02,-9.99,-0.06,0,-0.01,
1,0,-0.01,-10.07,-0.15,0,-0.01,
1,0,-0.01,-10.07,-0.15,0,-0.01,
1,0,0.03,-10.04,-0.08,-0.01,-0.01,
1,0,0.03,-10.04,-0.08,0,-0.01,
1,0,0.03,-10.04,-0.08,0,-0.01,
1,0,-0.01,-10,-0.02,0,-0.01,
1,0,-0.01,-10,-0.02,0,-0.01,
1,0,-0.01,-10,-0.02,0,-0.01,
1,0,0.01,-10,-0.08,-0.01,-0.01,
1,0,0.01,-10,-0.08,-0.01,-0.01,
1,0,0.01,-10,-0.08,-0.01,-0.01,
1,0,-0.06,-10.04,-0.22,0,-0.01,
1,0,-0.06,-10.04,-0.22,0,-0.01,
1,0,-0.06,-10.04,-0.22,0,-0.01,
1,0,-0.04,-10.06,-0.13,-0.01,-0.01,
1,0,-0.04,-10.06,-0.13,0,-0.01,
1,0,-0.04,-10.06,-0.13,0,-0.01,
1,0,0,-9.98,-0.04,-0.01,-0.01,
1,0,0,-9.98,-0.04,-0.01,-0.01,
1,0,0,-9.98,-0.04,-0.01,-0.01,
1,0,0.01,-10.09,0.05,-0.01,-0.01,
1,0,0.01,-10.09,0.05,0,-0.01,
1,0,0.01,-10.09,0.05,0,-0.01,
1,0,0.04,-10,-0.1,0,-0.01,
1,0,0.04,-10,-0.1,-0.01,-0.01,
1,0,-0.03,-10.07,-0.07,-0.01,-0.01,
1,0,-0.03,-10.07,-0.07,-0.01,-0.01,
1,0,-0.03,-10.07,-0.07,0,-0.01,
1,0,-0.04,-10.03,-0.11,0,-0.01,
1,0,-0.04,-10.03,-0.11,0,-0.01,
1,0,-0.04,-10.03,-0.11,0,-0.01,
1,0,0.05,-10.04,-0.03,0,-0.01,
1,0,0.05,-10.04,-0.03,-0.01,0,
1,0,0.05,-10.04,-0.03,0,-0.01,
1,0,0.04,-10.01,-0.13,0,-0.01,
1,0,0.04,-10.01,-0.13,-0.01,-0.01,
1,0,0.04,-10.01,-0.13,0,-0.01,
1,0,0.03,-10.03,-0.12,0,-0.01,
1,0,0.03,-10.03,-0.12,0,-0.01,
1,0,0.03,-10.03,-0.12,0,-0.01,
1,0,0.07,-10.01,-0.03,0,-0.01,
1,0,0.07,-10.01,-0.03,0,-0.01,
1,0,0.02,-10.06,-0.02,-0.01,-0.01,
1,0,0.02,-10.06,-0.02,-0.01,-0.01,
1,0,0.02,-10.06,-0.02,-0.01,-0.01,
1,0,0.01,-10.04,-0.12,-0.01,-0.01,
1,0,0.01,-10.04,-0.12,-0.01,-0.01,
1,0,0.01,-10.04,-0.12,0,-0.01,
1,0,-0.03,-10.01,0,-0.01,-0.01,
1,0,-0.03,-10.01,0,-0.01,-0.01,
1,0,-0.03,-10.01,0,-0.01,-0.01,
1,0,0,-9.99,-0.02,0,-0.01,
1,0,0,-9.99,-0.02,0,-0.01,
1,0,0,-9.99,-0.02,0,-0.01,
1,0,-0.08,-10.06,-0.12,-0.01,-0.01,
1,0,-0.08,-10.06,-0.12,-0.01,-0.01,
1,0,-0.08,-10.06,-0.12,-0.01,-0.01,
1,0,0.01,-10.05,-0.06,0,-0.01,
1,0,0.01,-10.05,-0.06,0,-0.01,
1,0,0.01,-10.05,-0.06,-0.01,-0.01,
1,0,0.09,-10.04,-0.03,0,-0.01,
1,0,0.09,-10.04,-0.03,0,-0.01,
1,0,0.03,-10.04,-0.04,0,-0.01,
1,0,0.03,-10.04,-0.04,-0.01,-0.01,
1,0,0.03,-10.04,-0.04,-0.01,-0.01,
1,0,0.03,-9.98,-0.16,-0.01,-0.01,
1,0,0.03,-9.98,-0.16,0,-0.01,
1,0,0.03,-9.98,-0.16,0,-0.01,
1,0,0.04,-10.03,-0.11,0,-0.01,
1,0,0.04,-10.03,-0.11,0,-0.01,
1,0,0.04,-10.03,-0.11,0,-0.01,
1,0,-0.02,-10.03,-0.03,0,-0.01,
1,0,-0.02,-10.03,-0.03,0,-0.01,
1,0,-0.02,-10.03,-0.03,0,-0.01,
1,0,-0.03,-9.96,-0.06,0,-0.01,
1,0,-0.03,-9.96,-0.06,-0.01,-0.01,
1,0,-0.03,-9.96,-0.06,-0.01,-0.01,
1,0,-0.02,-10.04,-0.12,0,-0.01,
1,0,-0.02,-10.04,-0.12,0,-0.01,
1,0,-0.02,-10.04,-0.12,0,-0.01,
1,0,0,-10.01,-0.08,-0.01,-0.01,
1,0,0,-10.01,-0.08,-0.01,-0.01,
1,0,0,-10.01,-0.08,-0.01,-0.01,
1,0,0.03,-10,-0.07,0,-0.01,
1,0,0.03,-10,-0.07,0,-0.01,
1,0,0.03,-10,-0.07,-0.01,-0.01,
1,0,0.04,-10.07,-0.08,0,-0.01,
1,0,0.04,-10.07,-0.08,0,-0.01,
1,0,-0.01,-10.04,-0.16,0,-0.01,
1,0,-0.01,-10.04,-0.16,-0.01,-0.01,
1,0,-0.01,-10.04,-0.16,0,-0.01,
1,0,-0.05,-9.98,-0.03,0,-0.01,
1,0,-0.05,-9.98,-0.03,0,-0.01,
1,0,-0.05,-9.98,-0.03,-0.01,-0.01,
1,0,-0.01,-10.03,-0.13,-0.01,-0.01,
1,0,-0.01,-10.03,-0.13,0,-0.01,
1,0,-0.01,-10.03,-0.13,0,-0.01,
1,0,0.06,-10.03,-0.04,0,-0.01,
1,0,0.06,-10.03,-0.04,0,-0.01,
1,0,0.06,-10.03,-0.04,-0.01,-0.01,
1,0,-0.04,-10,-0.11,-0.01,-0.01,
1,0,-0.04,-10,-0.11,0,-0.01,
1,0,-0.04,-10,-0.11,-0.01,-0.01,
1,0,0.08,-10.02,-0.19,-0.01,-0.01,
1,0,0.08,-10.02,-0.19,0,-0.01,
1,0,-0.05,-10.03,-0.05,0,-0.01,
1,0,-0.05,-10.03,-0.05,0,-0.01,
1,0,-0.05,-10.03,-0.05,0,-0.01,
1,0,0.04,-10.03,-0.14,0,-0.01,
1,0,0.04,-10.03,-0.14,0,-0.01,
1,0,0.04,-10.03,-0.14,0,-0.01,
1,0,0.01,-10.05,0,0,-0.01,
1,0,0.01,-10.05,0,0,-0.01,
1,0,0.01,-10.05,0,-0.01,-0.01,
1,0,0,-9.99,-0.11,-0.01,-0.01,
1,0,0,-9.99,-0.11,-0.01,-0.01,
1,0,0,-9.99,-0.11,-0.01,0,
1,0,0.03,-10.04,-0.06,0,-0.01,
1,0,0.03,-10.04,-0.06,-0.01,-0.01,
1,0,0.02,-10,-0.17,-0.01,-0.01,
1,0,0.02,-10,-0.17,0,-0.01,
1,0,0.02,-10,-0.17,0,-0.01,
1,0,-0.03,-10.07,-0.05,0,-0.01,
1,0,-0.03,-10.07,-0.05,0,-0.01,
1,0,-0.03,-10.07,-0.05,0,-0.01,
1,0,-0.01,-10.04,-0.11,0,-0.01,
1,0,-0.01,-10.04,-0.11,-0.01,-0.01,
1,0,-0.01,-10.04,-0.11,-0.01,-0.01,
1,0,-0.04,-9.96,-0.09,-0.01,-0.01,
1,0,-0.04,-9.96,-0.09,0,-0.01,
1,0,-0.04,-9.96,-0.09,0,-0.01,
1,0,0,-10.03,-0.1,0,-0.01,
1,0,0,-10.03,-0.1,0,-0.01,
1,0,0,-10.03,-0.1,0,-0.01,
1,0,0,-9.98,-0.09,0,-0.01,
1,0,0,-9.98,-0.09,0,-0.01,
1,0,0,-9.98,-0.09,0,-0.01,
1,0,-0.03,-10.06,0,0,-0.01,
1,0,-0.03,-10.06,0,-0.01,-0.01,
1,0,0,-9.96,0.02,-0.01,-0.01,
1,0,0,-9.96,0.02,-0.01,-0.01,
1,0,0,-9.96,0.02,0,-0.01,
1,0,0.05,-10.07,-0.13,-0.01,-0.01,
1,0,0.05,-10.07,-0.13,-0.01,-0.01,
1,0,0.05,-10.07,-0.13,-0.01,-0.01,
1,0,-0.06,-10,-0.06,0,-0.01,
1,0,-0.06,-10,-0.06,0,-0.01,
1,0,-0.06,-10,-0.06,0,-0.01,
1,0,-0.02,-9.99,-0.06,0,-0.01,
1,0,-0.02,-9.99,-0.06,0,-0.01,
1,0,-0.02,-9.99,-0.06,-0.01,-0.01,
1,0,-0.09,-9.96,-0.08,0,-0.01,
1,0,-0.09,-9.96,-0.08,0,-0.01,
1,0,0.06,-10.03,-0.2,-0.01,-0.01,
1,0,0.06,-10.03,-0.2,-0.01,-0.01,
1,0,0.06,-10.03,-0.2,-0.01,-0.01,
1,0,-0.02,-9.99,0,0,-0.01,
1,0,-0.02,-9.99,0,0,-0.01,
1,0,-0.02,-9.99,0,0,-0.01,
1,0,0.13,-9.99,-0.06,-0.01,-0.01,
1,0,0.13,-9.99,-0.06,0,-0.01,
1,0,0.13,-9.99,-0.06,0,-0.01,
1,0,-0.03,-10.02,-0.05,0,-0.01,
1,0,-0.03,-10.02,-0.05,0,-0.01,
1,0,-0.03,-10.02,-0.05,0,-0.01,
1,0,-0.02,-10.09,-0.12,-0.01,-0.01,
1,0,-0.02,-10.09,-0.12,0,-0.01,
1,0,-0.02,-10.09,-0.12,0,-0.01,
1,0,-0.03,-10.1,-0.05,-0.01,-0.01,
1,0,-0.03,-10.1,-0.05,0,-0.01,
1,0,-0.03,-10.1,-0.05,0,-0.01,
1,0,0.03,-9.89,-0.1,-0.01,-0.01,
1,0,0.03,-9.89,-0.1,0,-0.01,
1,0,0.03,-9.89,-0.1,0,-0.01,
1,0,0,-10.03,-0.18,0,-0.01,
1,0,0,-10.03,-0.18,0,0,
1,0,0,-10.03,-0.18,0,0,
1,0,-0.02,-10.09,-0.19,-0.01,-0.01,
1,0,-0.02,-10.09,-0.19,-0.01,-0.01,
1,0,-0.02,-10.09,-0.19,-0.01,-0.01,
1,0,0.15,-9.88,-0.08,0,0,
1,0,0.15,-9.88,-0.08,0,0,
1,0,0.15,-9.88,-0.08,-0.01,-0.01,
1,0,-0.05,-10.09,-0.13,0,-0.01,
1,0,-0.05,-10.09,-0.13,0,-0.01,
1,0,-0.05,-10.09,-0.13,-0.01,-0.01,
1,0,0.05,-10.18,-0.28,-0.01,-0.01,
1,0,0.05,-10.18,-0.28,-0.01,-0.01,
1,0,0.06,-9.97,-0.02,0,-0.01,
1,0,0.06,-9.97,-0.02,-0.01,-0.01,
1,0,0.06,-9.97,-0.02,-0.01,-0.01,
1,0,0.01,-9.98,-0.08,-0.01,-0.01,
1,0,0.01,-9.98,-0.08,-0.01,-0.01,
1,0,0.01,-9.98,-0.08,-0.01,-0.01,
1,0,0,-10.02,-0.03,-0.01,-0.01,
1,0,0,-10.02,-0.03,-0.01,-0.01,
1,0,0,-10.02,-0.03,-0.01,-0.01,
1,0,0.08,-10.11,-0.07,0,-0.01,
1,0,0.08,-10.11,-0.07,0.01,-0.01,
1,0,0.08,-10.11,-0.07,0.01,-0.01,
1,0,-0.01,-10.04,-0.11,-0.01,-0.01,
1,0,-0.01,-10.04,-0.11,-0.01,-0.01,
1,0,-0.01,-10.04,-0.11,-0.01,-0.01,
1,0,-0.08,-9.99,-0.06,-0.01,-0.01,
1,0,-0.08,-9.99,-0.06,0,-0.01,
1,0,-0.08,-9.99,-0.06,0,-0.01,
1,0,0.03,-10.05,-0.09,-0.01,-0.01,
1,0,0.03,-10.05,-0.09,0,-0.01,
1,0,-0.04,-10.06,-0.09,0,-0.01,
1,0,-0.04,-10.06,-0.09,0,-0.01,
1,0,-0.04,-10.06,-0.09,0,-0.01,
1,0,0,-10,-0.23,0,-0.01,
1,0,0,-10,-0.23,0,-0.01,
1,0,0,-10,-0.23,0,-0.01,
1,0,-0.08,-10,0.02,0,-0.01,
1,0,-0.08,-10,0.02,-0.01,-0.01,
1,0,-0.08,-10,0.02,0,-0.01,
1,0,0,-10.07,0,0,-0.01,
1,0,0,-10.07,0,-0.01,-0.01,
1,0,0,-10.07,0,0,-0.01,
1,0,-0.08,-10.01,-0.02,0,-0.01,
1,0,-0.08,-10.01,-0.02,0,-0.01,
1,0,-0.08,-10.01,-0.02,0,-0.01,
1,0,-0.05,-10.07,-0.07,0,-0.01,
1,0,-0.05,-10.07,-0.07,0,-0.01,
1,0,-0.06,-9.95,-0.01,-0.01,-0.01,
1,0,-0.06,-9.95,-0.01,-0.01,-0.01,
1,0,-0.06,-9.95,-0.01,0,-0.01,
1,0,-0.01,-10.07,-0.22,-0.01,-0.01,
1,0,-0.01,-10.07,-0.22,-0.01,-0.01,
1,0,-0.01,-10.07,-0.22,-0.01,-0.01,
1,0,-0.06,-10.03,-0.12,0,-0.01,
1,0,-0.06,-10.03,-0.12,0,-0.01,
1,0,-0.06,-10.03,-0.12,-0.01,-0.01,
1,0,0.02,-10.02,-0.12,-0.01,-0.01,
1,0,0.02,-10.02,-0.12,-0.01,-0.01,
1,0,0.02,-10.02,-0.12,-0.01,-0.01,
1,0,-0.02,-10.01,-0.04,-0.01,-0.01,
1,0,-0.02,-10.01,-0.04,-0.01,-0.01,
1,0,-0.02,-10.01,-0.04,0,-0.01,
1,0,0.05,-9.95,-0.1,-0.01,-0.01,
1,0,0.05,-9.95,-0.1,-0.01,-0.02,
1,0,0.05,-9.95,-0.1,-0.01,-0.02,
1,0,0,-10.02,-0.08,0,-0.01,
1,0,0,-10.02,-0.08,0,-0.01,
1,0,0,-10.02,-0.08,0,-0.01,
1,0,0.07,-10.06,-0.06,0,-0.01,
1,0,0.07,-10.06,-0.06,0,-0.01,
1,0,0.01,-10.06,-0.16,-0.01,-0.01,
1,0,0.01,-10.06,-0.16,0,-0.01,
1,0,0.01,-10.06,-0.16,0,-0.01,
1,0,-0.02,-9.98,-0.1,0,-0.01,
1,0,-0.02,-9.98,-0.1,0,-0.01,
1,0,-0.02,-9.98,-0.1,-0.01,-0.01,
1,0,0.05,-10.05,-0.2,-0.01,-0.01,
1,0,0.05,-10.05,-0.2,-0.01,-0.01,
1,0,0.05,-10.05,-0.2,0,-0.01,
1,0,0.01,-10.01,-0.11,0,-0.01,
1,0,0.01,-10.01,-0.11,-0.01,-0.01,
1,0,0.01,-10.01,-0.11,0,0,
1,0,-0.04,-10.01,-0.06,0,0,
1,0,-0.04,-10.01,-0.06,-0.01,-0.01,
1,0,-0.04,-10.01,-0.06,-0.01,-0.01,
1,0,0,-10.05,-0.11,-0.01,-0.01,
1,0,0,-10.05,-0.11,0,-0.01,
1,0,-0.01,-9.96,0,0,0,
1,0,-0.01,-9.96,0,0,0,
1,0,-0.01,-9.96,0,0,-0.01,
1,0,0.13,-10.1,-0.17,-0.01,0,
1,0,0.13,-10.1,-0.17,-0.01,0,
1,0,0.13,-10.1,-0.17,-0.01,-0.01,
1,0,-0.02,-10,-0.1,-0.01,-0.01,
1,0,-0.02,-10,-0.1,-0.01,-0.01,
1,0,-0.02,-10,-0.1,0,-0.01,
1,0,-0.11,-10.08,-0.1,0,-0.01,
1,0,-0.11,-10.08,-0.1,0,-0.01,
1,0,-0.11,-10.08,-0.1,0,-0.01,
1,0,-0.08,-10.03,-0.03,0,-0.01,
1,0,-0.08,-10.03,-0.03,-0.01,-0.01,
1,0,-0.08,-10.03,-0.03,0,-0.01,
1,0,0,-10.09,-0.2,0,-0.01,
1,0,0,-10.09,-0.2,-0.01,-0.01,
1,0,0,-10.09,-0.2,0,-0.01,
1,0,0.04,-9.99,-0.08,0,-0.01,
1,0,0.04,-9.99,-0.08,-0.01,-0.01,
1,0,0.04,-9.99,-0.08,0,-0.01,
1,0,0.04,-10.04,-0.03,0,-0.01,
1,0,0.04,-10.04,-0.03,0,-0.01,
1,0,0.04,-10.04,-0.03,0,0,
1,0,0,-10.05,-0.07,0,0,
1,0,0,-10.05,-0.07,-0.01,-0.01,
1,0,0.04,-10.01,-0.14,-0.01,-0.01,
1,0,0.04,-10.01,-0.14,-0.01,-0.01,
1,0,0.04,-10.01,-0.14,-0.01,-0.01,
1,0,-0.03,-10.08,-0.04,-0.01,-0.01,
1,0,-0.03,-10.08,-0.04,-0.01,-0.01,
1,0,-0.03,-10.08,-0.04,-0.01,-0.01,
1,0,-0.01,-9.99,0,-0.01,-0.01,
1,0,-0.01,-9.99,0,-0.01,-0.01,
1,0,-0.01,-9.99,0,0,-0.01,
1,0,-0.02,-10.04,-0.07,0,-0.01,
1,0,-0.02,-10.04,-0.07,0,-0.01,
1,0,-0.02,-10.04,-0.07,0,-0.01,
1,0,0,-10.03,-0.11,-0.01,-0.01,
1,0,0,-10.03,-0.11,-0.01,-0.01,
1,0,0.02,-10.06,-0.14,-0.01,-0.01,
1,0,0.02,-10.06,-0.14,0,0,
1,0,0.02,-10.06,-0.14,0,0,
1,0,-0.01,-9.99,-0.08,0,0,
1,0,-0.01,-9.99,-0.08,0,-0.01,
1,0,-0.01,-9.99,-0.08,-0.01,-0.01,
1,0,0.02,-10.02,-0.11,-0.01,-0.01,
1,0,0.02,-10.02,-0.11,0,-0.01,
1,0,0.02,-10.02,-0.11,-0.01,-0.01,
1,0,-0.02,-10.07,-0.07,-0.01,-0.01,
1,0,-0.02,-10.07,-0.07,-0.01,-0.01,
1,0,-0.02,-10.07,-0.07,-0.01,-0.01,
1,0,0,-9.99,-0.14,-0.01,-0.01,
1,0,0,-9.99,-0.14,0,-0.01,
1,0,0,-9.99,-0.14,-0.01,-0.01,
1,0,-0.04,-10,-0.11,-0.01,-0.01,
1,0,-0.04,-10,-0.11,0,-0.01,
1,0,-0.04,-10,-0.11,-0.01,-0.01,
1,0,0.01,-10.1,-0.07,-0.01,-0.01,
1,0,0.01,-10.1,-0.07,0,-0.01,
1,0,0.02,-10.08,-0.13,0,0,
1,0,0.02,-10.08,-0.13,0,0,
1,0,0.02,-10.08,-0.13,0,-0.01,
1,0,0,-10.01,-0.02,-0.01,-0.01,
1,0,0,-10.01,-0.02,-0.01,-0.01,
1,0,0,-10.01,-0.02,-0.01,-0.01,
1,0,-0.01,-10,-0.09,0,-0.01,
1,0,-0.01,-10,-0.09,0,-0.01,
1,0,-0.01,-10,-0.09,0,-0.01,
1,0,0.03,-10.01,-0.02,-0.01,-0.01,
1,0,0.03,-10.01,-0.02,-0.01,-0.01,
1,0,0.03,-10.01,-0.02,0,-0.01,
1,0,-0.06,-10.04,-0.08,-0.01,-0.01,
1,0,-0.06,-10.04,-0.08,-0.01,-0.01,
1,0,-0.06,-10.04,-0.08,0,-0.01,
1,0,-0.01,-10.02,-0.06,-0.01,-0.01,
1,0,-0.01,-10.02,-0.06,-0.01,-0.01,
1,0,-0.01,-10.02,-0.06,0,-0.01,
1,0,0.05,-10.08,-0.11,0,-0.01,
1,0,0.05,-10.08,-0.11,0,-0.01,
1,0,-0.02,-10,-0.11,0,-0.01,
1,0,-0.02,-10,-0.11,0,-0.01,
1,0,-0.02,-10,-0.11,0,-0.01,
1,0,0.03,-10.05,-0.11,-0.01,-0.01,
1,0,0.03,-10.05,-0.11,-0.01,-0.01,
1,0,0.03,-10.05,-0.11,-0.01,-0.01,
1,0,0.05,-10.17,0,0,-0.01,
1,0,0.05,-10.17,0,-0.01,-0.01,
1,0,0.05,-10.17,0,-0.01,-0.01,
1,0,0.01,-10.06,-0.03,-0.01,-0.01,
1,0,0.01,-10.06,-0.03,0,-0.01,
1,0,0.01,-10.06,-0.03,0,-0.01,
1,0,0.01,-9.9,-0.07,-0.01,0,
1,0,0.01,-9.9,-0.07,0,-0.01,
1,0,0.01,-9.9,-0.07,0,-0.01,
1,0,0,-10.12,-0.19,-0.01,-0.01,
1,0,0,-10.12,-0.19,0,-0.01,
1,0,0,-10.12,-0.19,0,-0.01,
1,0,0.02,-10.12,-0.01,-0.01,-0.01,
1,0,0.02,-10.12,-0.01,-0.01,-0.01,
1,0,0.02,-10.12,-0.01,-0.01,-0.01,
1,0,0.02,-10.14,-0.07,0,-0.01,
1,0,0.02,-10.14,-0.07,0,-0.01,
1,0,0.02,-10.14,-0.07,0,-0.01,
1,0,0.04,-9.93,-0.01,-0.01,-0.01,
1,0,0.04,-9.93,-0.01,-0.01,-0.01,
1,0,0.04,-9.93,-0.01,0,-0.01,
1,0,0.02,-10.05,-0.13,0,-0.01,
1,0,0.02,-10.05,-0.13,0,-0.01,
1,0,0.02,-10.05,-0.13,-0.01,-0.01,
1,0,0.01,-10.05,-0.19,-0.01,-0.01,
1,0,0.01,-10.05,-0.19,-0.01,-0.01,
1,0,0.01,-10.05,-0.19,-0.01,-0.01,
1,0,0,-9.99,-0.12,-0.01,-0.01,
1,0,0,-9.99,-0.12,-0.01,-0.01,
1,0,0,-9.99,-0.12,0,-0.01,
1,0,0,-9.97,-0.07,-0.01,-0.01,
1,0,0,-9.97,-0.07,-0.01,-0.01,
1,0,0.03,-10.03,-0.06,-0.01,-0.01,
1,0,0.03,-10.03,-0.06,-0.01,-0.01,
1,0,0.03,-10.03,-0.06,-0.01,-0.01,
1,0,-0.02,-9.95,-0.05,-0.01,-0.01,
1,0,-0.02,-9.95,-0.05,-0.01,-0.01,
1,0,-0.02,-9.95,-0.05,-0.01,-0.01,
1,0,0.05,-10.01,-0.06,0,-0.01,
1,0,0.05,-10.01,-0.06,0,-0.01,
1,0,0.05,-10.01,-0.06,0,-0.01,
1,0,0,-10.02,-0.05,-0.01,-0.01,
1,0,0,-10.02,-0.05,0,-0.01,
1,0,0,-10.02,-0.05,0,-0.01,
1,0,-0.01,-9.98,-0.09,-0.01,-0.01,
1,0,-0.01,-9.98,-0.09,0,-0.01,
1,0,-0.01,-9.98,-0.09,0,-0.01,
1,0,-0.04,-10.05,-0.13,0,-0.01,
1,0,-0.04,-10.05,-0.13,0,-0.01,
1,0,0.01,-10.04,-0.11,0,-0.01,
1,0,0.01,-10.04,-0.11,0,-0.01,
1,0,0.01,-10.04,-0.11,-0.01,-0.01,
1,0,-0.03,-10.04,-0.05,-0.01,-0.01,
1,0,-0.03,-10.04,-0.05,0,-0.01,
1,0,-0.03,-10.04,-0.05,-0.01,-0.01,
1,0,0.02,-10.07,-0.03,-0.01,-0.01,
1,0,0.02,-10.07,-0.03,-0.01,-0.01,
1,0,0.02,-10.07,-0.03,0,-0.01,
1,0,0,-9.97,-0.09,0,-0.01,
1,0,0,-9.97,-0.09,0,-0.01,
1,0,0,-9.97,-0.09,0,-0.01,
1,0,-0.05,-10.03,-0.08,0,-0.01,
1,0,-0.05,-10.03,-0.08,-0.01,-0.01,
1,0,-0.05,-10.03,-0.08,0,-0.01,
1,0,-0.05,-10.07,-0.11,0,-0.01,
1,0,-0.05,-10.07,-0.11,0,-0.01,
1,0,-0.05,-10.07,-0.11,-0.01,-0.01,
1,0,0.03,-10.02,-0.09,-0.01,-0.01,
1,0,0.03,-10.02,-0.09,-0.01,-0.01,
1,0,0.03,-9.97,-0.1,0,-0.01,
1,0,0.03,-9.97,-0.1,0,-0.01,
1,0,0.03,-9.97,-0.1,0,-0.01,
1,0,-0.05,-10.01,-0.09,0,0,
1,0,-0.05,-10.01,-0.09,0,0,
1,0,-0.05,-10.01,-0.09,0,0,
1,0,0.03,-10.04,-0.07,0,-0.01,
1,0,0.03,-10.04,-0.07,0,-0.01,
1,0,0.03,-10.04,-0.07,-0.01,-0.01,
1,0,-0.03,-9.97,-0.08,0,-0.01,
1,0,-0.03,-9.97,-0.08,0,-0.01,
1,0,-0.03,-9.97,-0.08,0,-0.01,
1,0,-0.01,-10.02,-0.12,0,-0.01,
1,0,-0.01,-10.02,-0.12,0,-0.01,
1,0,-0.01,-10.02,-0.12,0,-0.01,
1,0,-0.02,-10.04,-0.13,-0.01,-0.01,
1,0,-0.02,-10.04,-0.13,-0.01,-0.01,
1,0,-0.02,-10.04,-0.13,-0.01,-0.01,
1,0,0.01,-10.01,-0.11,-0.01,-0.01,
1,0,0.01,-10.01,-0.11,-0.01,-0.01,
1,0,0.03,-10.01,-0.12,0,-0.01,
1,0,0.03,-10.01,-0.12,0,-0.01,
1,0,0.03,-10.01,-0.12,0,-0.01,
1,0,0.02,-9.97,-0.11,-0.01,-0.01,
1,0,0.02,-9.97,-0.11,-0.01,-0.01,
1,0,0.02,-9.97,-0.11,-0.01,-0.01,
1,0,-0.09,-10.02,-0.05,0,-0.01,
1,0,-0.09,-10.02,-0.05,0,-0.01,
1,0,-0.09,-10.02,-0.05,0,-0.01,
1,0,0.04,-10.02,-0.11,0,-0.01,
1,0,0.04,-10.02,-0.11,-0.01,-0.01,
1,0,0.04,-10.02,-0.11,-0.01,-0.01,
1,0,0.04,-10.05,-0.11,-0.01,0,
1,0,0.04,-10.05,-0.11,0,-0.01,
1,0,0.04,-10.05,-0.11,0,-0.01,
1,0,-0.01,-10.08,-0.08,-0.01,-0.01,
1,0,-0.01,-10.08,-0.08,0,-0.01,
1,0,-0.01,-10.08,-0.08,0,-0.01,
1,0,-0.02,-10.03,-0.11,-0.01,-0.01,
1,0,-0.02,-10.03,-0.11,-0.01,-0.01,
1,0,-0.02,-10.03,-0.11,-0.01,-0.01,
1,0,0,-10.05,-0.13,-0.01,-0.01,
1,0,0,-10.05,-0.13,0,-0.01,
1,0,-0.05,-10.01,-0.06,0,-0.01,
1,0,-0.05,-10.01,-0.06,0,-0.01,
1,0,-0.05,-10.01,-0.06,0,-0.01,
1,0,0.01,-10.01,-0.09,0,-0.01,
1,0,0.01,-10.01,-0.09,-0.01,-0.01,
1,0,0.01,-10.01,-0.09,0,-0.01,
1,0,0.05,-10.01,-0.02,0,-0.01,
1,0,0.05,-10.01,-0.02,-0.01,-0.01,
1,0,0.05,-10.01,-0.02,-0.01,-0.01,
1,0,-0.01,-10,-0.1,-0.01,-0.01,
1,0,-0.01,-10,-0.1,0,-0.01,
1,0,-0.01,-10,-0.1,0,-0.01,
1,0,0.02,-10.02,-0.13,-0.01,-0.01,
1,0,0.02,-10.02,-0.13,0,-0.01,
1,0,0.02,-10.02,-0.13,0,-0.01,
1,0,0,-10.06,-0.19,0,0,
1,0,0,-10.06,-0.19,0,-0.01,
1,0,0,-10.06,-0.19,0,-0.01,
1,0,-0.01,-9.93,-0.06,0,-0.01,
1,0,-0.01,-9.93,-0.06,0,-0.01,
1,0,-0.01,-9.93,-0.06,0,-0.01,
1,0,0.02,-10.01,-0.07,-0.01,-0.01,
1,0,0.02,-10.01,-0.07,0,-0.01,
1,0,0.02,-10.01,-0.07,0,-0.01,
1,0,-0.02,-10.01,-0.12,0,-0.01,
1,0,-0.02,-10.01,-0.12,0,-0.01,
1,0,0.03,-9.99,-0.1,0,-0.01,
1,0,0.03,-9.99,-0.1,0,-0.01,
1,0,0.03,-9.99,-0.1,0,-0.01,
1,0,-0.01,-10.06,-0.07,0,0,
1,0,-0.01,-10.06,-0.07,0,0,
1,0,-0.01,-10.06,-0.07,-0.01,-0.01,
1,0,-0.01,-10.03,-0.1,-0.01,-0.01,
1,0,-0.01,-10.03,-0.1,-0.01,-0.01,
1,0,-0.01,-10.03,-0.1,-0.01,-0.01,
1,0,0.01,-10.04,-0.1,-0.01,-0.01,
1,0,0.01,-10.04,-0.1,-0.01,-0.01,
1,0,0.01,-10.04,-0.1,0,-0.01,
1,0,-0.04,-10.05,-0.07,-0.01,-0.01,
1,0,-0.04,-10.05,-0.07,-0.01,-0.01,
1,0,-0.04,-10.05,-0.07,-0.01,-0.01,
1,0,0.03,-10.03,-0.1,0,-0.01,
1,0,0.03,-10.03,-0.1,0,-0.01,
1,0,0,-10.03,-0.05,0,-0.01,
1,0,0,-10.03,-0.05,0,-0.01,
1,0,0,-10.03,-0.05,0,-0.01,
1,0,0.02,-10.06,-0.09,0,-0.02,
1,0,0.02,-10.06,-0.09,0,-0.01,
1,0,0.02,-10.06,-0.09,0,-0.01,
1,0,0.03,-10,-0.11,0,-0.01,
1,0,0.03,-10,-0.11,0,-0.01,
1,0,0.03,-10,-0.11,0,-0.01,
1,0,0.02,-9.98,-0.07,0,-0.01,
1,0,0.02,-9.98,-0.07,0,-0.01,
1,0,0.02,-9.98,-0.07,0,-0.01,
1,0,-0.01,-10.05,-0.13,0,-0.01,
1,0,-0.01,-10.05,-0.13,-0.01,0,
1,0,-0.01,-10.05,-0.13,-0.01,0,
1,0,0,-10.07,-0.11,0,-0.01,
1,0,0,-10.07,-0.11,0,-0.01,
1,0,0.02,-10.05,-0.08,0,-0.01,
1,0,0.02,-10.05,-0.08,-0.01,-0.01,
1,0,0.02,-10.05,-0.08,0,-0.01,
1,0,0.01,-10.01,-0.12,0,-0.01,
1,0,0.01,-10.01,-0.12,-0.01,-0.01,
1,0,0.01,-10.01,-0.12,-0.01,-0.01,
1,0,0.06,-10.02,-0.13,-0.01,-0.01,
1,0,0.06,-10.02,-0.13,0,-0.01,
1,0,0.06,-10.02,-0.13,0,-0.01,
1,0,-0.04,-9.96,-0.09,0,-0.01,
1,0,-0.04,-9.96,-0.09,-0.01,-0.01,
1,0,-0.04,-9.96,-0.09,0,-0.01,
1,0,0.02,-10.03,-0.09,0,-0.01,
1,0,0.02,-10.03,-0.09,0,-0.01,
1,0,0.02,-10.03,-0.09,-0.01,-0.01,
1,0,0.01,-10.09,-0.07,-0.01,-0.01,
1,0,0.01,-10.09,-0.07,0,-0.01,
1,0,0.01,-10.05,-0.06,0,-0.01,
1,0,0.01,-10.05,-0.06,0,-0.01,
1,0,0.01,-10.05,-0.06,0,-0.01,
1,0,-0.04,-10.09,-0.11,-0.01,-0.01,
1,0,-0.04,-10.09,-0.11,-0.01,-0.01,
1,0,-0.04,-10.09,-0.11,0,-0.01,
1,0,0.03,-10,-0.11,0,-0.01,
1,0,0.03,-10,-0.11,-0.01,0,
1,0,0.03,-10,-0.11,-0.01,0,
1,0,0.01,-10.01,-0.12,0,-0.01,
1,0,0.01,-10.01,-0.12,0,-0.01,
1,0,0.01,-10.01,-0.12,0,-0.01,
1,0,-0.08,-10.04,-0.05,0,-0.01,
1,0,-0.08,-10.04,-0.05,0,-0.01,
1,0,-0.08,-10.04,-0.05,0,-0.01,
1,0,-0.02,-10.08,-0.06,-0.01,-0.01,
1,0,-0.02,-10.08,-0.06,-0.01,-0.01,
1,0,-0.02,-10.08,-0.06,0,-0.01,
1,0,0.06,-9.99,-0.07,0,0,
1,0,0.06,-9.99,-0.07,0,0,
1,0,0.06,-9.99,-0.07,-0.01,-0.01,
1,0,-0.02,-10.02,-0.11,-0.01,-0.01,
1,0,-0.02,-10.02,-0.11,0,-0.01,
1,0,0.01,-10.07,-0.15,0,-0.01,
1,0,0.01,-10.07,-0.15,0,-0.01,
1,0,0.01,-10.07,-0.15,0,-0.01,
1,0,0.02,-10,-0.08,-0.01,-0.01,
1,0,0.02,-10,-0.08,0,-0.01,
1,0,0.02,-10,-0.08,0,-0.01,
1,0,0.04,-10.12,-0.1,0,-0.01,
1,0,0.04,-10.12,-0.1,-0.01,-0.01,
1,0,0.04,-10.12,-0.1,-0.01,-0.01,
1,0,-0.01,-10.03,-0.14,0,-0.01,
1,0,-0.01,-10.03,-0.14,0,-0.01,
1,0,-0.01,-10.03,-0.14,0,-0.01,
1,0,0.02,-10.07,-0.13,-0.01,-0.01,
1,0,0.02,-10.07,-0.13,0.01,-0.01,
1,0,0.02,-10.07,-0.13,0.01,-0.01,
1,0,-0.16,-4.98,-1.83,-0.02,0,
1,0,-0.16,-4.98,-1.83,-0.02,0.04,
1,0,-0.16,-4.98,-1.83,-0.02,0.04,
1,0,-0.92,-9.06,-1.32,-0.06,0.03,
1,0,-0.92,-9.06,-1.32,0.03,0.01,
1,0,-0.91,-9.51,-1.27,0.03,0.01,
1,0,-0.91,-9.51,-1.27,-0.02,-0.01,
1,0,-0.91,-9.51,-1.27,0,-0.02,
1,0,-0.33,-10.86,-1.15,0,-0.02,
1,0,-0.33,-10.86,-1.15,0.02,-0.01,
1,0,-0.33,-10.86,-1.15,-0.01,-0.01,
1,0,0.44,-10.99,-0.51,0.01,-0.01,
1,0,0.44,-10.99,-0.51,0.01,-0.01,
1,0,0.44,-10.99,-0.51,0,-0.01,
1,0,-0.42,-9.8,0.03,0,-0.01,
1,0,-0.42,-9.8,0.03,0,-0.01,
1,0,-0.42,-9.8,0.03,-0.02,0,
1,0,0.5,-10.46,-0.4,0,-0.01,
1,0,0.5,-10.46,-0.4,0,-0.01,
1,0,0.5,-10.46,-0.4,0,-0.01,
1,0,-0.4,-9.63,-0.08,0,-0.01,
1,0,-0.4,-9.63,-0.08,0,-0.01,
1,0,0.21,-9.6,-0.09,0,-0.01,
1,0,0.21,-9.6,-0.09,-0.01,-0.01,
1,0,0.21,-9.6,-0.09,-0.01,-0.01,
1,0,-0.22,-9.76,-0.21,0,-0.01,
1,0,-0.22,-9.76,-0.21,0,-0.01,
1,0,-0.22,-9.76,-0.21,0,-0.01,
1,0,-0.03,-9.93,-0.35,0,-0.01,
1,0,-0.03,-9.93,-0.35,-0.01,-0.01,
1,0,-0.03,-9.93,-0.35,-0.01,-0.01,
1,0,-0.14,-9.77,-0.14,0,-0.01,
1,0,-0.14,-9.77,-0.14,0,-0.01,
1,0,-0.14,-9.77,-0.14,0,-0.01,
1,0,0.14,-10.07,0,0,0,
1,0,0.14,-10.07,0,0,-0.01,
1,0,0.07,-5.07,-0.42,0,-0.01,
1,0,0.07,-5.07,-0.42,-0.01,0.02,
1,0,0.07,-5.07,-0.42,-0.05,0.02,
1,0,-0.27,-11.73,-1.33,0,-0.01,
1,0,-0.27,-11.73,-1.33,0,-0.01,
1,0,-0.27,-11.73,-1.33,-0.02,-0.01,
1,0,0.11,-8.42,-0.15,-0.01,0,
1,0,0.11,-8.42,-0.15,-0.01,0,
1,0,0.11,-8.42,-0.15,0.01,-0.01,
1,0,0.11,-10.05,-0.56,0.01,-0.02,
1,0,0.11,-10.05,-0.56,0.01,-0.02,
1,0,0.11,-10.05,-0.56,0,-0.02,
1,0,-0.07,-11.88,0.4,0,-0.01,
1,0,-0.07,-11.88,0.4,0,-0.01,
1,0,0.06,-11.14,-0.6,0,-0.01,
1,0,0.06,-11.14,-0.6,-0.01,0,
1,0,0.06,-11.14,-0.6,-0.01,0,
1,0,-0.29,-10.46,0.62,0.01,-0.02,
1,0,-0.29,-10.46,0.62,0,-0.01,
1,0,-0.29,-10.46,0.62,0,-0.01,
1,0,0.18,-10.61,0.11,-0.01,0,
1,0,0.18,-10.61,0.11,-0.02,-0.01,
1,0,0.18,-10.61,0.11,-0.02,-0.01,
1,0,-0.22,-9.82,-0.01,-0.01,-0.01,
1,0,-0.22,-9.82,-0.01,0,-0.01,
1,0,-0.22,-9.82,-0.01,0,-0.01,
1,0,-0.31,-10.76,-0.26,-0.01,-0.01,
1,0,-0.31,-10.76,-0.26,0,-0.01,
1,0,-0.25,-10.46,-0.37,-0.01,-0.01,
1,0,-0.25,-10.46,-0.37,-0.01,-0.01,
1,0,-0.25,-10.46,-0.37,-0.01,-0.01,
1,0,0.01,-9.87,0.08,0,-0.01,
1,0,0.01,-9.87,0.08,0,-0.01,
1,0,0.01,-9.87,0.08,-0.01,-0.01,
1,0,0.22,-10.15,0.01,-0.01,-0.01,
1,0,0.22,-10.15,0.01,-0.01,-0.01,
1,0,0.22,-10.15,0.01,0,-0.01,
1,0,-0.04,-9.86,-0.09,0,-0.01,
1,0,-0.04,-9.86,-0.09,0,-0.01,
1,0,-0.04,-9.86,-0.09,0,-0.02,
1,0,-0.02,-10.07,-0.09,0,-0.01,
1,0,-0.02,-10.07,-0.09,0,-0.01,
1,0,-0.02,-10.07,-0.09,-0.01,-0.02,
1,0,0.19,-10.09,0.03,0,-0.01,
1,0,0.19,-10.09,0.03,0,-0.01,
1,0,0.19,-10.09,0.03,0,-0.01,
1,0,-0.04,-9.97,-0.08,0,-0.01,
1,0,-0.04,-9.97,-0.08,0,-0.01,
1,0,-0.04,-9.97,-0.08,-0.01,-0.01,
1,0,-0.01,-10.1,-0.13,-0.01,-0.01,
1,0,-0.01,-10.1,-0.13,-0.01,-0.01,
1,0,-0.01,-10.1,-0.13,0,-0.01,
1,0,0.06,-10.08,-0.13,0,-0.01,
1,0,0.06,-10.08,-0.13,0,-0.01,
1,0,-0.04,-9.98,-0.08,-0.01,-0.01,
1,0,-0.04,-9.98,-0.08,-0.01,-0.01,
1,0,-0.04,-9.98,-0.08,-0.01,-0.01,
1,0,-0.01,-10.09,-0.12,-0.01,-0.01,
1,0,-0.01,-10.09,-0.12,-0.01,-0.01,
1,0,-0.01,-10.09,-0.12,0,0,
1,0,0.04,-10,-0.14,-0.01,-0.01,
1,0,0.04,-10,-0.14,-0.01,-0.01,
1,0,0.04,-10,-0.14,0,-0.01,
1,0,-0.04,-10.01,-0.08,0,-0.01,
1,0,-0.04,-10.01,-0.08,0,-0.01,
1,0,-0.04,-10.01,-0.08,0,-0.01,
1,0,0.12,-9.97,-0.11,0,-0.01,
1,0,0.12,-9.97,-0.11,0,-0.01,
1,0,0.12,-9.97,-0.11,0,-0.01,
1,0,0.02,-10.02,0.02,0,-0.01,
1,0,0.02,-10.02,0.02,0,-0.01,
1,0,0.02,-10.02,0.02,-0.01,-0.01,
1,0,-0.09,-10.05,-0.13,-0.01,-0.01,
1,0,-0.09,-10.05,-0.13,-0.01,-0.01,
1,0,0.11,-10.01,-0.1,-0.01,-0.01,
1,0,0.11,-10.01,-0.1,0,-0.01,
1,0,0.11,-10.01,-0.1,0,-0.01,
1,0,0.01,-9.96,-0.11,0,-0.01,
1,0,0.01,-9.96,-0.11,-0.01,0,
1,0,0.01,-9.96,-0.11,-0.01,0,
1,0,-0.06,-10.03,-0.12,0,-0.01,
1,0,-0.06,-10.03,-0.12,-0.01,-0.01,
1,0,-0.06,-10.03,-0.12,-0.01,-0.01,
1,0,0.06,-10.11,-0.11,0,-0.01,
1,0,0.06,-10.11,-0.11,0,-0.01,
1,0,0.06,-10.11,-0.11,-0.01,-0.01,
1,0,-0.03,-10.06,-0.1,-0.01,-0.01,
1,0,-0.03,-10.06,-0.1,-0.01,-0.01,
1,0,-0.03,-10.06,-0.1,0,-0.01,
1,0,-0.02,-10.09,-0.07,0,-0.01,
1,0,-0.02,-10.09,-0.07,0,-0.01,
1,0,0.07,-10,-0.06,-0.01,-0.01,
1,0,0.07,-10,-0.06,-0.01,-0.01,
1,0,0.07,-10,-0.06,0,-0.01,
1,0,-0.06,-10.03,-0.18,-0.01,-0.01,
1,0,-0.06,-10.03,-0.18,-0.01,-0.01,
1,0,-0.06,-10.03,-0.18,-0.01,-0.01,
1,0,-0.03,-9.98,-0.17,-0.01,-0.01,
1,0,-0.03,-9.98,-0.17,-0.01,-0.01,
1,0,-0.03,-9.98,-0.17,-0.01,-0.01,
1,0,0.04,-10.01,-0.05,0,-0.01,
1,0,0.04,-10.01,-0.05,0,-0.01,
1,0,0.04,-10.01,-0.05,0,-0.01,
1,0,0,-9.99,-0.05,-0.01,-0.01,
1,0,0,-9.99,-0.05,-0.01,-0.01,
1,0,0,-9.99,-0.05,0,-0.01,
1,0,-0.01,-10.03,-0.06,0,-0.01,
1,0,-0.01,-10.03,-0.06,0,-0.01,
1,0,0.01,-10.05,-0.14,-0.01,-0.01,
1,0,0.01,-10.05,-0.14,0,-0.01,
1,0,0.01,-10.05,-0.14,0,-0.01,
1,0,0,-10.02,-0.11,0,-0.01,
1,0,0,-10.02,-0.11,-0.01,-0.01,
1,0,0,-10.02,-0.11,-0.01,-0.01,
1,0,0.01,-10.05,-0.04,0,-0.01,
1,0,0.01,-10.05,-0.04,-0.01,-0.01,
1,0,0.01,-10.05,-0.04,-0.01,-0.01,
1,0,-0.07,-10.04,-0.14,-0.01,-0.01,
1,0,-0.07,-10.04,-0.14,0,-0.01,
1,0,-0.07,-10.04,-0.14,-0.01,-0.01,
1,0,-0.04,-9.95,-0.15,-0.01,-0.01,
1,0,-0.04,-9.95,-0.15,-0.01,-0.01,
1,0,-0.02,-10,-0.09,-0.01,-0.01,
1,0,-0.02,-10,-0.09,-0.01,-0.01,
1,0,-0.02,-10,-0.09,-0.01,-0.01,
1,0,-0.04,-10.06,-0.11,0,-0.01,
1,0,-0.04,-10.06,-0.11,0,-0.01,
1,0,-0.04,-10.06,-0.11,-0.01,-0.01,
1,0,0.02,-10.02,-0.09,0,-0.01,
1,0,0.02,-10.02,-0.09,0,-0.01,
1,0,0.02,-10.02,-0.09,0,-0.01,
1,0,0.05,-9.97,-0.08,-0.01,-0.01,
1,0,0.05,-9.97,-0.08,-0.01,-0.01,
1,0,0.05,-9.97,-0.08,-0.01,-0.01,
1,0,-0.04,-10.01,-0.11,0,-0.01,
1,0,-0.04,-10.01,-0.11,0,-0.01,
1,0,-0.04,-10.01,-0.11,0,-0.01,
1,0,-0.03,-10.03,-0.08,0,-0.01,
1,0,-0.03,-10.03,-0.08,0,-0.01,
1,0,0.02,-10.03,-0.11,0,-0.01,
1,0,0.02,-10.03,-0.11,-0.01,-0.01,
1,0,0.02,-10.03,-0.11,-0.01,-0.01,
1,0,0.01,-10,-0.09,-0.01,-0.01,
1,0,0.01,-10,-0.09,0,-0.01,
1,0,0.01,-10,-0.09,0,-0.01,
1,0,-0.05,-10.05,-0.11,0,-0.01,
1,0,-0.05,-10.05,-0.11,0,-0.01,
1,0,-0.05,-10.05,-0.11,0,-0.01,
1,0,-0.01,-10.06,-0.11,0,-0.01,
1,0,-0.01,-10.06,-0.11,-0.01,-0.01,
1,0,-0.01,-10.06,-0.11,-0.01,-0.01,
1,0,0.04,-10.03,-0.14,-0.01,-0.01,
1,0,0.04,-10.03,-0.14,0,-0.01,
1,0,0.04,-10.03,-0.14,0,-0.01,
1,0,0.03,-10.01,-0.06,-0.01,-0.01,
1,0,0.03,-10.01,-0.06,0,-0.01,
1,0,0.03,-10.01,-0.06,0,-0.01,
1,0,-0.02,-10.03,-0.14,0,-0.01,
1,0,-0.02,-10.03,-0.14,-0.01,-0.01,
1,0,-0.02,-10.03,-0.14,-0.01,-0.01,
1,0,-0.02,-10.04,-0.11,-0.01,-0.01,
1,0,-0.02,-10.04,-0.11,0,-0.01,
1,0,0.07,-9.98,-0.09,0,-0.01,
1,0,0.07,-9.98,-0.09,0,-0.01,
1,0,0.07,-9.98,-0.09,0,-0.01,
1,0,-0.01,-10.02,-0.04,0,-0.01,
1,0,-0.01,-10.02,-0.04,-0.01,-0.01,
1,0,-0.01,-10.02,-0.04,-0.01,-0.01,
1,0,0,-10.01,-0.1,-0.01,-0.01,
1,0,0,-10.01,-0.1,0,-0.01,
1,0,0,-10.01,-0.1,0,-0.01,
1,0,0.01,-10.05,-0.14,0,-0.01,
1,0,0.01,-10.05,-0.14,0,-0.01,
1,0,0.01,-10.05,-0.14,0,-0.01,
1,0,-0.02,-10.09,-0.11,0,-0.01,
1,0,-0.02,-10.09,-0.11,0,-0.01,
1,0,-0.02,-10.09,-0.11,0,-0.01,
1,0,0.02,-10.01,-0.02,0,-0.01,
1,0,0.02,-10.01,-0.02,0,0,
1,0,0.02,-10.01,-0.02,0,-0.01,
1,0,-0.04,-10.07,-0.11,0,-0.01,
1,0,-0.04,-10.07,-0.11,0,-0.01,
1,0,0.04,-9.96,-0.12,-0.01,-0.01,
1,0,0.04,-9.96,-0.12,-0.01,-0.01,
1,0,0.04,-9.96,-0.12,0,-0.01,
1,0,-0.04,-10.02,-0.1,0,-0.01,
1,0,-0.04,-10.02,-0.1,0,-0.01,
1,0,-0.04,-10.02,-0.1,0,-0.01,
1,0,0,-10,-0.03,0,-0.01,
1,0,0,-10,-0.03,0,-0.01,
1,0,0,-10,-0.03,-0.01,-0.01,
1,0,0.08,-10.06,-0.11,-0.01,0,
1,0,0.08,-10.06,-0.11,-0.01,0,
1,0,0.08,-10.06,-0.11,0,-0.01,
1,0,0.04,-10.01,-0.1,0,-0.01,
1,0,0.04,-10.01,-0.1,0,-0.01,
1,0,0.04,-10.01,-0.1,0,-0.01,
1,0,0.03,-10.02,-0.05,0,-0.01,
1,0,0.03,-10.02,-0.05,0,-0.01,
1,0,0.02,-10.01,-0.06,-0.01,-0.01,
1,0,0.02,-10.01,-0.06,-0.01,-0.01,
1,0,0.02,-10.01,-0.06,-0.01,-0.01,
1,0,0,-10.03,-0.16,-0.01,-0.01,
1,0,0,-10.03,-0.16,0,-0.01,
1,0,0,-10.03,-0.16,0,-0.01,
1,0,0,-10.01,-0.09,0,-0.01,
1,0,0,-10.01,-0.09,-0.01,-0.01,
1,0,0,-10.01,-0.09,-0.01,-0.01,
1,0,0,-10.02,-0.1,0,0,
1,0,0,-10.02,-0.1,-0.01,-0.01,
1,0,0,-10.02,-0.1,-0.01,-0.01,
1,0,0.01,-10.02,-0.07,-0.01,-0.01,
1,0,0.01,-10.02,-0.07,0,-0.01,
1,0,0.01,-10.02,-0.07,0,-0.01,
1,0,0.02,-10.04,-0.17,0,-0.01,
1,0,0.02,-10.04,-0.17,-0.01,-0.01,
1,0,0.03,-10.07,-0.09,0,0,
1,0,0.03,-10.07,-0.09,0,0,
1,0,0.03,-10.07,-0.09,-0.01,-0.01,
1,0,-0.01,-10.02,-0.02,0,-0.01,
1,0,-0.01,-10.02,-0.02,0,-0.01,
1,0,-0.01,-10.02,-0.02,0,-0.01,
1,0,0,-9.95,-0.06,0,-0.01,
1,0,0,-9.95,-0.06,0,-0.01,
1,0,0,-9.95,-0.06,-0.01,-0.01,
1,0,0.02,-10.05,-0.12,-0.01,-0.01,
1,0,0.02,-10.05,-0.12,-0.01,-0.01,
1,0,0.02,-10.05,-0.12,0,-0.01,
1,0,0.02,-10.02,-0.1,0,-0.01,
1,0,0.02,-10.02,-0.1,0,-0.01,
1,0,0.02,-10.02,-0.1,0,-0.01,
1,0,-0.01,-10.06,-0.03,0,-0.01,
1,0,-0.01,-10.06,-0.03,-0.01,0,
1,0,-0.01,-10.06,-0.03,-0.01,-0.01,
1,0,0.02,-10.04,-0.12,-0.01,-0.01,
1,0,0.02,-10.04,-0.12,0,-0.01,
1,0,0.02,-10.04,-0.12,0,-0.01,
1,0,0.05,-9.99,-0.1,0,-0.01,
1,0,0.05,-9.99,-0.1,0,-0.01,
1,0,0.05,-9.99,-0.1,-0.01,-0.01,
1,0,0.02,-9.98,-0.07,-0.01,-0.01,
1,0,0.02,-9.98,-0.07,0,-0.01,
1,0,-0.05,-10.02,-0.09,0,-0.02,
1,0,-0.05,-10.02,-0.09,0,-0.02,
1,0,-0.05,-10.02,-0.09,-0.01,-0.01,
1,0,0,-9.99,-0.06,0,-0.01,
1,0,0,-9.99,-0.06,0,-0.01,
1,0,0,-9.99,-0.06,0,-0.01,
1,0,0,-10.01,-0.1,-0.01,-0.01,
1,0,0,-10.01,-0.1,-0.01,-0.01,
1,0,0,-10.01,-0.1,0,-0.01,
1,0,0,-10,-0.12,0,-0.01,
1,0,0,-10,-0.12,0,-0.01,
1,0,0,-10,-0.12,0,-0.01,
1,0,0.02,-10.05,-0.03,-0.01,-0.01,
1,0,0.02,-10.05,-0.03,-0.01,-0.01,
1,0,0.02,-10.05,-0.03,-0.01,-0.01,
1,0,0,-10.05,-0.1,-0.01,-0.01,
1,0,0,-10.05,-0.1,-0.01,-0.01,
1,0,0,-10.05,-0.1,0,-0.01,
1,0,-0.05,-10.05,-0.07,0,-0.01,
1,0,-0.05,-10.05,-0.07,0,-0.01,
1,0,-0.05,-10.05,-0.07,-0.01,-0.01,
1,0,0.02,-10.06,-0.07,0,-0.01,
1,0,0.02,-10.06,-0.07,0,-0.01,
1,0,0,-10.06,-0.17,0,-0.01,
1,0,0,-10.06,-0.17,-0.01,-0.01,
1,0,0,-10.06,-0.17,-0.01,-0.01,
1,0,-0.05,-10.05,-0.02,0,-0.01,
1,0,-0.03,-10.04,-0.04,0,-0.01,
1,0,0,-10.05,-0.09,0,-0.01,
1,0,0,-10.05,-0.09,0,-0.01,
1,0,-0.04,-10.07,-0.11,-0.01,-0.01,
1,0,-0.04,-10.07,-0.11,-0.01,-0.01,
1,0,-0.04,-10.07,-0.11,0,-0.01,
1,0,0,-10.1,-0.04,0,-0.01,
1,0,0,-10.1,-0.04,0,-0.01,
1,0,0,-10.1,-0.04,-0.01,-0.01,
1,0,-0.02,-9.96,-0.03,0,-0.01,
1,0,-0.02,-9.96,-0.03,0,-0.01,
1,0,-0.02,-9.96,-0.03,-0.01,-0.01,
1,0,0,-10.09,-0.11,-0.01,-0.01,
1,0,0,-10.09,-0.11,-0.01,-0.01,
1,0,0,-10.09,-0.11,-0.01,-0.01,
1,0,-0.02,-10.03,-0.1,0,-0.01,
1,0,-0.02,-10.03,-0.1,0,-0.01,
1,0,-0.02,-10.03,-0.1,0,-0.01,
1,0,-0.01,-9.99,-0.07,0,-0.01,
1,0,-0.01,-9.99,-0.07,0,-0.01,
1,0,-0.01,-9.99,-0.07,0,-0.01,
1,0,0.01,-10.01,-0.03,0,-0.01,
1,0,0.01,-10.01,-0.03,0,-0.01,
1,0,0.06,-10.02,-0.11,-0.01,-0.01,
1,0,0.06,-10.02,-0.11,-0.01,-0.01,
1,0,0.06,-10.02,-0.11,-0.01,-0.01,
1,0,0,-10.03,-0.11,0,-0.01,
1,0,0,-10.03,-0.11,0,-0.01,
1,0,0,-10.03,-0.11,0,-0.01,
1,0,0.01,-10.05,-0.07,0,-0.01,
1,0,0.01,-10.05,-0.07,-0.01,-0.01,
1,0,0.01,-10.05,-0.07,-0.01,-0.01,
1,0,0.05,-9.98,-0.06,0,-0.01,
1,0,0.05,-9.98,-0.06,0,-0.01,
1,0,0.05,-9.98,-0.06,0,-0.01,
1,0,-0.05,-9.97,-0.12,0,-0.01,
1,0,-0.05,-9.97,-0.12,-0.01,-0.01,
1,0,-0.05,-9.97,-0.12,-0.01,-0.01,
1,0,0.01,-10.06,-0.16,-0.01,-0.01,
1,0,0.01,-10.06,-0.16,0,-0.01,
1,0,0.01,-10.06,-0.16,0,-0.01,
1,0,0,-10.07,-0.12,-0.01,-0.01,
1,0,0,-10.07,-0.12,-0.01,-0.01,
1,0,-0.01,-10.06,-0.11,-0.01,-0.01,
1,0,-0.01,-10.06,-0.11,0,-0.01,
1,0,-0.01,-10.06,-0.11,-0.01,-0.01,
1,0,0.02,-10.04,-0.08,-0.01,-0.01,
1,0,0.02,-10.04,-0.08,-0.01,-0.01,
1,0,0.02,-10.04,-0.08,-0.01,-0.01,
1,0,-0.01,-9.95,-0.14,-0.01,-0.01,
1,0,-0.01,-9.95,-0.14,-0.01,-0.01,
1,0,-0.01,-9.95,-0.14,0,-0.01,
1,0,-0.02,-10.05,-0.04,0,-0.01,
1,0,-0.02,-10.05,-0.04,-0.01,-0.01,
1,0,-0.02,-10.05,-0.04,-0.01,-0.01,
1,0,-0.01,-10.02,-0.07,-0.01,-0.01,
1,0,-0.01,-10.02,-0.07,-0.01,-0.01,
1,0,-0.01,-10.02,-0.07,0,-0.01,
1,0,0.06,-10.06,-0.08,0,-0.01,
1,0,0.06,-10.06,-0.08,-0.01,-0.01,
1,0,0.06,-10.06,-0.08,-0.01,-0.01,
1,0,0.03,-10.05,-0.14,-0.01,-0.01,
1,0,0.03,-10.05,-0.14,0,-0.01,
1,0,0.03,-10.05,-0.14,0,-0.01,
1,0,0.02,-10.01,-0.07,0,-0.01,
1,0,0.02,-10.01,-0.07,0,-0.01,
1,0,0.02,-10.01,-0.07,-0.01,-0.01,
1,0,0.03,-10.04,-0.09,-0.01,-0.01,
1,0,0.03,-10.04,-0.09,0,-0.01,
1,0,0.08,-10.03,-0.11,-0.01,-0.01,
1,0,0.08,-10.03,-0.11,-0.01,-0.01,
1,0,0.08,-10.03,-0.11,-0.01,-0.01,
1,0,0.02,-10.04,-0.1,-0.01,-0.01,
1,0,0.02,-10.04,-0.1,-0.01,-0.01,
1,0,0.02,-10.04,-0.1,0,-0.01,
1,0,0,-9.99,-0.08,0,-0.01,
1,0,0,-9.99,-0.08,-0.01,-0.01,
1,0,0,-9.99,-0.08,0,-0.01,
1,0,0.01,-9.92,-0.11,0,-0.01,
1,0,0.01,-9.92,-0.11,-0.01,-0.01,
1,0,0.01,-9.92,-0.11,-0.01,-0.01,
1,0,0.03,-10.01,-0.11,-0.01,-0.01,
1,0,0.03,-10.01,-0.11,-0.01,-0.01,
1,0,0.03,-10.01,-0.11,-0.01,-0.01,
1,0,-0.05,-10.02,-0.11,-0.01,-0.01,
1,0,-0.05,-10.02,-0.11,0,-0.01,
1,0,-0.05,-10.02,-0.11,-0.01,-0.01,
1,0,0.01,-10.01,-0.1,-0.01,-0.01,
1,0,0.01,-10.01,-0.1,-0.01,-0.01,
1,0,0.01,-10.01,-0.1,-0.01,-0.01,
1,0,0.02,-10.09,-0.11,-0.01,-0.01,
1,0,0.02,-10.09,-0.11,-0.01,-0.01,
1,0,0.03,-10.03,-0.12,0,-0.01,
1,0,0.03,-10.03,-0.12,-0.01,-0.01,
1,0,0.03,-10.03,-0.12,-0.01,-0.01,
1,0,0.03,-9.96,-0.12,0,-0.01,
1,0,0.03,-9.96,-0.12,-0.01,-0.01,
1,0,0.03,-9.96,-0.12,-0.01,-0.01,
1,0,0,-10.02,-0.11,-0.01,-0.01,
1,0,0,-10.02,-0.11,0,-0.01,
1,0,0,-10.02,-0.11,0,-0.01,
1,0,0,-10.01,-0.05,0,-0.01,
1,0,0,-10.01,-0.05,0,-0.01,
1,0,0,-10.01,-0.05,0,-0.01,
1,0,-0.01,-10.04,-0.08,-0.01,-0.01,
1,0,-0.01,-10.04,-0.08,-0.01,-0.01,
1,0,-0.04,-10.04,-0.08,-0.01,-0.01,
1,0,-0.04,-10.04,-0.08,-0.01,-0.01,
1,0,-0.04,-10.04,-0.08,-0.01,-0.01,
1,0,0.02,-10.06,-0.1,-0.01,-0.01,
1,0,0.02,-10.06,-0.1,0,-0.01,
1,0,0.02,-10.06,-0.1,-0.01,-0.01,
1,0,0,-10.01,-0.11,-0.01,-0.01,
1,0,0,-10.01,-0.11,-0.01,-0.01,
1,0,0,-10.01,-0.11,0,-0.01,
1,0,0.06,-10.05,-0.1,0,-0.01,
1,0,0.06,-10.05,-0.1,-0.01,-0.01,
1,0,0.06,-10.05,-0.1,-0.01,-0.01,
1,0,-0.04,-10,-0.06,0,-0.01,
1,0,-0.04,-10,-0.06,0,-0.01,
1,0,-0.05,-10.03,-0.09,0,-0.01,
1,0,-0.05,-10.03,-0.09,-0.01,-0.01,
1,0,-0.05,-10.03,-0.09,-0.01,-0.01,
1,0,-0.02,-10.04,-0.03,-0.01,-0.01,
1,0,-0.02,-10.04,-0.03,0,-0.01,
1,0,-0.02,-10.04,-0.03,0,-0.01,
1,0,0,-10.02,-0.11,0,-0.01,
1,0,0,-10.02,-0.11,-0.01,-0.01,
1,0,0,-10.02,-0.11,-0.01,-0.01,
1,0,-0.01,-10.01,-0.1,-0.01,-0.01,
1,0,-0.01,-10.01,-0.1,0,-0.01,
1,0,-0.01,-10.01,-0.1,0,-0.01,
1,0,0.02,-10.04,-0.13,-0.01,-0.01,
1,0,0.02,-10.04,-0.13,0,-0.01,
1,0,0.02,-10.04,-0.13,0,-0.01,
1,0,0.07,-10,-0.07,0,-0.01,
1,0,0.07,-10,-0.07,0,-0.01,
1,0,-0.08,-10.05,-0.12,0,-0.01,
1,0,-0.08,-10.05,-0.12,0,-0.01,
1,0,-0.08,-10.05,-0.12,0,-0.01,
1,0,0,-10.03,-0.15,0,-0.01,
1,0,0,-10.03,-0.15,-0.01,-0.01,
1,0,0,-10.03,-0.15,0,-0.01,
1,0,0.02,-10.02,-0.08,0,-0.01,
1,0,0.02,-10.02,-0.08,-0.01,-0.01,
1,0,0.02,-10.02,-0.08,-0.01,-0.01,
1,0,-0.04,-10.03,-0.1,-0.01,-0.01,
1,0,-0.04,-10.03,-0.1,-0.01,-0.01,
1,0,-0.04,-10.03,-0.1,0,-0.01,
1,0,0,-10.04,-0.09,0,-0.01,
1,0,0,-10.04,-0.09,-0.01,-0.01,
1,0,0,-10.04,-0.09,0,-0.01,
1,0,0.04,-10.07,-0.1,0,-0.01,
1,0,0.04,-10.07,-0.1,0,-0.01,
1,0,0.03,-9.98,-0.11,-0.01,-0.01,
1,0,0.03,-9.98,-0.11,-0.01,-0.01,
1,0,0.03,-9.98,-0.11,-0.01,-0.01,
1,0,0.03,-9.99,-0.09,-0.01,-0.01,
1,0,0.03,-9.99,-0.09,0,-0.01,
1,0,0.03,-9.99,-0.09,0,-0.01,
1,0,0,-10.07,-0.1,0,-0.01,
1,0,0,-10.07,-0.1,0,-0.01,
1,0,0,-10.07,-0.1,0,-0.01,
1,0,0.02,-10,-0.03,-0.01,-0.01,
1,0,0.02,-10,-0.03,-0.01,-0.01,
1,0,0.02,-10,-0.03,-0.01,-0.01,
1,0,0.01,-10.02,-0.05,-0.01,-0.01,
1,0,0.01,-10.02,-0.05,0,-0.01,
1,0,0.01,-10.02,-0.05,0,-0.01,
1,0,0.02,-10.01,-0.11,-0.01,-0.01,
1,0,0.02,-10.01,-0.11,-0.01,-0.01,
1,0,0.02,-10.01,-0.11,-0.01,-0.01,
1,0,-0.07,-10.02,-0.08,0,-0.01,
1,0,-0.07,-10.02,-0.08,0,-0.01,
1,0,-0.07,-10.02,-0.08,0,-0.01,
1,0,0.06,-10.06,-0.01,-0.01,-0.01,
1,0,0.06,-10.06,-0.01,-0.01,-0.01,
1,0,0.06,-10.06,-0.01,-0.01,-0.01,
1,0,0.04,-10.05,-0.11,-0.01,0,
1,0,0.04,-10.05,-0.11,-0.01,0,
1,0,0.04,-10.09,-0.13,-0.01,-0.01,
1,0,0.04,-10.09,-0.13,-0.01,-0.01,
1,0,0.04,-10.09,-0.13,-0.01,-0.01,
1,0,-0.01,-10.03,-0.11,0,-0.01,
1,0,-0.01,-10.03,-0.11,0,-0.01,
1,0,-0.01,-10.03,-0.11,0,-0.01,
1,0,0,-10.04,-0.02,0,-0.01,
1,0,0,-10.04,-0.02,-0.01,0,
1,0,0,-10.04,-0.02,-0.01,0,
1,0,0,-10.05,-0.13,0,-0.01,
1,0,0,-10.05,-0.13,0,-0.01,
1,0,0,-10.05,-0.13,0,-0.01,
1,0,-0.03,-10.02,-0.12,0,-0.01,
1,0,-0.03,-10.02,-0.12,0,-0.01,
1,0,-0.03,-10.02,-0.12,0,-0.01,
1,0,-0.04,-10.06,-0.03,0,-0.01,
1,0,-0.04,-10.06,-0.03,0,-0.01,
1,0,0,-9.98,-0.05,-0.01,-0.01,
1,0,0,-9.98,-0.05,-0.01,-0.01,
1,0,0,-9.98,-0.05,0,-0.01,
1,0,0.01,-10.06,-0.11,-0.01,-0.01,
1,0,0.01,-10.06,-0.11,-0.01,-0.01,
1,0,0.01,-10.06,-0.11,0,-0.01,
1,0,0.03,-10.02,-0.15,-0.01,-0.01,
1,0,0.03,-10.02,-0.15,-0.01,-0.01,
1,0,0.03,-10.02,-0.15,0,-0.01,
1,0,0.01,-10.01,-0.13,-0.01,-0.01,
1,0,0.01,-10.01,-0.13,-0.01,-0.01,
1,0,0.01,-10.01,-0.13,0,-0.01,
1,0,0.02,-10.09,-0.09,0,-0.01,
1,0,0.02,-10.09,-0.09,0,-0.01,
1,0,0.02,-10.09,-0.09,0,-0.01,
1,0,0,-10.05,-0.11,0,-0.01,
1,0,0,-10.05,-0.11,0,-0.01,
1,0,0,-10,-0.09,-0.01,-0.01,
1,0,0,-10,-0.09,-0.01,-0.01,
1,0,0,-10,-0.09,-0.01,-0.01,
1,0,0.03,-10.07,-0.05,0,-0.01,
1,0,0.03,-10.07,-0.05,-0.01,-0.01,
1,0,0.03,-10.07,-0.05,-0.01,-0.01,
1,0,-0.04,-10.1,-0.13,0,-0.01,
1,0,-0.04,-10.1,-0.13,0,-0.01,
1,0,-0.04,-10.1,-0.13,0,-0.01,
1,0,-0.06,-10.02,-0.1,-0.01,-0.01,
1,0,-0.06,-10.02,-0.1,0,-0.01,
1,0,-0.06,-10.02,-0.1,0,-0.01,
1,0,0.03,-9.97,0.02,0,-0.01,
1,0,0.03,-9.97,0.02,-0.01,-0.01,
1,0,0.03,-9.97,0.02,-0.01,-0.01,
1,0,-0.04,-9.97,-0.07,-0.01,0,
1,0,-0.04,-9.97,-0.07,-0.01,-0.01,
1,0,-0.04,-9.97,-0.07,-0.01,-0.01,
1,0,-0.05,-10.13,-0.14,0,-0.01,
1,0,-0.05,-10.13,-0.14,0,-0.01,
1,0,0,-9.97,-0.06,0,-0.01,
1,0,0,-9.97,-0.06,0,-0.01,
1,0,0,-9.97,-0.06,0,-0.01,
1,0,0,-10,-0.07,0,-0.01,
1,0,0,-10,-0.07,0,-0.01,
1,0,0,-10,-0.07,-0.01,-0.01,
1,0,0,-9.98,-0.08,-0.01,-0.01,
1,0,0,-9.98,-0.08,-0.01,-0.01,
1,0,0,-9.98,-0.08,-0.01,-0.01,
1,0,-0.05,-10.08,-0.14,-0.01,-0.01,
1,0,-0.05,-10.08,-0.14,0,-0.01,
1,0,-0.05,-10.08,-0.14,0,-0.01,
1,0,0,-10.02,-0.17,0,-0.01,
1,0,0,-10.02,-0.17,-0.01,-0.01,
1,0,-0.01,-10.05,-0.04,0,-0.01,
1,0,-0.01,-10.05,-0.04,0,-0.01,
1,0,-0.01,-10.05,-0.04,-0.01,-0.01,
1,0,-0.03,-10.02,-0.07,0,-0.01,
1,0,-0.03,-10.02,-0.07,0,-0.01,
1,0,-0.03,-10.02,-0.07,0,-0.01,
1,0,-0.01,-10.03,-0.11,-0.01,-0.01,
1,0,-0.01,-10.03,-0.11,-0.01,-0.01,
1,0,-0.01,-10.03,-0.11,0,-0.01,
1,0,0,-10.07,-0.18,-0.01,-0.01,
1,0,0,-10.07,-0.18,-0.01,-0.01,
1,0,0,-10.07,-0.18,-0.01,-0.01,
1,0,0,-9.98,-0.05,0,-0.01,
1,0,0,-9.98,-0.05,0,-0.01,
1,0,0,-9.98,-0.05,0,-0.01,
1,0,0,-10.04,-0.06,-0.01,0,
1,0,0,-10.04,-0.06,-0.01,0,
1,0,0,-10.04,-0.06,-0.01,-0.01,
1,0,-0.01,-9.96,-0.1,-0.01,-0.01,
1,0,-0.01,-9.96,-0.1,-0.01,-0.01,
1,0,-0.01,-9.96,-0.1,-0.01,-0.01,
1,0,0.04,-10.09,-0.13,-0.01,-0.01,
1,0,0.04,-10.09,-0.13,-0.01,-0.01,
1,0,0.04,-10.09,-0.13,0,-0.01,
1,0,-0.01,-10,-0.08,0,-0.01,
1,0,-0.01,-10,-0.08,-0.01,-0.01,
1,0,-0.01,-10,-0.08,-0.01,-0.01,
1,0,0.03,-10.01,-0.07,-0.01,-0.01,
1,0,0.03,-10.01,-0.07,-0.01,-0.01,
1,0,0.03,-10.01,-0.07,0,-0.01,
1,0,0.02,-10.01,-0.13,0,-0.01,
1,0,0.02,-10.01,-0.13,0,0,
1,0,0.01,-9.98,-0.11,0,-0.01,
1,0,0.01,-9.98,-0.11,0,-0.01,
1,0,0.01,-9.98,-0.11,0,-0.01,
1,0,0.09,-10.03,-0.12,0,-0.01,
1,0,0.09,-10.03,-0.12,0,-0.01,
1,0,0.09,-10.03,-0.12,0,-0.01,
1,0,0.06,-9.98,-0.07,-0.01,-0.01,
1,0,0.06,-9.98,-0.07,0,-0.01,
1,0,0.06,-9.98,-0.07,0,-0.01,
1,0,-0.05,-9.99,-0.02,-0.01,-0.01,
1,0,-0.05,-9.99,-0.02,-0.01,-0.01,
1,0,-0.05,-9.99,-0.02,-0.01,-0.01,
1,0,-0.04,-10.04,-0.11,0,0,
1,0,-0.04,-10.04,-0.11,0,-0.01,
1,0,-0.04,-10.04,-0.11,0,-0.01,
1,0,0,-9.96,-0.1,0,-0.01,
1,0,0,-9.96,-0.1,0,-0.01,
1,0,0.02,-10.05,-0.08,0,-0.01,
1,0,0.02,-10.05,-0.08,-0.01,-0.01,
1,0,0.02,-10.05,-0.08,0,-0.01,
1,0,0,-10.01,-0.09,0,-0.01,
1,0,0,-10.01,-0.09,-0.01,0,
1,0,0,-10.01,-0.09,0,-0.01,
1,0,0,-10.06,-0.11,0,-0.01,
1,0,0,-10.06,-0.11,0,-0.01,
1,0,0,-10.06,-0.11,0,-0.01,
1,0,0,-10.06,-0.08,0,-0.01,
1,0,0,-10.06,-0.08,-0.01,-0.01,
1,0,0,-10.06,-0.08,0,-0.01,
1,0,-0.02,-10.02,-0.05,-0.01,-0.01,
1,0,-0.02,-10.02,-0.05,-0.01,-0.01,
1,0,-0.02,-10.03,-0.11,0,-0.01,
1,0,-0.02,-10.03,-0.11,0,-0.01,
1,0,-0.02,-10.03,-0.11,0,-0.01,
1,0,0.03,-10.03,-0.1,0,-0.01,
1,0,0.03,-10.03,-0.1,-0.01,-0.01,
1,0,0.03,-10.03,-0.1,-0.01,-0.01,
1,0,-0.01,-10.04,-0.09,-0.01,0,
1,0,-0.01,-10.04,-0.09,0,-0.01,
1,0,-0.01,-10.04,-0.09,0,-0.01,
1,0,-0.01,-10.06,-0.11,0,-0.01,
1,0,-0.01,-10.06,-0.11,-0.01,0,
1,0,-0.01,-10.06,-0.11,-0.01,0,
1,0,-0.01,-10.01,-0.05,0,-0.02,
1,0,-0.01,-10.01,-0.05,0,-0.01,
1,0,-0.01,-10.01,-0.05,0,-0.01,
1,0,-0.03,-10.09,-0.11,0,-0.01,
1,0,-0.03,-10.09,-0.11,0,-0.01,
1,0,0.01,-9.97,-0.05,0,-0.01,
1,0,0.01,-9.97,-0.05,0,-0.01,
1,0,0.01,-9.97,-0.05,-0.01,-0.01,
1,0,0.02,-10.07,-0.09,-0.01,-0.01,
1,0,0.02,-10.07,-0.09,0,-0.01,
1,0,0.02,-10.07,-0.09,-0.01,-0.01,
1,0,0.01,-10.03,-0.11,-0.01,-0.01,
1,0,0.01,-10.03,-0.11,0,-0.01,
1,0,0.01,-10.03,-0.11,0,-0.01,
1,0,0.07,-10.08,-0.11,0,-0.01,
1,0,0.07,-10.08,-0.11,-0.01,-0.01,
1,0,0.07,-10.08,-0.11,-0.01,-0.01,
1,0,0.03,-9.98,-0.14,-0.01,-0.01,
1,0,0.03,-9.98,-0.14,0,-0.01,
1,0,0.03,-9.98,-0.14,0,-0.02,
1,0,0,-9.98,-0.03,0,-0.02,
1,0,0,-9.98,-0.03,0,-0.01,
1,0,-0.02,-10.06,-0.11,0,-0.01,
1,0,-0.02,-10.06,-0.11,0,-0.01,
1,0,-0.02,-10.06,-0.11,-0.01,-0.01,
1,0,-0.01,-9.98,-0.07,0,-0.01,
1,0,-0.01,-9.98,-0.07,0,-0.01,
1,0,-0.01,-9.98,-0.07,0,-0.01,
1,0,-0.01,-10.07,-0.08,0,0,
1,0,-0.01,-10.07,-0.08,0,0,
1,0,-0.01,-10.07,-0.08,-0.01,-0.01,
1,0,0.02,-10.02,-0.12,0,-0.01,
1,0,0.02,-10.02,-0.12,0,-0.01,
1,0,0.02,-10.02,-0.12,-0.01,-0.01,
1,0,0.04,-10.04,-0.02,-0.01,0,
1,0,0.04,-10.04,-0.02,-0.01,0,
1,0,0.04,-10.04,-0.02,0,0,
1,0,0.07,-10.09,-0.08,-0.01,-0.01,
1,0,0.07,-10.09,-0.08,-0.01,-0.01,
1,0,0.07,-10.09,-0.08,0,-0.01,
1,0,-0.01,-10.01,-0.07,0,-0.01,
1,0,-0.01,-10.01,-0.07,0,-0.01,
1,0,-0.01,-10.01,-0.07,-0.01,-0.01,
1,0,0.06,-10.08,-0.1,0,-0.01,
1,0,0.06,-10.08,-0.1,0,-0.01,
1,0,0.06,-10.08,-0.1,0,-0.01,
1,0,0.04,-10.01,-0.13,0,-0.01,
1,0,0.04,-10.01,-0.13,0,-0.01,
1,0,0.04,-10.01,-0.13,0,-0.01,
1,0,-0.01,-10.03,-0.07,0,-0.01,
1,0,-0.01,-10.03,-0.07,-0.01,-0.01,
1,0,0,-10.04,-0.11,0,-0.01,
1,0,0,-10.04,-0.11,0,-0.01,
1,0,0,-10.04,-0.11,0,-0.01,
1,0,0.04,-9.99,-0.07,0,-0.01,
1,0,0.04,-9.99,-0.07,0,-0.01,
1,0,0.04,-9.99,-0.07,-0.01,-0.01,
1,0,0,-10.02,-0.12,0,-0.01,
1,0,0,-10.02,-0.12,0,-0.01,
1,0,0,-10.02,-0.12,0,-0.01,
1,0,0,-9.99,-0.11,0,-0.01,
1,0,0,-9.99,-0.11,0,-0.01,
1,0,0,-9.99,-0.11,0,-0.01,
1,0,0,-10,-0.12,-0.01,-0.01,
1,0,0,-10,-0.12,0,-0.01,
1,0,0,-10,-0.12,0,-0.01,
1,0,0.06,-10.02,-0.13,-0.01,-0.01,
1,0,0.06,-10.02,-0.13,0,-0.01,
1,0,0.06,-10.02,-0.13,0,-0.01,
1,0,0.04,-10.04,-0.09,-0.01,-0.01,
1,0,0.04,-10.04,-0.09,-0.01,-0.01,
1,0,0.08,-10.11,-0.14,-0.01,-0.01,
1,0,0.08,-10.11,-0.14,-0.01,-0.01,
1,0,0.08,-10.11,-0.14,0,-0.01,
1,0,-0.01,-9.95,-0.09,0,-0.01,
1,0,-0.01,-9.95,-0.09,-0.01,-0.01,
1,0,-0.01,-9.95,-0.09,0,-0.01,
1,0,-0.06,-10.03,-0.11,0,-0.01,
1,0,-0.06,-10.03,-0.11,-0.01,0,
1,0,-0.06,-10.03,-0.11,0,-0.01,
1,0,0.01,-9.99,-0.12,0,-0.01,
1,0,0.01,-9.99,-0.12,0,-0.01,
1,0,0.01,-9.99,-0.12,-0.01,-0.01,
1,0,0.03,-10.01,-0.05,-0.01,-0.01,
1,0,0.03,-10.01,-0.05,0,-0.01,
1,0,0.03,-10.01,-0.05,0,-0.01,
1,0,-0.05,-10.04,-0.09,0,-0.01,
1,0,-0.05,-10.04,-0.09,0,-0.01,
1,0,0.05,-10,-0.07,0,-0.01,
1,0,0.05,-10,-0.07,0,-0.01,
1,0,0.05,-10,-0.07,-0.01,-0.01,
1,0,-0.02,-10.04,-0.15,-0.01,0,
1,0,-0.02,-10.04,-0.15,-0.01,0,
1,0,-0.02,-10.04,-0.15,0,-0.01,
1,0,0.02,-10,-0.08,0,-0.01,
1,0,0.02,-10,-0.08,0,-0.01,
1,0,0.02,-10,-0.08,0,-0.01,
1,0,-0.02,-10.01,-0.1,-0.01,-0.01,
1,0,-0.02,-10.01,-0.1,-0.01,-0.01,
1,0,-0.02,-10.01,-0.1,0,-0.01,
1,0,-0.01,-10.07,-0.1,0,-0.01,
1,0,-0.01,-10.07,-0.1,0,-0.01,
1,0,-0.01,-10.07,-0.1,0,-0.01,
1,0,0,-9.95,-0.11,-0.01,-0.01,
1,0,0,-9.95,-0.11,-0.01,-0.01,
1,0,0,-9.95,-0.11,-0.01,-0.01,
1,0,0,-10.03,-0.07,-0.01,-0.01,
1,0,0,-10.03,-0.07,-0.01,-0.01,
1,0,-0.02,-9.99,-0.07,0,-0.01,
1,0,-0.02,-9.99,-0.07,-0.01,-0.01,
1,0,-0.02,-9.99,-0.07,-0.01,-0.01,
1,0,0.01,-10.01,-0.09,-0.01,-0.01,
1,0,0.01,-10.01,-0.09,-0.01,-0.01,
1,0,0.01,-10.01,-0.09,-0.01,-0.01,
1,0,0,-10.09,-0.13,0,-0.01,
1,0,0,-10.09,-0.13,0,-0.01,
1,0,0,-10.09,-0.13,0,-0.01,
1,0,0.07,-10,-0.1,-0.01,-0.01,
1,0,0.07,-10,-0.1,-0.01,-0.01,
1,0,0.07,-10,-0.1,-0.01,-0.01,
1,0,-0.01,-9.99,-0.19,0,-0.01,
1,0,-0.01,-9.99,-0.19,0,-0.01,
1,0,-0.01,-9.99,-0.19,0,-0.01,
1,0,-0.03,-10.01,-0.09,0,-0.01,
1,0,-0.03,-10.01,-0.09,0,-0.01,
1,0,-0.03,-10.01,-0.09,0,-0.01,
1,0,-0.01,-10,-0.05,0,0,
1,0,-0.01,-10,-0.05,-0.01,-0.01,
1,0,-0.01,-10,-0.05,-0.01,-0.01,
1,0,-0.08,-10.02,-0.12,-0.01,-0.01,
1,0,-0.08,-10.02,-0.12,0,-0.01,
1,0,-0.08,-10.02,-0.12,0,-0.01,
1,0,0,-10.01,-0.07,0,-0.01,
1,0,0,-10.01,-0.07,0,-0.01,
1,0,0,-10.06,-0.11,0,-0.01,
1,0,0,-10.06,-0.11,-0.01,-0.01,
1,0,0,-10.06,-0.11,0,-0.01,
1,0,0,-9.97,-0.1,0,-0.01,
1,0,0,-9.97,-0.1,-0.01,-0.01,
1,0,0,-9.97,-0.1,0,-0.01,
1,0,0,-10.04,-0.11,0,-0.01,
1,0,0,-10.04,-0.11,-0.01,-0.01,
1,0,0,-10.04,-0.11,-0.01,-0.01,
1,0,0,-10.05,-0.1,-0.01,-0.01,
1,0,0,-10.05,-0.1,0,-0.01,
1,0,0,-10.05,-0.1,0,-0.01,
1,0,0.04,-9.95,-0.06,0,-0.01,
1,0,0.04,-9.95,-0.06,0,-0.01,
1,0,0.04,-9.95,-0.06,-0.01,-0.01,
1,0,0.01,-10.03,-0.13,-0.01,-0.01,
1,0,0.01,-10.03,-0.13,0,-0.01,
1,0,0.01,-10.03,-0.13,0,-0.01,
1,0,-0.02,-10.04,-0.09,0,-0.01,
1,0,-0.02,-10.04,-0.09,0,-0.01,
1,0,0,-10.08,-0.13,0,-0.01,
1,0,0,-10.08,-0.13,0,-0.01,
1,0,0,-10.08,-0.13,0,-0.01,
1,0,0,-10.02,-0.07,-0.01,-0.01,
1,0,0,-10.02,-0.07,-0.01,-0.01,
1,0,0,-10.02,-0.07,-0.01,-0.01,
1,0,0.02,-9.98,-0.11,-0.01,-0.01,
1,0,0.02,-9.98,-0.11,-0.01,-0.01,
1,0,0.02,-9.98,-0.11,0,-0.01,
1,0,-0.01,-10.01,-0.09,-0.01,-0.01,
1,0,-0.01,-10.01,-0.09,-0.01,-0.01,
1,0,-0.01,-10.01,-0.09,0,0,
1,0,-0.02,-9.98,-0.09,-0.01,-0.01,
1,0,-0.02,-9.98,-0.09,-0.01,-0.01,
1,0,-0.02,-9.98,-0.09,-0.01,-0.01,
1,0,0.01,-10.03,-0.07,-0.01,-0.01,
1,0,0.01,-10.03,-0.07,-0.01,-0.01,
1,0,0.01,-10.03,-0.07,0,-0.01,
1,0,0,-10.05,-0.1,0,-0.01,
1,0,0,-10.05,-0.1,0,-0.01,
1,0,0,-10,-0.05,0,-0.01,
1,0,0,-10,-0.05,0,-0.01,
1,0,0,-10,-0.05,0,-0.01,
1,0,-0.03,-10.02,-0.1,-0.01,-0.01,
1,0,-0.03,-10.02,-0.1,-0.01,-0.01,
1,0,-0.03,-10.02,-0.1,-0.01,-0.01,
1,0,-0.02,-10.06,-0.05,0,-0.01,
1,0,-0.02,-10.06,-0.05,0,-0.01,
1,0,-0.02,-10.06,-0.05,0,-0.01,
1,0,0.02,-10.01,-0.08,-0.01,-0.01,
1,0,0.02,-10.01,-0.08,0,-0.01,
1,0,0.02,-10.01,-0.08,0,-0.01,
1,0,0.03,-10.05,-0.07,0,0,
1,0,0.03,-10.05,-0.07,-0.01,-0.01,
1,0,0.03,-10.05,-0.07,-0.01,-0.01,
1,0,-0.01,-10,-0.06,0,-0.01,
1,0,-0.01,-10,-0.06,0,-0.01,
1,0,0.01,-10,-0.15,0,-0.01,
1,0,0.01,-10,-0.15,0,-0.01,
1,0,0.01,-10,-0.15,0,-0.01,
1,0,-0.03,-10.04,-0.09,0,-0.01,
1,0,-0.03,-10.04,-0.09,-0.01,-0.01,
1,0,-0.03,-10.04,-0.09,-0.01,-0.01,
1,0,0.01,-10.05,-0.13,-0.01,-0.01,
1,0,0.01,-10.05,-0.13,-0.01,-0.01,
1,0,0.01,-10.05,-0.13,0,-0.01,
1,0,-0.04,-10.02,-0.07,0,-0.01,
1,0,-0.04,-10.02,-0.07,-0.01,-0.01,
1,0,-0.04,-10.02,-0.07,0,-0.01,
1,0,-0.02,-10.07,-0.12,0,-0.01,
1,0,-0.02,-10.07,-0.12,-0.01,-0.01,
1,0,-0.02,-10.07,-0.12,0,-0.01,
1,0,0.04,-10.04,-0.09,0,-0.01,
1,0,0.04,-10.04,-0.09,0,-0.01,
1,0,-0.01,-10.07,-0.07,0,0,
1,0,-0.01,-10.07,-0.07,0,0,
1,0,-0.01,-10.07,-0.07,0,-0.01,
1,0,-0.03,-10.03,-0.11,0,-0.01,
1,0,-0.03,-10.03,-0.11,0,-0.01,
1,0,-0.03,-10.03,-0.11,0,-0.01,
1,0,-0.04,-10,-0.03,0,-0.01,
1,0,-0.04,-10,-0.03,0,-0.01,
1,0,-0.04,-10,-0.03,0,-0.01,
1,0,-0.03,-10.05,-0.13,-0.01,-0.01,
1,0,-0.03,-10.05,-0.13,-0.01,-0.01,
1,0,-0.03,-10.05,-0.13,-0.01,-0.01,
1,0,0.03,-10,-0.07,0,-0.01,
1,0,0.03,-10,-0.07,0,-0.01,
1,0,0.03,-10,-0.07,0,-0.01,
1,0,0.05,-10.07,-0.1,-0.01,-0.01,
1,0,0.05,-10.07,-0.1,-0.01,-0.01,
1,0,0.05,-10.07,-0.1,-0.01,-0.01,
1,0,0.02,-10.02,-0.14,0,-0.01,
1,0,0.02,-10.02,-0.14,0,-0.01,
1,0,0.02,-10.02,-0.14,-0.01,-0.01,
1,0,0,-9.99,-0.06,-0.01,-0.01,
1,0,0,-9.99,-0.06,-0.01,-0.01,
1,0,0,-9.99,-0.06,0,-0.01,
1,0,0.01,-10.09,-0.11,0,-0.01,
1,0,0.01,-10.09,-0.11,0,-0.01,
1,0,0,-10.01,-0.08,-0.01,-0.01,
1,0,0,-10.01,-0.08,0,-0.01,
1,0,0,-10.01,-0.08,0,-0.01,
1,0,0,-10.08,-0.11,-0.01,-0.01,
1,0,0,-10.08,-0.11,0,-0.01,
1,0,0,-10.08,-0.11,0,-0.01,
1,0,-0.02,-10.02,-0.08,0,-0.01,
1,0,-0.02,-10.02,-0.08,0,-0.01,
1,0,-0.02,-10.02,-0.08,0,-0.01,
1,0,-0.01,-10.05,-0.1,0,-0.01,
1,0,-0.01,-10.05,-0.1,0,-0.01,
1,0,-0.01,-10.05,-0.1,0,-0.01,
1,0,-0.01,-10.01,-0.05,0,-0.01,
1,0,-0.01,-10.01,-0.05,0,-0.01,
1,0,-0.01,-10.01,-0.05,0,-0.01,
1,0,-0.08,-10.01,-0.11,-0.01,-0.01,
1,0,-0.08,-10.01,-0.11,0,-0.01,
1,0,-0.08,-10.01,-0.11,0,-0.01,
1,0,-0.05,-10.07,-0.12,0,-0.01,
1,0,-0.05,-10.07,-0.12,0,-0.01,
1,0,-0.05,-10.07,-0.12,0,-0.01,
1,0,0.03,-10.08,-0.07,0,-0.01,
1,0,0.03,-10.08,-0.07,0,-0.01,
1,0,0.07,-10.01,-0.15,0,-0.01,
1,0,0.07,-10.01,-0.15,0,-0.01,
1,0,0.07,-10.01,-0.15,-0.01,-0.01,
1,0,0.02,-10.04,-0.06,-0.01,-0.01,
1,0,0.02,-10.04,-0.06,-0.01,-0.01,
1,0,0.02,-10.04,-0.06,0,-0.01,
1,0,-0.06,-10,-0.07,0,-0.01,
1,0,-0.06,-10,-0.07,-0.01,-0.01,
1,0,-0.06,-10,-0.07,-0.01,-0.01,
1,0,0.01,-10.06,-0.13,-0.01,-0.01,
1,0,0.01,-10.06,-0.13,0,-0.01,
1,0,0.01,-10.06,-0.13,0,-0.01,
1,0,-0.02,-9.96,-0.05,0,-0.01,
1,0,-0.02,-9.96,-0.05,-0.01,-0.01,
1,0,0.01,-10.03,-0.1,-0.01,-0.01,
1,0,0.01,-10.03,-0.1,-0.01,-0.01,
1,0,0.01,-10.03,-0.1,0,-0.01,
1,0,-0.05,-10.03,-0.07,-0.01,-0.01,
1,0,-0.05,-10.03,-0.07,-0.01,-0.01,
1,0,-0.05,-10.03,-0.07,0,-0.01,
1,0,0.02,-10.07,-0.13,-0.01,-0.01,
1,0,0.02,-10.07,-0.13,-0.01,-0.01,
1,0,0.02,-10.07,-0.13,-0.01,-0.01,
1,0,0.02,-10.04,-0.11,-0.01,-0.01,
1,0,0.02,-10.04,-0.11,0,-0.01,
1,0,0.02,-10.04,-0.11,0,-0.01,
1,0,0.03,-10.07,-0.03,-0.01,-0.01,
1,0,0.03,-10.07,-0.03,0,-0.01,
1,0,0.03,-10.07,-0.03,0,-0.01,
1,0,-0.01,-10.02,-0.11,-0.01,-0.01,
1,0,-0.01,-10.02,-0.11,0,-0.01,
1,0,0,-9.99,-0.11,0,-0.01,
1,0,0,-9.99,-0.11,-0.01,-0.01,
1,0,0,-9.99,-0.11,0,-0.01,
1,0,0.01,-10.04,-0.11,0,-0.01,
1,0,0.01,-10.04,-0.11,0,-0.01,
1,0,0.01,-10.04,-0.11,0,-0.01,
1,0,0.03,-10.04,-0.05,0,-0.01,
1,0,0.03,-10.04,-0.05,-0.01,-0.01,
1,0,0.03,-10.04,-0.05,0,-0.01,
1,0,0.04,-10.06,-0.1,0,-0.01,
1,0,0.04,-10.06,-0.1,0,-0.01,
1,0,0.04,-10.06,-0.1,-0.01,-0.01,
1,0,0.03,-10.05,-0.13,0,-0.01,
1,0,0.03,-10.05,-0.13,0,-0.01,
1,0,-0.05,-10.03,-0.06,-0.01,-0.01,
1,0,-0.05,-10.03,-0.06,-0.01,-0.01,
1,0,-0.05,-10.03,-0.06,-0.01,-0.01,
1,0,-0.03,-10.1,-0.12,-0.01,-0.01,
1,0,-0.03,-10.1,-0.12,0,-0.01,
1,0,-0.03,-10.1,-0.12,0,-0.01,
1,0,0.03,-10.02,-0.08,0,-0.01,
1,0,0.03,-10.02,-0.08,-0.01,-0.01,
1,0,0.03,-10.02,-0.08,-0.01,-0.01,
1,0,0.07,-10.06,-0.06,0,-0.01,
1,0,0.07,-10.06,-0.06,0,-0.01,
1,0,0,-10.04,-0.16,0,-0.01,
1,0,0,-10.04,-0.16,-0.01,-0.01,
1,0,0,-10.04,-0.16,0,-0.01,
1,0,0.01,-10.04,-0.05,-0.01,-0.01,
1,0,0.01,-10.04,-0.05,-0.01,-0.01,
1,0,0.01,-10.04,-0.05,-0.01,-0.01,
1,0,0.06,-10.02,-0.09,-0.01,-0.01,
1,0,0.06,-10.02,-0.09,-0.01,-0.01,
1,0,0.06,-10.02,-0.09,0,-0.01,
1,0,0.01,-10.05,-0.08,0,-0.01,
1,0,0.01,-10.05,-0.08,-0.01,-0.01,
1,0,0.01,-10.05,-0.08,-0.01,-0.01,
1,0,0.03,-10.05,-0.13,-0.01,-0.01,
1,0,0.03,-10.05,-0.13,0,-0.01,
1,0,0.03,-10.05,-0.13,0,-0.01,
1,0,0.02,-10.02,-0.1,0,-0.01,
1,0,0.02,-10.02,-0.1,0,-0.01,
1,0,0.02,-10.02,-0.1,-0.01,-0.01,
1,0,-0.03,-10.04,-0.03,-0.01,-0.01,
1,0,-0.03,-10.04,-0.03,-0.01,-0.01,
1,0,-0.03,-10.04,-0.03,-0.01,-0.01,
1,0,-0.02,-10.08,-0.15,-0.01,-0.01,
1,0,-0.02,-10.08,-0.15,0,-0.01,
1,0,0.03,-10.04,-0.09,-0.01,-0.01,
1,0,0.03,-10.04,-0.09,-0.01,-0.01,
1,0,0.03,-10.04,-0.09,0,-0.01,
1,0,-0.02,-10.03,-0.12,0,-0.01,
1,0,-0.02,-10.03,-0.12,0,-0.01,
1,0,-0.02,-10.03,-0.12,0,-0.01,
1,0,0.04,-10.04,-0.05,0,-0.01,
1,0,0.04,-10.04,-0.05,0,-0.01,
1,0,0.04,-10.04,-0.05,0,-0.01,
1,0,-0.01,-10.05,-0.09,0,-0.01,
1,0,-0.01,-10.05,-0.09,0,-0.01,
1,0,-0.01,-10.05,-0.09,0,-0.01,
1,0,0.04,-10.04,-0.12,-0.01,-0.01,
1,0,0.04,-10.04,-0.12,-0.01,-0.01,
1,0,0.04,-10.04,-0.12,-0.01,-0.01,
1,0,0,-10.04,-0.06,0,-0.01,
1,0,0,-10.04,-0.06,0,-0.01,
1,0,0,-10.04,-0.06,-0.01,-0.01,
1,0,0.01,-10.06,-0.1,-0.01,0,
1,0,0.01,-10.06,-0.1,-0.01,0,
1,0,0.04,-9.97,-0.11,0,-0.01,
1,0,0.04,-9.97,-0.11,-0.01,-0.01,
1,0,0.04,-9.97,-0.11,-0.01,-0.01,
1,0,0.02,-10.07,-0.15,0,-0.01,
1,0,0.02,-10.07,-0.15,-0.01,-0.01,
1,0,0.02,-10.07,-0.15,0,-0.01,
1,0,0.01,-10.03,-0.1,0,-0.01,
1,0,0.01,-10.03,-0.1,-0.01,-0.01,
1,0,0.01,-10.03,-0.1,-0.01,-0.01,
1,0,0.04,-10.06,-0.07,-0.01,-0.01,
1,0,0.04,-10.06,-0.07,-0.01,-0.01,
1,0,0.04,-10.06,-0.07,-0.01,-0.01,
1,0,0,-10.03,-0.07,-0.01,-0.01,
1,0,0,-10.03,-0.07,0,-0.01,
1,0,0,-10.03,-0.07,-0.01,-0.01,
1,0,0.06,-9.98,-0.1,-0.01,-0.01,
1,0,0.06,-9.98,-0.1,0,-0.01,
1,0,0,-10.07,-0.11,-0.01,-0.01,
1,0,0,-10.07,-0.11,-0.01,-0.01,
1,0,0,-10.07,-0.11,0,-0.01,
1,0,-0.02,-10,-0.11,0,-0.01,
1,0,-0.02,-10,-0.11,0,-0.01,
1,0,-0.02,-10,-0.11,0,-0.01,
1,0,0.01,-10.08,-0.12,-0.01,0,
1,0,0.01,-10.08,-0.12,-0.01,0,
1,0,0.01,-10.08,-0.12,-0.01,-0.01,
1,0,0,-10.04,-0.14,-0.01,-0.01,
1,0,0,-10.04,-0.14,-0.01,-0.01,
1,0,0,-10.04,-0.14,-0.01,-0.01,
1,0,-0.02,-10.05,-0.11,-0.01,-0.01,
1,0,-0.02,-10.05,-0.11,-0.01,-0.01,
1,0,-0.02,-10.05,-0.11,-0.01,-0.01,
1,0,-0.01,-9.99,-0.13,0,-0.01,
1,0,-0.01,-9.99,-0.13,0,-0.01,
1,0,-0.04,-10.01,-0.08,0,-0.01,
1,0,-0.04,-10.01,-0.08,-0.01,-0.01,
1,0,-0.04,-10.01,-0.08,-0.01,-0.01,
1,0,0.01,-10.05,-0.13,-0.01,-0.01,
1,0,0.01,-10.05,-0.13,0,-0.01,
1,0,0.01,-10.05,-0.13,0,-0.01,
1,0,0.02,-9.98,-0.08,0,-0.01,
1,0,0.02,-9.98,-0.08,0,-0.01,
1,0,0.02,-9.98,-0.08,-0.01,-0.01,
1,0,0.01,-10.03,-0.09,-0.01,-0.01,
1,0,0.01,-10.03,-0.09,-0.01,-0.01,
1,0,0.01,-10.03,-0.09,0,-0.01,
1,0,0,-10.02,-0.16,0,-0.01,
1,0,0,-10.02,-0.16,0,-0.01,
1,0,0.05,-10,-0.08,0,-0.01,
1,0,0.05,-10,-0.08,0,-0.01,
1,0,0.05,-10,-0.08,-0.01,-0.01,
1,0,0.03,-10.01,-0.11,-0.01,-0.01,
1,0,0.03,-10.01,-0.11,-0.01,-0.01,
1,0,0.03,-10.01,-0.11,0,-0.01,
1,0,0,-10.1,-0.08,-0.01,-0.01,
1,0,0,-10.1,-0.08,-0.01,-0.01,
1,0,0,-10.1,-0.08,-0.01,-0.01,
1,0,-0.01,-10.06,-0.07,-0.01,-0.01,
1,0,-0.01,-10.06,-0.07,-0.01,-0.01,
1,0,-0.01,-10.06,-0.07,-0.01,-0.01,
1,0,0,-10.02,-0.1,0,-0.01,
1,0,0,-10.02,-0.1,0,-0.01,
1,0,0,-10.02,-0.1,0,-0.01,
1,0,0.02,-10,-0.1,0,-0.01,
1,0,0.02,-10,-0.1,0,-0.01,
1,0,0.04,-10.04,-0.14,0,-0.01,
1,0,0.04,-10.04,-0.14,-0.01,-0.01,
1,0,0.04,-10.04,-0.14,-0.01,-0.01,
1,0,0.05,-10.01,-0.09,-0.01,-0.01,
1,0,0.05,-10.01,-0.09,0,-0.01,
1,0,0.05,-10.01,-0.09,0,-0.01,
1,0,0.02,-10.06,-0.1,0,-0.01,
1,0,0.02,-10.06,-0.1,-0.01,-0.01,
1,0,0.02,-10.06,-0.1,-0.01,-0.01,
1,0,-0.02,-10.08,-0.15,0,-0.01,
1,0,-0.02,-10.08,-0.15,0,-0.01,
1,0,-0.02,-10.08,-0.15,0,-0.01,
1,0,0.03,-10.01,-0.07,0,-0.01,
1,0,0.03,-10.01,-0.07,-0.01,-0.01,
1,0,0.03,-10.01,-0.07,-0.01,-0.01,
1,0,0.05,-10.03,-0.11,0,-0.01,
1,0,0.05,-10.03,-0.11,-0.01,-0.01,
1,0,0.05,-10.03,-0.11,-0.01,-0.01,
1,0,0.02,-10.05,-0.13,-0.01,-0.01,
1,0,0.02,-10.05,-0.13,0,-0.01,
1,0,0.04,-9.98,-0.09,0,-0.01,
1,0,0.04,-9.98,-0.09,-0.01,-0.01,
1,0,0.04,-9.98,-0.09,-0.01,-0.01,
1,0,0,-10.01,-0.11,-0.01,-0.01,
1,0,0,-10.01,-0.11,0,-0.01,
1,0,0,-10.01,-0.11,-0.01,-0.01,
1,0,0.04,-10,-0.07,-0.01,-0.01,
1,0,0.04,-10,-0.07,-0.01,-0.01,
1,0,0.04,-10,-0.07,-0.01,-0.01,
1,0,0.04,-10.04,-0.16,0,-0.01,
1,0,0.04,-10.04,-0.16,0,-0.01,
1,0,0.01,-9.97,-0.09,-0.01,-0.01,
1,0,0.01,-9.97,-0.09,0,-0.01,
1,0,0.01,-9.97,-0.09,0,-0.01,
1,0,-0.03,-10.05,-0.09,0,-0.01,
1,0,-0.03,-10.05,-0.09,0,-0.01,
1,0,-0.03,-10.05,-0.09,0,-0.01,
1,0,-0.03,-10.06,-0.1,-0.01,-0.01,
1,0,-0.03,-10.06,-0.1,0,-0.01,
1,0,-0.03,-10.06,-0.1,0,-0.01,
1,0,-0.04,-10.04,-0.08,0,-0.01,
1,0,-0.04,-10.04,-0.08,0,-0.01,
1,0,-0.04,-10.04,-0.08,0,-0.01,
1,0,-0.01,-10.03,-0.1,0,-0.01,
1,0,-0.01,-10.03,-0.1,0,-0.01,
1,0,-0.01,-10.03,-0.1,0,-0.01,
1,0,0,-10,-0.11,0,0,
1,0,0,-10,-0.11,0,-0.01,
1,0,0,-10,-0.11,0,-0.01,
1,0,0.01,-9.97,-0.07,0,-0.01,
1,0,0.01,-9.97,-0.07,-0.01,-0.01,
1,0,0.05,-9.98,-0.12,-0.01,-0.01,
1,0,0.05,-9.98,-0.12,-0.01,-0.01,
1,0,0.05,-9.98,-0.12,0,-0.01,
1,0,0.03,-10.05,-0.08,0,-0.01,
1,0,0.03,-10.05,-0.08,-0.01,-0.01,
1,0,0.03,-10.05,-0.08,-0.01,-0.01,
1,0,-0.01,-10.04,-0.08,-0.01,-0.01,
1,0,-0.01,-10.04,-0.08,0,-0.01,
1,0,-0.01,-10.04,-0.08,0,0,
1,0,0.03,-10,-0.1,0,0,
1,0,0.03,-10,-0.1,-0.01,-0.01,
1,0,0.03,-10,-0.1,0,0,
1,0,0,-9.97,-0.02,0,0,
1,0,0,-9.97,-0.02,-0.01,-0.01,
1,0,0,-9.97,-0.02,0,-0.01,
1,0,-0.04,-10.02,-0.08,0,-0.01,
1,0,-0.04,-10.02,-0.08,-0.01,-0.01,
1,0,-0.04,-10.02,-0.08,-0.01,-0.01,
1,0,0.04,-10.07,-0.09,-0.01,-0.01,
1,0,0.04,-10.07,-0.09,0,-0.01,
1,0,-0.01,-10.01,-0.08,0,-0.01,
1,0,-0.01,-10.01,-0.08,0,-0.01,
1,0,-0.01,-10.01,-0.08,0,-0.01,
1,0,0.03,-10.02,-0.09,-0.01,-0.01,
1,0,0.03,-10.02,-0.09,-0.01,-0.01,
1,0,0.03,-10.02,-0.09,-0.01,0,
1,0,0.01,-10.04,-0.08,0,-0.01,
1,0,0.01,-10.04,-0.08,0,-0.01,
1,0,0.01,-10.04,-0.08,0,-0.01,
1,0,0.02,-10.07,-0.1,0,-0.01,
1,0,0.02,-10.07,-0.1,0,-0.01,
1,0,0.02,-10.07,-0.1,0,-0.01,
1,0,0.04,-10.01,-0.03,-0.01,-0.01,
1,0,0.04,-10.01,-0.03,-0.01,-0.01,
1,0,0.04,-10.01,-0.03,0,-0.01,
1,0,0,-10.03,-0.08,-0.01,-0.01,
1,0,0,-10.03,-0.08,-0.01,-0.01,
1,0,0,-10.03,-0.08,0,-0.01,
1,0,0.03,-10.02,-0.11,0,-0.01,
1,0,0.03,-10.02,-0.11,0,-0.01,
1,0,0.03,-10.02,-0.11,0,-0.01,
1,0,0,-10.06,-0.11,0,-0.01,
1,0,0,-10.06,-0.11,0,-0.01,
1,0,0.02,-10.07,-0.11,0,-0.01,
1,0,0.02,-10.07,-0.11,0,-0.01,
1,0,0.02,-10.07,-0.11,0,-0.01,
1,0,-0.07,-10.03,-0.06,-0.01,-0.01,
1,0,-0.07,-10.03,-0.06,0,-0.01,
1,0,-0.07,-10.03,-0.06,0,-0.01,
1,0,-0.04,-9.98,-0.1,-0.01,-0.01,
1,0,-0.04,-9.98,-0.1,-0.01,0,
1,0,-0.04,-9.98,-0.1,-0.01,0,
1,0,0.04,-10.05,-0.07,-0.01,-0.01,
1,0,0.04,-10.05,-0.07,-0.01,-0.01,
1,0,0.04,-10.05,-0.07,-0.01,-0.01,
1,0,0.04,-10.07,-0.12,0,-0.01,
1,0,0.04,-10.07,-0.12,0,-0.01,
1,0,0.04,-10.07,-0.12,-0.01,-0.01,
1,0,0,-10,-0.11,-0.01,-0.01,
1,0,0,-10,-0.11,-0.01,-0.01,
1,0,0,-10,-0.11,0,-0.01,
1,0,-0.03,-10,-0.15,-0.01,-0.01,
1,0,-0.03,-10,-0.15,-0.01,-0.01,
1,0,-0.03,-10,-0.15,-0.01,-0.01,
1,0,0.05,-10.02,-0.03,0,-0.01,
1,0,0.05,-10.02,-0.03,0,-0.01,
1,0,0.05,-10.02,-0.03,0,-0.01,
1,0,0.01,-10.04,-0.1,-0.01,-0.01,
1,0,0.01,-10.04,-0.1,-0.01,-0.01,
1,0,0.01,-10.04,-0.1,0,-0.01,
1,0,-0.03,-9.99,-0.11,0,-0.01,
1,0,-0.03,-9.99,-0.11,0,-0.01,
1,0,-0.03,-9.99,-0.11,0,-0.01,
1,0,0.06,-10.08,-0.13,0,-0.01,
1,0,0.06,-10.08,-0.13,0,-0.01,
1,0,-0.02,-10.06,-0.13,0,-0.01,
1,0,-0.02,-10.06,-0.13,-0.01,0,
1,0,-0.02,-10.06,-0.13,-0.01,0,
1,0,0.01,-10.02,-0.03,-0.01,-0.01,
1,0,0.01,-10.02,-0.03,-0.01,-0.01,
1,0,0.01,-10.02,-0.03,-0.01,-0.01,
1,0,0,-10,-0.06,-0.01,-0.01,
1,0,0,-10,-0.06,-0.01,-0.01,
1,0,0,-10,-0.06,-0.01,-0.01,
1,0,-0.02,-9.99,-0.07,-0.01,-0.01,
1,0,-0.02,-9.99,-0.07,0,-0.01,
1,0,-0.02,-9.99,-0.07,0,-0.01,
1,0,-0.01,-9.99,-0.1,0,-0.01,
1,0,-0.01,-9.99,-0.1,0,-0.01,
1,0,-0.01,-9.99,-0.1,0,-0.01,
1,0,-0.02,-9.97,-0.07,0,-0.01,
1,0,-0.02,-9.97,-0.07,0,-0.01,
1,0,-0.02,-9.97,-0.07,0,-0.01,
1,0,0.03,-10.07,-0.07,-0.01,-0.01,
1,0,0.03,-10.07,-0.07,0,-0.01,
1,0,-0.01,-10.04,-0.12,0,-0.01,
1,0,0,-10.04,-0.1,-0.01,-0.01,
1,0,0,-10.04,-0.1,-0.01,-0.01,
1,0,0,-10.04,-0.1,0,-0.01,
1,0,0.06,-10,-0.11,0,-0.01,
1,0,0.06,-10,-0.11,0,-0.01,
1,0,0.06,-10,-0.11,-0.01,-0.01,
1,0,0,-9.99,-0.11,0,-0.01,
1,0,0,-9.99,-0.11,0,-0.01,
1,0,0,-9.99,-0.11,-0.01,-0.01,
1,0,0,-10.04,-0.04,-0.01,-0.01,
1,0,0,-10.04,-0.04,0,-0.01,
1,0,0,-10.04,-0.04,0,-0.01,
1,0,-0.02,-10.07,-0.05,0,-0.01,
1,0,-0.02,-10.07,-0.05,-0.01,-0.01,
1,0,-0.02,-10.07,-0.05,-0.01,-0.01,
1,0,0.02,-10.07,-0.11,-0.01,-0.01,
1,0,0.02,-10.07,-0.11,-0.01,0,
1,0,0.02,-10.07,-0.11,0,-0.01,
1,0,0.02,-10,-0.08,0,-0.01,
1,0,0.02,-10,-0.08,0,-0.01,
1,0,0.02,-10,-0.08,0,-0.01,
1,0,0.09,-10.03,-0.07,-0.01,-0.01,
1,0,0.09,-10.03,-0.07,0,-0.01,
1,0,0.09,-10.03,-0.07,0,-0.01,
1,0,0,-9.99,-0.1,0,-0.01,
1,0,0,-9.99,-0.1,-0.01,-0.01,
1,0,0,-9.99,-0.1,-0.01,-0.01,
1,0,0.04,-10.04,-0.09,-0.01,-0.01,
1,0,0.04,-10.04,-0.09,0,-0.01,
1,0,0.04,-10.04,-0.09,0,-0.01,
1,0,-0.01,-10.04,-0.1,0,-0.01,
1,0,-0.01,-10.04,-0.1,-0.01,-0.01,
1,0,-0.04,-10.01,-0.07,-0.01,-0.01,
1,0,-0.04,-10.01,-0.07,-0.01,0,
1,0,-0.04,-10.01,-0.07,0,-0.01,
1,0,0.04,-10.05,-0.1,0,-0.01,
1,0,0.04,-10.05,-0.1,0,-0.01,
1,0,0.04,-10.05,-0.1,0,-0.01,
1,0,0.03,-10.01,-0.1,-0.01,-0.01,
1,0,0.03,-10.01,-0.1,-0.01,-0.01,
1,0,0.03,-10.01,-0.1,-0.01,-0.01,
1,0,-0.01,-9.97,-0.09,0,-0.01,
1,0,-0.01,-9.97,-0.09,-0.01,-0.01,
1,0,-0.01,-9.97,-0.09,-0.01,-0.01,
1,0,0.01,-10.04,-0.11,-0.01,-0.01,
1,0,0.01,-10.04,-0.11,-0.01,-0.01,
1,0,0.01,-10.04,-0.11,0,-0.01,
1,0,-0.01,-10.02,-0.1,-0.01,-0.01,
1,0,-0.01,-10.02,-0.1,-0.01,-0.01,
1,0,-0.01,-10.02,-0.1,0,-0.01,
1,0,-0.01,-10.03,-0.13,0,-0.01,
1,0,-0.01,-10.03,-0.13,0,-0.01,
1,0,-0.01,-10.03,-0.13,0,-0.01,
1,0,-0.01,-10.03,-0.13,0,-0.01,
1,0,-0.02,-9.98,-0.08,0,-0.01,
1,0,-0.02,-9.98,-0.08,0,-0.01,
1,0,-0.02,-9.98,-0.08,0,-0.01,
1,0,0.07,-10.04,-0.1,0,0,
1,0,0.07,-10.04,-0.1,0,-0.01,
1,0,0.07,-10.04,-0.1,0,-0.01,
1,0,0.07,-10.01,-0.1,-0.01,-0.01,
1,0,0.07,-10.01,-0.1,-0.01,-0.01,
1,0,0.07,-10.01,-0.1,-0.01,-0.01,
1,0,0.02,-10.06,-0.17,0,-0.01,
1,0,0.02,-10.06,-0.17,0,-0.01,
1,0,0.02,-10.06,-0.17,0,-0.01,
1,0,0.08,-9.99,-0.01,-0.01,-0.01,
1,0,0.08,-9.99,-0.01,-0.01,-0.01,
1,0,0.08,-9.99,-0.01,0,-0.02,
1,0,0.02,-10.03,-0.09,-0.01,-0.01,
1,0,0.02,-10.03,-0.09,-0.01,-0.01,
1,0,0.02,-10.03,-0.09,-0.01,-0.01,
1,0,-0.05,-9.97,-0.1,-0.01,-0.01,
1,0,-0.05,-9.97,-0.1,-0.01,-0.01,
1,0,-0.05,-9.97,-0.1,0,-0.01,
1,0,-0.07,-10.06,-0.08,0,-0.01,
1,0,-0.07,-10.06,-0.08,-0.01,-0.01,
1,0,-0.01,-10.01,-0.06,0,-0.01,
1,0,-0.01,-10.01,-0.06,0,-0.01,
1,0,-0.01,-10.01,-0.06,-0.01,-0.01,
1,0,0.05,-10,-0.07,0,-0.01,
1,0,0.05,-10,-0.07,0,-0.01,
1,0,0.05,-10,-0.07,-0.01,-0.01,
1,0,0.03,-10.03,-0.1,0,-0.01,
1,0,0.03,-10.03,-0.1,0,-0.01,
1,0,0.03,-10.03,-0.1,0,-0.01,
1,0,-0.06,-9.97,-0.01,0,0,
1,0,-0.06,-9.97,-0.01,0,0,
1,0,-0.06,-9.97,-0.01,-0.01,-0.01,
1,0,0.01,-9.96,-0.14,0,-0.01,
1,0,0.01,-9.96,-0.14,0,-0.01,
1,0,0.01,-9.96,-0.14,0,-0.01,
1,0,0.01,-10.08,-0.1,0,-0.01,
1,0,0.01,-10.08,-0.1,0,-0.01,
1,0,0.01,-10.08,-0.1,-0.01,-0.01,
1,0,0.02,-10.07,-0.05,-0.01,-0.01,
1,0,0.02,-10.07,-0.05,-0.01,-0.01,
1,0,0.02,-10.07,-0.05,-0.01,-0.01,
1,0,0.1,-10,-0.08,0,-0.01,
1,0,0.1,-10,-0.08,0,-0.01,
1,0,0.1,-10,-0.08,0,0,
1,0,0.03,-10.04,-0.08,0,0,
1,0,0.03,-10.04,-0.08,0,-0.01,
1,0,0.03,-10.04,-0.08,-0.01,-0.01,
1,0,0,-10.09,-0.1,-0.01,-0.01,
1,0,0,-10.09,-0.1,0,-0.01,
1,0,0,-10.09,-0.1,0,-0.01,
1,0,0.02,-10.02,-0.04,0,-0.01,
1,0,0.02,-10.02,-0.04,-0.01,-0.01,
1,0,0.02,-10.02,-0.04,0,-0.01,
1,0,-0.02,-10.01,-0.01,0,-0.01,
1,0,-0.02,-10.01,-0.01,0,-0.01,
1,0,-0.02,-10.01,-0.01,-0.01,-0.01,
1,0,0.04,-10.08,-0.16,-0.01,-0.01,
1,0,0.04,-10.08,-0.16,-0.01,-0.01,
1,0,0.04,-10.08,-0.16,0,-0.01,
1,0,0.03,-10.05,-0.05,0,-0.01,
1,0,0.03,-10.05,-0.05,0,-0.01,
1,0,0.03,-10.09,-0.1,0,-0.01,
1,0,0.03,-10.09,-0.1,0,-0.01,
1,0,0.03,-10.09,-0.1,-0.01,-0.01,
1,0,0.03,-10.01,-0.13,0,-0.01,
1,0,0.03,-10.01,-0.13,0,-0.01,
1,0,0.03,-10.01,-0.13,0,-0.01,
1,0,0.02,-10,-0.06,0,-0.01,
1,0,0.02,-10,-0.06,0,-0.01,
1,0,0.02,-10,-0.06,0,-0.01,
1,0,-0.01,-10,-0.05,0,-0.01,
1,0,-0.01,-10,-0.05,0,-0.01,
1,0,-0.01,-10,-0.05,-0.01,-0.01,
1,0,-0.05,-9.99,-0.07,-0.01,-0.01,
1,0,-0.05,-9.99,-0.07,-0.01,-0.01,
1,0,-0.05,-9.99,-0.07,0,-0.01,
1,0,0,-10,-0.13,0,-0.01,
1,0,0,-10,-0.13,-0.01,-0.01,
1,0,0,-10,-0.13,-0.01,-0.01,
1,0,-0.06,-10,-0.1,-0.01,-0.01,
1,0,-0.06,-10,-0.1,0,-0.01,
1,0,-0.06,-10,-0.1,0,-0.01,
1,0,-0.02,-10.03,-0.04,0,-0.01,
1,0,-0.02,-10.03,-0.04,0,-0.01,
1,0,-0.02,-10.03,-0.04,0,-0.01,
1,0,-0.01,-10.06,-0.18,0,0,
1,0,-0.01,-10.06,-0.18,0,0,
1,0,-0.01,-10.06,-0.18,0,0,
1,0,0.02,-10.06,-0.11,-0.01,-0.01,
1,0,0.02,-10.06,-0.11,-0.01,-0.01,
1,0,0.02,-10.06,-0.11,0,-0.01,
1,0,-0.03,-10.06,-0.12,0,-0.01,
1,0,-0.03,-10.06,-0.12,0,-0.01,
1,0,-0.03,-10.06,-0.12,0,-0.01,
1,0,-0.02,-10.03,-0.03,-0.01,-0.01,
1,0,-0.02,-10.03,-0.03,-0.01,-0.01,
1,0,-0.02,-10.03,-0.03,0,-0.01,
1,0,0.01,-10,-0.11,0,-0.01,
1,0,0.01,-10,-0.11,0,-0.01,
1,0,0.01,-10,-0.11,-0.01,-0.01,
1,0,0.01,-10.02,-0.09,-0.01,-0.01,
1,0,0.01,-10.02,-0.09,-0.01,-0.01,
1,0,0.01,-10.02,-0.09,0,-0.01,
1,0,0.01,-10.02,-0.09,0,-0.01,
1,0,0.07,-10.01,-0.08,0,-0.01,
1,0,0.07,-10.01,-0.08,0,-0.01,
1,0,0.07,-10.01,-0.08,-0.01,-0.01,
1,0,-0.07,-10.05,-0.04,-0.01,-0.01,
1,0,-0.07,-10.05,-0.04,-0.01,-0.01,
1,0,-0.07,-10.05,-0.04,0,-0.01,
1,0,0.05,-10.02,-0.15,0,-0.02,
1,0,0.05,-10.02,-0.15,0,-0.02,
1,0,-0.02,-10.04,-0.01,0,-0.01,
1,0,-0.02,-10.04,-0.01,0,-0.01,
1,0,-0.02,-10.04,-0.01,0,-0.01,
1,0,0.01,-9.99,-0.13,-0.01,-0.01,
1,0,0.01,-9.99,-0.13,0,-0.01,
1,0,0.01,-9.99,-0.13,0,-0.01,
1,0,-0.06,-10.04,-0.07,-0.01,-0.01,
1,0,-0.06,-10.04,-0.07,0,-0.01,
1,0,-0.06,-10.04,-0.07,0,-0.01,
1,0,-0.06,-10.07,-0.12,-0.01,-0.01,
1,0,-0.06,-10.07,-0.12,-0.01,-0.01,
1,0,-0.06,-10.07,-0.12,-0.01,0,
1,0,0.01,-10.05,-0.08,0,-0.01,
1,0,0.01,-10.05,-0.08,0,-0.01,
1,0,0.01,-10.05,-0.08,0,-0.01,
1,0,-0.06,-10.01,-0.06,-0.01,-0.01,
1,0,-0.06,-10.01,-0.06,-0.01,-0.01,
1,0,-0.06,-10.01,-0.06,-0.01,-0.01,
1,0,0.02,-9.98,-0.13,0,-0.01,
1,0,0.02,-9.98,-0.13,0,-0.01,
1,0,0.02,-9.98,-0.13,0,-0.01,
1,0,0.03,-9.93,-0.09,0,-0.01,
1,0,0.03,-9.93,-0.09,0,-0.01,
1,0,0.03,-9.93,-0.09,-0.01,-0.01,
1,0,0.03,-10.07,-0.05,-0.01,-0.01,
1,0,0.03,-10.07,-0.05,-0.01,-0.01,
1,0,0.03,-10.07,-0.05,-0.01,0,
1,0,0,-10.02,-0.11,-0.01,0,
1,0,0,-10.02,-0.11,0,-0.01,
1,0,0,-10.02,-0.11,0,-0.01,
1,0,-0.05,-10.04,-0.07,0,-0.01,
1,0,-0.05,-10.04,-0.07,0,-0.01,
1,0,-0.05,-10.04,-0.07,0,-0.01,
1,0,0.01,-10.05,-0.1,0,-0.01,
1,0,0.01,-10.05,-0.1,-0.01,-0.01,
1,0,0.01,-10.05,-0.1,0,-0.01,
1,0,-0.01,-10.02,-0.13,0,-0.01,
1,0,-0.01,-10.02,-0.13,0,-0.01,
1,0,-0.01,-10.02,-0.13,0,-0.01,
1,0,0,-9.96,-0.11,0,-0.01,
1,0,0,-9.96,-0.11,0,-0.01,
1,0,0,-9.96,-0.11,0,-0.01,
1,0,0.06,-10.06,-0.1,0,-0.01,
1,0,0.06,-10.06,-0.1,-0.01,-0.01,
1,0,0.06,-10.06,-0.1,-0.01,-0.01,
1,0,-0.01,-10.01,-0.09,0,-0.01,
1,0,-0.01,-10.01,-0.09,-0.01,-0.01,
1,0,-0.01,-10.01,-0.09,-0.01,-0.01,
1,0,-0.01,-10.09,-0.08,0,-0.01,
1,0,-0.01,-10.09,-0.08,0,-0.01,
1,0,-0.01,-10.09,-0.08,0,-0.01,
1,0,0.08,-10.04,-0.12,0,-0.01,
1,0,0.08,-10.04,-0.12,0,-0.01,
1,0,0.08,-10.04,-0.12,0,-0.01,
1,0,-0.02,-10.03,-0.06,0,-0.01,
1,0,-0.02,-10.03,-0.06,-0.01,-0.01,
1,0,-0.02,-10.03,-0.06,-0.01,-0.01,
1,0,0,-10.1,-0.11,0,-0.01,
1,0,0,-10.1,-0.11,0,-0.01,
1,0,0,-10.1,-0.11,0,-0.01,
1,0,-0.03,-10.03,-0.12,0,0,
1,0,-0.03,-10.03,-0.12,0,0,
1,0,-0.03,-10.03,-0.12,0,-0.01,
1,0,0.01,-10.02,-0.12,0,-0.01,
1,0,0.01,-10.02,-0.12,0,-0.01,
1,0,0.01,-10.02,-0.12,-0.01,-0.01,
1,0,-0.01,-10.1,-0.13,0,-0.01,
1,0,-0.01,-10.1,-0.13,0,-0.01,
1,0,-0.01,-10.1,-0.13,-0.01,-0.01,
1,0,0,-10.05,-0.08,-0.01,-0.01,
1,0,0,-10.05,-0.08,0,-0.01,
1,0,0,-10.05,-0.08,0,-0.01,
1,0,-0.01,-10.07,0,0,-0.01,
1,0,-0.01,-10.07,0,0,-0.01,
1,0,-0.01,-10.07,0,-0.01,-0.01,
1,0,0.04,-10.03,-0.12,-0.01,-0.01,
1,0,0.04,-10.03,-0.12,-0.01,-0.01,
1,0,0.04,-10.03,-0.12,0,-0.01,
1,0,0.09,-10,-0.1,0,-0.01,
1,0,0.09,-10,-0.1,0,-0.01,
1,0,0.09,-10,-0.1,0,-0.01,
1,0,-0.02,-10.07,-0.05,-0.01,-0.01,
1,0,-0.02,-10.07,-0.05,0,0,
1,0,-0.02,-10.07,-0.05,0,0,
1,0,0,-9.95,-0.12,-0.01,-0.01,
1,0,0,-9.95,-0.12,-0.01,-0.01,
1,0,0,-9.95,-0.12,-0.01,-0.01,
1,0,-0.08,-10.01,-0.1,0,-0.01,
1,0,-0.08,-10.01,-0.1,0,-0.01,
1,0,-0.08,-10.01,-0.1,0,-0.01,
1,0,-0.01,-10.03,-0.09,0,-0.02,
1,0,-0.01,-10.03,-0.09,0,-0.02,
1,0,-0.01,-10.03,-0.09,-0.01,-0.01,
1,0,0.05,-9.98,-0.09,0,-0.01,
1,0,0.05,-9.98,-0.09,0,-0.01,
1,0,0.05,-9.98,-0.09,0,-0.01,
1,0,0.01,-10.07,-0.17,-0.01,-0.01,
1,0,0.01,-10.07,-0.17,-0.01,-0.01,
1,0,0.01,-10.07,-0.17,-0.01,-0.01,
1,0,0.04,-10.07,-0.12,-0.01,-0.01,
1,0,0.04,-10.07,-0.12,-0.01,-0.01,
1,0,0.02,-10.04,-0.08,-0.01,-0.01,
1,0,0.02,-10.04,-0.08,0,-0.01,
1,0,0.02,-10.04,-0.08,0,-0.01,
1,0,0.02,-10.06,-0.04,-0.01,-0.01,
1,0,0.02,-10.06,-0.04,-0.01,-0.01,
1,0,0.02,-10.06,-0.04,-0.01,-0.01,
1,0,0.01,-9.99,-0.12,0,-0.01,
1,0,0.01,-9.99,-0.12,0,-0.01,
1,0,0.01,-9.99,-0.12,0,0,
1,0,0.06,-10.02,-0.13,0,-0.01,
1,0,0.06,-10.02,-0.13,0,-0.01,
1,0,0.06,-10.02,-0.13,0,-0.01,
1,0,-0.03,-10,-0.08,-0.01,-0.01,
1,0,-0.03,-10,-0.08,-0.01,-0.01,
1,0,-0.03,-10,-0.08,0,-0.01,
1,0,0.03,-10.08,-0.13,-0.01,-0.01,
1,0,0.03,-10.08,-0.13,-0.01,-0.01,
1,0,0.03,-10.08,-0.13,0,-0.01,
1,0,0,-10.04,-0.14,0,-0.01,
1,0,0,-10.04,-0.14,0,-0.01,
1,0,0,-10.04,-0.14,0,-0.01,
1,0,0.04,-10.05,-0.09,-0.01,-0.01,
1,0,0.04,-10.05,-0.09,-0.01,-0.01,
1,0,0.04,-10.05,-0.09,0,-0.01,
1,0,0.04,-10.01,-0.1,0,0,
1,0,0.04,-10.01,-0.1,0,0,
1,0,0.04,-10.01,-0.1,0,-0.01,
1,0,0.03,-10,-0.1,0,-0.01,
1,0,0.03,-10,-0.1,0,-0.01,
1,0,0.03,-10,-0.1,0,-0.01,
1,0,0.02,-9.95,0,0,-0.01,
1,0,0.02,-9.95,0,0,-0.01,
1,0,0.02,-9.95,0,-0.01,-0.01,
1,0,0.06,-10,-0.13,-0.01,-0.01,
1,0,0.06,-10,-0.13,-0.01,-0.01,
1,0,0.06,-10,-0.13,-0.01,-0.01,
1,0,0,-10.07,-0.12,-0.01,-0.01,
1,0,0,-10.07,-0.12,-0.01,-0.01,
1,0,0,-10.07,-0.12,0,-0.01,
1,0,-0.05,-10.01,-0.12,0,-0.01,
1,0,-0.05,-10.01,-0.12,0,-0.01,
1,0,0,-9.99,-0.05,0,-0.01,
1,0,0,-9.99,-0.05,0,-0.01,
1,0,0,-9.99,-0.05,0,-0.01,
1,0,0,-10,-0.09,0,-0.01,
1,0,0,-10,-0.09,0,-0.01,
1,0,0,-10,-0.09,-0.01,-0.01,
1,0,-0.03,-10.05,-0.08,0,-0.01,
1,0,-0.03,-10.05,-0.08,0,-0.01,
1,0,-0.03,-10.05,-0.08,0,-0.01,
1,0,0,-10,-0.07,0,-0.01,
1,0,0,-10,-0.07,0,-0.01,
1,0,0,-10,-0.07,0,-0.01,
1,0,0,-9.95,-0.08,0,-0.01,
1,0,0,-9.95,-0.08,-0.01,-0.01,
1,0,0,-9.95,-0.08,-0.01,-0.01,
1,0,0.01,-10.06,-0.11,-0.01,-0.01,
1,0,0.01,-10.06,-0.11,0,-0.01,
1,0,0.01,-10.06,-0.11,-0.01,-0.01,
1,0,0,-10.02,-0.07,-0.01,-0.01,
1,0,0,-10.02,-0.07,0,-0.01,
1,0,0,-10.02,-0.07,0,-0.01,
1,0,0.03,-10.02,-0.06,0,-0.01,
1,0,0.03,-10.02,-0.06,-0.01,-0.01,
1,0,0.03,-10.02,-0.06,-0.01,-0.01,
1,0,0.11,-10.03,-0.11,-0.01,-0.01,
1,0,0.11,-10.03,-0.11,-0.01,-0.01,
1,0,0.11,-10.03,-0.11,-0.01,-0.01,
1,0,0,-10.02,-0.13,0,-0.01,
1,0,0,-10.02,-0.13,0,-0.01,
1,0,0,-10.02,-0.13,0,-0.01,
1,0,-0.02,-10.02,-0.08,0,-0.01,
1,0,-0.02,-10.02,-0.08,0,-0.01,
1,0,-0.02,-10.02,-0.08,0,-0.01,
1,0,0,-10.02,0,0,-0.01,
1,0,0,-10.02,0,0,-0.01,
1,0,0,-10.02,0,0,-0.01,
1,0,-0.02,-10.03,-0.08,-0.01,-0.01,
1,0,-0.02,-10.03,-0.08,-0.01,-0.01,
1,0,-0.02,-10.03,-0.08,-0.01,-0.01,
1,0,-0.01,-9.99,-0.12,0,0,
1,0,-0.01,-9.99,-0.12,0,0,
1,0,-0.01,-9.99,-0.12,0,-0.01,
1,0,0.02,-10.06,-0.05,0,-0.01,
1,0,0.02,-10.06,-0.05,0,-0.01,
1,0,0.02,-10.06,-0.05,-0.01,-0.01,
1,0,0.01,-9.99,-0.11,-0.01,-0.01,
1,0,0.01,-9.99,-0.11,0,-0.01,
1,0,0.01,-9.99,-0.11,-0.01,-0.01,
1,0,-0.02,-10.07,-0.15,-0.01,-0.01,
1,0,-0.02,-10.07,-0.15,0,-0.01,
1,0,-0.02,-10.07,-0.15,0,-0.01,
1,0,0,-9.97,-0.08,0,-0.01,
1,0,0,-9.97,-0.08,-0.01,-0.01,
1,0,0,-9.97,-0.08,-0.01,-0.01,
1,0,0.01,-10.06,-0.11,0,-0.01,
1,0,0.01,-10.06,-0.11,-0.01,-0.01,
1,0,0.01,-10.06,-0.11,-0.01,-0.01,
1,0,-0.02,-10.03,-0.08,-0.01,-0.01,
1,0,-0.02,-10.03,-0.08,-0.01,-0.01,
1,0,-0.02,-10.03,-0.08,-0.01,-0.01,
1,0,0.02,-10.06,-0.09,0,-0.01,
1,0,0.02,-10.06,-0.09,-0.01,-0.01,
1,0,0.02,-10.06,-0.09,-0.01,-0.01,
1,0,0.04,-9.98,-0.05,0,-0.01,
1,0,0.04,-9.98,-0.05,-0.01,-0.01,
1,0,0.04,-9.98,-0.05,-0.01,-0.01,
1,0,0,-10.01,-0.11,0,-0.01,
1,0,0,-10.01,-0.11,0,-0.01,
1,0,0,-10.01,-0.11,-0.01,-0.01,
1,0,-0.04,-10.04,-0.07,-0.01,-0.01,
1,0,-0.04,-10.04,-0.07,-0.01,-0.01,
1,0,-0.04,-10.04,-0.07,0,-0.01,
1,0,-0.01,-9.97,-0.04,0,-0.01,
1,0,-0.01,-9.97,-0.04,0,-0.01,
1,0,-0.01,-9.97,-0.04,0,-0.01,
1,0,0,-10.01,-0.07,0,-0.01,
1,0,0,-10.01,-0.07,0,-0.01,
1,0,0,-10.01,-0.07,0,-0.01,
1,0,-0.04,-10.07,-0.14,0,-0.01,
1,0,-0.04,-10.07,-0.14,0,-0.01,
1,0,-0.04,-10.07,-0.14,0,-0.01,
1,0,0.03,-9.95,-0.11,0,-0.01,
1,0,0.03,-9.95,-0.11,0,-0.01,
1,0,0.03,-9.95,-0.11,0,-0.01,
1,0,-0.01,-10.05,-0.08,0,-0.01,
1,0,-0.01,-10.05,-0.08,0,-0.01,
1,0,-0.01,-10.05,-0.08,0,0,
1,0,-0.02,-9.99,-0.03,0,0,
1,0,-0.02,-9.99,-0.03,0,-0.01,
1,0,-0.02,-9.99,-0.03,0,-0.01,
1,0,0,-10.05,-0.11,0,-0.01,
1,0,0,-10.05,-0.11,-0.01,-0.01,
1,0,0,-10.05,-0.11,-0.01,-0.01,
1,0,0.06,-9.98,-0.14,-0.01,-0.01,
1,0,0.06,-9.98,-0.14,0,-0.01,
1,0,0.06,-9.98,-0.14,0,-0.01,
1,0,-0.01,-10.01,-0.07,0,-0.01,
1,0,-0.01,-10.01,-0.07,0,-0.01,
1,0,-0.01,-10.01,-0.07,0,-0.01,
1,0,-0.02,-10,-0.09,0,-0.01,
1,0,-0.02,-10,-0.09,0,-0.01,
1,0,-0.02,-10,-0.09,0,-0.01,
1,0,0,-9.98,-0.13,-0.01,-0.01,
1,0,0,-9.98,-0.13,0,-0.01,
1,0,0,-9.98,-0.13,0,-0.01,
1,0,0.04,-10.06,-0.06,0,-0.01,
1,0,0.04,-10.06,-0.06,0,-0.01,
1,0,0.04,-10.06,-0.06,0,-0.01,
1,0,0.01,-9.99,-0.09,-0.01,-0.01,
1,0,0.01,-9.99,-0.09,-0.01,-0.01,
1,0,0.01,-9.99,-0.09,-0.01,-0.01,
1,0,0,-10.02,-0.08,0,-0.01,
1,0,0,-10.02,-0.08,0,-0.01,
1,0,0,-10.02,-0.08,0,-0.01,
1,0,0.02,-9.98,-0.14,0,-0.01,
1,0,0.02,-9.98,-0.14,0,-0.01,
1,0,0.02,-9.98,-0.14,0,0,
1,0,0.08,-10.11,-0.11,0,-0.01,
1,0,0.08,-10.11,-0.11,0,-0.01,
1,0,0.08,-10.11,-0.11,-0.01,-0.01,
1,0,-0.02,-9.96,0.01,-0.01,-0.01,
1,0,-0.02,-9.96,0.01,-0.01,0,
1,0,-0.02,-9.96,0.01,0,0,
1,0,-0.02,-10.1,-0.09,0,0,
1,0,-0.02,-10.1,-0.09,0,-0.01,
1,0,-0.02,-10.1,-0.09,-0.01,-0.01,
1,0,0.01,-10.03,-0.16,-0.01,-0.01,
1,0,0.01,-10.03,-0.16,0,-0.01,
1,0,0.01,-10.03,-0.16,-0.01,-0.01,
1,0,0,-10.15,-0.17,-0.01,-0.01,
1,0,0,-10.15,-0.17,0,-0.01,
1,0,0,-10.15,-0.17,0,-0.01,
1,0,-0.02,-10,-0.08,0,-0.01,
1,0,-0.02,-10,-0.08,0,-0.01,
1,0,-0.02,-10,-0.08,0,-0.01,
1,0,0.03,-10.02,-0.08,0,-0.01,
1,0,0.03,-10.02,-0.08,0,-0.01,
1,0,0.03,-10.02,-0.08,0,-0.01,
1,0,-0.02,-10.07,-0.14,0,-0.01,
1,0,-0.02,-10.07,-0.14,0,-0.01,
1,0,-0.02,-10.07,-0.14,-0.01,-0.01,
1,0,0.02,-10.07,-0.11,0,-0.01,
1,0,0.02,-10.07,-0.11,0,-0.01,
1,0,0.02,-10.07,-0.11,0,-0.01,
1,0,0.07,-10.03,-0.07,0,-0.01,
1,0,0.07,-10.03,-0.07,-0.01,-0.01,
1,0,0.07,-10.03,-0.07,-0.01,-0.01,
1,0,-0.02,-10.04,-0.06,-0.01,-0.01,
1,0,-0.02,-10.04,-0.06,0,-0.01,
1,0,-0.02,-10.04,-0.06,0,-0.01,
1,0,-0.04,-10.05,-0.08,0,-0.01,
1,0,-0.04,-10.05,-0.08,-0.01,-0.01,
1,0,-0.04,-10.05,-0.08,0,-0.01,
1,0,-0.03,-10.07,-0.16,0,-0.01,
1,0,-0.03,-10.07,-0.16,0,-0.01,
1,0,-0.03,-10.07,-0.16,0,-0.01,
1,0,0,-10,-0.06,0,-0.01,
1,0,0,-10,-0.06,-0.01,-0.01,
1,0,0,-10,-0.06,0,-0.01,
1,0,0.03,-10.08,-0.1,0,-0.01,
1,0,0.03,-10.08,-0.1,-0.01,0,
1,0,0.03,-10.08,-0.1,-0.01,0,
1,0,0.02,-9.98,-0.1,-0.01,-0.01,
1,0,0.02,-9.98,-0.1,-0.01,-0.01,
1,0,0.02,-9.98,-0.1,-0.01,-0.01,
1,0,0.03,-9.98,-0.05,-0.01,-0.01,
1,0,0.03,-9.98,-0.05,0,-0.01,
1,0,0.03,-9.98,-0.05,0,-0.01,
1,0,0,-10.01,-0.09,0,-0.01,
1,0,0,-10.01,-0.09,0,-0.01,
1,0,0,-10.01,-0.09,0,-0.01,
1,0,-0.03,-10.03,-0.08,-0.01,-0.01,
1,0,-0.03,-10.03,-0.08,-0.01,-0.01,
1,0,-0.03,-10.03,-0.08,-0.01,-0.01,
1,0,-0.07,-10.07,-0.09,-0.01,-0.01,
1,0,-0.07,-10.07,-0.09,0,-0.01,
1,0,-0.07,-10.07,-0.09,0,-0.01,
1,0,-0.02,-9.99,-0.11,-0.01,-0.01,
1,0,-0.02,-9.99,-0.11,-0.01,-0.01,
1,0,-0.02,-9.99,-0.11,0,-0.01,
1,0,0,-10.08,-0.02,0,-0.01,
1,0,0,-10.08,-0.02,0,-0.01,
1,0,0,-10.08,-0.02,0,-0.01,
1,0,0.01,-10.04,-0.06,0,0,
1,0,0.01,-10.04,-0.06,0,0,
1,0,-0.02,-10.01,-0.07,0,-0.01,
1,0,-0.02,-10.01,-0.07,-0.01,-0.01,
1,0,-0.02,-10.01,-0.07,-0.01,-0.01,
1,0,0.02,-10.02,-0.07,0,-0.01,
1,0,0.02,-10.02,-0.07,-0.01,-0.01,
1,0,0.02,-10.02,-0.07,-0.01,-0.01,
1,0,0,-10.02,-0.11,-0.01,-0.01,
1,0,0,-10.02,-0.11,0,-0.01,
1,0,0,-10.02,-0.11,0,-0.01,
1,0,0,-10.01,-0.06,0,-0.01,
1,0,0,-10.01,-0.06,0,-0.01,
1,0,0,-10.01,-0.06,-0.01,-0.01,
1,0,-0.02,-10.01,-0.11,0,-0.01,
1,0,-0.02,-10.01,-0.11,0,-0.01,
1,0,-0.02,-10.01,-0.11,0,-0.01,
1,0,0.03,-9.93,-0.12,-0.01,-0.01,
1,0,0.03,-9.93,-0.12,-0.01,-0.01,
1,0,0.03,-9.93,-0.12,0,-0.01,
1,0,0.01,-10.05,-0.07,0,-0.01,
1,0,0.01,-10.05,-0.07,0,-0.01,
1,0,0.01,-10.05,-0.07,-0.01,0,
1,0,0.06,-10.03,-0.1,0,-0.01,
1,0,0.06,-10.03,-0.1,0,-0.01,
1,0,0.06,-10.03,-0.1,0,-0.01,
1,0,0.03,-10.02,-0.04,0,-0.01,
1,0,0.03,-10.02,-0.04,0,-0.01,
1,0,0.03,-10.02,-0.04,0,-0.01,
1,0,0.01,-10.05,-0.09,0,-0.01,
1,0,0.01,-10.05,-0.09,0,-0.01,
1,0,0.01,-10.05,-0.09,0,-0.01,
1,0,0.02,-10.05,-0.12,0,-0.01,
1,0,0.02,-10.05,-0.12,-0.01,-0.01,
1,0,0.02,-10.05,-0.12,0,-0.01,
1,0,0,-9.96,-0.08,0,-0.01,
1,0,0,-9.96,-0.08,-0.01,-0.01,
1,0,0,-9.96,-0.08,0,-0.01,
1,0,0.01,-10.06,-0.1,0,-0.01,
1,0,0.01,-10.06,-0.1,-0.01,-0.01,
1,0,0.01,-10.06,-0.1,-0.01,-0.01,
1,0,0.01,-10.08,-0.1,0,-0.01,
1,0,0.01,-10.08,-0.1,0,-0.01,
1,0,0.01,-10.08,-0.1,0,-0.01,
1,0,0.01,-10.07,-0.13,0,-0.01,
1,0,0.01,-10.07,-0.13,-0.01,-0.01,
1,0,0.01,-10.07,-0.13,-0.01,-0.01,
1,0,0.01,-10.02,-0.12,-0.01,-0.01,
1,0,0.01,-10.02,-0.12,-0.01,-0.01,
1,0,0.01,-10.02,-0.12,0,-0.01,
1,0,0,-10.07,-0.02,0,-0.01,
1,0,0,-10.07,-0.02,0,-0.01,
1,0,0,-10.07,-0.02,-0.01,-0.01,
1,0,-0.03,-10,-0.11,0,-0.01,
1,0,-0.03,-10,-0.11,0,-0.01,
1,0,-0.03,-10,-0.11,-0.01,-0.01,
1,0,0.05,-10.04,-0.11,0,-0.01,
1,0,0.05,-10.04,-0.11,0,-0.01,
1,0,0.05,-10.04,-0.11,-0.01,-0.01,
1,0,0.01,-10.01,-0.11,-0.01,-0.01,
1,0,0.01,-10.01,-0.11,-0.01,-0.01,
1,0,0.01,-10.01,-0.11,0,-0.01,
1,0,0.01,-10.03,-0.12,0,-0.01,
1,0,0.01,-10.03,-0.12,0,-0.01,
1,0,0.01,-10.03,-0.12,0,-0.01,
1,0,0.02,-10.05,-0.13,0,-0.01,
1,0,0.02,-10.05,-0.13,-0.01,-0.01,
1,0,0.02,-10.05,-0.13,0,-0.01,
1,0,0.02,-10.03,-0.05,0,-0.01,
1,0,0.02,-10.03,-0.05,-0.01,-0.01,
1,0,0.02,-10.03,-0.05,0,-0.01,
1,0,0,-10.04,-0.13,0,-0.01,
1,0,0,-10.04,-0.13,-0.01,-0.01,
1,0,0,-10.04,-0.13,-0.01,-0.01,
1,0,0.04,-9.99,-0.04,-0.01,-0.01,
1,0,0.04,-9.99,-0.04,-0.01,-0.01,
1,0,0.04,-9.99,-0.04,0,-0.01,
1,0,0.01,-10.04,-0.13,0,-0.01,
1,0,0.01,-10.04,-0.13,0,-0.01,
1,0,0.01,-10.04,-0.13,0,-0.01,
1,0,0.01,-9.96,-0.09,0,-0.01,
1,0,0.01,-9.96,-0.09,0,-0.01,
1,0,0.01,-9.96,-0.09,-0.01,-0.01,
1,0,0.01,-9.96,-0.04,-0.01,-0.01,
1,0,0.01,-9.96,-0.04,-0.01,-0.01,
1,0,-0.04,-9.98,-0.07,-0.01,-0.01,
1,0,-0.04,-9.98,-0.07,0,-0.01,
1,0,-0.04,-9.98,-0.07,0,-0.01,
1,0,0.02,-10.01,-0.04,0,-0.01,
1,0,0.02,-10.01,-0.04,0,-0.01,
1,0,0.02,-10.01,-0.04,0,-0.01,
1,0,0.02,-10.03,-0.08,0,-0.01,
1,0,0.02,-10.03,-0.08,0,-0.01,
1,0,0.02,-10.03,-0.08,-0.01,-0.01,
1,0,0.01,-10.06,-0.11,-0.01,-0.01,
1,0,0.01,-10.06,-0.11,-0.01,-0.01,
1,0,0.01,-10.06,-0.11,-0.01,0,
1,0,0.05,-10.01,-0.1,-0.01,0,
1,0,0.05,-10.01,-0.1,0,-0.01,
1,0,0.05,-10.01,-0.1,-0.01,-0.01,
1,0,0,-10.05,-0.08,-0.01,-0.01,
1,0,0,-10.05,-0.08,0,-0.01,
1,0,0,-10.05,-0.08,0,-0.01,
1,0,-0.02,-10.05,-0.09,0,-0.01,
1,0,-0.02,-10.05,-0.09,0,-0.01,
1,0,-0.02,-10.05,-0.09,0,-0.01,
1,0,0.03,-9.96,-0.1,0,-0.01,
1,0,0.03,-9.96,-0.1,-0.01,0,
1,0,0.03,-9.96,-0.1,-0.01,-0.01,
1,0,0.02,-10.03,-0.13,-0.01,-0.01,
1,0,0.02,-10.03,-0.13,0,-0.01,
1,0,0.02,-10.03,-0.13,0,-0.01,
1,0,0.02,-10.01,-0.09,0,-0.01,
1,0,0.02,-10.01,-0.09,0,-0.01,
1,0,0,-10.07,-0.14,-0.01,-0.01,
1,0,0,-10.07,-0.14,-0.01,-0.01,
1,0,0,-10.07,-0.14,0,-0.01,
1,0,0,-10.02,-0.08,0,-0.01,
1,0,0,-10.02,-0.08,0,-0.01,
1,0,0,-10.02,-0.08,0,-0.01,
1,0,-0.03,-10.05,-0.11,-0.01,-0.01,
1,0,-0.03,-10.05,-0.11,-0.01,-0.01,
1,0,-0.03,-10.05,-0.11,0,-0.01,
1,0,0,-10.07,-0.15,-0.01,-0.01,
1,0,0,-10.07,-0.15,-0.01,-0.01,
1,0,0,-10.07,-0.15,0,-0.01,
1,0,0,-10.01,-0.07,0,-0.01,
1,0,0,-10.01,-0.07,0,-0.01,
1,0,0,-10.01,-0.07,0,-0.01,
1,0,0,-10.02,-0.1,-0.01,-0.01,
1,0,0,-10.02,-0.1,-0.01,-0.01,
1,0,0,-10.02,-0.1,0,-0.01,
1,0,-0.04,-10.07,-0.08,-0.01,-0.01,
1,0,-0.04,-10.07,-0.08,-0.01,-0.01,
1,0,-0.04,-10.07,-0.08,0,-0.01,
1,0,-0.03,-10.02,-0.04,0,-0.01,
1,0,-0.03,-10.02,-0.04,0,-0.01,
1,0,-0.02,-10.02,-0.09,-0.01,0,
1,0,-0.02,-10.02,-0.09,-0.01,0,
1,0,-0.02,-10.02,-0.09,-0.01,-0.01,
1,0,0.01,-10.03,-0.1,0,-0.01,
1,0,0.01,-10.03,-0.1,0,-0.01,
1,0,0.01,-10.03,-0.1,0,-0.01,
1,0,0.01,-10.01,-0.01,0,-0.01,
1,0,0.01,-10.01,-0.01,0,-0.01,
1,0,0.01,-10.01,-0.01,0,-0.01,
1,0,0.02,-10.07,-0.08,-0.01,-0.01,
1,0,0.02,-10.07,-0.08,-0.01,-0.01,
1,0,0.02,-10.07,-0.08,0,-0.01,
1,0,0.03,-10.07,-0.1,-0.01,-0.01,
1,0,0.03,-10.07,-0.1,-0.01,-0.01,
1,0,0.03,-10.07,-0.1,-0.01,-0.01,
1,0,0,-10.07,-0.06,-0.01,-0.01,
1,0,0,-10.07,-0.06,0,-0.01,
1,0,0,-10.07,-0.06,0,-0.01,
1,0,-0.01,-10.01,-0.12,0,-0.01,
1,0,-0.01,-10.01,-0.12,-0.01,-0.01,
1,0,-0.01,-10.01,-0.12,0,-0.01,
1,0,0,-10.01,-0.12,0,-0.01,
1,0,0,-10.01,-0.12,-0.01,-0.01,
1,0,0,-10.01,-0.12,0,-0.01,
1,0,-0.01,-10.05,-0.12,0,-0.01,
1,0,-0.01,-10.05,-0.12,0,-0.01,
1,0,-0.01,-10.05,-0.12,-0.01,-0.01,
1,0,-0.02,-10.03,-0.07,-0.01,-0.01,
1,0,-0.02,-10.03,-0.07,0,-0.01,
1,0,-0.02,-10.03,-0.07,-0.01,-0.01,
1,0,-0.03,-9.98,-0.05,-0.01,-0.01,
1,0,-0.03,-9.98,-0.05,0,0,
1,0,-0.03,-9.98,-0.05,0,-0.01,
1,0,0,-10.05,-0.1,0,-0.01,
1,0,0,-10.05,-0.1,0,-0.01,
1,0,0,-10.05,-0.1,-0.01,-0.01,
1,0,-0.02,-9.98,-0.14,-0.01,-0.01,
1,0,-0.02,-9.98,-0.14,0,-0.01,
1,0,0,-9.97,-0.05,0,-0.01,
1,0,0,-9.97,-0.05,0,-0.01,
1,0,0,-9.97,-0.05,0,-0.01,
1,0,0.03,-10.06,-0.07,-0.01,-0.01,
1,0,0.03,-10.06,-0.07,-0.01,-0.01,
1,0,0.03,-10.06,-0.07,0,-0.01,
1,0,0,-10.02,-0.08,-0.01,-0.01,
1,0,0,-10.02,-0.08,-0.01,-0.01,
1,0,0,-10.02,-0.08,-0.01,-0.01,
1,0,-0.01,-10.07,-0.12,-0.01,-0.01,
1,0,-0.01,-10.07,-0.12,-0.01,-0.01,
1,0,-0.01,-10.07,-0.12,0,-0.01,
1,0,0.01,-10.02,-0.13,0,-0.01,
1,0,0.01,-10.02,-0.13,-0.01,-0.01,
1,0,0.01,-10.02,-0.13,0,-0.01,
1,0,0.06,-10.05,-0.12,0,-0.01,
1,0,0.06,-10.05,-0.12,-0.01,-0.01,
1,0,0.06,-10.05,-0.12,0,-0.01,
1,0,0.08,-9.95,-0.1,0,-0.01,
1,0,0.08,-9.95,-0.1,0,-0.01,
1,0,0.08,-9.95,-0.1,-0.01,-0.01,
1,0,0.01,-10.01,-0.12,-0.01,-0.01,
1,0,0.01,-10.01,-0.12,-0.01,-0.01,
1,0,0.01,-10.01,-0.12,0,-0.01,
1,0,0.04,-9.97,-0.06,0,-0.01,
1,0,0.04,-9.97,-0.06,-0.01,-0.01,
1,0,0.04,-9.97,-0.06,0,-0.01,
1,0,0.01,-10,-0.11,0,-0.01,
1,0,0.01,-10,-0.11,0,-0.01,
1,0,0.01,-10,-0.11,-0.01,-0.01,
1,0,0,-10,-0.11,-0.01,-0.01,
1,0,0,-10,-0.11,-0.01,-0.01,
1,0,0,-10,-0.11,0,-0.01,
1,0,-0.02,-10.02,-0.07,0,-0.01,
1,0,-0.02,-10.02,-0.07,0,-0.02,
1,0,0.01,-10.01,-0.06,0,-0.01,
1,0,0.01,-10.01,-0.06,0,-0.01,
1,0,0.01,-10.01,-0.06,0,-0.01,
1,0,0,-10.03,-0.08,-0.01,-0.01,
1,0,0,-10.03,-0.08,-0.01,-0.01,
1,0,0,-10.03,-0.08,-0.01,-0.01,
1,0,-0.01,-10.01,-0.08,-0.01,-0.01,
1,0,-0.01,-10.01,-0.08,-0.01,-0.01,
1,0,-0.01,-10.01,-0.08,0,-0.01,
1,0,0.04,-10.08,-0.11,0,-0.01,
1,0,0.04,-10.08,-0.11,0,-0.01,
1,0,0.04,-10.08,-0.11,0,-0.01,
1,0,0.02,-9.97,-0.07,0,-0.01,
1,0,0.02,-9.97,-0.07,-0.01,-0.01,
1,0,0.02,-9.97,-0.07,-0.01,-0.01,
1,0,-0.06,-10.01,-0.1,-0.01,-0.01,
1,0,-0.06,-10.01,-0.1,0,-0.01,
1,0,-0.06,-10.01,-0.1,0,-0.01,
1,0,-0.03,-9.97,-0.07,0,-0.01,
1,0,-0.03,-9.97,-0.07,0,-0.01,
1,0,-0.03,-9.97,-0.07,0,-0.01,
1,0,-0.05,-10.03,-0.09,0,-0.01,
1,0,-0.05,-10.03,-0.09,-0.01,-0.01,
1,0,-0.05,-10.03,-0.09,0,-0.01,
1,0,-0.08,-10.07,-0.11,0,-0.01,
1,0,-0.08,-10.07,-0.11,0,-0.01,
1,0,-0.08,-10.07,-0.11,0,-0.01,
1,0,0.01,-10.03,-0.04,0,-0.01,
1,0,0.01,-10.03,-0.04,-0.01,-0.01,
1,0,0.01,-10.03,-0.04,-0.01,-0.01,
1,0,0.02,-10.02,-0.04,0,-0.01,
1,0,0.02,-10.02,-0.04,0,-0.01,
1,0,0.02,-10.02,-0.04,0,-0.01,
1,0,0.01,-10.07,-0.12,-0.01,0,
1,0,0.01,-10.07,-0.12,-0.01,-0.01,
1,0,0.01,-10.07,-0.12,-0.01,-0.01,
1,0,0.01,-9.99,-0.1,-0.01,-0.01,
1,0,0.01,-9.99,-0.1,-0.01,-0.01,
1,0,0.01,-9.99,-0.1,-0.01,-0.01,
1,0,-0.01,-10.01,-0.01,0,-0.01,
1,0,-0.01,-10.01,-0.01,0,-0.01,
1,0,-0.01,-10.01,-0.01,-0.01,-0.01,
1,0,0.08,-10.07,-0.04,-0.01,0,
1,0,0.08,-10.07,-0.04,-0.01,0,
1,0,0.08,-10.07,-0.04,-0.01,0,
1,0,0,-10.06,-0.13,0,-0.01,
1,0,0,-10.06,-0.13,0,-0.01,
1,0,0.03,-10.07,-0.13,-0.01,-0.01,
1,0,0.03,-10.07,-0.13,0,-0.01,
1,0,0.03,-10.07,-0.13,0,-0.01,
1,0,0,-10.04,-0.05,-0.01,-0.01,
1,0,0,-10.04,-0.05,0,-0.01,
1,0,0,-10.04,-0.05,0,-0.01,
1,0,0.01,-10.02,-0.08,-0.01,-0.01,
1,0,0.01,-10.02,-0.08,0,-0.01,
1,0,0.01,-10.02,-0.08,0,-0.01,
1,0,-0.08,-9.99,-0.12,0,-0.01,
1,0,-0.08,-9.99,-0.12,0,-0.01,
1,0,-0.08,-9.99,-0.12,0,-0.01,
1,0,0.01,-10.04,-0.13,-0.01,-0.01,
1,0,0.01,-10.04,-0.13,-0.01,-0.01,
1,0,0.01,-10.04,-0.13,-0.01,-0.01,
1,0,0,-9.99,-0.09,0,-0.01,
1,0,0,-9.99,-0.09,0,-0.01,
1,0,0,-9.99,-0.09,0,-0.01,
1,0,0,-10.07,-0.13,0,0,
1,0,0,-10.07,-0.13,-0.01,-0.01,
1,0,0,-10.07,-0.13,-0.01,-0.01,
1,0,0.05,-10.04,-0.12,-0.01,-0.01,
1,0,0.05,-10.04,-0.12,-0.01,-0.01,
1,0,0.05,-10.04,-0.12,-0.01,-0.01,
1,0,0.06,-10.02,-0.1,-0.01,-0.01,
1,0,0.06,-10.02,-0.1,0,-0.01,
1,0,0.06,-10.02,-0.1,0,-0.01,
1,0,-0.01,-10.01,-0.11,0,0,
1,0,-0.01,-10.01,-0.11,0,0,
1,0,0,-9.98,-0.09,0,0,
1,0,0,-9.98,-0.09,-0.01,-0.01,
1,0,0,-9.98,-0.09,-0.01,-0.01,
1,0,-0.02,-10.05,-0.02,0,-0.01,
1,0,-0.02,-10.05,-0.02,0,-0.01,
1,0,-0.02,-10.05,-0.02,0,-0.01,
1,0,0.04,-10.03,-0.06,0,-0.01,
1,0,0.04,-10.03,-0.06,0,-0.01,
1,0,0.04,-10.03,-0.06,0,-0.01,
1,0,0.05,-10.09,-0.06,0,-0.01,
1,0,0.05,-10.09,-0.06,0,-0.01,
1,0,0.05,-10.09,-0.06,0,-0.01,
1,0,-0.01,-9.98,-0.1,-0.01,-0.01,
1,0,-0.01,-9.98,-0.1,-0.01,-0.01,
1,0,-0.01,-9.98,-0.1,-0.01,-0.01,
1,0,-0.03,-10.01,-0.1,0,-0.01,
1,0,-0.03,-10.01,-0.1,0,-0.01,
1,0,-0.03,-10.01,-0.1,0,-0.01,
1,0,0.03,-10.04,-0.14,-0.01,-0.01,
1,0,0.03,-10.04,-0.14,-0.01,-0.01,
1,0,0.03,-10.04,-0.14,-0.01,-0.01,
1,0,-0.01,-10.04,-0.13,-0.01,-0.01,
1,0,-0.01,-10.04,-0.13,-0.01,-0.01,
1,0,-0.01,-10.04,-0.13,0,-0.01,
1,0,-0.02,-9.96,-0.07,-0.01,-0.01,
1,0,-0.02,-9.96,-0.07,-0.01,-0.01,
1,0,-0.02,-9.96,-0.07,-0.01,-0.01,
1,0,-0.03,-10.03,-0.15,0,-0.01,
1,0,-0.03,-10.03,-0.15,0,-0.01,
1,0,-0.03,-10.03,-0.15,-0.01,-0.01,
1,0,-0.01,-10.01,-0.11,-0.01,-0.01,
1,0,-0.01,-10.01,-0.11,0,-0.01,
1,0,-0.01,-10.01,-0.11,-0.01,-0.01,
1,0,-0.01,-10.01,-0.08,-0.01,-0.01,
1,0,-0.01,-10.01,-0.08,-0.01,-0.01,
1,0,-0.01,-10.01,-0.08,-0.01,-0.01,
1,0,0.01,-10.03,-0.03,-0.01,-0.01,
1,0,0.01,-10.03,-0.03,0,-0.01,
1,0,0.01,-10.03,-0.03,-0.01,-0.01,
1,0,-0.01,-10.06,-0.09,-0.01,-0.01,
1,0,-0.01,-10.06,-0.09,0,-0.01,
1,0,-0.01,-10.06,-0.09,0,-0.01,
1,0,0.03,-10.05,-0.05,0,-0.01,
1,0,0.03,-10.05,-0.05,0,-0.01,
1,0,0.03,-10.05,-0.05,0,-0.01,
1,0,0.02,-10.06,-0.07,0,-0.01,
1,0,0.02,-10.06,-0.07,0,-0.01,
1,0,0.02,-10.06,-0.07,0,-0.01,
1,0,0.05,-10,-0.09,-0.01,-0.01,
1,0,0.05,-10,-0.09,-0.01,-0.01,
1,0,0.05,-10,-0.09,-0.01,0,
1,0,0.05,-10,-0.09,-0.01,-0.01,
1,0,-0.04,-9.97,-0.11,-0.01,-0.01,
1,0,-0.04,-9.97,-0.11,-0.01,0,
1,0,-0.04,-9.97,-0.11,-0.01,0,
1,0,-0.02,-10.05,-0.06,0,-0.01,
1,0,-0.02,-10.05,-0.06,0,-0.01,
1,0,-0.02,-10.05,-0.06,0,-0.01,
1,0,-0.08,-10.01,-0.04,0,-0.01,
1,0,-0.08,-10.01,-0.04,0,0,
1,0,-0.08,-10.01,-0.04,0,0,
1,0,-0.06,-10.01,-0.09,-0.01,0,
1,0,-0.06,-10.01,-0.09,-0.01,0,
1,0,-0.06,-10.01,-0.09,0,-0.01,
1,0,-0.03,-10.02,-0.06,0,-0.01,
1,0,-0.03,-10.02,-0.06,0,-0.01,
1,0,-0.03,-10.02,-0.06,-0.01,-0.01,
1,0,0.04,-10.04,-0.1,0,-0.01,
1,0,0.04,-10.04,-0.1,0,-0.01,
1,0,0.04,-10.04,-0.1,-0.01,-0.01,
1,0,0.07,-10.06,-0.07,0,-0.01,
1,0,0.07,-10.06,-0.07,0,-0.01,
1,0,0.07,-10.06,-0.07,0,-0.01,
1,0,-0.07,-10.06,-0.13,0,-0.01,
1,0,-0.07,-10.06,-0.13,0,-0.01,
1,0,-0.07,-10.06,-0.13,0,-0.01,
1,0,-0.01,-10.02,-0.07,0,-0.01,
1,0,-0.01,-10.02,-0.07,0,-0.01,
1,0,-0.01,-10.02,-0.07,0,-0.01,
1,0,-0.02,-10.07,-0.1,0,-0.01,
1,0,-0.02,-10.07,-0.1,-0.01,-0.01,
1,0,-0.02,-10.07,-0.1,0,-0.01,
1,0,-0.02,-9.98,-0.03,0,-0.01,
1,0,-0.02,-9.98,-0.03,0,-0.01,
1,0,-0.02,-9.98,-0.03,0,-0.01,
1,0,0.04,-10.07,-0.05,0,-0.01,
1,0,0.04,-10.07,-0.05,0,-0.01,
1,0,0.02,-10.08,-0.14,-0.01,-0.01,
1,0,0.02,-10.08,-0.14,-0.01,-0.01,
1,0,0.02,-10.08,-0.14,-0.01,-0.01,
1,0,0.05,-9.98,-0.09,-0.01,-0.01,
1,0,0.05,-9.98,-0.09,-0.01,-0.01,
1,0,0.05,-9.98,-0.09,-0.01,-0.01,
1,0,-0.02,-10,-0.05,-0.01,-0.01,
1,0,-0.02,-10,-0.05,0,-0.01,
1,0,-0.02,-10,-0.05,0,-0.01,
1,0,0,-10.03,-0.11,0,-0.01,
1,0,0,-10.03,-0.11,-0.01,-0.01,
1,0,0,-10.03,-0.11,0,-0.01,
1,0,0.03,-10.03,-0.09,0,-0.01,
1,0,0.03,-10.03,-0.09,0,-0.01,
1,0,0.03,-10.03,-0.09,0,-0.01,
1,0,0,-9.95,-0.1,0,-0.01,
1,0,0,-9.95,-0.1,0,-0.01,
1,0,0,-9.95,-0.1,0,-0.01,
1,0,0.01,-10.05,-0.14,0,-0.01,
1,0,0.01,-10.05,-0.14,0,-0.01,
1,0,0.01,-10.05,-0.14,0,-0.01,
1,0,-0.03,-10.01,-0.08,0,-0.01,
1,0,-0.03,-10.01,-0.08,0,-0.01,
1,0,-0.03,-10.01,-0.08,0,-0.01,
1,0,0.04,-10.02,-0.09,0,-0.01,
1,0,-0.02,-10.02,-0.11,-0.01,-0.01,
1,0,-0.05,-9.96,-0.06,0,-0.01,
1,0,0,-9.99,-0.08,0,-0.01,
1,0,0.02,-10.05,-0.11,0,-0.01,
1,0,0.01,-10.03,-0.03,0,-0.01,
1,0,0.1,-10.02,-0.07,0,0,
1,0,0.1,-10.02,-0.07,0,-0.01,
1,0,0.1,-10.02,-0.07,0,-0.01,
1,0,0,-10.05,-0.1,-0.01,-0.01,
1,0,0,-10.05,-0.1,-0.01,-0.01,
1,0,0,-10.05,-0.1,-0.01,-0.01,
1,0,0,-10.03,-0.06,0,-0.01,
1,0,0,-10.03,-0.06,0,-0.01,
1,0,0,-10.03,-0.06,0,-0.01,
1,0,0.08,-10.01,-0.1,-0.01,-0.01,
1,0,0.08,-10.01,-0.1,-0.01,-0.01,
1,0,0.08,-10.01,-0.1,-0.01,-0.01,
1,0,0.02,-10.08,-0.14,0,-0.01,
1,0,0.02,-10.08,-0.14,0,-0.01,
1,0,0.02,-10.08,-0.14,0,-0.01,
1,0,-0.02,-9.99,-0.01,0,-0.01,
1,0,-0.02,-9.99,-0.01,0,-0.01,
1,0,0.06,-10.01,-0.08,0,-0.01,
1,0,0.06,-10.01,-0.08,0,-0.01,
1,0,0.06,-10.01,-0.08,0,-0.01,
1,0,-0.01,-10.08,-0.12,0,-0.01,
1,0,-0.01,-10.08,-0.12,0,-0.01,
1,0,-0.01,-10.08,-0.12,-0.01,-0.01,
1,0,0.1,-10.03,-0.1,-0.01,-0.01,
1,0,0.1,-10.03,-0.1,0,-0.01,
1,0,0.1,-10.03,-0.1,0,-0.01,
1,0,-0.02,-10,-0.01,-0.01,-0.01,
1,0,-0.02,-10,-0.01,-0.01,0,
1,0,-0.02,-10,-0.01,-0.01,0,
1,0,0.02,-10.03,-0.1,0,-0.01,
1,0,0.02,-10.03,-0.1,-0.01,-0.01,
1,0,0.02,-10.03,-0.1,-0.01,-0.01,
1,0,0.01,-10.01,-0.1,-0.01,-0.01,
1,0,0.01,-10.01,-0.1,0,-0.01,
1,0,0.01,-10.01,-0.1,0,-0.01,
1,0,0.05,-10.02,-0.09,0,-0.01,
1,0,0.05,-10.02,-0.09,0,-0.01,
1,0,0.05,-10.02,-0.09,0,-0.01,
1,0,0.05,-10.04,-0.08,0,-0.01,
1,0,0.05,-10.04,-0.08,0,-0.01,
1,0,0.05,-10.04,-0.08,0,-0.01,
1,0,-0.02,-9.92,-0.06,-0.01,-0.01,
1,0,-0.02,-9.92,-0.06,-0.01,-0.01,
1,0,-0.02,-9.92,-0.06,-0.01,-0.01,
1,0,0.03,-10,-0.09,0,-0.01,
1,0,0.03,-10,-0.09,0,-0.01,
1,0,0.03,-10,-0.09,0,-0.01,
1,0,0,-10.05,-0.11,-0.01,-0.01,
1,0,0,-10.05,-0.11,-0.01,-0.01,
1,0,0,-10.05,-0.11,0,-0.01,
1,0,0,-10,-0.1,0,-0.01,
1,0,0,-10,-0.1,0,-0.01,
1,0,0,-10,-0.1,0,-0.01,
1,0,-0.02,-10.05,-0.02,-0.01,-0.01,
1,0,-0.02,-10.05,-0.02,-0.01,-0.01,
1,0,0,-9.99,-0.1,0,-0.01,
1,0,0,-9.99,-0.1,-0.01,-0.01,
1,0,0,-9.99,-0.1,-0.01,-0.01,
1,0,0.04,-9.97,-0.05,0,-0.01,
1,0,0.04,-9.97,-0.05,0,-0.01,
1,0,0.04,-9.97,-0.05,0,-0.01,
1,0,0.01,-10.1,-0.14,0,-0.01,
1,0,0.01,-10.1,-0.14,0,0,
1,0,0.01,-10.1,-0.14,0,-0.01,
1,0,0.05,-9.97,-0.08,0,-0.01,
1,0,0.05,-9.97,-0.08,0,-0.01,
1,0,0.05,-9.97,-0.08,0,-0.01,
1,0,0,-10.03,-0.09,0,-0.01,
1,0,0,-10.03,-0.09,0,-0.01,
1,0,0,-10.03,-0.09,-0.01,-0.01,
1,0,0,-10.09,-0.1,-0.01,-0.01,
1,0,0,-10.09,-0.1,0,-0.01,
1,0,0,-10.02,-0.12,-0.01,-0.01,
1,0,0,-10.02,-0.12,-0.01,-0.01,
1,0,0,-10.02,-0.12,-0.01,-0.01,
1,0,0.05,-10.02,-0.05,-0.01,-0.01,
1,0,0.05,-10.02,-0.05,-0.01,-0.01,
1,0,0.05,-10.02,-0.05,-0.01,-0.01,
1,0,0.11,-10.03,-0.07,-0.01,-0.01,
1,0,0.11,-10.03,-0.07,-0.01,-0.01,
1,0,0.11,-10.03,-0.07,-0.01,-0.01,
1,0,0.05,-9.97,-0.05,0,-0.01,
1,0,0.05,-9.97,-0.05,0,-0.01,
1,0,0.05,-9.97,-0.05,0,-0.01,
1,0,0.06,-10.09,-0.12,0,-0.01,
1,0,0.06,-10.09,-0.12,0,-0.01,
1,0,0.06,-10.09,-0.12,0,-0.01,
1,0,-0.01,-9.99,-0.06,0,-0.01,
1,0,-0.01,-9.99,-0.06,0,-0.01,
1,0,-0.04,-10.06,-0.12,0,-0.01,
1,0,-0.04,-10.06,-0.12,0,-0.01,
1,0,-0.04,-10.06,-0.12,0,-0.01,
1,0,-0.05,-10.02,-0.06,0,-0.01,
1,0,-0.05,-10.02,-0.06,0,-0.01,
1,0,-0.05,-10.02,-0.06,0,-0.01,
1,0,-0.03,-9.99,-0.14,0,-0.01,
1,0,-0.03,-9.99,-0.14,0,-0.01,
1,0,-0.03,-9.99,-0.14,0,-0.01,
1,0,0.02,-10.06,-0.07,0,-0.01,
1,0,0.02,-10.06,-0.07,-0.01,-0.01,
1,0,0.02,-10.06,-0.07,-0.01,-0.01,
1,0,-0.01,-10.07,-0.09,-0.01,-0.01,
1,0,-0.01,-10.07,-0.09,0,-0.01,
1,0,-0.01,-9.98,-0.11,0,-0.01,
1,0,-0.01,-9.98,-0.11,0,-0.01,
1,0,-0.01,-9.98,-0.11,0,-0.01,
1,0,0.03,-10.04,-0.11,-0.01,-0.01,
1,0,0.03,-10.04,-0.11,-0.01,-0.01,
1,0,0.03,-10.04,-0.11,0,-0.01,
1,0,0.02,-10.03,-0.09,-0.01,-0.01,
1,0,0.02,-10.03,-0.09,-0.01,-0.01,
1,0,0.02,-10.03,-0.09,0,-0.01,
1,0,0,-10.05,-0.06,0,-0.01,
1,0,0,-10.05,-0.06,0,-0.01,
1,0,0,-10.05,-0.06,-0.01,-0.01,
1,0,-0.02,-10.07,-0.09,0,-0.01,
1,0,-0.02,-10.07,-0.09,0,-0.01,
1,0,-0.02,-10.07,-0.09,-0.01,-0.01,
1,0,0.01,-10.08,-0.06,0,-0.01,
1,0,0.01,-10.08,-0.06,0,-0.01,
1,0,0.01,-10.08,-0.06,0,-0.01,
1,0,-0.01,-10.01,-0.05,-0.01,-0.01,
1,0,-0.01,-10.01,-0.05,-0.01,-0.01,
1,0,-0.02,-10.04,-0.14,-0.01,-0.01,
1,0,-0.02,-10.04,-0.14,-0.01,-0.01,
1,0,-0.02,-10.04,-0.14,-0.01,-0.01,
1,0,0,-10,-0.06,-0.01,-0.01,
1,0,0,-10,-0.06,-0.01,-0.01,
1,0,0,-10,-0.06,0,-0.01,
1,0,-0.03,-10.01,-0.05,0,-0.01,
1,0,-0.03,-10.01,-0.05,0,-0.01,
1,0,-0.03,-10.01,-0.05,0,-0.01,
1,0,0.03,-10,-0.06,0,-0.01,
1,0,0.03,-10,-0.06,0,-0.01,
1,0,0.03,-10,-0.06,0,-0.01,
1,0,0,-10.03,-0.07,-0.01,-0.01,
1,0,0,-10.03,-0.07,-0.01,-0.01,
1,0,0,-10.03,-0.07,-0.01,-0.01,
1,0,-0.02,-10.07,-0.11,-0.01,-0.01,
1,0,-0.02,-10.07,-0.11,-0.01,-0.01,
1,0,-0.02,-10.07,-0.11,-0.01,-0.01,
1,0,0.01,-10.06,-0.13,0,-0.01,
1,0,0.01,-10.06,-0.13,0,-0.01,
1,0,0.01,-10.06,-0.13,-0.01,0,
1,0,0,-10.07,-0.08,-0.01,-0.01,
1,0,0,-10.07,-0.08,-0.01,-0.01,
1,0,0,-10.07,-0.08,-0.01,-0.01,
1,0,0.01,-10.05,-0.13,0,0,
1,0,0.01,-10.05,-0.13,0,0,
1,0,0.01,-10.05,-0.13,0,-0.01,
1,0,0.04,-10.07,-0.09,0,-0.01,
1,0,0.04,-10.07,-0.09,0,-0.01,
1,0,0.04,-10.07,-0.09,0,-0.01,
1,0,0.03,-10.01,-0.07,0,-0.01,
1,0,0.03,-10.01,-0.07,0,-0.01,
1,0,0.02,-10.08,-0.12,-0.01,0,
1,0,0.02,-10.08,-0.12,0,-0.01,
1,0,0.02,-10.08,-0.12,0,-0.01,
1,0,-0.01,-10.03,-0.12,-0.01,-0.01,
1,0,-0.01,-10.03,-0.12,0,-0.01,
1,0,-0.01,-10.03,-0.12,0,-0.01,
1,0,-0.05,-10.06,-0.12,0,-0.01,
1,0,-0.05,-10.06,-0.12,-0.01,-0.01,
1,0,-0.05,-10.06,-0.12,-0.01,-0.01,
1,0,0.04,-10.07,-0.1,0,0,
1,0,0.04,-10.07,-0.1,-0.01,-0.01,
1,0,0.04,-10.07,-0.1,-0.01,-0.01,
1,0,-0.01,-10.03,-0.12,-0.01,-0.01,
1,0,-0.01,-10.03,-0.12,0,-0.01,
1,0,0,-10.1,-0.13,0,-0.01,
1,0,0,-10.1,-0.13,0,-0.01,
1,0,0,-10.1,-0.13,0,-0.01,
1,0,0.02,-9.99,-0.1,0,-0.01,
1,0,0.02,-9.99,-0.1,-0.01,-0.01,
1,0,0.02,-9.99,-0.1,0,-0.01,
1,0,-0.01,-10.07,-0.09,-0.01,-0.01,
1,0,-0.01,-10.07,-0.09,-0.01,-0.01,
1,0,-0.01,-10.07,-0.09,-0.01,-0.01,
1,0,0.01,-10.05,-0.11,-0.01,-0.01,
1,0,0.01,-10.05,-0.11,-0.01,-0.01,
1,0,0.01,-10.05,-0.11,0,-0.01,
1,0,-0.05,-10.03,-0.09,0,-0.01,
1,0,-0.05,-10.03,-0.09,0,-0.01,
1,0,-0.05,-10.03,-0.09,0,-0.01,
1,0,0.04,-10.02,-0.11,-0.01,-0.01,
1,0,0.04,-10.02,-0.11,-0.01,-0.01,
1,0,0.01,-10.03,-0.12,-0.01,-0.01,
1,0,0.01,-10.03,-0.12,-0.01,-0.01,
1,0,0.01,-10.03,-0.12,-0.01,-0.01,
1,0,0.04,-10.06,-0.08,-0.01,-0.01,
1,0,0.04,-10.06,-0.08,-0.01,-0.01,
1,0,0.04,-10.06,-0.08,-0.01,-0.01,
1,0,0.03,-10.03,-0.08,0,-0.01,
1,0,0.03,-10.03,-0.08,0,-0.01,
1,0,0.03,-10.03,-0.08,0,-0.01,
1,0,0.05,-10.04,-0.09,0,0,
1,0,0.05,-10.04,-0.09,0,-0.01,
1,0,0.05,-10.04,-0.09,0,-0.01,
1,0,0.05,-10.03,-0.08,-0.01,-0.01,
1,0,0.05,-10.03,-0.08,0,-0.01,
1,0,0.05,-10.03,-0.08,0,-0.01,
1,0,0.02,-10.07,-0.13,0,-0.01,
1,0,0.02,-10.07,-0.13,-0.01,-0.01,
1,0,0.02,-10.07,-0.13,-0.01,-0.01,
1,0,0.01,-9.94,-0.1,0,-0.01,
1,0,0.01,-9.94,-0.1,-0.01,-0.01,
1,0,0.05,-10.01,-0.12,-0.01,-0.01,
1,0,0.05,-10.01,-0.12,0,-0.01,
1,0,0.05,-10.01,-0.12,-0.01,-0.01,
1,0,-0.04,-10.04,-0.06,-0.01,-0.01,
1,0,-0.04,-10.04,-0.06,0,-0.01,
1,0,-0.04,-10.04,-0.06,0,-0.01,
1,0,0.03,-10.07,-0.09,0,-0.01,
1,0,0.03,-10.07,-0.09,0,-0.01,
1,0,0.03,-10.07,-0.09,-0.01,-0.01,
1,0,0.07,-10.02,-0.04,-0.01,-0.01,
1,0,0.07,-10.02,-0.04,-0.01,-0.01,
1,0,0.07,-10.02,-0.04,0,-0.01,
1,0,-0.01,-9.99,-0.02,0,-0.01,
1,0,-0.01,-9.99,-0.02,0,-0.01,
1,0,-0.01,-9.99,-0.02,-0.01,-0.01,
1,0,0.06,-10.07,-0.11,-0.01,-0.01,
1,0,0.06,-10.07,-0.11,0,-0.01,
1,0,0.06,-10.07,-0.11,-0.01,-0.01,
1,0,-0.06,-10.06,-0.14,-0.01,-0.01,
1,0,-0.06,-10.06,-0.14,0,-0.01,
1,0,-0.03,-9.99,-0.03,0,-0.01,
1,0,-0.03,-9.99,-0.03,0,-0.01,
1,0,-0.03,-9.99,-0.03,-0.01,-0.01,
1,0,-0.02,-10.08,-0.08,0,-0.01,
1,0,-0.02,-10.08,-0.08,0,-0.01,
1,0,-0.02,-10.08,-0.08,-0.01,-0.01,
1,0,0.04,-10,-0.07,-0.01,-0.01,
1,0,0.04,-10,-0.07,-0.01,-0.01,
1,0,0.04,-10,-0.07,-0.01,-0.01,
1,0,0.05,-10.08,-0.05,-0.01,-0.02,
1,0,0.05,-10.08,-0.05,-0.01,-0.02,
1,0,0.05,-10.08,-0.05,0,-0.01,
1,0,0.02,-10.03,-0.08,0,-0.01,
1,0,0.02,-10.03,-0.08,0,-0.01,
1,0,0.02,-10.03,-0.08,0,-0.01,
1,0,0.04,-10.03,-0.07,0,-0.01,
1,0,0.04,-10.03,-0.07,0,-0.01,
1,0,0.04,-10.03,-0.07,0,-0.01,
1,0,0.06,-10.06,-0.14,0,-0.01,
1,0,0.06,-10.06,-0.14,0,-0.01,
1,0,0.06,-10.06,-0.14,0,-0.01,
1,0,-0.05,-10.06,-0.13,0,-0.01,
1,0,-0.05,-10.06,-0.13,0,-0.01,
1,0,-0.04,-10.05,-0.04,-0.01,-0.01,
1,0,-0.04,-10.05,-0.04,-0.01,-0.01,
1,0,-0.04,-10.05,-0.04,-0.01,-0.01,
1,0,0.07,-10.02,-0.09,0,-0.01,
1,0,0.07,-10.02,-0.09,0,-0.01,
1,0,0.07,-10.02,-0.09,0,-0.01,
1,0,-0.02,-10.05,-0.12,0,-0.01,
1,0,-0.02,-10.05,-0.12,0,-0.01,
1,0,-0.02,-10.05,-0.12,0,-0.01,
1,0,0.05,-10.09,-0.12,0,-0.01,
1,0,0.05,-10.09,-0.12,-0.01,-0.01,
1,0,0.05,-10.09,-0.12,-0.01,-0.01,
1,0,0.05,-10.01,-0.11,0,-0.01,
1,0,0.05,-10.01,-0.11,-0.01,-0.01,
1,0,0.05,-10.01,-0.11,-0.01,-0.01,
1,0,0.07,-10,-0.06,-0.01,-0.01,
1,0,0.07,-10,-0.06,0,-0.01,
1,0,0.02,-9.99,-0.11,0,-0.01,
1,0,0.02,-9.99,-0.11,-0.01,-0.01,
1,0,0.02,-9.99,-0.11,-0.01,-0.01,
1,0,0.01,-10.03,-0.04,-0.01,-0.01,
1,0,0.01,-10.03,-0.04,0,-0.01,
1,0,0.01,-10.03,-0.04,-0.01,-0.01,
1,0,0,-10.05,-0.09,0,-0.01,
1,0,0,-10.05,-0.09,0,-0.01,
1,0,0,-10.05,-0.09,0,-0.01,
1,0,-0.05,-9.98,-0.13,0,-0.01,
1,0,-0.05,-9.98,-0.13,0,-0.01,
1,0,-0.05,-9.98,-0.13,0,-0.01,
1,0,-0.04,-9.96,-0.04,0,0,
1,0,-0.04,-9.96,-0.04,0,0,
1,0,-0.04,-9.96,-0.04,0,-0.01,
1,0,0.02,-10.04,-0.14,0,-0.01,
1,0,0.02,-10.04,-0.14,0,-0.01,
1,0,0,-10.04,-0.12,0,-0.01,
1,0,0,-10.04,-0.12,0,-0.01,
1,0,0,-10.04,-0.12,0,-0.01,
1,0,0.01,-10.03,-0.08,0,-0.01,
1,0,0.01,-10.03,-0.08,0,-0.01,
1,0,0.01,-10.03,-0.08,0,-0.01,
1,0,0.02,-10,-0.15,0,-0.01,
1,0,0.02,-10,-0.15,0,-0.01,
1,0,0.02,-10,-0.15,0,-0.01,
1,0,0,-10.03,-0.04,0,-0.01,
1,0,0,-10.03,-0.04,0,-0.01,
1,0,0,-10.03,-0.04,0,-0.01,
1,0,-0.04,-10.08,-0.11,0,-0.01,
1,0,-0.04,-10.08,-0.11,0,-0.01,
1,0,0,-9.98,-0.05,0,-0.01,
1,0,0,-9.98,-0.05,-0.01,-0.01,
1,0,0,-9.98,-0.05,-0.01,-0.01,
1,0,-0.02,-9.99,-0.1,-0.01,-0.01,
1,0,-0.02,-9.99,-0.1,-0.01,-0.01,
1,0,-0.02,-9.99,-0.1,-0.01,-0.01,
1,0,0.05,-9.96,-0.11,0,-0.01,
1,0,0.05,-9.96,-0.11,0,-0.01,
1,0,0.05,-9.96,-0.11,-0.01,-0.01,
1,0,0.01,-10.01,-0.08,0,-0.01,
1,0,0.01,-10.01,-0.08,0,-0.01,
1,0,0.01,-10.01,-0.08,-0.01,-0.01,
1,0,0,-10.02,-0.11,-0.01,-0.01,
1,0,0,-10.02,-0.11,-0.01,-0.01,
1,0,-0.08,-10.1,-0.05,0,-0.01,
1,0,-0.08,-10.1,-0.05,0,-0.01,
1,0,-0.08,-10.1,-0.05,0,-0.01,
1,0,0.01,-10.05,-0.03,0,-0.01,
1,0,0.01,-10.05,-0.03,0,-0.01,
1,0,0.01,-10.05,-0.03,0,-0.01,
1,0,0.04,-10.01,-0.12,0,-0.01,
1,0,0.04,-10.01,-0.12,0,-0.01,
1,0,0.04,-10.01,-0.12,0,-0.01,
1,0,-0.06,-9.97,-0.02,0,0,
1,0,-0.06,-9.97,-0.02,0,0,
1,0,-0.06,-9.97,-0.02,-0.01,-0.01,
1,0,-0.02,-10.06,-0.09,0,0,
1,0,-0.02,-10.06,-0.09,0,0,
1,0,-0.02,-10.06,-0.09,0,-0.01,
1,0,-0.01,-10.02,-0.04,0,0,
1,0,-0.01,-10.02,-0.04,0,0,
1,0,-0.01,-10.02,-0.04,-0.01,-0.01,
1,0,-0.04,-10.06,-0.09,-0.01,-0.01,
1,0,-0.04,-10.06,-0.09,-0.01,-0.01,
1,0,-0.04,-10.06,-0.09,0,-0.01,
1,0,0.03,-10.03,-0.09,0,-0.01,
1,0,0.03,-10.03,-0.09,0,-0.01,
1,0,0.03,-10.03,-0.09,0,-0.01,
1,0,-0.01,-9.97,-0.02,0,-0.01,
1,0,-0.01,-9.97,-0.02,-0.01,-0.01,
1,0,-0.01,-9.97,-0.02,0,-0.01,
1,0,0.01,-10.06,-0.11,0,-0.01,
1,0,0.01,-10.06,-0.11,0,-0.01,
1,0,0.01,-10.06,-0.11,-0.01,-0.01,
1,0,0,-10.04,-0.06,-0.01,-0.01,
1,0,0,-10.04,-0.06,-0.01,-0.01,
1,0,0,-10.04,-0.06,-0.01,-0.01,
1,0,0,-10.04,-0.1,-0.01,-0.01,
1,0,0,-10.04,-0.1,0,-0.01,
1,0,0,-10.04,-0.1,0,-0.01,
1,0,0.03,-10.04,-0.09,0,-0.01,
1,0,0.03,-10.04,-0.09,0,-0.01,
1,0,-0.06,-10.1,-0.04,-0.01,-0.01,
1,0,-0.06,-10.1,-0.04,-0.01,-0.01,
1,0,-0.06,-10.1,-0.04,0,-0.01,
1,0,0.03,-10.06,-0.12,0,-0.01,
1,0,0.03,-10.06,-0.12,0,-0.01,
1,0,0.03,-10.06,-0.12,-0.01,-0.01,
1,0,0,-9.96,-0.1,0,-0.02,
1,0,0,-9.96,-0.1,0,-0.02,
1,0,0,-9.96,-0.1,0,-0.01,
1,0,0.01,-10.03,-0.08,-0.01,-0.01,
1,0,0.01,-10.03,-0.08,-0.01,-0.01,
1,0,0.01,-10.03,-0.08,0,-0.01,
1,0,0,-9.99,-0.1,-0.01,-0.01,
1,0,0,-9.99,-0.1,-0.01,-0.01,
1,0,0,-9.99,-0.1,-0.01,-0.01,
1,0,0.02,-9.98,-0.05,0,-0.01,
1,0,0.02,-9.98,-0.05,0,-0.01,
1,0,0.02,-9.98,-0.05,0,-0.01,
1,0,0.05,-10.02,-0.12,0,-0.01,
1,0,0.05,-10.02,-0.12,0,-0.01,
1,0,0.03,-9.97,-0.04,0,-0.01,
1,0,0.03,-9.97,-0.04,-0.01,-0.01,
1,0,0.03,-9.97,-0.04,0,-0.01,
1,0,-0.02,-10,-0.1,0,-0.01,
1,0,-0.02,-10,-0.1,0,-0.01,
1,0,-0.02,-10,-0.1,0,-0.01,
1,0,-0.08,-10.01,-0.08,-0.01,-0.01,
1,0,-0.08,-10.01,-0.08,-0.01,-0.01,
1,0,-0.08,-10.01,-0.08,-0.01,-0.01,
1,0,0,-10.04,-0.07,-0.01,0,
1,0,0,-10.04,-0.07,0,-0.01,
1,0,0,-10.04,-0.07,0,-0.01,
1,0,-0.02,-10.01,-0.06,-0.01,-0.02,
1,0,-0.02,-10.01,-0.06,-0.01,-0.01,
1,0,-0.02,-10.01,-0.06,-0.01,-0.01,
1,0,-0.01,-9.99,-0.02,0,-0.01,
1,0,-0.01,-9.99,-0.02,0,-0.01,
1,0,-0.01,-9.99,-0.02,0,-0.01,
1,0,0.04,-10.04,-0.07,-0.01,-0.01,
1,0,0.04,-10.04,-0.07,0,-0.01,
1,0,-0.04,-10.02,-0.06,0,-0.01,
1,0,-0.04,-10.02,-0.06,0,-0.01,
1,0,-0.04,-10.02,-0.06,-0.01,-0.01,
1,0,-0.02,-10.04,-0.11,0,-0.01,
1,0,-0.02,-10.04,-0.11,0,-0.01,
1,0,-0.02,-10.04,-0.11,-0.01,-0.01,
1,0,-0.02,-10.05,-0.01,0,-0.01,
1,0,-0.02,-10.05,-0.01,0,-0.01,
1,0,-0.02,-10.05,-0.01,0,-0.01,
1,0,0,-10.09,-0.06,0,-0.01,
1,0,0,-10.09,-0.06,0,-0.01,
1,0,0,-10.09,-0.06,-0.01,-0.01,
1,0,0.03,-9.97,-0.13,0,-0.01,
1,0,0.03,-9.97,-0.13,0,-0.01,
1,0,0.03,-9.97,-0.13,0,-0.01,
1,0,0.02,-10.06,-0.1,0,-0.01,
1,0,0.02,-10.06,-0.1,0,-0.01,
1,0,-0.01,-10.03,-0.12,0,-0.01,
1,0,-0.01,-10.03,-0.12,-0.01,-0.01,
1,0,-0.01,-10.03,-0.12,-0.01,-0.01,
1,0,0.01,-10.01,-0.11,-0.01,-0.01,
1,0,0.01,-10.01,-0.11,-0.01,-0.01,
1,0,0.01,-10.01,-0.11,-0.01,-0.01,
1,0,-0.02,-10.06,-0.02,0,-0.01,
1,0,-0.02,-10.06,-0.02,0,-0.01,
1,0,-0.02,-10.06,-0.02,0,-0.01,
1,0,-0.04,-9.98,-0.07,0,-0.01,
1,0,-0.04,-9.98,-0.07,0,-0.01,
1,0,-0.04,-9.98,-0.07,-0.01,-0.01,
1,0,0,-10.05,-0.07,-0.01,-0.01,
1,0,0,-10.05,-0.07,-0.01,-0.01,
1,0,0,-10.05,-0.07,-0.01,-0.01,
1,0,0.05,-10.03,-0.13,0,-0.01,
1,0,0.05,-10.03,-0.13,0,-0.01,
1,0,0.05,-10.03,-0.13,0,-0.01,
1,0,-0.03,-10.04,-0.06,0,-0.01,
1,0,-0.03,-10.04,-0.06,0,-0.01,
1,0,-0.03,-10.04,-0.06,0,-0.01,
1,0,0.08,-10.05,-0.11,-0.01,-0.01,
1,0,0.08,-10.05,-0.11,-0.01,-0.01,
1,0,0.08,-10.05,-0.11,0,-0.01,
1,0,0.05,-10.01,-0.15,0,-0.01,
1,0,0.05,-10.01,-0.15,0,-0.01,
1,0,0.05,-10.01,-0.15,0,-0.01,
1,0,-0.01,-9.97,-0.04,-0.01,-0.01,
1,0,-0.01,-9.97,-0.04,-0.01,-0.01,
1,0,-0.01,-9.97,-0.04,0,0,
1,0,-0.02,-10.1,-0.1,0,-0.01,
1,0,-0.02,-10.1,-0.1,0,-0.01,
1,0,-0.02,-10.1,-0.1,-0.01,-0.01,
1,0,0.02,-10.05,-0.16,0,-0.01,
1,0,0.02,-10.05,-0.16,0,-0.01,
1,0,-0.01,-10.03,-0.11,-0.01,-0.01,
1,0,-0.01,-10.03,-0.11,0,-0.01,
1,0,-0.01,-10.03,-0.11,0,-0.01,
1,0,0.01,-10.06,-0.08,0,-0.01,
1,0,0.01,-10.06,-0.08,0,0,
1,0,0.01,-10.06,-0.08,0,0,
1,0,0.01,-10.02,-0.09,0,-0.01,
1,0,0.01,-10.02,-0.09,0,-0.01,
1,0,0.01,-10.02,-0.09,0,-0.01,
1,0,0.05,-10.02,-0.08,0,-0.01,
1,0,0.05,-10.02,-0.08,0,-0.01,
1,0,0.05,-10.02,-0.08,0,-0.01,
1,0,-0.05,-10.02,-0.1,0,-0.01,
1,0,-0.05,-10.02,-0.1,0,-0.01,
1,0,-0.05,-10.02,-0.1,0,-0.01,
1,0,-0.03,-10.01,-0.08,0,-0.01,
1,0,-0.03,-10.01,-0.08,0,-0.01,
1,0,0.01,-9.93,0.02,0,-0.01,
1,0,0.01,-9.93,0.02,-0.01,-0.01,
1,0,0.01,-9.93,0.02,-0.01,-0.01,
1,0,-0.08,-10.03,-0.14,-0.01,-0.01,
1,0,-0.08,-10.03,-0.14,0,0,
1,0,-0.08,-10.03,-0.14,-0.01,0,
1,0,0.02,-10.05,-0.18,-0.01,0,
1,0,0.02,-10.05,-0.18,0,-0.01,
1,0,0.02,-10.05,-0.18,0,0,
1,0,0.04,-10.01,-0.01,0,0,
1,0,0.04,-10.01,-0.01,0,-0.01,
1,0,0.04,-10.01,-0.01,0,-0.01,
1,0,0.05,-10.01,-0.05,0,-0.01,
1,0,0.05,-10.01,-0.05,-0.01,-0.01,
1,0,0.05,-10.01,-0.05,0,-0.01,
1,0,0.07,-9.93,-0.14,0,-0.01,
1,0,0.07,-9.93,-0.14,0,-0.01,
1,0,-0.05,-10.1,-0.19,-0.01,-0.01,
1,0,-0.05,-10.1,-0.19,-0.01,-0.01,
1,0,-0.05,-10.1,-0.19,-0.01,-0.01,
1,0,-0.01,-10.04,0,0,-0.01,
1,0,-0.01,-10.04,0,0,-0.01,
1,0,-0.01,-10.04,0,0,-0.01,
1,0,-0.01,-10.06,-0.13,0,-0.01,
1,0,-0.01,-10.06,-0.13,0,-0.01,
1,0,-0.01,-10.06,-0.13,-0.01,-0.01,
1,0,-0.01,-10.08,-0.23,0,0,
1,0,-0.01,-10.08,-0.23,0,0,
1,0,-0.01,-10.08,-0.23,-0.01,-0.01,
1,0,0.09,-10.01,-0.02,0,-0.01,
1,0,0.09,-10.01,-0.02,0,-0.01,
1,0,0.09,-10.01,-0.02,0,-0.01,
1,0,0.05,-10,0,0,-0.01,
1,0,0.05,-10,0,-0.01,-0.01,
1,0,-0.05,-10.01,-0.08,-0.01,-0.01,
1,0,-0.05,-10.01,-0.08,-0.01,-0.01,
1,0,-0.05,-10.01,-0.08,0,-0.01,
1,0,0.01,-10.07,-0.19,0,-0.01,
1,0,0.01,-10.07,-0.19,0,-0.01,
1,0,0.01,-10.07,-0.19,0,-0.01,
1,0,-0.02,-9.97,-0.01,0,-0.01,
1,0,-0.02,-9.97,-0.01,-0.01,-0.01,
1,0,-0.02,-9.97,-0.01,-0.01,-0.01,
1,0,-0.01,-10.02,-0.08,-0.01,-0.01,
1,0,-0.01,-10.02,-0.08,-0.01,-0.01,
1,0,-0.01,-10.02,-0.08,-0.01,-0.01,
1,0,-0.01,-10.05,-0.14,-0.01,-0.01,
1,0,-0.01,-10.05,-0.14,0,-0.01,
1,0,-0.01,-10.05,-0.14,0,-0.01,
1,0,0.04,-10.03,-0.01,0,-0.01,
1,0,0.04,-10.03,-0.01,0,-0.01,
1,0,0.09,-10.02,0.02,0,-0.01,
1,0,0.09,-10.02,0.02,0,-0.01,
1,0,0.09,-10.02,0.02,-0.01,-0.01,
1,0,0.02,-10,-0.09,-0.01,0,
1,0,0.02,-10,-0.09,-0.01,0,
1,0,0.02,-10,-0.09,-0.01,-0.01,
1,0,0.01,-10.07,-0.16,0,-0.01,
1,0,0.01,-10.07,-0.16,0,-0.01,
1,0,0.01,-10.07,-0.16,0,-0.01,
1,0,-0.03,-9.97,-0.05,0,-0.01,
1,0,-0.03,-9.97,-0.05,0,-0.01,
1,0,-0.03,-9.97,-0.05,-0.01,-0.01,
1,0,-0.01,-10.05,-0.05,-0.01,-0.01,
1,0,-0.01,-10.05,-0.05,0,-0.01,
1,0,-0.01,-10.05,-0.05,-0.01,-0.01,
1,0,0.02,-10,-0.12,-0.01,-0.01,
1,0,0.02,-10,-0.12,-0.01,-0.01,
1,0,0.02,-10,-0.12,-0.01,-0.01,
1,0,0.04,-10.04,-0.07,-0.01,-0.01,
1,0,0.04,-10.04,-0.07,0,-0.01,
1,0,0.04,-10.04,-0.07,-0.01,-0.01,
1,0,0.03,-10,-0.03,-0.01,-0.01,
1,0,0.03,-10,-0.03,0,-0.01,
1,0,0.03,-10,-0.03,0,-0.01,
1,0,-0.01,-10.03,-0.12,0,-0.01,
1,0,-0.01,-10.03,-0.12,-0.01,-0.01,
1,0,-0.01,-10.03,-0.12,0,-0.01,
1,0,0.03,-10.09,-0.12,0,-0.01,
1,0,0.03,-10.09,-0.12,-0.01,-0.01,
1,0,0.03,-10.09,-0.12,-0.01,-0.01,
1,0,-0.07,-10.07,-0.01,-0.01,-0.01,
1,0,-0.07,-10.07,-0.01,-0.01,-0.01,
1,0,0,-10.06,-0.11,0,-0.01,
1,0,0,-10.06,-0.11,0,-0.01,
1,0,0,-10.06,-0.11,-0.01,-0.01,
1,0,0.01,-10.02,-0.1,-0.01,-0.01,
1,0,0.01,-10.02,-0.1,-0.01,-0.01,
1,0,0.01,-10.02,-0.1,0,-0.01,
1,0,0.06,-10.06,-0.09,-0.01,-0.01,
1,0,0.06,-10.06,-0.09,-0.01,-0.01,
1,0,0.06,-10.06,-0.09,-0.01,-0.01,
1,0,0.03,-9.99,-0.04,0,-0.01,
1,0,0.03,-9.99,-0.04,0,-0.01,
1,0,0.03,-9.99,-0.04,0,-0.01,
1,0,0,-10.06,-0.13,0,-0.01,
1,0,0,-10.06,-0.13,0,-0.01,
1,0,0,-10.06,-0.13,-0.01,-0.01,
1,0,-0.04,-10.06,-0.11,0,-0.01,
1,0,-0.04,-10.06,-0.11,0,-0.01,
1,0,0.05,-10.03,0.04,0,-0.01,
1,0,0.05,-10.03,0.04,0,-0.01,
1,0,0.05,-10.03,0.04,0,-0.01,
1,0,0.03,-10.01,-0.16,-0.01,-0.01,
1,0,0.03,-10.01,-0.16,-0.01,-0.01,
1,0,0.03,-10.01,-0.16,-0.01,-0.01,
1,0,-0.01,-10.03,-0.08,0,-0.01,
1,0,-0.01,-10.03,-0.08,0,-0.01,
1,0,-0.01,-10.03,-0.08,0,-0.01,
1,0,0.09,-9.96,-0.11,0,-0.01,
1,0,0.09,-9.96,-0.11,-0.01,-0.01,
1,0,0.09,-9.96,-0.11,-0.01,-0.01,
1,0,0.09,-10.03,0.01,0,-0.01,
1,0,0.09,-10.03,0.01,-0.01,-0.01,
1,0,0.09,-10.03,0.01,0,-0.01,
1,0,0,-10.1,-0.18,0,-0.01,
1,0,0,-10.1,-0.18,0,-0.01,
1,0,-0.04,-10.01,-0.11,0,-0.02,
1,0,-0.04,-10.01,-0.11,0,-0.02,
1,0,-0.04,-10.01,-0.11,0,-0.01,
1,0,-0.01,-10.06,-0.07,0,0,
1,0,-0.01,-10.06,-0.07,0,0,
1,0,-0.01,-10.06,-0.07,0,-0.01,
1,0,0.04,-10.06,-0.1,-0.01,-0.01,
1,0,0.04,-10.06,-0.1,-0.01,-0.01,
1,0,0.04,-10.06,-0.1,-0.01,0,
1,0,0,-9.96,-0.1,0,-0.01,
1,0,0,-9.96,-0.1,0,-0.01,
1,0,0,-9.96,-0.1,-0.01,-0.01,
1,0,0.02,-10.07,-0.08,0,-0.01,
1,0,0.02,-10.07,-0.08,0,-0.01,
1,0,0.02,-10.07,-0.08,0,-0.01,
1,0,-0.02,-9.97,-0.04,0,-0.01,
1,0,-0.02,-9.97,-0.04,0,-0.01,
1,0,0,-10.04,-0.07,-0.01,-0.01,
1,0,0,-10.04,-0.07,0,-0.01,
1,0,0,-10.04,-0.07,0,-0.01,
1,0,0.02,-10.05,-0.02,0,-0.01,
1,0,0.02,-10.05,-0.02,0,-0.01,
1,0,0.02,-10.05,-0.02,0,-0.01,
1,0,0.01,-10.01,-0.06,0,0,
1,0,0.01,-10.01,-0.06,0,-0.01,
1,0,0.01,-10.01,-0.06,-0.01,-0.01,
1,0,0.02,-9.99,-0.05,-0.01,-0.01,
1,0,0.02,-9.99,-0.05,-0.01,-0.01,
1,0,0.02,-9.99,-0.05,0,-0.01,
1,0,0.02,-9.99,-0.11,0,-0.01,
1,0,0.02,-9.99,-0.11,0,-0.01,
1,0,-0.01,-10.07,-0.08,-0.01,0,
1,0,-0.01,-10.07,-0.08,-0.01,0,
1,0,-0.01,-10.07,-0.08,0,-0.01,
1,0,-0.02,-9.98,-0.06,0,-0.01,
1,0,-0.02,-9.98,-0.06,0,-0.01,
1,0,-0.02,-9.98,-0.06,-0.01,-0.01,
1,0,-0.01,-10.04,-0.14,0,-0.01,
1,0,-0.01,-10.04,-0.14,0,-0.01,
1,0,-0.01,-10.04,-0.14,-0.01,-0.01,
1,0,-0.03,-10.04,-0.03,0,-0.01,
1,0,-0.03,-10.04,-0.03,0,-0.01,
1,0,-0.03,-10.04,-0.03,0,-0.01,
1,0,0.07,-9.98,-0.14,-0.01,-0.01,
1,0,0.07,-9.98,-0.14,-0.01,-0.01,
1,0,0.07,-9.98,-0.14,-0.01,-0.01,
1,0,0,-9.96,-0.05,-0.01,-0.01,
1,0,0,-9.96,-0.05,-0.01,-0.01,
1,0,0.03,-10.06,-0.18,0,-0.01,
1,0,0.03,-10.06,-0.18,0,-0.01,
1,0,0.03,-10.06,-0.18,0,-0.01,
1,0,0.01,-10.01,-0.06,0,-0.01,
1,0,0.01,-10.01,-0.06,-0.01,-0.01,
1,0,0.01,-10.01,-0.06,-0.01,-0.01,
1,0,-0.02,-10.02,-0.14,0,-0.01,
1,0,-0.02,-10.02,-0.14,0,-0.01,
1,0,-0.02,-10.02,-0.14,0,-0.01,
1,0,-0.03,-10.02,-0.12,0,-0.01,
1,0,-0.03,-10.02,-0.12,0,-0.01,
1,0,-0.03,-10.02,-0.12,0,-0.01,
1,0,0.01,-10.06,-0.08,0,-0.01,
1,0,0.01,-10.06,-0.08,0,-0.01,
1,0,0.01,-10.06,-0.08,0,-0.01,
1,0,0.11,-10.03,-0.08,-0.01,-0.01,
1,0,0.11,-10.03,-0.08,0,-0.01,
1,0,0.05,-9.99,-0.05,-0.01,-0.01,
1,0,0.05,-9.99,-0.05,-0.01,-0.01,
1,0,0.05,-9.99,-0.05,0,-0.01,
1,0,-0.05,-10.06,-0.1,0,0,
1,0,-0.05,-10.06,-0.1,0,0,
1,0,-0.05,-10.06,-0.1,-0.01,-0.01,
1,0,0,-10.03,-0.08,0,-0.01,
1,0,0,-10.03,-0.08,0,-0.01,
1,0,0,-10.03,-0.08,0,-0.01,
1,0,-0.06,-9.99,-0.14,0,-0.01,
1,0,-0.06,-9.99,-0.14,0,-0.01,
1,0,-0.06,-9.99,-0.14,-0.01,-0.01,
1,0,-0.04,-9.97,-0.08,-0.01,-0.01,
1,0,-0.04,-9.97,-0.08,-0.01,-0.01,
1,0,-0.07,-10.06,-0.1,-0.01,-0.01,
1,0,-0.07,-10.06,-0.1,0,-0.01,
1,0,-0.07,-10.06,-0.1,0,-0.01,
1,0,0.04,-10.03,-0.07,0,-0.01,
1,0,0.04,-10.03,-0.07,0,-0.01,
1,0,0.04,-10.03,-0.07,0,-0.01,
1,0,0,-10.07,-0.07,0,0,
1,0,0,-10.07,-0.07,0,-0.01,
1,0,0,-10.07,-0.07,0,-0.01,
1,0,-0.02,-10.03,-0.04,0,-0.01,
1,0,-0.02,-10.03,-0.04,-0.01,-0.01,
1,0,-0.02,-10.03,-0.04,-0.01,-0.01,
1,0,0,-10.06,-0.12,-0.01,-0.01,
1,0,0,-10.06,-0.12,0,-0.01,
1,0,0,-10.06,-0.12,0,-0.01,
1,0,0.01,-10.04,-0.06,0,-0.01,
1,0,0.01,-10.04,-0.06,-0.01,-0.01,
1,0,-0.03,-10.04,0,-0.01,-0.01,
1,0,-0.03,-10.04,0,0,-0.01,
1,0,-0.03,-10.04,0,0,-0.02,
1,0,0.01,-10,-0.11,0,-0.02,
1,0,0.01,-10,-0.11,-0.01,-0.01,
1,0,0.01,-10,-0.11,-0.01,-0.01,
1,0,0.01,-10.04,0,-0.01,-0.01,
1,0,0.01,-10.04,0,-0.01,-0.01,
1,0,0.01,-10.04,0,0,-0.01,
1,0,-0.01,-10,-0.14,0,-0.01,
1,0,-0.01,-10,-0.14,0,-0.01,
1,0,-0.01,-10,-0.14,0,-0.01,
1,0,0.01,-10.03,-0.02,0,-0.01,
1,0,0.01,-10.03,-0.02,0,-0.01,
1,0,0.01,-10.03,-0.02,0,-0.01,
1,0,0.02,-10.04,-0.11,0,-0.01,
1,0,0.02,-10.04,-0.11,0,-0.01,
1,0,0.04,-10.06,-0.07,-0.01,-0.01,
1,0,0.04,-10.06,-0.07,-0.01,-0.01,
1,0,0.04,-10.06,-0.07,-0.01,-0.01,
1,0,-0.01,-10.01,-0.15,0,-0.01,
1,0,-0.01,-10.01,-0.15,0,-0.01,
1,0,-0.01,-10.01,-0.15,0,-0.01,
1,0,0.01,-10.01,-0.03,0,-0.01,
1,0,0.01,-10.01,-0.03,0,-0.01,
1,0,0.01,-10.01,-0.03,0,-0.01,
1,0,0.03,-10.01,-0.13,-0.01,-0.01,
1,0,0.03,-10.01,-0.13,0,0,
1,0,0.03,-10.01,-0.13,0,0,
1,0,0.02,-10.06,-0.12,-0.01,-0.01,
1,0,0.02,-10.06,-0.12,-0.01,-0.01,
1,0,0.02,-9.98,-0.11,-0.01,-0.01,
1,0,0.02,-9.98,-0.11,0,-0.01,
1,0,0.02,-9.98,-0.11,0,-0.01,
1,0,-0.03,-10,-0.05,0,-0.01,
1,0,-0.03,-10,-0.05,-0.01,-0.01,
1,0,-0.03,-10,-0.05,0,-0.01,
1,0,0.02,-10.08,-0.08,0,-0.01,
1,0,0.02,-10.08,-0.08,0,-0.01,
1,0,0.02,-10.08,-0.08,0,-0.01,
1,0,-0.02,-10,-0.13,0,-0.01,
1,0,-0.02,-10,-0.13,0,-0.01,
1,0,-0.02,-10,-0.13,0,-0.01,
1,0,0.02,-10.04,-0.06,0,-0.01,
1,0,0.02,-10.04,-0.06,0,-0.01,
1,0,0.02,-10.04,-0.06,0,-0.01,
1,0,0.01,-10.03,-0.07,0,-0.01,
1,0,0.01,-10.03,-0.07,0,-0.01,
1,0,0.01,-10.03,-0.07,0,-0.01,
1,0,0,-10.11,-0.11,0,-0.01,
1,0,0,-10.11,-0.11,0,-0.01,
1,0,0,-10.11,-0.11,0,-0.01,
1,0,0.02,-10.02,-0.07,0,-0.01,
1,0,0.02,-10.02,-0.07,0,-0.01,
1,0,0.02,-10.02,-0.07,0,-0.01,
1,0,-0.05,-10.04,-0.1,0,-0.01,
1,0,-0.05,-10.04,-0.1,-0.01,-0.01,
1,0,-0.05,-10.04,-0.1,0,-0.01,
1,0,-0.01,-10,-0.11,0,-0.01,
1,0,-0.01,-10,-0.11,-0.01,-0.01,
1,0,0.01,-10.03,-0.02,-0.01,-0.01,
1,0,0.01,-10.03,-0.02,-0.01,-0.01,
1,0,0.01,-10.03,-0.02,-0.01,-0.01,
1,0,0.08,-10.02,-0.11,-0.01,-0.01,
1,0,0.08,-10.02,-0.11,-0.01,-0.01,
1,0,0.08,-10.02,-0.11,-0.01,-0.01,
1,0,-0.05,-10.03,-0.07,0,-0.01,
1,0,-0.05,-10.03,-0.07,0,-0.01,
1,0,-0.05,-10.03,-0.07,0,0,
1,0,0.07,-10.02,-0.16,0,-0.01,
1,0,0.07,-10.02,-0.16,0,-0.01,
1,0,0.07,-10.02,-0.16,-0.01,-0.01,
1,0,0.01,-10.04,-0.07,-0.01,-0.01,
1,0,0.01,-10.04,-0.07,-0.01,-0.01,
1,0,0.01,-9.97,-0.14,-0.01,-0.01,
1,0,0.01,-9.97,-0.14,0,-0.01,
1,0,0.01,-9.97,-0.14,0,-0.01,
1,0,0.06,-10.05,-0.03,0,-0.01,
1,0,0.06,-10.05,-0.03,0,-0.01,
1,0,0.06,-10.05,-0.03,0,-0.01,
1,0,0.06,-10.02,-0.17,0,-0.01,
1,0,0.06,-10.02,-0.17,0,-0.01,
1,0,0.06,-10.02,-0.17,0,-0.01,
1,0,-0.02,-10.02,0,0,-0.01,
1,0,-0.02,-10.02,0,0,-0.01,
1,0,-0.02,-10.02,0,0,-0.01,
1,0,-0.03,-10.03,-0.05,0,-0.01,
1,0,-0.03,-10.03,-0.05,-0.01,-0.01,
1,0,-0.02,-10.06,-0.04,-0.01,-0.01,
1,0,-0.02,-10.06,-0.04,-0.01,-0.01,
1,0,-0.02,-10.06,-0.04,0,-0.01,
1,0,-0.05,-10.07,-0.09,0,-0.01,
1,0,-0.05,-10.07,-0.09,0,-0.01,
1,0,-0.05,-10.07,-0.09,0,-0.01,
1,0,-0.04,-10,-0.1,-0.01,0,
1,0,-0.04,-10,-0.1,-0.01,0,
1,0,-0.04,-10,-0.1,-0.01,-0.01,
1,0,-0.02,-10.01,-0.1,0,-0.01,
1,0,-0.02,-10.01,-0.1,0,-0.01,
1,0,-0.02,-10.01,-0.1,0,-0.01,
1,0,-0.02,-10.02,-0.09,0,-0.01,
1,0,-0.02,-10.02,-0.09,0,-0.01,
1,0,-0.03,-10.04,-0.07,0,-0.01,
1,0,-0.03,-10.04,-0.07,0,-0.01,
1,0,-0.03,-10.04,-0.07,0,-0.01,
1,0,0,-10,-0.07,0,-0.01,
1,0,0,-10,-0.07,0,-0.01,
1,0,0,-10,-0.07,0,-0.01,
1,0,-0.02,-10.04,-0.1,0,-0.01,
1,0,-0.02,-10.04,-0.1,0,-0.01,
1,0,-0.02,-10.04,-0.1,0,-0.01,
1,0,-0.02,-10.06,-0.11,0,-0.01,
1,0,-0.02,-10.06,-0.11,-0.01,-0.01,
1,0,-0.02,-10.06,-0.11,0,-0.01,
1,0,0.02,-10.04,-0.03,0,-0.01,
1,0,0.02,-10.04,-0.03,-0.01,0,
1,0,0.02,-10.04,-0.03,-0.01,-0.01,
1,0,0.05,-10.04,-0.13,-0.01,-0.01,
1,0,0.05,-10.04,-0.13,0,0,
1,0,0,-9.99,-0.04,0,-0.01,
1,0,0,-9.99,-0.04,0,-0.01,
1,0,0,-9.99,-0.04,0,-0.01,
1,0,-0.01,-9.98,-0.13,-0.01,-0.01,
1,0,-0.01,-9.98,-0.13,-0.01,-0.01,
1,0,-0.01,-9.98,-0.13,0,-0.01,
1,0,-0.07,-9.99,-0.06,0,-0.01,
1,0,-0.07,-9.99,-0.06,0,-0.01,
1,0,-0.07,-9.99,-0.06,-0.01,-0.01,
1,0,0,-10,-0.12,0,-0.01,
1,0,0,-10,-0.12,0,-0.01,
1,0,0,-10,-0.12,-0.01,-0.01,
1,0,-0.01,-10.04,-0.04,-0.01,-0.01,
1,0,-0.01,-10.04,-0.04,-0.01,-0.01,
1,0,-0.01,-10.04,-0.04,-0.01,-0.01,
1,0,0,-10.05,-0.13,-0.01,-0.01,
1,0,0,-10.05,-0.13,-0.01,-0.01,
1,0,0,-10.05,-0.13,-0.01,-0.01,
1,0,-0.01,-10.03,-0.05,0,-0.01,
1,0,-0.01,-10.03,-0.05,0,-0.01,
1,0,-0.01,-10.03,-0.05,0,-0.01,
1,0,0.01,-10.07,-0.12,0,-0.01,
1,0,0.01,-10.07,-0.12,-0.01,-0.01,
1,0,0.01,-10.07,-0.12,0,-0.01,
1,0,0.06,-10,-0.07,0,-0.01,
1,0,0.06,-10,-0.07,-0.01,-0.01,
1,0,0.06,-10,-0.07,-0.01,-0.01,
1,0,0.01,-10.03,-0.11,-0.01,-0.01,
1,0,0.01,-10.03,-0.11,0,-0.01,
1,0,0.01,-10.03,-0.11,0,-0.01,
1,0,0.12,-9.97,-0.11,0,-0.01,
1,0,0.12,-9.97,-0.11,0,-0.01,
1,0,0.12,-9.97,-0.11,-0.01,-0.01,
1,0,-0.04,-10.07,-0.12,-0.01,-0.01,
1,0,-0.04,-10.07,-0.12,0,-0.01,
1,0,-0.06,-10.01,-0.07,-0.01,0,
1,0,-0.06,-10.01,-0.07,-0.01,0,
1,0,-0.06,-10.01,-0.07,0,-0.01,
1,0,-0.07,-10.05,-0.05,0,-0.01,
1,0,-0.07,-10.05,-0.05,0,-0.01,
1,0,-0.07,-10.05,-0.05,0,-0.01,
1,0,0.01,-10.05,-0.04,0,-0.01,
1,0,0.01,-10.05,-0.04,0,-0.01,
1,0,0.01,-10.05,-0.04,-0.01,-0.01,
1,0,0.02,-10.02,-0.08,0,-0.01,
1,0,0.02,-10.02,-0.08,0,-0.01,
1,0,0.02,-10.02,-0.08,0,-0.01,
1,0,0.1,-10.04,-0.1,-0.01,-0.01,
1,0,0.1,-10.04,-0.1,-0.01,-0.01,
1,0,0.1,-10.04,-0.1,-0.01,-0.01,
1,0,0.05,-10.06,-0.07,-0.01,-0.01,
1,0,0.05,-10.06,-0.07,-0.01,-0.01,
1,0,0.01,-10.04,-0.12,0,-0.01,
1,0,0.01,-10.04,-0.12,-0.01,-0.01,
1,0,0.01,-10.04,-0.12,-0.01,-0.01,
1,0,-0.06,-10.02,-0.03,0,-0.01,
1,0,-0.06,-10.02,-0.03,0,-0.01,
1,0,-0.06,-10.02,-0.03,0,-0.01,
1,0,-0.01,-10.07,-0.11,-0.01,-0.01,
1,0,-0.01,-10.07,-0.11,-0.01,-0.01,
1,0,-0.01,-10.07,-0.11,-0.01,-0.01,
1,0,-0.03,-9.96,-0.07,-0.01,0,
1,0,-0.03,-9.96,-0.07,-0.01,-0.01,
1,0,-0.03,-9.96,-0.07,-0.01,-0.01,
1,0,0.06,-10.05,-0.05,0,-0.01,
1,0,0.06,-10.05,-0.05,-0.01,-0.01,
1,0,0.06,-10.05,-0.05,-0.01,-0.01,
1,0,0.05,-9.99,-0.02,-0.01,-0.01,
1,0,0.05,-9.99,-0.02,0,-0.01,
1,0,0.05,-9.99,-0.02,0,-0.01,
1,0,0,-10.02,-0.08,-0.01,-0.01,
1,0,0,-10.02,-0.08,0,-0.01,
1,0,0,-10.02,-0.08,0,-0.01,
1,0,0.06,-10.03,-0.11,-0.01,-0.01,
1,0,0.06,-10.03,-0.11,0,-0.01,
1,0,-0.01,-10.05,-0.11,0,-0.01,
1,0,-0.01,-10.05,-0.11,0,-0.01,
1,0,-0.01,-10.05,-0.11,0,-0.01,
1,0,0.04,-10.02,-0.07,0,-0.01,
1,0,0.04,-10.02,-0.07,0,-0.01,
1,0,0.04,-10.02,-0.07,0,-0.01,
1,0,0.07,-10.05,-0.09,0,-0.01,
1,0,0.07,-10.05,-0.09,0,-0.01,
1,0,0.07,-10.05,-0.09,0,-0.01,
1,0,-0.01,-10.01,-0.09,0,-0.01,
1,0,-0.01,-10.01,-0.09,0,-0.01,
1,0,-0.01,-10.01,-0.09,0,-0.01,
1,0,-0.07,-9.93,-0.05,0,-0.01,
1,0,-0.07,-9.93,-0.05,0,0,
1,0,0.03,-10.07,-0.1,-0.01,-0.01,
1,0,0.03,-10.07,-0.1,-0.01,-0.01,
1,0,0.03,-10.07,-0.1,-0.01,-0.01,
1,0,0.01,-9.98,-0.09,-0.01,-0.01,
1,0,0.01,-9.98,-0.09,-0.01,-0.01,
1,0,0.06,-9.99,-0.04,-0.01,0,
1,0,0.06,-9.99,-0.04,-0.01,0,
1,0,-0.04,-10.06,-0.1,0,-0.01,
1,0,-0.04,-10.06,-0.1,0,-0.01,
1,0,-0.04,-10.06,-0.1,0,-0.01,
1,0,-0.05,-10.01,-0.07,-0.01,-0.01,
1,0,-0.05,-10.01,-0.07,0,-0.01,
1,0,-0.05,-10.01,-0.07,0,-0.01,
1,0,0.04,-9.92,-0.06,-0.01,-0.01,
1,0,0.04,-9.92,-0.06,-0.01,-0.01,
1,0,0.04,-9.92,-0.06,0,0,
1,0,-0.02,-9.98,0,-0.01,-0.01,
1,0,-0.02,-9.98,0,-0.01,-0.01,
1,0,-0.02,-9.98,0,0,-0.01,
1,0,0.02,-10.07,-0.02,0,-0.01,
1,0,0.02,-10.07,-0.02,0,-0.01,
1,0,0.02,-10.07,-0.02,-0.01,-0.01,
1,0,0.05,-9.93,-0.04,-0.01,-0.01,
1,0,0.05,-9.93,-0.04,-0.01,-0.01,
1,0,0.05,-9.93,-0.04,0,-0.01,
1,0,0.05,-10.04,-0.13,0,-0.01,
1,0,0.05,-10.04,-0.13,0,-0.01,
1,0,0.05,-10.04,-0.13,0,-0.01,
1,0,0,-10.09,-0.19,0,-0.01,
1,0,0,-10.09,-0.19,0,-0.01,
1,0,0,-10.09,-0.19,0,-0.01,
1,0,-0.04,-9.99,-0.06,0,-0.01,
1,0,-0.04,-9.99,-0.06,0,-0.01,
1,0,-0.04,-9.99,-0.06,0,-0.01,
1,0,0.11,-10.06,-0.06,-0.01,-0.01,
1,0,0.11,-10.06,-0.06,-0.01,-0.01,
1,0,0.11,-10.06,-0.06,0,-0.01,
1,0,0.09,-10.02,-0.12,-0.01,-0.01,
1,0,0.09,-10.02,-0.12,-0.01,-0.01,
1,0,0.09,-10.02,-0.12,0,-0.01,
1,0,0.03,-10.06,-0.11,-0.01,-0.01,
1,0,0.03,-10.06,-0.11,-0.01,-0.01,
1,0,0.03,-10.06,-0.11,0,-0.01,
1,0,-0.08,-10.04,-0.08,0,-0.01,
1,0,-0.08,-10.04,-0.08,0,-0.01,
1,0,-0.08,-10.04,-0.08,0,-0.01,
1,0,0.04,-10.06,-0.05,0,-0.01,
1,0,0.04,-10.06,-0.05,0,-0.01,
1,0,0.04,-10.06,-0.05,0,-0.01,
1,0,-0.02,-10.08,-0.18,0,-0.01,
1,0,-0.02,-10.08,-0.18,0,-0.01,
1,0,-0.02,-10.08,-0.18,0,-0.01,
1,0,0.08,-10.05,-0.14,0,-0.01,
1,0,0.08,-10.05,-0.14,0,-0.01,
1,0,0.08,-10.05,-0.14,0,-0.01,
1,0,0.01,-9.97,-0.07,0,-0.01,
1,0,0.01,-9.97,-0.07,-0.01,-0.01,
1,0,0.01,-9.97,-0.07,-0.01,-0.01,
1,0,0.03,-10,-0.03,-0.01,-0.01,
1,0,0.03,-10,-0.03,0,-0.01,
1,0,0.03,-10,-0.03,0,-0.01,
1,0,0.01,-10.08,-0.18,0,-0.01,
1,0,0.01,-10.08,-0.18,0,-0.01,
1,0,0.01,-10.08,-0.18,0,-0.01,
1,0,0.09,-10.04,-0.07,0,-0.01,
1,0,0.09,-10.04,-0.07,-0.01,-0.01,
1,0,0.09,-10.04,-0.07,-0.01,-0.01,
1,0,0.04,-10.02,-0.01,0,-0.01,
1,0,0.04,-10.02,-0.01,-0.01,-0.01,
1,0,0.04,-10.02,-0.01,-0.01,-0.01,
1,0,-0.01,-10.05,-0.14,0,-0.01,
1,0,-0.01,-10.05,-0.14,0,-0.01,
1,0,-0.01,-10.05,-0.14,0,-0.01,
1,0,-0.1,-10.11,0,0,-0.01,
1,0,-0.1,-10.11,0,0,-0.01,
1,0,-0.1,-10.11,0,0,-0.01,
1,0,-0.08,-10.11,-0.15,0,-0.01,
1,0,-0.08,-10.11,-0.15,0,-0.01,
1,0,-0.08,-10.11,-0.15,-0.01,-0.01,
1,0,-0.12,-9.95,0.03,0,0,
1,0,-0.12,-9.95,0.03,0,0,
1,0,-0.12,-9.95,0.03,0,-0.01,
1,0,0.09,-10.06,-0.16,-0.01,-0.01,
1,0,0.09,-10.06,-0.16,-0.01,-0.01,
1,0,0.09,-10.06,-0.16,-0.01,-0.01,
1,0,0.1,-10.04,-0.16,0,-0.01,
1,0,0.1,-10.04,-0.16,0,-0.01,
1,0,0.1,-10.04,-0.16,-0.01,-0.01,
1,0,0.01,-9.97,-0.13,0,-0.01,
1,0,0.01,-9.97,-0.13,0,-0.01,
1,0,0.01,-9.97,-0.13,0,-0.01,
1,0,0.05,-10,-0.1,0,-0.01,
1,0,0.05,-10,-0.1,0,-0.01,
1,0,0,-10.01,-0.06,0,-0.01,
1,0,0,-10.01,-0.06,0,-0.01,
1,0,0,-10.01,-0.06,0,-0.01,
1,0,-0.11,-10.03,-0.13,-0.01,-0.01,
1,0,-0.11,-10.03,-0.13,-0.01,-0.01,
1,0,-0.11,-10.03,-0.13,-0.01,-0.01,
1,0,-0.07,-10.02,-0.11,0,-0.01,
1,0,-0.07,-10.02,-0.11,0,-0.01,
1,0,-0.07,-10.02,-0.11,-0.01,-0.01,
1,0,-0.05,-10.05,-0.14,0,0,
1,0,-0.05,-10.05,-0.14,0,0,
1,0,-0.05,-10.05,-0.14,0,-0.01,
1,0,0.23,-9.99,-0.13,0,-0.01,
1,0,0.23,-9.99,-0.13,0,-0.01,
1,0,0.23,-9.99,-0.13,0,-0.01,
1,0,0.08,-10.04,-0.11,-0.01,-0.01,
1,0,0.08,-10.04,-0.11,-0.01,-0.01,
1,0,0.08,-10.04,-0.11,0,-0.01,
1,0,0,-10.09,-0.2,0,0,
1,0,0,-10.09,-0.2,0,0,
1,0,0,-10.09,-0.2,-0.01,-0.01,
1,0,-0.03,-10,-0.12,-0.01,-0.01,
1,0,-0.03,-10,-0.12,0,-0.01,
1,0,-0.03,-10,-0.12,0,-0.01,
1,0,-0.18,-10.04,-0.06,0,-0.01,
1,0,-0.18,-10.04,-0.06,0,-0.01,
1,0,-0.18,-10.04,-0.06,0,-0.01,
1,0,-0.08,-10.06,-0.08,0,-0.01,
1,0,-0.08,-10.06,-0.08,-0.01,-0.01,
1,0,-0.08,-10.06,-0.08,0,-0.01,
1,0,0.05,-10.08,-0.09,0,-0.01,
1,0,0.05,-10.08,-0.09,0,-0.01,
1,0,0.05,-10.08,-0.09,-0.01,-0.01,
1,0,0.08,-10,-0.13,-0.01,-0.01,
1,0,0.08,-10,-0.13,0,-0.01,
1,0,0.07,-10.03,-0.04,0,-0.01,
1,0,0.07,-10.03,-0.04,0,-0.01,
1,0,0.07,-10.03,-0.04,0,-0.01,
1,0,0.07,-10.03,-0.04,0,-0.01,
1,0,0.09,-10.03,-0.09,0,-0.01,
1,0,0.09,-10.03,-0.09,0,0,
1,0,0.09,-10.03,-0.09,0,0,
1,0,-0.03,-10.01,-0.03,0,-0.01,
1,0,-0.03,-10.01,-0.03,-0.01,-0.01,
1,0,-0.03,-10.01,-0.03,-0.01,-0.01,
1,0,-0.08,-10.07,-0.11,-0.01,-0.01,
1,0,-0.08,-10.07,-0.11,-0.01,-0.01,
1,0,-0.08,-10.07,-0.11,-0.01,-0.01,
1,0,0.15,-10.07,-0.11,-0.01,0,
1,0,0.15,-10.07,-0.11,-0.01,0,
1,0,0.15,-10.07,-0.11,0,-0.01,
1,0,-0.07,-10.03,-0.05,0,-0.01,
1,0,-0.07,-10.03,-0.05,0,-0.01,
1,0,-0.07,-10.03,-0.05,-0.01,-0.01,
1,0,0.03,-10.05,-0.07,0,-0.01,
1,0,0.03,-10.05,-0.07,0,-0.01,
1,0,0.03,-10.05,-0.07,-0.01,-0.01,
1,0,0.11,-10,-0.15,0,-0.01,
1,0,0.11,-10,-0.15,0,-0.01,
1,0,0.11,-10,-0.15,0,-0.01,
1,0,0,-10.16,-0.09,-0.01,-0.01,
1,0,0,-10.16,-0.09,-0.01,-0.01,
1,0,0,-10.16,-0.09,0,-0.01,
1,0,0.01,-10.02,-0.06,0,-0.01,
1,0,0.01,-10.02,-0.06,0,-0.01,
1,0,-0.07,-10.11,-0.09,0,-0.01,
1,0,-0.07,-10.11,-0.09,0,-0.01,
1,0,-0.07,-10.11,-0.09,-0.01,-0.01,
1,0,0,-9.99,-0.17,-0.01,-0.01,
1,0,0,-9.99,-0.17,-0.01,-0.01,
1,0,0,-9.99,-0.17,-0.01,-0.01,
1,0,-0.07,-10.06,-0.14,0,-0.01,
1,0,-0.07,-10.06,-0.14,0,-0.01,
1,0,-0.07,-10.06,-0.14,0,-0.01,
1,0,0.12,-9.99,-0.04,-0.01,-0.01,
1,0,0.12,-9.99,-0.04,-0.01,-0.01,
1,0,0.12,-9.99,-0.04,-0.01,-0.01,
1,0,0.18,-10.01,-0.09,-0.01,-0.01,
1,0,0.18,-10.01,-0.09,-0.01,-0.01,
1,0,0.18,-10.01,-0.09,-0.01,-0.01,
1,0,0.13,-10,-0.11,0,-0.01,
1,0,0.13,-10,-0.11,0,-0.01,
1,0,0.13,-10,-0.11,0,-0.01,
1,0,-0.02,-10.08,-0.16,0,-0.01,
1,0,-0.02,-10.08,-0.16,0,-0.01,
1,0,-0.02,-10.08,-0.16,-0.01,-0.01,
1,0,-0.19,-10.03,0.02,-0.01,-0.01,
1,0,-0.19,-10.03,0.02,-0.01,-0.01,
1,0,-0.19,-10.03,0.02,0,-0.01,
1,0,-0.19,-10.05,-0.08,0,-0.01,
1,0,-0.19,-10.05,-0.08,-0.01,-0.01,
1,0,-0.19,-10.05,-0.08,-0.01,-0.01,
1,0,0.19,-10.04,-0.08,-0.01,-0.01,
1,0,0.19,-10.04,-0.08,0,-0.01,
1,0,0.19,-10.04,-0.08,0,-0.01,
1,0,0.06,-10.04,-0.13,-0.01,-0.01,
1,0,0.06,-10.04,-0.13,0,-0.01,
1,0,0.06,-10.04,-0.13,0,-0.01,
1,0,0.1,-10.01,-0.08,0,-0.01,
1,0,0.1,-10.01,-0.08,-0.01,-0.01,
1,0,0.1,-10.01,-0.08,-0.01,-0.01,
1,0,0.1,-9.98,-0.04,0,-0.01,
1,0,0.1,-9.98,-0.04,-0.01,0,
1,0,0.1,-9.98,-0.04,-0.01,0,
1,0,-0.17,-10.04,-0.14,-0.01,-0.01,
1,0,-0.17,-10.04,-0.14,-0.01,-0.01,
1,0,-0.17,-10.04,-0.14,-0.01,-0.01,
1,0,-0.03,-10.03,-0.11,0,-0.01,
1,0,-0.03,-10.03,-0.11,0,-0.01,
1,0,-0.03,-10.03,-0.11,0,-0.01,
1,0,-0.12,-9.97,-0.06,0,-0.01,
1,0,-0.12,-9.97,-0.06,0,-0.01,
1,0,-0.12,-9.97,-0.06,0,-0.01,
1,0,0.14,-9.97,-0.06,0,-0.01,
1,0,0.14,-9.97,-0.06,0,-0.01,
1,0,0.14,-9.97,-0.06,0,-0.01,
1,0,-0.03,-10.01,-0.07,0,-0.01,
1,0,-0.03,-10.01,-0.07,0,-0.01,
1,0,-0.03,-10.01,-0.07,0,-0.01,
1,0,0.03,-10.11,-0.12,-0.01,-0.01,
1,0,0.03,-10.11,-0.12,-0.01,-0.01,
1,0,0.03,-10.11,-0.12,0,-0.01,
1,0,-0.04,-10,-0.06,0,-0.01,
1,0,-0.04,-10,-0.06,0,-0.01,
1,0,-0.04,-10,-0.06,-0.01,-0.01,
1,0,-0.09,-10.03,-0.01,-0.01,-0.01,
1,0,-0.09,-10.03,-0.01,-0.01,-0.01,
1,0,-0.09,-10.03,-0.01,-0.01,-0.01,
1,0,0.09,-10,-0.13,0,0,
1,0,0.09,-10,-0.13,-0.01,-0.01,
1,0,0.09,-10,-0.13,-0.01,-0.01,
1,0,-0.05,-10.01,-0.1,0,-0.01,
1,0,-0.05,-10.01,-0.1,0,-0.01,
1,0,-0.05,-10.01,-0.1,0,-0.01,
1,0,0.09,-10.06,-0.04,0,-0.01,
1,0,0.09,-10.06,-0.04,0,-0.01,
1,0,0.09,-10.06,-0.04,0,-0.01,
1,0,0.09,-10.02,-0.07,0,-0.01,
1,0,0.09,-10.02,-0.07,0,-0.01,
1,0,0.09,-10.02,-0.07,-0.01,-0.01,
1,0,0.09,-10.02,-0.07,0,-0.01,
1,0,0.08,-9.96,-0.15,0,-0.01,
1,0,0.08,-9.96,-0.15,0,0,
1,0,0.08,-9.96,-0.15,0,0,
1,0,-0.02,-10.03,-0.09,0,-0.01,
1,0,-0.02,-10.03,-0.09,0,-0.01,
1,0,-0.09,-10,-0.04,0,-0.01,
1,0,-0.09,-10,-0.04,-0.01,-0.01,
1,0,-0.09,-10,-0.04,-0.01,-0.01,
1,0,-0.02,-10.07,-0.12,-0.01,-0.01,
1,0,-0.02,-10.07,-0.12,-0.01,-0.01,
1,0,-0.02,-10.07,-0.12,-0.01,-0.01,
1,0,0.02,-10.01,-0.14,-0.01,-0.01,
1,0,0.02,-10.01,-0.14,0,-0.01,
1,0,0.02,-10.01,-0.14,-0.01,0,
1,0,0.03,-10.02,-0.11,-0.01,0,
1,0,0.03,-10.02,-0.11,0,-0.01,
1,0,0.03,-10.02,-0.11,0,-0.01,
1,0,0.09,-9.99,0,0,-0.01,
1,0,0.09,-9.99,0,-0.01,-0.01,
1,0,0.09,-9.99,0,-0.01,-0.01,
1,0,0.01,-10.06,-0.08,0,-0.01,
1,0,0.01,-10.06,-0.08,0,-0.01,
1,0,0.01,-10.06,-0.08,0,-0.01,
1,0,-0.05,-10.08,-0.11,0,-0.01,
1,0,-0.05,-10.08,-0.11,0,-0.01,
1,0,-0.05,-10.08,-0.11,0,-0.01,
1,0,0.03,-9.99,-0.01,0,-0.01,
1,0,0.03,-9.99,-0.01,0,-0.01,
1,0,0.03,-9.99,-0.01,0,-0.01,
1,0,0.01,-10.04,-0.02,-0.01,-0.01,
1,0,0.01,-10.04,-0.02,-0.01,-0.01,
1,0,0.01,-10.04,-0.02,-0.01,-0.01,
1,0,0.02,-9.99,-0.15,0,-0.01,
1,0,0.02,-9.99,-0.15,0,-0.01,
1,0,0.02,-9.99,-0.15,0,-0.01,
1,0,0.07,-10.01,-0.13,0,-0.01,
1,0,0.07,-10.01,-0.13,0,-0.01,
1,0,0.07,-10.01,-0.13,0,-0.01,
1,0,-0.03,-10.06,-0.08,0,-0.01,
1,0,-0.03,-10.06,-0.08,0,-0.01,
1,0,-0.03,-10.06,-0.08,-0.01,-0.01,
1,0,0.03,-10.04,0.01,0,-0.01,
1,0,0.03,-10.04,0.01,0,-0.01,
1,0,0.03,-10.04,0.01,0,-0.01,
1,0,-0.01,-10.08,-0.13,-0.01,-0.01,
1,0,-0.01,-10.08,-0.13,-0.01,-0.01,
1,0,-0.01,-10.08,-0.13,0,-0.01,
1,0,-0.01,-10.03,-0.13,-0.01,-0.01,
1,0,-0.01,-10.03,-0.13,-0.01,-0.01,
1,0,-0.01,-10.03,-0.13,-0.01,-0.01,
1,0,0.01,-10.02,-0.08,-0.01,-0.01,
1,0,0.01,-10.02,-0.08,-0.01,-0.01,
1,0,0.01,-10.02,-0.08,0,0,
1,0,0.01,-10.01,-0.11,0,0,
1,0,0.01,-10.01,-0.11,0,-0.01,
1,0,0.01,-10.01,-0.11,0,-0.01,
1,0,0,-10.02,-0.05,0,-0.01,
1,0,0,-10.02,-0.05,0,-0.01,
1,0,0.01,-10,-0.16,0,-0.01,
1,0,0.01,-10,-0.16,0,-0.01,
1,0,0.01,-10,-0.16,0,-0.01,
1,0,0.03,-10.03,-0.06,0,-0.01,
1,0,0.03,-10.03,-0.06,0,-0.01,
1,0,0.03,-10.03,-0.06,0,-0.01,
1,0,0.02,-10.03,-0.08,0,-0.02,
1,0,0.02,-10.03,-0.08,0,-0.02,
1,0,0.02,-10.03,-0.08,-0.01,-0.01,
1,0,-0.03,-10.02,-0.04,-0.01,0,
1,0,-0.03,-10.02,-0.04,-0.01,0,
1,0,-0.03,-10.02,-0.04,-0.01,-0.01,
1,0,-0.05,-10.05,-0.16,-0.01,-0.01,
1,0,-0.05,-10.05,-0.16,-0.01,-0.01,
1,0,-0.05,-10.05,-0.16,-0.01,-0.01,
1,0,-0.03,-10.05,-0.09,-0.01,-0.01,
1,0,-0.03,-10.05,-0.09,0,-0.01,
1,0,-0.03,-10.05,-0.09,0,-0.01,
1,0,0.06,-10,-0.03,0,-0.01,
1,0,0.06,-10,-0.03,-0.01,-0.01,
1,0,0.06,-10,-0.03,0,-0.01,
1,0,0.03,-10.03,-0.13,0,-0.01,
1,0,0.03,-10.03,-0.13,0,-0.01,
1,0,0.03,-10.03,-0.13,0,-0.01,
1,0,-0.07,-10.04,-0.11,0,-0.01,
1,0,-0.07,-10.04,-0.11,0,-0.01,
1,0,-0.07,-10.04,-0.11,0,-0.01,
1,0,0.02,-10.02,-0.06,0,-0.01,
1,0,0.02,-10.02,-0.06,0,-0.01,
1,0,0.02,-10.02,-0.06,0,-0.01,
1,0,0.06,-10.03,-0.08,-0.01,-0.01,
1,0,0.06,-10.03,-0.08,0,-0.01,
1,0,0.06,-10.03,-0.08,0,-0.01,
1,0,-0.03,-10.06,-0.1,0,-0.01,
1,0,-0.03,-10.06,-0.1,0,-0.01,
1,0,-0.03,-10.06,-0.1,0,-0.01,
1,0,0,-10.07,-0.1,0,-0.01,
1,0,0,-10.07,-0.1,0,-0.01,
1,0,0,-10.07,-0.1,0,-0.01,
1,0,-0.07,-10.02,-0.07,0,-0.01,
1,0,-0.07,-10.02,-0.07,0,-0.01,
1,0,-0.07,-10.02,-0.07,0,-0.01,
1,0,0.01,-10.02,-0.1,0,-0.01,
1,0,0.01,-10.02,-0.1,0,-0.01,
1,0,0.01,-10.02,-0.1,0,-0.01,
1,0,-0.01,-10.08,-0.05,0,-0.01,
1,0,-0.01,-10.08,-0.05,-0.01,-0.01,
1,0,-0.01,-10.08,-0.05,0,-0.01,
1,0,0.01,-10.07,-0.1,0,-0.01,
1,0,0.01,-10.07,-0.1,0,-0.01,
1,0,0.01,-10.07,-0.1,0,-0.01,
1,0,0,-10.06,-0.02,0,-0.01,
1,0,0,-10.06,-0.02,0,0,
1,0,0,-10.06,-0.02,0,-0.01,
1,0,-0.03,-10.05,-0.06,0,-0.01,
1,0,-0.03,-10.05,-0.06,-0.01,-0.01,
1,0,-0.03,-10.05,-0.06,-0.01,-0.01,
1,0,-0.01,-10.07,-0.08,0,-0.01,
1,0,-0.01,-10.07,-0.08,-0.01,-0.01,
1,0,-0.01,-10.07,-0.08,-0.01,-0.01,
1,0,0.02,-9.96,-0.03,0,-0.01,
1,0,0.02,-9.96,-0.03,-0.01,-0.01,
1,0,0.02,-9.96,-0.03,-0.01,-0.01,
1,0,0.04,-10.04,-0.1,-0.01,-0.01,
1,0,0.04,-10.04,-0.1,-0.01,-0.01,
1,0,0.04,-10.04,-0.1,-0.01,-0.01,
1,0,-0.06,-10,-0.08,0,-0.01,
1,0,-0.06,-10,-0.08,-0.01,-0.01,
1,0,-0.06,-10,-0.08,-0.01,-0.01,
1,0,-0.01,-10.04,-0.09,0,-0.01,
1,0,-0.01,-10.04,-0.09,0,-0.01,
1,0,-0.01,-10.04,-0.09,-0.01,-0.01,
1,0,0.01,-9.94,-0.08,-0.01,-0.01,
1,0,0.01,-9.94,-0.08,-0.01,-0.01,
1,0,0.01,-9.94,-0.08,0,-0.01,
1,0,0.01,-9.98,-0.06,0,-0.01,
1,0,0.01,-9.98,-0.06,0,-0.01,
1,0,0.01,-9.98,-0.06,0,-0.01,
1,0,-0.06,-10.07,-0.05,0,-0.01,
1,0,-0.06,-10.07,-0.05,0,-0.01,
1,0,-0.06,-10.07,-0.05,0,-0.01,
1,0,0.05,-9.97,-0.02,0,-0.01,
1,0,0.05,-9.97,-0.02,0,-0.01,
1,0,0.05,-9.97,-0.02,0,-0.01,
1,0,-0.01,-10.04,-0.12,0,-0.01,
1,0,-0.01,-10.04,-0.12,0,-0.01,
1,0,-0.01,-10.04,-0.12,-0.01,-0.01,
1,0,0.11,-10.02,-0.07,-0.01,-0.01,
1,0,0.11,-10.02,-0.07,0,-0.01,
1,0,0.11,-10.02,-0.07,0,-0.01,
1,0,-0.01,-9.99,-0.12,0,-0.01,
1,0,-0.01,-9.99,-0.12,0,-0.01,
1,0,-0.01,-9.99,-0.12,0,-0.01,
1,0,-0.02,-9.99,-0.12,0,-0.01,
1,0,-0.02,-9.99,-0.12,0,-0.01,
1,0,-0.02,-9.99,-0.12,0,-0.01,
1,0,-0.06,-10.07,-0.1,-0.01,-0.01,
1,0,-0.06,-10.07,-0.1,-0.01,-0.01,
1,0,-0.06,-10.07,-0.1,-0.01,-0.01,
1,0,-0.03,-9.99,-0.08,-0.01,-0.01,
1,0,-0.03,-9.99,-0.08,0,-0.01,
1,0,-0.03,-9.99,-0.08,0,-0.01,
1,0,-0.01,-10.02,-0.06,0,-0.01,
1,0,-0.01,-10.02,-0.06,-0.01,-0.01,
1,0,-0.01,-10.02,-0.06,-0.01,-0.01,
1,0,-0.03,-10.09,-0.13,-0.01,-0.01,
1,0,-0.03,-10.09,-0.13,-0.01,-0.01,
1,0,-0.03,-10.09,-0.13,-0.01,-0.01,
1,0,-0.03,-10.01,-0.02,0,-0.01,
1,0,-0.03,-10.01,-0.02,0,-0.01,
1,0,-0.03,-10.01,-0.02,0,-0.01,
1,0,0.09,-10.03,-0.11,-0.01,-0.01,
1,0,0.09,-10.03,-0.11,-0.01,-0.01,
1,0,0.09,-10.03,-0.11,0,-0.01,
1,0,0.01,-10.05,-0.04,0,-0.01,
1,0,0.01,-10.05,-0.04,0,-0.01,
1,0,0.01,-10.05,-0.04,0,-0.01,
1,0,0,-10.05,-0.12,0,-0.01,
1,0,0,-10.05,-0.12,0,-0.01,
1,0,0,-10.05,-0.12,0,-0.01,
1,0,0.08,-10.04,-0.04,0,-0.01,
1,0,0.08,-10.04,-0.04,0,-0.01,
1,0,0.08,-10.04,-0.04,0,-0.01,
1,0,0,-10.01,-0.05,0,-0.01,
1,0,0,-10.01,-0.05,0,-0.01,
1,0,0,-10.01,-0.05,0,-0.01,
1,0,-0.05,-9.98,-0.09,0,-0.01,
1,0,-0.05,-9.98,-0.09,-0.01,-0.01,
1,0,-0.05,-9.98,-0.09,-0.01,-0.01,
1,0,-0.05,-9.98,-0.09,-0.01,-0.01,
1,0,-0.03,-10,-0.02,-0.01,-0.01,
1,0,-0.03,-10,-0.02,0,-0.01,
1,0,-0.03,-10,-0.02,0,-0.01,
1,0,0,-10.03,-0.15,0,-0.01,
1,0,0,-10.03,-0.15,0,-0.01,
1,0,0,-10.03,-0.15,0,-0.01,
1,0,-0.02,-10.05,-0.08,0,-0.01,
1,0,-0.02,-10.05,-0.08,0,-0.01,
1,0,-0.02,-10.05,-0.08,0,-0.01,
1,0,0.01,-10.04,-0.16,0,-0.01,
1,0,0.01,-10.04,-0.16,-0.01,-0.01,
1,0,0.01,-10.04,-0.16,-0.01,-0.01,
1,0,0.01,-10.02,-0.05,-0.01,-0.01,
1,0,0.01,-10.02,-0.05,-0.01,-0.01,
1,0,0.01,-10.02,-0.05,-0.01,-0.01,
1,0,0.01,-10.02,-0.05,0,-0.01,
1,0,0.01,-10.02,-0.05,-0.01,-0.01,
1,0,0.01,-10.02,-0.05,-0.01,-0.01,
1,0,0,-10.06,-0.15,0,-0.01,
1,0,0,-10.06,-0.15,0,-0.01,
1,0,0,-10.06,-0.15,-0.01,-0.01,
1,0,-0.03,-10.01,-0.05,0,-0.01,
1,0,-0.03,-10.01,-0.05,0,-0.01,
1,0,-0.03,-10.01,-0.05,-0.01,-0.01,
1,0,0.06,-9.97,-0.02,-0.01,-0.01,
1,0,0.06,-9.97,-0.02,-0.01,-0.01,
1,0,0.05,-10.01,-0.09,0,-0.01,
1,0,0.05,-10.01,-0.09,0,-0.01,
1,0,0.05,-10.01,-0.09,0,-0.01,
1,0,0.01,-10.02,-0.09,0,-0.01,
1,0,0.01,-10.02,-0.09,0,-0.01,
1,0,0.01,-10.02,-0.09,0,-0.01,
1,0,-0.04,-9.97,-0.03,0,-0.01,
1,0,-0.04,-9.97,-0.03,0,-0.01,
1,0,-0.04,-9.97,-0.03,0,-0.01,
1,0,0.04,-10.02,-0.16,-0.01,-0.01,
1,0,0.04,-10.02,-0.16,-0.01,-0.01,
1,0,0.04,-10.02,-0.16,-0.01,-0.01,
1,0,-0.05,-10.02,-0.07,0,-0.01,
1,0,-0.05,-10.02,-0.07,0,-0.01,
1,0,-0.05,-10.02,-0.07,0,-0.01,
1,0,0.03,-9.99,-0.14,-0.01,-0.01,
1,0,0.03,-9.99,-0.14,-0.01,-0.01,
1,0,0.03,-9.99,-0.14,0,-0.01,
1,0,0.01,-10.04,-0.03,0,-0.01,
1,0,0.01,-10.04,-0.03,-0.01,-0.01,
1,0,0.01,-10.04,-0.03,-0.01,-0.01,
1,0,0.02,-10.06,-0.09,-0.01,-0.01,
1,0,0.02,-10.06,-0.09,-0.01,-0.01,
1,0,0.02,-10.06,-0.09,0,-0.01,
1,0,0,-10.02,-0.15,0,-0.01,
1,0,0,-10.02,-0.15,-0.01,-0.01,
1,0,0,-10.02,-0.15,0,-0.01,
1,0,0.06,-10.07,-0.09,0,-0.01,
1,0,0.06,-10.07,-0.09,-0.01,-0.01,
1,0,0.06,-10.07,-0.09,0,-0.01,
1,0,0.07,-10.06,-0.1,0,-0.01,
1,0,0.07,-10.06,-0.1,-0.01,-0.01,
1,0,0.07,-10.06,-0.1,-0.01,-0.01,
1,0,0.02,-10.02,-0.13,-0.01,-0.01,
1,0,0.02,-10.02,-0.13,0,-0.01,
1,0,0.02,-10.02,-0.13,0,-0.01,
1,0,0,-10.07,-0.1,0,-0.01,
1,0,0,-10.07,-0.1,0,-0.01,
1,0,0,-10.07,-0.1,0,-0.01,
1,0,0.02,-10,-0.1,0,-0.01,
1,0,0.02,-10,-0.1,0,-0.01,
1,0,0.02,-10,-0.1,0,-0.01,
1,0,0,-10.02,-0.16,-0.01,0,
1,0,0,-10.02,-0.16,-0.01,-0.01,
1,0,0,-10.02,-0.16,-0.01,-0.01,
1,0,0,-9.96,-0.04,0,-0.01,
1,0,0,-9.96,-0.04,0,-0.01,
1,0,0,-9.96,-0.04,0,-0.01,
1,0,0.03,-10.03,-0.08,0,-0.01,
1,0,0.03,-10.03,-0.08,0,-0.01,
1,0,0.03,-10.03,-0.08,0,-0.01,
1,0,0,-10.03,-0.09,-0.01,-0.01,
1,0,0,-10.03,-0.09,-0.01,-0.01,
1,0,0,-10.03,-0.09,0,-0.01,
1,0,0.02,-10.08,-0.11,0,-0.01,
1,0,0.02,-10.08,-0.11,0,-0.01,
1,0,0.02,-10.08,-0.11,0,-0.01,
1,0,0.01,-10.02,-0.07,0,0,
1,0,0.01,-10.02,-0.07,0,0,
1,0,0.01,-10.02,-0.07,0,-0.01,
1,0,0.01,-10.07,-0.07,0,-0.01,
1,0,0.01,-10.07,-0.07,-0.01,-0.01,
1,0,0.01,-10.07,-0.07,0,-0.01,
1,0,0.01,-9.97,-0.1,0,-0.01,
1,0,0.01,-9.97,-0.1,0,-0.01,
1,0,0.01,-9.97,-0.1,-0.01,-0.01,
1,0,0.04,-10.04,-0.11,-0.01,-0.01,
1,0,0.04,-10.04,-0.11,-0.01,-0.01,
1,0,0.04,-10.04,-0.11,-0.01,-0.01,
1,0,0.04,-10.01,-0.15,0,-0.01,
1,0,0.04,-10.01,-0.15,-0.01,-0.01,
1,0,0.04,-10.01,-0.15,-0.01,-0.01,
1,0,-0.01,-10,-0.08,0,-0.01,
1,0,-0.01,-10,-0.08,-0.01,-0.01,
1,0,-0.01,-10,-0.08,-0.01,-0.01,
1,0,0,-10,-0.09,0,-0.01,
1,0,0,-10,-0.09,0,-0.01,
1,0,0,-10,-0.09,0,-0.01,
1,0,0.05,-10.01,-0.09,0,-0.01,
1,0,0.05,-10.01,-0.09,0,-0.01,
1,0,0.05,-10.01,-0.09,0,-0.01,
1,0,0.01,-10.02,-0.1,-0.01,-0.01,
1,0,0.01,-10.02,-0.1,-0.01,-0.01,
1,0,0.01,-10.02,-0.1,0,-0.01,
1,0,0.02,-10,-0.07,0,-0.01,
1,0,0.02,-10,-0.07,0,-0.01,
1,0,0.02,-10,-0.07,0,-0.01,
1,0,0,-10.07,-0.05,0,-0.01,
1,0,0,-10.07,-0.05,0,-0.01,
1,0,0,-10.07,-0.05,0,-0.01,
1,0,0.02,-10.05,-0.07,-0.01,-0.01,
1,0,0.02,-10.05,-0.07,-0.01,-0.01,
1,0,0.02,-10.05,-0.07,-0.01,-0.01,
1,0,-0.07,-10.08,-0.09,-0.01,-0.01,
1,0,-0.07,-10.08,-0.09,-0.01,-0.01,
1,0,-0.07,-10.08,-0.09,-0.01,-0.01,
1,0,0.01,-10.02,-0.12,-0.01,-0.01,
1,0,0.01,-10.02,-0.12,0,-0.01,
1,0,0.01,-10.02,-0.12,-0.01,-0.01,
1,0,0.02,-10.01,-0.02,-0.01,-0.01,
1,0,0.02,-10.01,-0.02,-0.01,-0.01,
1,0,0.02,-10.01,-0.02,0,-0.01,
1,0,0.02,-10.02,-0.13,0,-0.01,
1,0,0.02,-10.02,-0.13,-0.01,-0.01,
1,0,0.02,-10.02,-0.13,0,-0.01,
1,0,-0.02,-10.04,-0.09,0,-0.01,
1,0,-0.02,-10.04,-0.09,-0.01,-0.01,
1,0,-0.02,-10.04,-0.09,0,0,
1,0,0,-10.07,-0.11,0,0,
1,0,0,-10.07,-0.11,0,-0.01,
1,0,0,-10.07,-0.11,0,-0.01,
1,0,0.03,-10.06,-0.03,0,-0.01,
1,0,0.03,-10.06,-0.03,0,-0.01,
1,0,0.03,-10.06,-0.03,0,-0.01,
1,0,0.02,-10.05,-0.09,0,-0.01,
1,0,0.02,-10.05,-0.09,0,-0.01,
1,0,-0.03,-10,-0.05,0,-0.01,
1,0,-0.03,-10,-0.05,0,-0.01,
1,0,-0.03,-10,-0.05,0,-0.01,
1,0,0,-10,-0.09,0,-0.01,
1,0,0,-10,-0.09,-0.01,-0.01,
1,0,0,-10,-0.09,0,-0.01,
1,0,-0.01,-10.01,-0.04,0,-0.01,
1,0,-0.01,-10.01,-0.04,0,-0.01,
1,0,-0.01,-10.01,-0.04,0,-0.01,
1,0,0.04,-10.07,-0.13,0,-0.01,
1,0,0.04,-10.07,-0.13,0,-0.01,
1,0,0.04,-10.07,-0.13,-0.01,-0.01,
1,0,-0.08,-10.08,-0.04,-0.01,-0.01,
1,0,-0.08,-10.08,-0.04,-0.01,-0.01,
1,0,-0.08,-10.08,-0.04,0,-0.01,
1,0,-0.04,-9.99,-0.11,0,-0.01,
1,0,-0.04,-9.99,-0.11,-0.01,-0.01,
1,0,-0.04,-9.99,-0.11,-0.01,-0.01,
1,0,-0.05,-10.03,-0.06,0,-0.01,
1,0,-0.05,-10.03,-0.06,0,-0.01,
1,0,-0.05,-10.03,-0.06,0,-0.01,
1,0,0.02,-10.07,-0.18,-0.01,-0.01,
1,0,0.02,-10.07,-0.18,-0.01,-0.01,
1,0,0.02,-10.07,-0.18,-0.01,-0.01,
1,0,0.02,-10.1,-0.08,-0.01,-0.01,
1,0,0.02,-10.1,-0.08,0,-0.01,
1,0,0.02,-10.1,-0.08,0,-0.01,
1,0,-0.06,-10.02,-0.07,-0.01,-0.01,
1,0,-0.06,-10.02,-0.07,0,-0.01,
1,0,-0.06,-10.02,-0.07,0,-0.01,
1,0,-0.04,-9.98,-0.15,0,-0.01,
1,0,-0.04,-9.98,-0.15,0,-0.01,
1,0,-0.04,-9.98,-0.15,0,-0.01,
1,0,-0.06,-10.04,-0.07,0,-0.01,
1,0,-0.06,-10.04,-0.07,0,-0.01,
1,0,-0.06,-10.04,-0.07,0,-0.01,
1,0,0.07,-10.02,-0.15,0,-0.01,
1,0,0.07,-10.02,-0.15,-0.01,-0.01,
1,0,0.07,-10.02,-0.15,-0.01,-0.01,
1,0,0.01,-10.05,-0.06,0,-0.01,
1,0,0.01,-10.05,-0.06,0,-0.01,
1,0,0.01,-10.05,-0.06,0,-0.01,
1,0,0,-10.04,-0.13,0,-0.01,
1,0,0,-10.04,-0.13,0,-0.01,
1,0,-0.06,-10.05,-0.08,0,-0.01,
1,0,-0.06,-10.05,-0.08,-0.01,-0.01,
1,0,-0.06,-10.05,-0.08,-0.01,-0.01,
1,0,0.09,-10.04,-0.15,0,-0.01,
1,0,0.09,-10.04,-0.15,-0.01,-0.01,
1,0,0.09,-10.04,-0.15,-0.01,-0.01,
1,0,0.01,-9.99,-0.07,0,-0.01,
1,0,0.01,-9.99,-0.07,0,-0.01,
1,0,0.01,-9.99,-0.07,0,-0.01,
1,0,0.05,-9.98,-0.13,0,-0.01,
1,0,0.05,-9.98,-0.13,0,-0.01,
1,0,0.05,-9.98,-0.13,-0.01,-0.01,
1,0,0.01,-10,-0.05,0,-0.01,
1,0,0.01,-10,-0.05,0,-0.01,
1,0,0.01,-10,-0.05,0,-0.01,
1,0,-0.03,-10.03,-0.14,-0.01,-0.01,
1,0,-0.03,-10.03,-0.14,-0.01,-0.01,
1,0,-0.03,-10.03,-0.14,-0.01,-0.01,
1,0,0.02,-9.97,0,-0.01,-0.01,
1,0,0.02,-9.97,0,-0.01,-0.01,
1,0,0.02,-9.97,0,0,-0.01,
1,0,0,-10.01,-0.09,0,-0.01,
1,0,0,-10.01,-0.09,0,-0.01,
1,0,0,-10.01,-0.09,0,-0.01,
1,0,-0.01,-9.98,-0.11,-0.01,-0.01,
1,0,-0.01,-9.98,-0.11,-0.01,-0.01,
1,0,-0.01,-9.98,-0.11,0,-0.01,
1,0,0,-10.07,-0.12,0,-0.01,
1,0,0,-10.07,-0.12,0,-0.01,
1,0,0,-10.07,-0.12,-0.01,-0.01,
1,0,-0.05,-9.99,-0.08,-0.01,0,
1,0,-0.05,-9.99,-0.08,-0.01,0,
1,0,-0.05,-9.99,-0.08,0,-0.01,
1,0,0.01,-10,-0.05,-0.01,-0.01,
1,0,0.01,-10,-0.05,-0.01,-0.01,
1,0,0.04,-10.01,-0.11,0,-0.01,
1,0,0.04,-10.01,-0.11,0,-0.01,
1,0,0.04,-10.01,-0.11,0,-0.01,
1,0,0.05,-10.12,-0.07,0,-0.01,
1,0,0.05,-10.12,-0.07,0,-0.01,
1,0,0.05,-10.12,-0.07,0,-0.01,
1,0,-0.01,-10.03,-0.04,0,-0.01,
1,0,-0.01,-10.03,-0.04,0,-0.01,
1,0,-0.01,-10.03,-0.04,0,-0.01,
1,0,0.01,-10.05,-0.05,0,-0.01,
1,0,0.01,-10.05,-0.05,-0.01,0,
1,0,0.01,-10.05,-0.05,-0.01,0,
1,0,0.05,-10.03,-0.1,0,-0.01,
1,0,0.05,-10.03,-0.1,-0.01,-0.01,
1,0,0.05,-10.03,-0.1,-0.01,-0.01,
1,0,-0.03,-10.05,-0.05,-0.01,-0.01,
1,0,-0.03,-10.05,-0.05,0,-0.01,
1,0,-0.03,-10.05,-0.05,0,-0.01,
1,0,0.03,-10.03,-0.16,0,-0.01,
1,0,0.03,-10.03,-0.16,0,-0.01,
1,0,0.03,-10.03,-0.16,0,-0.01,
1,0,0,-9.96,-0.08,0,-0.01,
1,0,0,-9.96,-0.08,0,-0.01,
1,0,0,-10.04,-0.11,0,-0.01,
1,0,0,-10.04,-0.11,0,-0.01,
1,0,0,-10.04,-0.11,0,-0.01,
1,0,-0.02,-9.99,0,0,-0.01,
1,0,-0.02,-9.99,0,-0.01,-0.01,
1,0,-0.02,-9.99,0,0,-0.01,
1,0,0.04,-10.04,-0.12,0,-0.01,
1,0,0.04,-10.04,-0.12,-0.01,-0.01,
1,0,0.04,-10.04,-0.12,-0.01,-0.01,
1,0,-0.02,-10.02,-0.05,0,-0.01,
1,0,-0.02,-10.02,-0.05,-0.01,-0.01,
1,0,-0.02,-10.02,-0.05,-0.01,-0.01,
1,0,-0.06,-10,-0.12,0,-0.01,
1,0,-0.06,-10,-0.12,-0.01,-0.01,
1,0,-0.06,-10,-0.12,-0.01,-0.01,
1,0,0.03,-10.04,-0.1,0,-0.01,
1,0,0.03,-10.04,-0.1,0,-0.01,
1,0,0.03,-10.04,-0.1,0,-0.01,
1,0,0.06,-10.05,-0.15,-0.01,-0.01,
1,0,0.06,-10.05,-0.15,-0.01,-0.01,
1,0,0.06,-10.05,-0.15,-0.01,-0.01,
1,0,-0.03,-10.05,-0.06,0,0,
1,0,-0.03,-10.05,-0.06,0,-0.01,
1,0,-0.03,-10.05,-0.06,0,-0.01,
1,0,-0.01,-10.03,-0.11,-0.01,-0.01,
1,0,-0.01,-10.03,-0.11,-0.01,-0.01,
1,0,-0.01,-10.03,-0.11,-0.01,-0.01,
1,0,-0.03,-9.99,-0.02,0,-0.01,
1,0,-0.03,-9.99,-0.02,0,-0.01,
1,0,-0.03,-9.99,-0.02,0,-0.01,
1,0,0,-9.98,-0.05,0,-0.01,
1,0,0,-9.98,-0.05,0,-0.01,
1,0,0,-9.98,-0.05,0,-0.01,
1,0,0.01,-10.03,-0.04,-0.01,0,
1,0,0.01,-10.03,-0.04,-0.01,0,
1,0,0.01,-10.03,-0.04,0,-0.01,
1,0,0,-10.04,-0.14,-0.01,-0.01,
1,0,0,-10.04,-0.14,-0.01,-0.01,
1,0,0,-10.04,-0.14,0,-0.01,
1,0,0.02,-9.98,-0.08,0,-0.01,
1,0,0.02,-9.98,-0.08,0,-0.01,
1,0,0.02,-9.98,-0.08,-0.01,-0.01,
1,0,0.03,-10.07,-0.16,-0.01,-0.01,
1,0,0.03,-10.07,-0.16,0,-0.01,
1,0,0.03,-10.07,-0.16,-0.01,-0.01,
1,0,0.06,-10,-0.05,-0.01,-0.01,
1,0,0.06,-10,-0.05,0,-0.01,
1,0,0.06,-10,-0.05,0,-0.01,
1,0,0.04,-10.02,-0.1,0,-0.01,
1,0,0.04,-10.02,-0.1,-0.01,-0.01,
1,0,0.04,-10.02,-0.1,-0.01,-0.01,
1,0,0.01,-10,-0.07,0,-0.01,
1,0,0.01,-10,-0.07,0,-0.01,
1,0,0.01,-10,-0.07,0,-0.01,
1,0,0,-10,-0.09,0,-0.01,
1,0,0,-10,-0.09,-0.01,-0.01,
1,0,0,-10,-0.09,-0.01,-0.01,
1,0,0.04,-10.02,-0.07,0,-0.01,
1,0,0.04,-10.02,-0.07,0,-0.01,
1,0,0.04,-10.02,-0.07,0,-0.01,
1,0,0,-10.1,-0.08,0,-0.01,
1,0,0,-10.1,-0.08,-0.01,-0.01,
1,0,0,-10.1,-0.08,-0.01,-0.01,
1,0,0.05,-10.06,-0.1,0,-0.01,
1,0,0.05,-10.06,-0.1,0,-0.01,
1,0,0.05,-10.06,-0.1,0,-0.01,
1,0,-0.01,-10.02,-0.09,-0.01,-0.01,
1,0,-0.01,-10.02,-0.09,-0.01,-0.01,
1,0,-0.01,-10.02,-0.09,-0.01,-0.01,
1,0,0.04,-10.03,-0.08,-0.01,0,
1,0,0.04,-10.03,-0.08,-0.01,0,
1,0,0,-10.05,-0.03,-0.01,-0.01,
1,0,0,-10.05,-0.03,0,-0.01,
1,0,0,-10.05,-0.03,0,-0.01,
1,0,0.06,-10.05,-0.07,-0.01,-0.01,
1,0,0.06,-10.05,-0.07,-0.01,-0.01,
1,0,0.06,-10.05,-0.07,-0.01,-0.01,
1,0,0.06,-10.08,-0.09,-0.01,-0.01,
1,0,0.06,-10.08,-0.09,0,-0.01,
1,0,0.06,-10.08,-0.09,0,-0.01,
1,0,0.01,-9.96,-0.11,-0.01,-0.01,
1,0,0.01,-9.96,-0.11,0,-0.01,
1,0,0.01,-9.96,-0.11,0,-0.01,
1,0,0,-10.03,-0.07,-0.01,-0.01,
1,0,0,-10.03,-0.07,0,-0.01,
1,0,0,-10.03,-0.07,0,-0.01,
1,0,-0.01,-10.02,-0.05,0,-0.01,
1,0,-0.01,-10.02,-0.05,0,-0.01,
1,0,-0.01,-10.02,-0.05,0,-0.01,
1,0,0.02,-10.05,-0.08,0,-0.01,
1,0,0.02,-10.05,-0.08,0,-0.01,
1,0,0.02,-10.05,-0.08,0,-0.01,
1,0,0.04,-10.04,-0.1,-0.01,-0.01,
1,0,0.04,-10.04,-0.1,0,-0.01,
1,0,0.04,-10.04,-0.1,0,-0.01,
1,0,-0.01,-10.03,-0.04,0,-0.01,
1,0,-0.01,-10.03,-0.04,-0.01,-0.01,
1,0,-0.01,-10.03,-0.04,-0.01,-0.01,
1,0,-0.03,-10.06,-0.09,-0.01,-0.01,
1,0,-0.03,-10.06,-0.09,0,-0.01,
1,0,0.06,-10.04,-0.07,0,-0.01,
1,0,0.06,-10.04,-0.07,0,-0.01,
1,0,0.06,-10.04,-0.07,0,-0.01,
1,0,0.03,-10.04,-0.08,0,-0.01,
1,0,0.03,-10.04,-0.08,0,-0.01,
1,0,0.03,-10.04,-0.08,0,-0.01,
1,0,0,-10.03,-0.07,0,-0.01,
1,0,0,-10.03,-0.07,-0.01,-0.01,
1,0,0,-10.03,-0.07,-0.01,-0.01,
1,0,0.01,-10.06,-0.08,-0.01,-0.01,
1,0,0.01,-10.06,-0.08,0,-0.01,
1,0,0.01,-10.06,-0.08,0,-0.01,
1,0,-0.02,-10.04,-0.06,0,-0.01,
1,0,-0.02,-10.04,-0.06,0,-0.01,
1,0,-0.02,-10.04,-0.06,0,-0.01,
1,0,0.03,-9.98,-0.09,0,-0.01,
1,0,0.03,-9.98,-0.09,-0.01,-0.01,
1,0,0.03,-9.98,-0.09,-0.01,-0.01,
1,0,0,-10.03,-0.09,0,0,
1,0,0,-10.03,-0.09,0,-0.01,
1,0,0,-10.03,-0.09,0,-0.01,
1,0,0,-9.93,-0.11,0,-0.01,
1,0,0,-9.93,-0.11,0,-0.01,
1,0,0,-9.93,-0.11,0,-0.01,
1,0,0,-10.03,-0.08,0,0,
1,0,0,-10.03,-0.08,-0.01,-0.01,
1,0,0,-10.03,-0.08,-0.01,-0.01,
1,0,0,-10.05,-0.11,-0.01,-0.01,
1,0,0,-10.05,-0.11,-0.01,-0.01,
1,0,0,-10.05,-0.11,-0.01,-0.01,
1,0,0,-9.99,-0.05,0,-0.01,
1,0,0,-9.99,-0.05,0,-0.01,
1,0,0,-9.99,-0.05,-0.01,-0.01,
1,0,0.01,-9.93,-0.11,-0.01,-0.01,
1,0,0.01,-9.93,-0.11,-0.01,-0.01,
1,0,0.01,-9.93,-0.11,0,-0.01,
1,0,-0.04,-10,-0.08,0,-0.01,
1,0,-0.04,-10,-0.08,0,-0.01,
1,0,-0.04,-10,-0.08,0,-0.01,
1,0,0.02,-10.04,-0.09,0,-0.01,
1,0,0.02,-10.04,-0.09,0,-0.01,
1,0,0.02,-10.04,-0.09,0,-0.01,
1,0,0.03,-9.96,-0.08,0,-0.01,
1,0,0.03,-9.96,-0.08,0,-0.01,
1,0,0.03,-9.96,-0.08,-0.01,-0.01,
1,0,-0.04,-10.03,-0.07,-0.01,-0.01,
1,0,-0.04,-10.03,-0.07,-0.01,-0.01,
1,0,-0.04,-10.03,-0.07,-0.01,-0.01,
1,0,0.01,-10.06,-0.08,0,-0.01,
1,0,0.01,-10.06,-0.08,-0.01,-0.01,
1,0,0.01,-10.06,-0.08,-0.01,-0.01,
1,0,0.02,-10.13,-0.09,-0.01,-0.01,
1,0,0.02,-10.13,-0.09,-0.01,-0.01,
1,0,0.02,-10.13,-0.09,0,-0.01,
1,0,0,-10.04,-0.14,0,0,
1,0,0,-10.04,-0.14,0,0,
1,0,0,-10.04,-0.14,0,-0.01,
1,0,-0.02,-10.07,-0.1,0,-0.01,
1,0,-0.02,-10.07,-0.1,0,-0.01,
1,0,-0.02,-10.07,-0.1,0,-0.01,
1,0,0.01,-10.02,-0.09,0,-0.01,
1,0,0.01,-10.02,-0.09,0,-0.01,
1,0,0.01,-10.02,-0.09,-0.01,-0.01,
1,0,0.03,-10.06,-0.17,-0.01,-0.01,
1,0,0.03,-10.06,-0.17,0,-0.01,
1,0,0.03,-10.06,-0.17,-0.01,-0.01,
1,0,-0.04,-9.95,-0.1,-0.01,-0.01,
1,0,-0.04,-9.95,-0.1,0,-0.01,
1,0,-0.04,-9.95,-0.1,0,-0.01,
1,0,0,-9.98,-0.09,0,-0.01,
1,0,0,-9.98,-0.09,0,-0.01,
1,0,0,-9.98,-0.09,0,-0.01,
1,0,-0.03,-10.02,-0.08,0,-0.01,
1,0,-0.03,-10.02,-0.08,0,-0.01,
1,0,-0.03,-10.02,-0.08,-0.01,-0.01,
1,0,-0.02,-10.03,-0.13,-0.01,-0.01,
1,0,-0.02,-10.03,-0.13,0,-0.01,
1,0,-0.02,-10.03,-0.13,0,-0.01,
1,0,0,-10.06,-0.12,0,-0.01,
1,0,0,-10.06,-0.12,-0.01,-0.01,
1,0,0,-10.06,-0.12,-0.01,-0.01,
1,0,0.02,-9.99,-0.15,-0.01,-0.01,
1,0,0.02,-9.99,-0.15,0,-0.01,
1,0,0.02,-9.99,-0.15,0,-0.01,
1,0,-0.01,-10.04,-0.08,-0.01,-0.01,
1,0,-0.01,-10.04,-0.08,0,-0.01,
1,0,-0.01,-10.04,-0.08,0,-0.01,
1,0,0.04,-10.03,-0.12,0,-0.01,
1,0,0.04,-10.03,-0.12,-0.01,-0.01,
1,0,0.04,-10.03,-0.12,-0.01,-0.01,
1,0,-0.01,-10.01,-0.07,0,0,
1,0,-0.01,-10.01,-0.07,0,0,
1,0,-0.01,-10.01,-0.07,-0.01,-0.01,
1,0,-0.01,-10.04,-0.09,-0.01,-0.01,
1,0,-0.01,-10.04,-0.09,-0.01,-0.01,
1,0,-0.01,-10.04,-0.09,0,0,
1,0,-0.05,-10.04,-0.08,0,-0.01,
1,0,-0.05,-10.04,-0.08,0,-0.01,
1,0,-0.05,-10.04,-0.08,-0.01,-0.01,
1,0,-0.01,-10.01,-0.11,-0.01,-0.01,
1,0,-0.01,-10.01,-0.11,-0.01,-0.01,
1,0,-0.01,-10.01,-0.11,0,-0.01,
1,0,0.01,-10.03,-0.08,0,-0.01,
1,0,0.01,-10.03,-0.08,0,-0.01,
1,0,0.01,-10.03,-0.08,0,-0.01,
1,0,0,-10.03,-0.16,0,-0.01,
1,0,0,-10.03,-0.16,0,-0.01,
1,0,0,-10.03,-0.16,0,-0.01,
1,0,0.05,-10.02,-0.08,0,-0.01,
1,0,0.05,-10.02,-0.08,0,-0.01,
1,0,0.05,-10.02,-0.08,-0.01,-0.01,
1,0,-0.01,-10.03,-0.08,-0.01,-0.01,
1,0,-0.01,-10.03,-0.08,-0.01,-0.01,
1,0,-0.01,-10.03,-0.08,-0.01,-0.01,
1,0,-0.04,-10.07,-0.02,-0.01,-0.01,
1,0,-0.04,-10.07,-0.02,-0.01,-0.01,
1,0,-0.04,-10.07,-0.02,0,-0.01,
1,0,0,-10,-0.12,0,-0.01,
1,0,0,-10,-0.12,-0.01,-0.01,
1,0,0.02,-10.03,-0.04,0,-0.01,
1,0,0.02,-10.03,-0.04,0,-0.01,
1,0,0.02,-10.03,-0.04,0,-0.01,
1,0,0.03,-9.99,-0.07,0,-0.01,
1,0,0.03,-9.99,-0.07,0,0,
1,0,0.03,-9.99,-0.07,0,-0.01,
1,0,0.02,-10.02,-0.06,0,-0.01,
1,0,0.02,-10.02,-0.06,0,-0.01,
1,0,0.02,-10.02,-0.06,0,-0.01,
1,0,0.02,-10.03,-0.07,0,-0.01,
1,0,0.02,-10.03,-0.07,0,0,
1,0,-0.01,-10.09,-0.14,-0.01,-0.01,
1,0,-0.01,-10.09,-0.14,-0.01,-0.01,
1,0,-0.01,-10.09,-0.14,0,-0.01,
1,0,-0.05,-10,-0.06,0,-0.01,
1,0,-0.05,-10,-0.06,0,-0.01,
1,0,-0.05,-10,-0.06,0,-0.01,
1,0,-0.02,-10.12,-0.1,0,-0.01,
1,0,-0.02,-10.12,-0.1,-0.01,-0.01,
1,0,-0.02,-10.12,-0.1,0,-0.01,
1,0,-0.04,-10.04,-0.02,0,-0.01,
1,0,-0.04,-10.04,-0.02,-0.01,-0.01,
1,0,-0.04,-10.04,-0.02,0,-0.01,
1,0,0.06,-10.06,-0.14,0,-0.01,
1,0,0.06,-10.06,-0.14,0,-0.01,
1,0,0.06,-10.06,-0.14,0,-0.01,
1,0,-0.01,-10.08,-0.11,0,-0.01,
1,0,-0.01,-10.08,-0.11,0,-0.01,
1,0,-0.01,-10.08,-0.11,0,-0.01,
1,0,0,-10.01,-0.13,0,-0.01,
1,0,0,-10.01,-0.13,0,-0.01,
1,0,0,-10.01,-0.13,0,-0.01,
1,0,0.02,-10.13,-0.11,0,-0.01,
1,0,0.02,-10.13,-0.11,0,-0.01,
1,0,0.02,-10.13,-0.11,-0.01,-0.01,
1,0,0,-9.99,-0.13,0,-0.01,
1,0,0,-9.99,-0.13,0,-0.01,
1,0,0,-9.99,-0.13,-0.01,-0.01,
1,0,-0.03,-10.01,-0.07,-0.01,-0.01,
1,0,-0.03,-10.01,-0.07,-0.01,-0.01,
1,0,-0.03,-10.01,-0.07,0,-0.01,
1,0,0.04,-10.06,-0.09,-0.01,-0.01,
1,0,0.04,-10.06,-0.09,-0.01,-0.01,
1,0,0.04,-10.06,-0.09,-0.01,-0.01,
1,0,0.04,-9.97,-0.11,0,-0.01,
1,0,0.04,-9.97,-0.11,0,-0.01,
1,0,0.04,-9.97,-0.11,0,-0.01,
1,0,-0.03,-10.02,-0.1,0,-0.01,
1,0,-0.03,-10.02,-0.1,0,-0.01,
1,0,-0.03,-10.02,-0.1,0,-0.01,
1,0,0,-10.1,-0.04,0,-0.01,
1,0,0,-10.1,-0.04,-0.01,-0.01,
1,0,0,-10.1,-0.04,0,-0.01,
1,0,-0.01,-10.02,-0.09,0,-0.01,
1,0,-0.01,-10.02,-0.09,0,-0.01,
1,0,-0.01,-10.02,-0.09,-0.01,-0.01,
1,0,0,-9.96,-0.03,-0.01,-0.01,
1,0,0,-9.96,-0.03,0,-0.01,
1,0,0,-9.96,-0.03,0,-0.01,
1,0,0.02,-9.99,-0.11,-0.01,-0.01,
1,0,0.02,-9.99,-0.11,-0.01,-0.01,
1,0,0.02,-9.99,-0.11,-0.01,-0.01,
1,0,0,-10,-0.06,-0.01,-0.01,
1,0,0,-10,-0.06,0,-0.01,
1,0,0,-10,-0.06,0,-0.01,
1,0,0.02,-10.01,-0.09,-0.01,-0.01,
1,0,0.02,-10.01,-0.09,-0.01,-0.01,
1,0,0.02,-10.01,-0.09,-0.01,-0.01,
1,0,0.04,-10.07,-0.04,-0.01,-0.01,
1,0,0.04,-10.07,-0.04,0,-0.01,
1,0,0.04,-10.07,-0.04,0,-0.01,
1,0,0.03,-9.99,-0.1,0,-0.01,
1,0,0.03,-9.99,-0.1,0,-0.01,
1,0,0.03,-9.99,-0.1,0,-0.01,
1,0,-0.05,-10,-0.03,-0.01,-0.01,
1,0,-0.05,-10,-0.03,-0.01,-0.01,
1,0,0,-10.01,-0.1,0,-0.01,
1,0,0,-10.01,-0.1,0,-0.01,
1,0,0,-10.01,-0.1,0,-0.01,
1,0,-0.05,-10.05,-0.07,-0.01,-0.01,
1,0,-0.05,-10.05,-0.07,0,-0.01,
1,0,-0.05,-10.05,-0.07,0,-0.01,
1,0,0.05,-10,-0.08,0,-0.01,
1,0,0.05,-10,-0.08,0,-0.01,
1,0,0.05,-10,-0.08,0,-0.01,
1,0,0.02,-10.06,-0.04,-0.01,-0.01,
1,0,0.02,-10.06,-0.04,-0.01,-0.01,
1,0,0.02,-10.06,-0.04,-0.01,-0.01,
1,0,0,-10.02,-0.05,0,0,
1,0,0,-10.02,-0.05,0,0,
1,0,0,-10.02,-0.05,-0.01,-0.01,
1,0,-0.03,-10.04,-0.08,-0.01,-0.01,
1,0,-0.03,-10.04,-0.08,-0.01,-0.01,
1,0,-0.03,-10.04,-0.08,0,-0.01,
1,0,-0.04,-10,-0.07,0,-0.01,
1,0,-0.04,-10,-0.07,0,-0.01,
1,0,-0.04,-10,-0.07,0,-0.01,
1,0,-0.02,-10.05,-0.11,0,-0.01,
1,0,-0.02,-10.05,-0.11,0,-0.01,
1,0,-0.02,-10.05,-0.11,0,-0.01,
1,0,-0.03,-10.05,-0.06,-0.01,-0.01,
1,0,-0.03,-10.05,-0.06,-0.01,-0.01,
1,0,-0.03,-10.05,-0.06,0,-0.01,
1,0,0.02,-10.09,-0.15,-0.01,-0.01,
1,0,0.02,-10.09,-0.15,-0.01,-0.01,
1,0,0.02,-10.09,-0.15,-0.01,-0.01,
1,0,0.05,-10.03,-0.1,-0.01,-0.01,
1,0,0.05,-10.03,-0.1,0,-0.01,
1,0,0.05,-10.03,-0.1,-0.01,-0.01,
1,0,0.04,-10.05,-0.08,-0.01,-0.01,
1,0,0.04,-10.05,-0.08,0,-0.01,
1,0,0.04,-10.05,-0.08,0,-0.01,
1,0,0.04,-9.99,-0.02,0,-0.01,
1,0,0.04,-9.99,-0.02,0,-0.01,
1,0,0.04,-9.99,-0.02,-0.01,-0.01,
1,0,-0.04,-10.05,-0.14,-0.01,-0.01,
1,0,-0.04,-10.05,-0.14,0,-0.01,
1,0,-0.04,-10.05,-0.14,0,-0.01,
1,0,-0.05,-10.03,-0.05,0,-0.01,
1,0,-0.05,-10.03,-0.05,-0.01,-0.01,
1,0,-0.05,-10.03,-0.05,-0.01,-0.01,
1,0,0.05,-10.03,-0.08,0,-0.01,
1,0,0.05,-10.03,-0.08,-0.01,-0.01,
1,0,0.05,-10.03,-0.08,-0.01,-0.01,
1,0,-0.04,-10.04,-0.09,-0.01,-0.01,
1,0,-0.04,-10.04,-0.09,-0.01,-0.01,
1,0,-0.04,-10.04,-0.09,0,-0.01,
1,0,0.01,-10.07,-0.09,0,-0.01,
1,0,0.01,-10.07,-0.09,0,-0.01,
1,0,0.01,-10.07,-0.09,-0.01,-0.01,
1,0,0.05,-10.01,-0.04,-0.01,-0.01,
1,0,0.05,-10.01,-0.04,-0.01,-0.01,
1,0,0.05,-10.01,-0.04,0,-0.01,
1,0,0.05,-9.96,-0.14,-0.01,-0.01,
1,0,0.05,-9.96,-0.14,-0.01,-0.01,
1,0,0.05,-9.96,-0.14,-0.01,-0.01,
1,0,-0.01,-10.03,-0.05,0,-0.01,
1,0,-0.01,-10.03,-0.05,0,-0.01,
1,0,-0.01,-10.03,-0.05,-0.01,-0.01,
1,0,0.02,-10.07,-0.16,0,-0.01,
1,0,0.02,-10.07,-0.16,0,-0.01,
1,0,0.02,-10.07,-0.16,0,-0.01,
1,0,-0.03,-10.07,-0.07,0,-0.01,
1,0,-0.03,-10.07,-0.07,0,-0.01,
1,0,-0.03,-10.07,-0.07,0,-0.01,
1,0,-0.02,-10.07,-0.14,0,-0.01,
1,0,-0.02,-10.07,-0.14,0,-0.01,
1,0,-0.02,-10.07,-0.14,0,-0.01,
1,0,-0.02,-10.03,-0.02,0,-0.01,
1,0,-0.02,-10.03,-0.02,0,-0.01,
1,0,-0.02,-10.03,-0.02,0,-0.01,
1,0,0.02,-10.02,-0.13,0,-0.01,
1,0,0.02,-10.02,-0.13,-0.01,-0.01,
1,0,0.02,-10.02,-0.13,-0.01,0,
1,0,0.03,-10.08,-0.01,-0.01,0,
1,0,0.03,-10.08,-0.01,-0.01,-0.01,
1,0,0.03,-10.08,-0.01,0,-0.01,
1,0,-0.01,-10,-0.13,0,-0.01,
1,0,-0.01,-10,-0.13,-0.01,-0.01,
1,0,-0.01,-10,-0.13,-0.01,-0.01,
1,0,-0.02,-10.02,-0.06,0,-0.01,
1,0,-0.02,-10.02,-0.06,-0.01,-0.01,
1,0,-0.02,-10.02,-0.06,-0.01,-0.01,
1,0,0,-10.04,-0.13,0,-0.01,
1,0,0,-10.04,-0.13,-0.01,-0.01,
1,0,-0.01,-10.02,-0.08,-0.01,-0.01,
1,0,-0.01,-10.02,-0.08,0,-0.01,
1,0,-0.01,-10.02,-0.08,0,-0.01,
1,0,0.05,-10,-0.11,0,-0.01,
1,0,0.05,-10,-0.11,0,-0.01,
1,0,0.05,-10,-0.11,0,-0.01,
1,0,0,-10.04,-0.07,0,-0.01,
1,0,0,-10.04,-0.07,-0.01,-0.01,
1,0,0,-10.04,-0.07,0,-0.01,
1,0,0,-10.04,-0.08,0,-0.01,
1,0,0,-10.04,-0.08,-0.01,-0.01,
1,0,0,-10.04,-0.08,-0.01,-0.01,
1,0,-0.03,-9.96,-0.06,-0.01,-0.01,
1,0,-0.03,-9.96,-0.06,0,-0.01,
1,0,-0.03,-9.96,-0.06,0,-0.01,
1,0,-0.01,-10.03,-0.09,0,-0.01,
1,0,-0.01,-10.03,-0.09,0,-0.01,
1,0,-0.01,-10.03,-0.09,0,-0.01,
1,0,-0.01,-10.06,-0.13,0,-0.01,
1,0,-0.01,-10.06,-0.13,0,-0.01,
1,0,-0.01,-10.06,-0.13,0,-0.01,
1,0,0.04,-10.02,-0.11,-0.01,-0.01,
1,0,0.04,-10.02,-0.11,0,-0.01,
1,0,0.04,-10.02,-0.11,0,-0.01,
1,0,0.03,-10.08,-0.11,0,-0.01,
1,0,0.03,-10.08,-0.11,0,-0.01,
1,0,0.03,-10.08,-0.11,0,-0.01,
1,0,0,-9.98,-0.1,0,-0.01,
1,0,0,-9.98,-0.1,0,-0.01,
1,0,0,-9.98,-0.1,0,-0.01,
1,0,0.05,-10.06,-0.06,-0.01,-0.01,
1,0,0.05,-10.06,-0.06,0,-0.01,
1,0,0.05,-10.06,-0.06,0,-0.01,
1,0,0.04,-10.06,-0.09,0,-0.01,
1,0,0.04,-10.06,-0.09,0,-0.01,
1,0,0.04,-10.06,-0.09,0,0,
1,0,-0.04,-10.02,-0.14,-0.01,-0.01,
1,0,-0.04,-10.02,-0.14,-0.01,-0.01,
1,0,-0.04,-10.02,-0.14,-0.01,-0.01,
1,0,-0.04,-10.01,-0.06,-0.01,-0.01,
1,0,-0.04,-10.01,-0.06,-0.01,-0.01,
1,0,-0.04,-10.01,-0.06,0,-0.01,
1,0,0.03,-10.02,-0.1,0,-0.01,
1,0,0.03,-10.02,-0.1,0,-0.01,
1,0,0.03,-10.02,-0.1,0,-0.01,
1,0,-0.04,-10.01,-0.07,0,-0.01,
1,0,-0.04,-10.01,-0.07,-0.01,-0.01,
1,0,-0.04,-10.01,-0.07,-0.01,-0.01,
1,0,-0.01,-10.06,-0.17,-0.01,-0.01,
1,0,-0.01,-10.06,-0.17,0,-0.01,
1,0,-0.01,-10.06,-0.17,0,-0.01,
1,0,0.01,-10.05,0,0,-0.01,
1,0,0.01,-10.05,0,-0.01,-0.01,
1,0,0.01,-10.05,0,-0.01,-0.01,
1,0,-0.01,-10.06,-0.11,0,-0.01,
1,0,-0.01,-10.06,-0.11,0,-0.01,
1,0,-0.01,-10.06,-0.11,0,-0.01,
1,0,-0.01,-9.97,-0.01,0,-0.01,
1,0,-0.01,-9.97,-0.01,0,-0.01,
1,0,-0.01,-9.97,-0.01,-0.01,-0.01,
1,0,0.05,-10.12,-0.12,-0.01,-0.01,
1,0,0.05,-10.12,-0.12,-0.01,-0.01,
1,0,0.05,-10.12,-0.12,0,0,
1,0,0.02,-9.99,-0.02,0,0,
1,0,0.02,-9.99,-0.02,0,-0.01,
1,0,0.02,-9.99,-0.02,-0.01,-0.01,
1,0,0,-10.07,-0.13,-0.01,-0.01,
1,0,0,-10.07,-0.13,0,-0.01,
1,0,0,-10.07,-0.13,0,-0.01,
1,0,0.01,-9.99,-0.06,0,-0.01,
1,0,0.01,-9.99,-0.06,-0.01,-0.01,
1,0,0.01,-9.99,-0.06,-0.01,0,
1,0,0.03,-10.05,-0.16,-0.01,0,
1,0,0.03,-10.05,-0.16,0,-0.01,
1,0,0.03,-10.05,-0.16,0,-0.01,
1,0,0.05,-9.99,-0.09,0,-0.01,
1,0,0.05,-9.99,-0.09,-0.01,-0.01,
1,0,0.05,-9.99,-0.09,0,-0.01,
1,0,0.04,-9.99,-0.1,0,-0.01,
1,0,0.04,-9.99,-0.1,0,-0.01,
1,0,0.04,-9.99,-0.1,0,-0.01,
1,0,0.03,-9.96,-0.05,-0.01,-0.01,
1,0,0.03,-9.96,-0.05,0,-0.01,
1,0,0.03,-9.96,-0.05,0,-0.01,
1,0,-0.01,-10.04,-0.14,0,-0.01,
1,0,-0.01,-10.04,-0.14,-0.01,-0.01,
1,0,-0.01,-10.04,-0.14,-0.01,-0.01,
1,0,0,-10.02,-0.1,0,-0.01,
1,0,0,-10.02,-0.1,0,-0.01,
1,0,0,-10.02,-0.1,0,-0.01,
1,0,0,-10.04,-0.09,-0.01,-0.01,
1,0,0,-10.04,-0.09,-0.01,-0.01,
1,0,0,-10.04,-0.09,-0.01,-0.01,
1,0,0,-10.04,-0.06,0,-0.01,
1,0,0,-10.04,-0.06,0,-0.01,
1,0,0,-10.04,-0.06,0,-0.01,
1,0,-0.03,-10.04,-0.1,-0.01,-0.01,
1,0,-0.03,-10.04,-0.1,-0.01,-0.01,
1,0,-0.03,-10.04,-0.1,0,-0.01,
1,0,0,-9.95,-0.11,0,-0.01,
1,0,0,-9.95,-0.11,0,-0.01,
1,0,0,-9.95,-0.11,0,-0.01,
1,0,-0.02,-10.02,-0.01,-0.01,-0.01,
1,0,-0.02,-10.02,-0.01,-0.01,-0.01,
1,0,-0.02,-10.02,-0.01,-0.01,-0.01,
1,0,0.05,-10.06,-0.11,0,-0.01,
1,0,0.05,-10.06,-0.11,0,-0.01,
1,0,0.05,-10.06,-0.11,0,-0.01,
1,0,-0.01,-10.02,-0.1,-0.01,-0.01,
1,0,-0.01,-10.02,-0.1,-0.01,-0.01,
1,0,-0.01,-10.02,-0.1,-0.01,-0.01,
1,0,0,-9.98,-0.2,-0.01,-0.01,
1,0,0,-9.98,-0.2,-0.01,-0.01,
1,0,0,-9.98,-0.2,-0.01,-0.01,
1,0,0.02,-10.03,-0.06,-0.01,-0.01,
1,0,0.02,-10.03,-0.06,0,-0.01,
1,0,0.02,-10.03,-0.06,-0.01,-0.01,
1,0,0.03,-10.03,-0.1,-0.01,-0.01,
1,0,0.03,-10.03,-0.1,0,-0.01,
1,0,0.03,-10.03,-0.1,0,-0.01,
1,0,-0.03,-9.98,-0.03,0,-0.01,
1,0,-0.03,-9.98,-0.03,-0.01,0,
1,0,0.02,-9.94,-0.15,0,-0.01,
1,0,0.02,-9.94,-0.15,0,-0.01,
1,0,0.02,-9.94,-0.15,0,-0.01,
1,0,-0.04,-9.99,-0.09,0,-0.01,
1,0,-0.04,-9.99,-0.09,0,-0.01,
1,0,-0.04,-9.99,-0.09,-0.01,-0.01,
1,0,0,-10.04,-0.09,0,-0.01,
1,0,0,-10.04,-0.09,0,-0.01,
1,0,0,-10.04,-0.09,-0.01,-0.01,
1,0,-0.01,-10,-0.03,-0.01,-0.01,
1,0,-0.01,-10,-0.03,-0.01,-0.01,
1,0,-0.01,-10,-0.03,0,-0.01,
1,0,0,-10.01,-0.06,0,-0.01,
1,0,0,-10.01,-0.06,0,-0.01,
1,0,0,-10.01,-0.06,-0.01,-0.01,
1,0,-0.03,-10,-0.09,-0.01,-0.01,
1,0,-0.03,-10,-0.09,-0.01,-0.01,
1,0,-0.03,-10,-0.09,-0.01,-0.01,
1,0,0.03,-10.02,-0.14,-0.01,-0.01,
1,0,0.03,-10.02,-0.14,0,-0.01,
1,0,0.03,-10.02,-0.14,-0.01,-0.01,
1,0,0.06,-10.05,-0.05,-0.01,-0.01,
1,0,0.06,-10.05,-0.05,-0.01,-0.01,
1,0,0.06,-10.05,-0.05,-0.01,-0.01,
1,0,0.02,-10,-0.11,0,-0.01,
1,0,0.02,-10,-0.11,0,-0.01,
1,0,0.02,-10,-0.11,0,-0.01,
1,0,0.06,-10.09,-0.13,0,-0.01,
1,0,0.06,-10.09,-0.13,0,-0.01,
1,0,0.06,-10.09,-0.13,0,-0.01,
1,0,0.01,-9.97,-0.16,0,-0.01,
1,0,0.01,-9.97,-0.16,0,-0.01,
1,0,0.01,-9.97,-0.16,0,0,
1,0,-0.02,-10.03,-0.08,0,0,
1,0,-0.02,-10.03,-0.08,0,0,
1,0,-0.02,-10.03,-0.08,-0.01,-0.01,
1,0,-0.05,-10.03,-0.04,0,-0.01,
1,0,-0.05,-10.03,-0.04,0,-0.01,
1,0,-0.05,-10.03,-0.04,-0.01,-0.01,
1,0,-0.01,-10.05,-0.12,0,-0.01,
1,0,-0.01,-10.05,-0.12,0,-0.01,
1,0,-0.01,-10.05,-0.12,-0.01,-0.01,
1,0,0.02,-9.97,-0.04,0,-0.01,
1,0,0.02,-9.97,-0.04,0,-0.01,
1,0,0.02,-9.97,-0.04,-0.01,-0.02,
1,0,-0.03,-9.99,-0.14,-0.01,-0.02,
1,0,-0.03,-9.99,-0.14,0,-0.01,
1,0,-0.03,-9.99,-0.14,-0.01,-0.02,
1,0,0.01,-10.03,-0.06,-0.01,-0.02,
1,0,0.01,-10.03,-0.06,0,-0.01,
1,0,0.01,-10.03,-0.06,0,-0.01,
1,0,0,-10.03,-0.13,0,-0.01,
1,0,0,-10.03,-0.13,0,-0.01,
1,0,0,-10.03,-0.13,-0.01,-0.01,
1,0,0.01,-10.03,-0.04,-0.01,-0.01,
1,0,0.01,-10.03,-0.04,-0.01,-0.01,
1,0,0.01,-10.03,-0.04,-0.01,-0.01,
1,0,0,-9.99,-0.09,0,-0.01,
1,0,0,-9.99,-0.09,0,-0.01,
1,0,0,-9.99,-0.09,0,-0.01,
1,0,-0.01,-9.96,0.04,0,-0.01,
1,0,-0.01,-9.96,0.04,0,-0.01,
1,0,-0.01,-9.96,0.04,0,-0.01,
1,0,0,-10.03,-0.13,-0.01,-0.01,
1,0,0,-10.03,-0.13,-0.01,-0.01,
1,0,0,-10.03,-0.13,-0.01,-0.01,
1,0,-0.05,-10.05,-0.09,0,-0.01,
1,0,-0.05,-10.05,-0.09,0,-0.01,
1,0,-0.05,-10.05,-0.09,0,-0.01,
1,0,-0.07,-10.01,-0.03,0,-0.01,
1,0,-0.07,-10.01,-0.03,0,-0.01,
1,0,-0.07,-10.01,-0.03,0,-0.01,
1,0,0.03,-10.05,-0.01,0,-0.01,
1,0,0.03,-10.05,-0.01,0,-0.01,
1,0,0.03,-10.05,-0.01,0,-0.01,
1,0,-0.05,-9.97,-0.09,0,-0.01,
1,0,-0.05,-9.97,-0.09,0,-0.01,
1,0,-0.05,-9.97,-0.09,0,-0.01,
1,0,-0.02,-10.11,-0.14,0,-0.01,
1,0,-0.02,-10.11,-0.14,0,-0.01,
1,0,-0.02,-10.11,-0.14,0,-0.01,
1,0,-0.03,-10.01,0.03,0,-0.01,
1,0,-0.03,-10.01,0.03,0,-0.01,
1,0,-0.03,-10.01,0.03,-0.01,-0.01,
1,0,0.02,-10.07,-0.11,-0.01,-0.01,
1,0,0.02,-10.07,-0.11,-0.01,-0.01,
1,0,0.02,-10.07,-0.11,0,-0.01,
1,0,0.05,-10.17,-0.08,0,-0.01,
1,0,0.05,-10.17,-0.08,-0.01,0,
1,0,0.05,-10.17,-0.08,0,-0.01,
1,0,-0.02,-9.96,-0.16,0,-0.01,
1,0,-0.02,-9.96,-0.16,0,-0.01,
1,0,-0.02,-9.96,-0.16,0,-0.01,
1,0,-0.01,-9.98,0.04,0,-0.01,
1,0,-0.01,-9.98,0.04,0,0,
1,0,-0.01,-9.98,0.04,-0.01,-0.01,
1,0,0,-9.98,-0.12,-0.01,-0.01,
1,0,0,-9.98,-0.12,-0.01,-0.01,
1,0,0,-9.98,-0.12,-0.01,-0.01,
1,0,-0.08,-10.1,-0.21,-0.01,-0.01,
1,0,-0.08,-10.1,-0.21,0,-0.01,
1,0,-0.08,-10.1,-0.21,0,-0.01,
1,0,0.06,-9.96,-0.04,-0.01,-0.01,
1,0,0.06,-9.96,-0.04,0,-0.01,
1,0,0.06,-9.96,-0.04,0,-0.01,
1,0,0.11,-10.07,-0.02,0,-0.01,
1,0,0.11,-10.07,-0.02,0,-0.01,
1,0,0.11,-10.07,-0.02,0,-0.01,
1,0,0.08,-10,-0.14,0,-0.01,
1,0,0.08,-10,-0.14,-0.01,-0.01,
1,0,0.08,-10,-0.14,-0.01,-0.01,
1,0,-0.07,-10.13,-0.12,0,-0.01,
1,0,-0.07,-10.13,-0.12,0,-0.01,
1,0,-0.07,-10.13,-0.12,-0.01,-0.01,
1,0,0,-9.94,0,0,-0.01,
1,0,0,-9.94,0,0,-0.01,
1,0,0,-9.94,0,0,-0.01,
1,0,-0.11,-10.09,-0.08,0,-0.01,
1,0,-0.11,-10.09,-0.08,-0.01,-0.01,
1,0,-0.11,-10.09,-0.08,-0.01,0,
1,0,-0.05,-10.05,-0.11,-0.01,0,
1,0,-0.05,-10.05,-0.11,-0.01,-0.01,
1,0,-0.05,-10.05,-0.11,0,-0.01,
1,0,0.01,-10.02,-0.09,0,-0.01,
1,0,0.01,-10.02,-0.09,-0.01,-0.01,
1,0,0.01,-10.02,-0.09,-0.01,-0.01,
1,0,0.05,-10.04,-0.05,0,-0.01,
1,0,0.05,-10.04,-0.05,0,-0.01,
1,0,0.05,-10.04,-0.05,0,-0.01,
1,0,0.11,-9.99,-0.15,0,-0.01,
1,0,0.11,-9.99,-0.15,0,-0.01,
1,0,0.11,-9.99,-0.15,0,-0.01,
1,0,-0.01,-10.01,-0.03,0,-0.01,
1,0,-0.01,-10.01,-0.03,0,-0.01,
1,0,-0.01,-10.01,-0.03,0,-0.01,
1,0,-0.08,-10.05,-0.11,0,-0.01,
1,0,-0.08,-10.05,-0.11,0,-0.01,
1,0,-0.08,-10.05,-0.11,0,-0.01,
1,0,-0.02,-10.02,-0.06,-0.01,-0.01,
1,0,-0.02,-10.02,-0.06,-0.01,-0.01,
1,0,-0.02,-10.02,-0.06,-0.01,-0.01,
1,0,0.01,-10.02,-0.09,-0.01,-0.01,
1,0,0.01,-10.02,-0.09,-0.01,-0.01,
1,0,0.01,-10.02,-0.09,-0.01,-0.01,
1,0,0.02,-10.02,-0.05,-0.01,-0.01,
1,0,0.02,-10.02,-0.05,0,-0.01,
1,0,0.02,-10.02,-0.05,0,-0.01,
1,0,0.03,-10.01,-0.14,0,-0.01,
1,0,0.03,-10.01,-0.14,0,-0.01,
1,0,0.03,-10.01,-0.14,0,-0.01,
1,0,0.07,-10.06,-0.1,0,-0.01,
1,0,0.07,-10.06,-0.1,-0.01,-0.01,
1,0,0.07,-10.06,-0.1,0,-0.01,
1,0,0,-9.99,-0.07,0,-0.01,
1,0,0,-9.99,-0.07,-0.01,-0.01,
1,0,0,-9.99,-0.07,-0.01,-0.01,
1,0,-0.01,-10.07,-0.08,0,-0.01,
1,0,-0.01,-10.07,-0.08,-0.01,-0.01,
1,0,-0.01,-10.07,-0.08,-0.01,-0.01,
1,0,-0.06,-9.99,-0.07,0,-0.01,
1,0,-0.06,-9.99,-0.07,0,-0.01,
1,0,-0.06,-9.99,-0.07,0,-0.01,
1,0,-0.1,-10.06,-0.11,0,-0.01,
1,0,-0.1,-10.06,-0.11,0,-0.01,
1,0,-0.1,-10.06,-0.11,0,-0.01,
1,0,0.02,-10,-0.08,-0.01,-0.01,
1,0,0.02,-10,-0.08,0,-0.01,
1,0,0.02,-10,-0.08,0,-0.01,
1,0,-0.01,-9.98,-0.15,0,-0.01,
1,0,-0.01,-9.98,-0.15,0,-0.01,
1,0,-0.01,-9.98,-0.15,0,-0.01,
1,0,0,-10.01,-0.06,-0.01,-0.01,
1,0,0,-10.01,-0.06,-0.01,-0.01,
1,0,0,-10.01,-0.06,-0.01,-0.01,
1,0,-0.04,-10.05,-0.15,0,-0.01,
1,0,-0.04,-10.05,-0.15,0,-0.01,
1,0,-0.04,-10.05,-0.15,-0.01,-0.01,
1,0,0,-10.02,0.01,0,-0.01,
1,0,0,-10.02,0.01,0,-0.01,
1,0,0,-10.02,0.01,-0.01,-0.01,
1,0,-0.02,-10.03,-0.11,-0.01,-0.01,
1,0,-0.02,-10.03,-0.11,-0.01,-0.01,
1,0,-0.02,-10.03,-0.11,-0.01,-0.01,
1,0,-0.01,-10.04,-0.02,-0.01,-0.01,
1,0,-0.01,-10.04,-0.02,-0.01,-0.01,
1,0,-0.01,-10.04,-0.02,0,-0.01,
1,0,-0.05,-10.04,-0.12,0,-0.01,
1,0,-0.05,-10.04,-0.12,0,-0.01,
1,0,-0.05,-10.04,-0.12,0,-0.01,
1,0,0.03,-10,-0.07,0,-0.01,
1,0,0.03,-10,-0.07,-0.01,0,
1,0,0.03,-10,-0.07,0,-0.01,
1,0,0.04,-9.99,-0.07,0,-0.01,
1,0,0.04,-9.99,-0.07,0,-0.01,
1,0,0.04,-9.99,-0.07,0,-0.01,
1,0,0,-10.05,0.06,0,-0.01,
1,0,0,-10.05,0.06,0,-0.01,
1,0,0,-10.05,0.06,0,-0.01,
1,0,0,-10.04,-0.15,0,-0.01,
1,0,0,-10.04,-0.15,-0.01,-0.01,
1,0,0,-10.04,-0.15,-0.01,-0.01,
1,0,-0.07,-10.01,0.01,0,-0.01,
1,0,-0.07,-10.01,0.01,-0.01,-0.01,
1,0,-0.07,-10.01,0.01,-0.01,-0.01,
1,0,0.01,-10.06,-0.15,0,-0.01,
1,0,0.01,-10.06,-0.15,0,-0.01,
1,0,0.01,-10.06,-0.15,0,-0.01,
1,0,-0.04,-10.03,-0.08,0,-0.01,
1,0,-0.04,-10.03,-0.08,0,-0.01,
1,0,-0.04,-10.03,-0.08,0,-0.01,
1,0,0.03,-10.03,-0.1,0,-0.01,
1,0,0.03,-10.03,-0.1,0,-0.01,
1,0,0.03,-10.03,-0.1,0,-0.01,
1,0,0.01,-10,-0.1,-0.01,-0.01,
1,0,0.01,-10,-0.1,-0.01,-0.01,
1,0,0.01,-10,-0.1,0,-0.01,
1,0,0.05,-9.98,-0.09,-0.01,-0.01,
1,0,0.05,-9.98,-0.09,-0.01,-0.01,
1,0,0.03,-10.03,-0.11,0,-0.01,
1,0,0.03,-10.03,-0.11,0,-0.01,
1,0,0.03,-10.03,-0.11,0,-0.01,
1,0,0.03,-10.08,-0.02,-0.01,-0.01,
1,0,0.03,-10.08,-0.02,0,-0.01,
1,0,0.03,-10.08,-0.02,0,-0.01,
1,0,0.03,-10.08,-0.02,0,0,
1,0,0.01,-9.97,-0.04,0,0,
1,0,0.01,-9.97,-0.04,0,-0.01,
1,0,0.01,-9.97,-0.04,-0.01,-0.01,
1,0,-0.02,-10.07,-0.13,-0.01,-0.01,
1,0,-0.02,-10.07,-0.13,0,-0.01,
1,0,-0.02,-10.07,-0.13,0,-0.01,
1,0,0.03,-9.97,-0.1,-0.01,-0.01,
1,0,0.03,-9.97,-0.1,0,-0.01,
1,0,0.03,-9.97,-0.1,0,-0.01,
1,0,0,-10.05,-0.13,0,-0.01,
1,0,0,-10.05,-0.13,0,-0.01,
1,0,0,-10.05,-0.13,0,-0.01,
1,0,0.03,-10.02,-0.11,0,-0.01,
1,0,0.03,-10.02,-0.11,0,-0.01,
1,0,0.03,-10.02,-0.11,0,-0.01,
1,0,0.01,-10.05,-0.11,-0.01,-0.01,
1,0,0.01,-10.05,-0.11,0,-0.01,
1,0,0.01,-10.05,-0.11,0,-0.01,
1,0,-0.01,-10.08,-0.05,-0.01,-0.01,
1,0,-0.01,-10.08,-0.05,-0.01,-0.01,
1,0,-0.05,-10.02,-0.13,-0.01,-0.01,
1,0,-0.05,-10.02,-0.13,-0.01,-0.01,
1,0,-0.05,-10.02,-0.13,-0.01,-0.01,
1,0,-0.08,-10.01,-0.06,0,-0.01,
1,0,-0.08,-10.01,-0.06,0,-0.01,
1,0,-0.08,-10.01,-0.06,0,-0.01,
1,0,0.01,-10.06,-0.08,0,-0.01,
1,0,0.01,-10.06,-0.08,0,-0.01,
1,0,0.01,-10.06,-0.08,0,-0.01,
1,0,0.01,-10.09,-0.08,0,-0.01,
1,0,0.01,-10.09,-0.08,0,-0.01,
1,0,0.01,-10.09,-0.08,0,-0.01,
1,0,-0.03,-9.99,-0.1,0,-0.01,
1,0,-0.03,-9.99,-0.1,0,-0.01,
1,0,-0.03,-9.99,-0.1,0,-0.01,
1,0,0.01,-9.98,-0.12,0,-0.01,
1,0,0.01,-9.98,-0.12,0,-0.01,
1,0,0.01,-9.98,-0.12,0,-0.01,
1,0,0.07,-10.05,-0.1,0,-0.01,
1,0,0.07,-10.05,-0.1,0,-0.01,
1,0,0.07,-10.05,-0.1,-0.01,-0.01,
1,0,0.03,-10.07,-0.14,0,-0.01,
1,0,0.03,-10.07,-0.14,0,-0.01,
1,0,0.03,-10.07,-0.14,0,-0.01,
1,0,-0.03,-9.97,-0.09,0,-0.01,
1,0,-0.03,-9.97,-0.09,0,-0.01,
1,0,-0.03,-9.97,-0.09,0,-0.01,
1,0,-0.06,-10.07,-0.12,-0.01,-0.01,
1,0,-0.06,-10.07,-0.12,-0.01,-0.01,
1,0,-0.06,-10.07,-0.12,-0.01,-0.01,
1,0,0.03,-9.99,-0.06,0,-0.01,
1,0,0.03,-9.99,-0.06,0,-0.01,
1,0,0.03,-9.99,-0.06,0,-0.01,
1,0,0,-10.04,-0.05,0,-0.01,
1,0,0,-10.04,-0.05,0,-0.01,
1,0,0,-10.04,-0.05,-0.01,0,
1,0,-0.02,-9.79,0.12,-0.01,0,
1,0,-0.02,-9.79,0.12,-0.01,0,
1,0,-0.02,-9.79,0.12,0,-0.01,
1,0,0.07,-10,-0.04,0,-0.01,
1,0,0.07,-10,-0.04,0,-0.01,
1,0,0.07,-10,-0.04,0,-0.01,
1,0,-0.08,-9.95,0.08,0,-0.01,
1,0,-0.08,-9.95,0.08,-0.01,-0.01,
1,0,-0.08,-9.95,0.08,-0.01,-0.01,
1,0,-0.06,-10.1,-0.19,-0.01,-0.01,
1,0,-0.06,-10.1,-0.19,-0.01,-0.01,
1,0,-0.06,-10.1,-0.19,-0.01,-0.01,
1,0,-0.06,-10.06,-0.16,-0.01,-0.01,
1,0,-0.06,-10.06,-0.16,0,-0.01,
1,0,-0.06,-10.06,-0.16,0,-0.01,
1,0,-0.01,-9.91,-0.11,0,-0.01,
1,0,-0.01,-9.91,-0.11,0,-0.01,
1,0,-0.01,-9.91,-0.11,0,-0.01,
1,0,0.02,-10.04,-0.06,0,-0.01,
1,0,0.02,-10.04,-0.06,-0.01,0,
1,0,0.02,-10.04,-0.06,-0.01,0,
1,0,0.01,-9.99,-0.04,0,0,
1,0,0.01,-9.99,-0.04,0,-0.01,
1,0,0.01,-9.99,-0.04,0,-0.01,
1,0,-0.02,-10.07,-0.04,0,-0.01,
1,0,-0.02,-10.07,-0.04,0,-0.01,
1,0,-0.02,-10.07,-0.04,-0.01,-0.01,
1,0,0.09,-10,0.01,0,-0.01,
1,0,0.09,-10,0.01,0,-0.01,
1,0,0.09,-10,0.01,-0.01,-0.01,
1,0,0.04,-10.04,0,-0.01,-0.01,
1,0,0.04,-10.04,0,-0.01,-0.01,
1,0,0.04,-10.04,0,0,-0.01,
1,0,-0.05,-9.98,-0.08,-0.01,-0.01,
1,0,-0.05,-9.98,-0.08,-0.01,-0.01,
1,0,-0.05,-9.98,-0.08,-0.01,0,
1,0,-0.08,-9.97,-0.1,-0.01,0,
1,0,-0.08,-9.97,-0.1,-0.01,-0.01,
1,0,-0.08,-9.97,-0.1,0,-0.01,
1,0,0,-9.99,-0.15,0,-0.01,
1,0,0,-9.99,-0.15,0,-0.01,
1,0,0,-9.99,-0.15,0,-0.01,
1,0,-0.03,-9.96,0,0,-0.01,
1,0,-0.03,-9.96,0,0,-0.01,
1,0,-0.03,-9.96,0,0,-0.01,
1,0,0,-10.02,-0.06,0,-0.01,
1,0,0,-10.02,-0.06,-0.01,-0.01,
1,0,0,-10.02,-0.06,-0.01,-0.01,
1,0,-0.04,-9.98,-0.06,-0.01,-0.01,
1,0,-0.04,-9.98,-0.06,0,-0.01,
1,0,-0.04,-9.98,-0.06,0,-0.01,
1,0,0,-10.07,-0.12,0,-0.01,
1,0,0,-10.07,-0.12,-0.01,-0.01,
1,0,0,-10.07,-0.12,-0.01,-0.01,
1,0,-0.02,-9.99,-0.09,-0.01,-0.01,
1,0,-0.02,-9.99,-0.09,-0.01,-0.01,
1,0,-0.02,-9.99,-0.09,-0.01,-0.01,
1,0,0.05,-9.96,-0.11,0,-0.01,
1,0,0.05,-9.96,-0.11,0,-0.01,
1,0,0.05,-9.96,-0.11,0,-0.01,
1,0,0.04,-10.05,-0.1,0,-0.01,
1,0,0.04,-10.05,-0.1,0,-0.01,
1,0,0.02,-10,-0.09,0,-0.01,
1,0,0.02,-10,-0.09,0,-0.01,
1,0,0.02,-10,-0.09,0,-0.01,
1,0,-0.03,-9.99,-0.09,0,-0.01,
1,0,-0.03,-9.99,-0.09,-0.01,-0.01,
1,0,-0.03,-9.99,-0.09,-0.01,-0.01,
1,0,0,-10,-0.11,0,-0.01,
1,0,0,-10,-0.11,-0.01,-0.01,
1,0,0,-10,-0.11,-0.01,-0.01,
1,0,-0.03,-10.07,-0.1,0,-0.01,
1,0,-0.03,-10.07,-0.1,0,-0.01,
1,0,-0.03,-10.07,-0.1,0,-0.01,
1,0,-0.03,-10,-0.11,0,-0.01,
1,0,-0.03,-10,-0.11,0,0,
1,0,-0.03,-10,-0.11,0,0,
1,0,0.01,-10.08,-0.11,-0.01,-0.01,
1,0,0.01,-10.08,-0.11,0,-0.01,
1,0,0.01,-10.08,-0.11,0,-0.01,
1,0,0.05,-10,-0.1,0,-0.01,
1,0,0.05,-10,-0.1,0,-0.01,
1,0,0.05,-10,-0.1,0,-0.01,
1,0,0.02,-10.07,-0.08,0,0,
1,0,0.02,-10.07,-0.08,0,-0.01,
1,0,0.02,-10.07,-0.08,0,-0.01,
1,0,0.03,-10.05,-0.15,0,-0.01,
1,0,0.03,-10.05,-0.15,0,-0.01,
1,0,0.05,-10.05,-0.06,0,-0.01,
1,0,0.05,-10.05,-0.06,0,-0.01,
1,0,0.05,-10.05,-0.06,0,-0.01,
1,0,0.04,-9.97,-0.05,0,-0.01,
1,0,0.04,-9.97,-0.05,0,-0.01,
1,0,0.04,-9.97,-0.05,0,-0.02,
1,0,-0.01,-10.02,-0.11,0,-0.02,
1,0,-0.01,-10.02,-0.11,0,0,
1,0,-0.01,-10.02,-0.11,0,-0.01,
1,0,0,-9.97,-0.1,0,-0.01,
1,0,0,-9.97,-0.1,-0.01,-0.01,
1,0,0,-9.97,-0.1,-0.01,-0.01,
1,0,-0.03,-10.11,-0.12,-0.01,-0.01,
1,0,-0.03,-10.11,-0.12,0,-0.01,
1,0,-0.03,-10.11,-0.12,-0.01,-0.01,
1,0,0,-9.99,-0.1,-0.01,-0.01,
1,0,0,-9.99,-0.1,0,-0.01,
1,0,0,-9.99,-0.1,0,-0.01,
1,0,0.02,-10.07,-0.08,-0.01,0,
1,0,0.02,-10.07,-0.08,0,-0.01,
1,0,0.02,-10.07,-0.08,0,-0.01,
1,0,0.06,-10.04,-0.11,0,-0.01,
1,0,0.06,-10.04,-0.11,-0.01,-0.01,
1,0,0.06,-10.04,-0.11,-0.01,-0.01,
1,0,-0.01,-10.08,-0.11,0,-0.01,
1,0,-0.01,-10.08,-0.11,-0.01,-0.01,
1,0,-0.01,-10.08,-0.11,-0.01,-0.01,
1,0,-0.02,-9.95,-0.1,0,-0.01,
1,0,-0.02,-9.95,-0.1,-0.01,-0.01,
1,0,-0.02,-9.95,-0.1,-0.01,-0.01,
1,0,0.04,-10.05,-0.11,0,-0.01,
1,0,0.04,-10.05,-0.11,0,-0.01,
1,0,0.04,-10.05,-0.11,-0.01,-0.01,
1,0,0,-10.08,-0.12,-0.01,-0.01,
1,0,0,-10.08,-0.12,-0.01,-0.01,
1,0,0,-10.08,-0.12,0,-0.01,
1,0,0.03,-10.02,-0.04,-0.01,-0.01,
1,0,0.03,-10.02,-0.04,-0.01,-0.01,
1,0,0.03,-10.02,-0.04,0,-0.01,
1,0,0.03,-10,-0.04,-0.01,-0.01,
1,0,0.03,-10,-0.04,-0.01,-0.01,
1,0,0.03,-10,-0.04,0,-0.01,
1,0,-0.03,-10.03,-0.11,0,-0.01,
1,0,-0.03,-10.03,-0.11,-0.01,-0.01,
1,0,-0.03,-10.03,-0.11,0,-0.01,
1,0,-0.08,-10.07,-0.1,0,-0.01,
1,0,-0.08,-10.07,-0.1,-0.01,-0.01,
1,0,-0.08,-10.07,-0.1,0,-0.01,
1,0,-0.07,-10.02,-0.09,0,-0.01,
1,0,-0.07,-10.02,-0.09,-0.01,-0.01,
1,0,-0.07,-10.02,-0.09,-0.01,-0.01,
1,0,-0.01,-9.97,-0.06,0,-0.01,
1,0,-0.01,-9.97,-0.06,0,-0.01,
1,0,-0.01,-9.97,-0.06,0,-0.01,
1,0,0,-10.01,-0.09,-0.01,-0.01,
1,0,0,-10.01,-0.09,0,-0.01,
1,0,0,-10.01,-0.09,0,-0.01,
1,0,-0.01,-10.02,-0.08,0,-0.01,
1,0,-0.01,-10.02,-0.08,0,-0.01,
1,0,-0.01,-10.02,-0.08,0,-0.01,
1,0,0,-10.05,-0.08,0,-0.01,
1,0,0,-10.05,-0.08,0,-0.01,
1,0,0,-10.05,-0.08,0,-0.01,
1,0,0.03,-10.09,-0.1,0,-0.01,
1,0,0.03,-10.09,-0.1,0,-0.01,
1,0,0.03,-10.09,-0.1,-0.01,-0.01,
1,0,0.02,-9.99,-0.1,-0.01,-0.01,
1,0,0.02,-9.99,-0.1,-0.01,-0.01,
1,0,0.02,-9.99,-0.1,-0.01,0,
1,0,-0.04,-9.98,-0.11,-0.01,-0.01,
1,0,-0.04,-9.98,-0.11,-0.01,-0.01,
1,0,-0.04,-9.98,-0.11,0,-0.01,
1,0,-0.04,-10.07,-0.11,0,-0.01,
1,0,-0.04,-10.07,-0.11,0,-0.01,
1,0,-0.04,-10.07,-0.11,0,-0.01,
1,0,-0.04,-10.04,-0.08,-0.01,-0.01,
1,0,-0.04,-10.04,-0.08,-0.01,-0.01,
1,0,-0.04,-10.04,-0.08,-0.01,-0.01,
1,0,0.02,-10.06,-0.05,-0.01,-0.01,
1,0,0.02,-10.06,-0.05,-0.01,-0.01,
1,0,0.02,-10.06,-0.05,0,-0.01,
1,0,0.09,-10.04,-0.15,0,-0.01,
1,0,0.09,-10.04,-0.15,0,-0.01,
1,0,0,-9.99,-0.12,0,-0.01,
1,0,0,-9.99,-0.12,0,-0.01,
1,0,0,-9.99,-0.12,0,0,
1,0,0.02,-10.03,-0.08,0,-0.01,
1,0,0.02,-10.03,-0.08,0,-0.01,
1,0,0.02,-10.03,-0.08,-0.01,-0.01,
1,0,0,-10.06,-0.1,0,-0.01,
1,0,0,-10.06,-0.1,0,-0.01,
1,0,0,-10.06,-0.1,0,-0.01,
1,0,-0.07,-10.09,-0.09,0,-0.01,
1,0,-0.07,-10.09,-0.09,0,-0.01,
1,0,-0.07,-10.09,-0.09,0,-0.01,
1,0,-0.03,-10.04,-0.11,0,-0.01,
1,0,-0.03,-10.04,-0.11,0,-0.01,
1,0,-0.03,-10.04,-0.11,-0.01,-0.01,
1,0,-0.04,-9.99,-0.11,0,-0.01,
1,0,0.09,-10,-0.07,-0.01,-0.01,
1,0,0.09,-10,-0.07,-0.01,-0.01,
1,0,-0.02,-10.07,-0.03,-0.01,-0.01,
1,0,-0.02,-10.07,-0.03,-0.01,-0.01,
1,0,-0.02,-10.07,-0.03,-0.01,-0.01,
1,0,0.05,-10.04,-0.13,-0.01,-0.01,
1,0,0.05,-10.04,-0.13,0,-0.01,
1,0,0.05,-10.04,-0.13,0,-0.01,
1,0,-0.09,-10.06,-0.09,0,-0.01,
1,0,-0.09,-10.06,-0.09,0,-0.01,
1,0,-0.09,-10.06,-0.09,0,-0.01,
1,0,-0.04,-10,-0.08,0,-0.01,
1,0,-0.04,-10,-0.08,0,-0.01,
1,0,-0.04,-10,-0.08,0,-0.01,
1,0,-0.01,-10,-0.08,0,-0.01,
1,0,-0.01,-10,-0.08,-0.01,-0.01,
1,0,-0.01,-10,-0.08,-0.01,-0.01,
1,0,0,-10.03,-0.11,-0.01,-0.01,
1,0,0,-10.03,-0.11,-0.01,-0.01,
1,0,0,-10.03,-0.11,-0.01,-0.01,
1,0,0.05,-10.01,-0.11,0,-0.01,
1,0,0.05,-10.01,-0.11,-0.01,-0.01,
1,0,0.05,-10.01,-0.11,-0.01,-0.01,
1,0,0,-9.96,-0.05,-0.01,-0.01,
1,0,0,-9.96,-0.05,0,-0.01,
1,0,0,-9.96,-0.05,0,-0.01,
1,0,0,-10.03,-0.02,0,-0.01,
1,0,0,-10.03,-0.02,-0.01,-0.01,
1,0,0,-10.03,-0.02,-0.01,-0.01,
1,0,0.01,-10.01,-0.09,-0.01,-0.01,
1,0,0.01,-10.01,-0.09,0,-0.01,
1,0,0.01,-10.01,-0.09,0,-0.01,
1,0,0.02,-10.03,-0.16,-0.01,-0.01,
1,0,0.02,-10.03,-0.16,-0.01,-0.01,
1,0,0.02,-10.03,-0.16,0,-0.01,
1,0,-0.02,-10.05,-0.13,-0.01,-0.01,
1,0,-0.02,-10.05,-0.13,-0.01,-0.01,
1,0,-0.02,-10.05,-0.13,0,-0.01,
1,0,0.02,-10.04,-0.06,0,-0.01,
1,0,0.02,-10.04,-0.06,0,-0.01,
1,0,0.02,-10.04,-0.06,0,-0.01,
1,0,0.06,-10.03,-0.11,0,-0.01,
1,0,0.06,-10.03,-0.11,0,-0.01,
1,0,0.03,-10.05,-0.1,0,-0.01,
1,0,0.03,-10.05,-0.1,-0.01,-0.01,
1,0,0.03,-10.05,-0.1,-0.01,-0.01,
1,0,0.03,-10.05,-0.1,0,-0.02,
1,0,0.04,-10.01,-0.15,0,-0.02,
1,0,0.04,-10.01,-0.15,0,-0.01,
1,0,0.04,-10.01,-0.15,0,-0.01,
1,0,-0.02,-10.01,-0.07,0,-0.01,
1,0,-0.02,-10.01,-0.07,0,-0.01,
1,0,-0.02,-10.01,-0.07,0,-0.01,
1,0,0,-10.02,-0.14,-0.01,-0.01,
1,0,0,-10.02,-0.14,0,-0.01,
1,0,0,-10.02,-0.14,0,-0.01,
1,0,-0.01,-10.01,-0.14,-0.01,-0.01,
1,0,-0.01,-10.01,-0.14,0,-0.01,
1,0,-0.01,-10.01,-0.14,0,-0.01,
1,0,-0.02,-10.05,-0.04,-0.01,-0.01,
1,0,-0.02,-10.05,-0.04,0,-0.01,
1,0,-0.02,-10.05,-0.04,0,-0.01,
1,0,0.02,-10,-0.15,-0.01,-0.01,
1,0,0.02,-10,-0.15,-0.01,-0.01,
1,0,0.02,-10,-0.15,0,-0.01,
1,0,-0.02,-10.05,-0.08,-0.01,-0.01,
1,0,-0.02,-10.05,-0.08,-0.01,-0.01,
1,0,-0.02,-10.05,-0.08,-0.01,-0.01,
1,0,0.04,-10,-0.1,0,-0.01,
1,0,0.04,-10,-0.1,0,-0.01,
1,0,0.04,-10,-0.1,0,-0.01,
1,0,0.01,-9.97,-0.09,0,-0.01,
1,0,0.01,-9.97,-0.09,0,-0.01,
1,0,0.01,-9.97,-0.09,-0.01,-0.01,
1,0,0.03,-10.07,-0.09,0,-0.01,
1,0,0.03,-10.07,-0.09,0,-0.01,
1,0,0.03,-10.07,-0.09,-0.01,-0.01,
1,0,-0.03,-10.04,-0.17,-0.01,-0.01,
1,0,-0.03,-10.04,-0.17,-0.01,0,
1,0,-0.03,-10.04,-0.17,-0.01,0,
1,0,-0.01,-10.01,-0.07,-0.01,0,
1,0,-0.01,-10.01,-0.07,0,-0.01,
1,0,-0.01,-10.01,-0.07,0,-0.01,
1,0,0.03,-9.99,-0.07,0,-0.01,
1,0,0.03,-9.99,-0.07,-0.01,-0.01,
1,0,0.01,-9.98,-0.06,-0.01,-0.01,
1,0,0.01,-9.98,-0.06,-0.01,-0.01,
1,0,0.01,-9.98,-0.06,0,-0.01,
1,0,0,-10,-0.05,0,-0.01,
1,0,0,-10,-0.05,0,-0.01,
1,0,0,-10,-0.05,0,-0.01,
1,0,0.02,-10.04,-0.01,0,-0.01,
1,0,0.02,-10.04,-0.01,0,-0.01,
1,0,0.02,-10.04,-0.01,0,-0.01,
1,0,0,-10.02,-0.11,0,-0.01,
1,0,0,-10.02,-0.11,0,-0.01,
1,0,0,-10.02,-0.11,0,0,
1,0,0.04,-9.96,-0.03,0,0,
1,0,0.04,-9.96,-0.03,0,0,
1,0,0.04,-9.96,-0.03,-0.01,-0.01,
1,0,-0.04,-10.01,-0.04,-0.01,-0.01,
1,0,-0.04,-10.01,-0.04,-0.01,-0.01,
1,0,-0.04,-10.01,-0.04,0,0,
1,0,0.03,-10.04,-0.09,0,0,
1,0,0.03,-10.04,-0.09,-0.01,-0.01,
1,0,0.03,-10.04,-0.09,-0.01,-0.01,
1,0,0.03,-10.06,-0.07,0,-0.01,
1,0,0.03,-10.06,-0.07,0,-0.01,
1,0,0.03,-10.06,-0.07,0,-0.01,
1,0,0,-10,-0.08,0,-0.01,
1,0,0,-10,-0.08,0,-0.01,
1,0,0,-10,-0.08,0,-0.01,
1,0,-0.04,-9.95,-0.1,0,-0.01,
1,0,-0.04,-9.95,-0.1,0,-0.01,
1,0,-0.04,-9.95,-0.1,0,-0.01,
1,0,0.02,-10.04,-0.08,-0.01,-0.01,
1,0,0.02,-10.04,-0.08,-0.01,-0.01,
1,0,0.02,-10.04,-0.08,-0.01,-0.01,
1,0,0.04,-9.98,-0.06,0,-0.01,
1,0,0.04,-9.98,-0.06,0,-0.01,
1,0,0.04,-9.98,-0.06,0,-0.01,
1,0,-0.05,-10.09,-0.13,0,-0.01,
1,0,-0.05,-10.09,-0.13,0,-0.01,
1,0,-0.05,-10.09,-0.13,0,-0.01,
1,0,-0.02,-10.02,-0.11,0,-0.01,
1,0,-0.02,-10.02,-0.11,0,-0.01,
1,0,-0.02,-10.02,-0.11,-0.01,-0.01,
1,0,-0.02,-9.97,-0.04,0,-0.01,
1,0,-0.02,-9.97,-0.04,0,-0.01,
1,0,-0.02,-9.97,-0.04,-0.01,-0.01,
1,0,0.04,-10.06,-0.06,-0.01,-0.01,
1,0,0.04,-10.06,-0.06,-0.01,-0.01,
1,0,0.04,-10.06,-0.06,0,-0.01,
1,0,0.01,-10.06,-0.19,0,-0.01,
1,0,0.01,-10.06,-0.19,-0.01,-0.01,
1,0,0.01,-10.06,-0.19,-0.01,-0.01,
1,0,0.01,-10.07,-0.06,-0.01,-0.01,
1,0,0.01,-10.07,-0.06,-0.01,-0.01,
1,0,0.01,-10.07,-0.06,-0.01,-0.01,
1,0,0.06,-10.08,-0.09,-0.01,-0.01,
1,0,0.06,-10.08,-0.09,-0.01,-0.01,
1,0,0.06,-10.08,-0.09,0,-0.01,
1,0,0.02,-10.08,-0.06,0,-0.01,
1,0,0.02,-10.08,-0.06,-0.01,0,
1,0,0.02,-10.08,-0.06,-0.01,0,
1,0,-0.03,-10.04,-0.08,0,-0.01,
1,0,0,-10.03,-0.08,0,-0.01,
1,0,0,-10.03,-0.08,0,-0.01,
1,0,0,-10.03,-0.08,-0.01,-0.01,
1,0,0,-10.03,-0.08,-0.01,-0.01,
1,0,-0.02,-9.99,-0.08,-0.01,-0.01,
1,0,-0.02,-9.99,-0.08,-0.01,-0.01,
1,0,-0.02,-9.99,-0.08,-0.01,-0.01,
1,0,-0.03,-10.07,-0.04,0,-0.01,
1,0,-0.03,-10.07,-0.04,0,-0.01,
1,0,-0.03,-10.07,-0.04,0,-0.01,
1,0,0.01,-10.02,-0.1,0,-0.01,
1,0,0.01,-10.02,-0.1,0,-0.01,
1,0,0.01,-10.02,-0.1,0,-0.01,
1,0,0,-10.02,-0.11,0,-0.01,
1,0,0,-10.02,-0.11,0,-0.01,
1,0,0,-10.02,-0.11,0,-0.01,
1,0,0.03,-10.04,-0.07,-0.01,-0.01,
1,0,0.03,-10.04,-0.07,-0.01,-0.01,
1,0,0.03,-10.04,-0.07,0,-0.01,
1,0,-0.01,-9.99,-0.06,-0.01,-0.01,
1,0,-0.01,-9.99,-0.06,-0.01,-0.01,
1,0,0.08,-10.06,-0.11,0,-0.01,
1,0,0.08,-10.06,-0.11,0,-0.01,
1,0,0.08,-10.06,-0.11,0,-0.01,
1,0,-0.02,-9.97,-0.06,0,-0.01,
1,0,-0.02,-9.97,-0.06,-0.01,-0.01,
1,0,-0.02,-9.97,-0.06,-0.01,-0.01,
1,0,0.01,-10.05,-0.11,0,-0.01,
1,0,0.01,-10.05,-0.11,0,-0.01,
1,0,0.01,-10.05,-0.11,0,-0.01,
1,0,-0.01,-10.07,-0.08,-0.01,-0.01,
1,0,-0.01,-10.07,-0.08,-0.01,-0.01,
1,0,-0.01,-10.07,-0.08,0,-0.01,
1,0,-0.07,-10.02,-0.08,0,-0.01,
1,0,-0.07,-10.02,-0.08,0,-0.01,
1,0,-0.07,-10.02,-0.08,0,-0.01,
1,0,0.04,-10,-0.09,0,-0.01,
1,0,0.04,-10,-0.09,0,-0.01,
1,0,0.04,-10,-0.09,-0.01,-0.01,
1,0,0,-10.05,-0.04,0,-0.01,
1,0,0,-10.05,-0.04,0,-0.01,
1,0,0,-10.05,-0.04,-0.01,-0.01,
1,0,0,-10.05,-0.1,-0.01,-0.01,
1,0,0,-10.05,-0.1,-0.01,-0.01,
1,0,0,-10.05,-0.1,-0.01,-0.01,
1,0,0.02,-10.04,-0.11,-0.01,-0.01,
1,0,0.02,-10.04,-0.11,0,-0.01,
1,0,0.02,-10.04,-0.11,0,-0.01,
1,0,-0.03,-9.96,-0.08,0,-0.01,
1,0,-0.03,-9.96,-0.08,0,-0.01,
1,0,-0.03,-9.96,-0.08,0,-0.01,
1,0,0,-10.03,-0.04,0,-0.01,
1,0,0,-10.03,-0.04,-0.01,-0.01,
1,0,0,-10.03,-0.04,-0.01,-0.01,
1,0,0,-10.02,-0.09,-0.01,-0.01,
1,0,0,-10.02,-0.09,-0.01,-0.01,
1,0,0,-10.02,-0.09,-0.01,-0.01,
1,0,0.01,-10.02,-0.08,0,-0.01,
1,0,0.01,-10.02,-0.08,0,-0.01,
1,0,0.01,-10.02,-0.08,0,-0.01,
1,0,-0.02,-10.03,-0.11,-0.01,-0.01,
1,0,-0.02,-10.03,-0.11,0,-0.01,
1,0,-0.02,-10.03,-0.11,0,-0.01,
1,0,-0.01,-10.08,-0.09,0,-0.01,
1,0,-0.01,-10.08,-0.09,0,-0.01,
1,0,-0.01,-10.08,-0.09,0,-0.01,
1,0,0.06,-10.06,-0.08,-0.01,-0.01,
1,0,0.06,-10.06,-0.08,0,-0.01,
1,0,0.06,-10.06,-0.08,0,-0.01,
1,0,0.03,-9.99,-0.11,0,-0.01,
1,0,0.03,-9.99,-0.11,0,-0.01,
1,0,0.03,-9.99,-0.11,0,-0.01,
1,0,-0.05,-10.02,-0.09,0,-0.01,
1,0,-0.05,-10.02,-0.09,0,-0.01,
1,0,-0.05,-10.02,-0.09,0,-0.01,
1,0,-0.01,-10.08,-0.01,-0.01,-0.01,
1,0,-0.01,-10.08,-0.01,-0.01,-0.01,
1,0,-0.01,-10.08,-0.01,-0.01,-0.01,
1,0,0,-10.01,-0.12,-0.01,-0.01,
1,0,0,-10.01,-0.12,-0.01,-0.01,
1,0,0,-10.01,-0.12,-0.01,-0.01,
1,0,-0.04,-10.02,-0.09,-0.01,-0.01,
1,0,-0.04,-10.02,-0.09,-0.01,-0.01,
1,0,-0.04,-10.02,-0.09,-0.01,-0.01,
1,0,-0.02,-10.02,-0.04,0,-0.01,
1,0,-0.02,-10.02,-0.04,0,-0.01,
1,0,-0.02,-10.02,-0.04,0,-0.01,
1,0,-0.01,-10.06,-0.11,0,-0.01,
1,0,-0.01,-10.06,-0.11,0,-0.01,
1,0,-0.01,-10.06,-0.11,0,-0.01,
1,0,0.03,-10.04,-0.08,0,-0.01,
1,0,0.03,-10.04,-0.08,-0.01,-0.01,
1,0,0.03,-10.04,-0.08,0,-0.01,
1,0,-0.01,-10,-0.11,0,-0.01,
1,0,-0.01,-10,-0.11,-0.01,-0.01,
1,0,-0.01,-10,-0.11,-0.01,-0.01,
1,0,0,-10.07,-0.04,0,-0.01,
1,0,0,-10.07,-0.04,0,-0.01,
1,0,0,-10.07,-0.04,0,-0.01,
1,0,0.05,-10.07,-0.09,-0.01,-0.01,
1,0,0.05,-10.07,-0.09,0,-0.01,
1,0,0.05,-10.07,-0.09,0,-0.01,
1,0,-0.05,-10.02,-0.07,0,-0.01,
1,0,-0.05,-10.02,-0.07,0,-0.01,
1,0,-0.05,-10.02,-0.07,-0.01,-0.01,
1,0,0.01,-9.97,-0.13,0,-0.01,
1,0,0.01,-9.97,-0.13,0,-0.01,
1,0,0.01,-9.97,-0.13,0,-0.01,
1,0,0.02,-10.03,-0.1,0,-0.01,
1,0,0.02,-10.03,-0.1,0,-0.01,
1,0,0.02,-10.03,-0.1,-0.01,-0.01,
1,0,0.06,-10.05,-0.04,-0.01,-0.01,
1,0,0.06,-10.05,-0.04,-0.01,-0.01,
1,0,0.06,-10.05,-0.04,0,-0.01,
1,0,0,-9.94,-0.09,-0.01,-0.01,
1,0,0,-9.94,-0.09,-0.01,-0.01,
1,0,0,-9.94,-0.09,-0.01,0,
1,0,-0.07,-10.01,-0.06,0,-0.01,
1,0,-0.07,-10.01,-0.06,0,-0.01,
1,0,-0.07,-10.01,-0.06,0,-0.01,
1,0,0.05,-9.98,-0.08,0,-0.02,
1,0,0.05,-9.98,-0.08,0,-0.02,
1,0,0.05,-9.98,-0.08,-0.01,-0.01,
1,0,0.01,-10.1,-0.05,0,-0.01,
1,0,0.01,-10.1,-0.05,0,-0.01,
1,0,-0.01,-10.07,-0.1,0,-0.01,
1,0,-0.01,-10.07,-0.1,-0.01,-0.01,
1,0,-0.01,-10.07,-0.1,-0.01,-0.01,
1,0,0.04,-9.98,-0.12,0,-0.01,
1,0,0.04,-9.98,-0.12,0,-0.01,
1,0,0.04,-9.98,-0.12,-0.01,-0.01,
1,0,-0.02,-10.1,-0.11,-0.01,-0.01,
1,0,-0.02,-10.1,-0.11,-0.01,-0.01,
1,0,-0.02,-10.1,-0.11,-0.01,-0.02,
1,0,0.07,-10.02,-0.1,0,-0.01,
1,0,0.07,-10.02,-0.1,0,-0.01,
1,0,0.07,-10.02,-0.1,0,-0.01,
1,0,-0.08,-10.01,-0.03,0,0,
1,0,-0.08,-10.01,-0.03,0,0,
1,0,-0.08,-10.01,-0.03,0,-0.01,
1,0,-0.02,-9.94,-0.1,-0.01,-0.01,
1,0,-0.02,-9.94,-0.1,-0.01,-0.01,
1,0,-0.02,-9.94,-0.1,-0.01,-0.01,
1,0,0,-9.97,-0.03,-0.01,-0.01,
1,0,0,-9.97,-0.03,-0.01,-0.01,
1,0,0,-9.97,-0.03,-0.01,-0.01,
1,0,0.04,-10.08,-0.09,-0.01,-0.01,
1,0,0.04,-10.08,-0.09,0,-0.01,
1,0,0.04,-10.08,-0.09,0,-0.01,
1,0,0,-10.08,-0.06,0,-0.01,
1,0,0,-10.08,-0.06,0,-0.01,
1,0,0,-10.08,-0.06,-0.01,0,
1,0,-0.02,-10.01,-0.05,-0.01,0,
1,0,-0.02,-10.01,-0.05,-0.01,-0.01,
1,0,-0.02,-10.01,-0.05,-0.01,-0.01,
1,0,0.01,-10.04,-0.1,-0.01,-0.01,
1,0,0.01,-10.04,-0.1,-0.01,-0.01,
1,0,0.01,-10.04,-0.1,-0.01,-0.01,
1,0,0.02,-10,-0.04,-0.01,-0.01,
1,0,0.02,-10,-0.04,0,-0.01,
1,0,0.02,-10,-0.04,0,-0.01,
1,0,-0.01,-10.02,-0.1,-0.01,-0.01,
1,0,-0.01,-10.02,-0.1,0,-0.01,
1,0,-0.01,-10.02,-0.1,0,-0.01,
1,0,-0.05,-10.06,-0.09,-0.01,0,
1,0,-0.05,-10.06,-0.09,0,-0.01,
1,0,-0.05,-10.06,-0.09,0,-0.01,
1,0,0.05,-10.06,-0.07,0,-0.01,
1,0,0.05,-10.06,-0.07,-0.01,-0.01,
1,0,0.05,-10.06,-0.07,-0.01,-0.01,
1,0,0.02,-10,-0.06,0,-0.01,
1,0,0.02,-10,-0.06,-0.01,0,
1,0,0.02,-10,-0.06,-0.01,0,
1,0,0.02,-10,-0.08,-0.01,-0.01,
1,0,0.02,-10,-0.08,0,0,
1,0,0.02,-10,-0.08,0,0,
1,0,0.01,-10.08,-0.07,-0.01,-0.01,
1,0,0.01,-10.08,-0.07,-0.01,-0.01,
1,0,0.01,-10.08,-0.07,-0.01,-0.01,
1,0,-0.09,-10.06,-0.07,0,-0.01,
1,0,-0.09,-10.06,-0.07,0,-0.01,
1,0,-0.09,-10.06,-0.07,0,-0.01,
1,0,0.04,-10.01,-0.08,0,-0.01,
1,0,0.04,-10.01,-0.08,0,-0.01,
1,0,0.04,-10.01,-0.08,0,-0.01,
1,0,0.01,-10.05,-0.02,-0.01,-0.01,
1,0,0.01,-10.05,-0.02,-0.01,-0.01,
1,0,0.01,-10.05,-0.02,-0.01,-0.01,
1,0,0.02,-9.97,-0.05,-0.01,-0.01,
1,0,0.02,-9.97,-0.05,-0.01,-0.01,
1,0,0.02,-9.97,-0.05,-0.01,-0.01,
1,0,0.03,-9.97,-0.09,-0.01,-0.01,
1,0,0.03,-9.97,-0.09,0,-0.01,
1,0,0.03,-9.97,-0.09,-0.01,-0.01,
1,0,0.02,-10.06,-0.07,-0.01,-0.01,
1,0,0.02,-10.06,-0.07,0,-0.01,
1,0,0.02,-10.06,-0.07,0,-0.01,
1,0,0.06,-10.05,-0.11,0,-0.01,
1,0,0.06,-10.05,-0.11,0,-0.01,
1,0,0.06,-10.05,-0.11,0,-0.01,
1,0,0.03,-10.06,-0.13,0,-0.01,
1,0,0.03,-10.06,-0.13,0,-0.01,
1,0,0.03,-10.06,-0.13,0,-0.01,
1,0,-0.02,-10.01,-0.05,0,-0.01,
1,0,-0.02,-10.01,-0.05,-0.01,-0.01,
1,0,-0.02,-10.01,-0.05,-0.01,-0.01,
1,0,-0.05,-10.07,-0.09,0,-0.01,
1,0,-0.05,-10.07,-0.09,0,-0.01,
1,0,-0.05,-10.07,-0.09,-0.01,-0.01,
1,0,-0.02,-10.03,-0.09,0,-0.01,
1,0,-0.02,-10.03,-0.09,0,-0.01,
1,0,-0.02,-10.03,-0.09,-0.01,-0.01,
1,0,0.04,-10.07,-0.08,0,-0.01,
1,0,0.04,-10.07,-0.08,0,-0.01,
1,0,0.04,-10.07,-0.08,0,-0.01,
1,0,0.01,-10.08,-0.08,-0.01,-0.01,
1,0,0.01,-10.08,-0.08,-0.01,-0.01,
1,0,0.01,-10.08,-0.08,0,-0.01,
1,0,0.03,-10.03,-0.1,-0.01,-0.01,
1,0,0.03,-10.03,-0.1,-0.01,-0.01,
1,0,0.03,-10.03,-0.1,0,-0.01,
1,0,-0.04,-9.99,-0.12,0,-0.01,
1,0,-0.04,-9.99,-0.12,0,-0.01,
1,0,0.01,-10.01,-0.06,0,-0.01,
1,0,0.01,-10.01,-0.06,0,-0.01,
1,0,0.01,-10.01,-0.06,-0.01,-0.01,
1,0,0,-9.99,-0.1,-0.01,-0.01,
1,0,0,-9.99,-0.1,-0.01,-0.01,
1,0,0,-9.99,-0.1,-0.01,-0.01,
1,0,0,-10.1,-0.1,-0.01,-0.01,
1,0,0,-10.1,-0.1,-0.01,-0.01,
1,0,0,-10.1,-0.1,0,-0.01,
1,0,-0.01,-10.02,-0.09,0,-0.01,
1,0,-0.01,-10.02,-0.09,0,-0.01,
1,0,-0.01,-10.02,-0.09,0,-0.01,
1,0,0.02,-9.98,-0.1,0,-0.01,
1,0,0.02,-9.98,-0.1,0,-0.01,
1,0,0.02,-9.98,-0.1,-0.01,-0.01,
1,0,0.05,-10.04,-0.09,-0.01,-0.01,
1,0,0.05,-10.04,-0.09,-0.01,-0.01,
1,0,0.05,-10.04,-0.09,0,-0.01,
1,0,0.02,-10.02,-0.11,0,-0.01,
1,0,0.02,-10.02,-0.11,0,-0.01,
1,0,0.02,-10.02,-0.11,0,-0.01,
1,0,-0.01,-10.04,-0.09,0,-0.01,
1,0,-0.01,-10.04,-0.09,0,-0.01,
1,0,-0.01,-10.04,-0.09,-0.01,-0.01,
1,0,-0.01,-9.99,-0.11,-0.01,-0.01,
1,0,-0.01,-9.99,-0.11,-0.01,-0.01,
1,0,-0.01,-9.99,-0.11,0,-0.01,
1,0,0.01,-10.01,-0.13,0,-0.01,
1,0,0.01,-10.01,-0.13,0,-0.01,
1,0,0.01,-10.01,-0.13,0,-0.01,
1,0,0.04,-10.05,-0.05,0,-0.01,
1,0,0.04,-10.05,-0.05,0,-0.02,
1,0,0.04,-10.05,-0.05,0,-0.02,
1,0,0.01,-9.96,-0.11,0,-0.01,
1,0,0.01,-9.96,-0.11,0,-0.01,
1,0,0.01,-9.96,-0.11,0,-0.01,
1,0,-0.01,-9.97,-0.08,0,-0.01,
1,0,-0.01,-9.97,-0.08,-0.01,-0.01,
1,0,-0.01,-9.97,-0.08,-0.01,-0.01,
1,0,0.01,-9.99,-0.11,-0.01,-0.01,
1,0,0.01,-9.99,-0.11,-0.01,-0.01,
1,0,0.01,-9.99,-0.11,-0.01,-0.01,
1,0,0.01,-10,-0.03,0,-0.01,
1,0,0.01,-10,-0.03,-0.01,-0.01,
1,0,0.01,-10,-0.03,-0.01,-0.01,
1,0,-0.03,-10.11,-0.09,0,-0.01,
1,0,-0.03,-10.11,-0.09,0,-0.01,
1,0,-0.03,-10.11,-0.09,0,-0.01,
1,0,0.03,-10.01,-0.08,-0.01,-0.01,
1,0,0.03,-10.01,-0.08,-0.01,-0.01,
1,0,0.03,-10.01,-0.08,-0.01,-0.01,
1,0,-0.01,-10.04,-0.07,0,-0.01,
1,0,-0.01,-10.04,-0.07,0,-0.01,
1,0,-0.01,-10.04,-0.07,-0.01,-0.01,
1,0,-0.05,-10.03,0,0,-0.01,
1,0,-0.05,-10.03,0,0,-0.01,
1,0,-0.05,-10.03,0,-0.01,-0.01,
1,0,0.01,-10.01,-0.1,0,0,
1,0,0.01,-10.01,-0.1,0,0,
1,0,0.01,-10.01,-0.1,-0.01,-0.01,
1,0,0.01,-9.99,-0.06,-0.01,-0.01,
1,0,0.01,-9.99,-0.06,0,-0.01,
1,0,0.01,-9.99,-0.06,0,-0.01,
1,0,0.02,-10.04,-0.09,0,-0.01,
1,0,0.02,-10.04,-0.09,0,-0.01,
1,0,0.02,-10.04,-0.09,0,-0.01,
1,0,0.01,-10.01,-0.06,-0.01,-0.01,
1,0,0.01,-10.01,-0.06,0,-0.01,
1,0,0.01,-10.01,-0.06,0,-0.01,
1,0,-0.03,-10,-0.08,-0.01,-0.01,
1,0,-0.03,-10,-0.08,0,-0.01,
1,0,-0.03,-10,-0.08,0,-0.01,
1,0,-0.01,-10.08,0,0,-0.01,
1,0,-0.01,-10.08,0,0,-0.01,
1,0,-0.01,-10.08,0,0,-0.01,
1,0,-0.02,-9.99,-0.09,-0.01,0,
1,0,-0.02,-9.99,-0.09,-0.01,0,
1,0,-0.02,-9.99,-0.09,0,-0.01,
1,0,0,-10.04,-0.04,-0.01,-0.01,
1,0,0,-10.04,-0.04,-0.01,-0.01,
1,0,0,-10.04,-0.04,-0.01,-0.01,
1,0,-0.06,-10.01,-0.09,0,-0.01,
1,0,-0.06,-10.01,-0.09,0,-0.01,
1,0,-0.06,-10.01,-0.09,-0.01,-0.01,
1,0,0.01,-10.06,-0.08,0,-0.01,
1,0,0.01,-10.06,-0.08,0,-0.01,
1,0,0.01,-10.06,-0.08,0,-0.01,
1,0,-0.05,-9.98,-0.09,0,-0.01,
1,0,-0.05,-9.98,-0.09,0,-0.01,
1,0,-0.05,-9.98,-0.09,-0.01,-0.01,
1,0,0.01,-10.01,-0.14,0,-0.01,
1,0,0.01,-10.01,-0.14,0,-0.01,
1,0,0.01,-10.01,-0.14,-0.01,-0.01,
1,0,0.03,-10.03,-0.06,-0.01,-0.01,
1,0,0.03,-10.03,-0.06,-0.01,-0.01,
1,0,0.03,-10.03,-0.06,-0.01,-0.01,
1,0,0.02,-10.02,-0.09,-0.01,-0.01,
1,0,0.02,-10.02,-0.09,0,-0.01,
1,0,0.02,-10.02,-0.09,0,-0.01,
1,0,0.03,-9.99,-0.07,0,-0.01,
1,0,0.03,-9.99,-0.07,-0.01,-0.01,
1,0,0.03,-9.99,-0.07,-0.01,-0.01,
1,0,-0.02,-10.04,-0.11,-0.01,-0.01,
1,0,-0.02,-10.04,-0.11,0,0,
1,0,-0.01,-9.93,-0.06,-0.01,-0.01,
1,0,-0.01,-9.93,-0.06,-0.01,-0.01,
1,0,-0.01,-9.93,-0.06,0,-0.01,
1,0,0.03,-10.02,-0.06,0,-0.01,
1,0,0.03,-10.02,-0.06,0,-0.01,
1,0,0.03,-10.02,-0.06,-0.01,-0.01,
1,0,0.02,-10.03,-0.08,-0.01,-0.01,
1,0,0.02,-10.03,-0.08,-0.01,-0.01,
1,0,0.02,-10.03,-0.08,-0.01,-0.01,
1,0,0.07,-10,-0.02,-0.01,-0.01,
1,0,0.07,-10,-0.02,0,-0.01,
1,0,0.07,-10,-0.02,0,-0.01,
1,0,-0.02,-10.04,-0.07,0,-0.01,
1,0,-0.02,-10.04,-0.07,0,-0.01,
1,0,-0.02,-10.04,-0.07,-0.01,-0.01,
1,0,0.01,-10,-0.06,-0.01,-0.01,
1,0,0.01,-10,-0.06,0,-0.01,
1,0,0.01,-10,-0.06,-0.01,-0.01,
1,0,0.02,-10.08,-0.09,-0.01,-0.01,
1,0,0.02,-10.08,-0.09,-0.01,-0.01,
1,0,0.02,-10.08,-0.09,-0.01,-0.01,
1,0,0.05,-9.99,-0.11,0,-0.01,
1,0,0.05,-9.99,-0.11,-0.01,-0.01,
1,0,0.05,-9.99,-0.11,-0.01,-0.01,
1,0,0.05,-10.05,-0.05,-0.01,-0.01,
1,0,0.05,-10.05,-0.05,0,0,
1,0,0.05,-10.05,-0.05,0,0,
1,0,0.01,-10.04,-0.07,-0.01,-0.01,
1,0,0.01,-10.04,-0.07,0,-0.01,
1,0,0.01,-10.04,-0.07,0,-0.01,
1,0,0.06,-10.02,-0.08,0,-0.01,
1,0,0.06,-10.02,-0.08,-0.01,-0.01,
1,0,0.06,-10.02,-0.08,-0.01,-0.01,
1,0,-0.04,-10.09,-0.09,0,-0.01,
1,0,-0.04,-10.09,-0.09,0,-0.01,
1,0,-0.04,-10.09,-0.09,-0.01,-0.01,
1,0,-0.05,-10.07,-0.14,0,-0.01,
1,0,-0.05,-10.07,-0.14,0,-0.01,
1,0,-0.05,-10.07,-0.14,-0.01,-0.01,
1,0,0,-9.99,-0.08,0,-0.01,
1,0,0,-9.99,-0.08,0,-0.01,
1,0,0,-9.99,-0.08,0,-0.01,
1,0,0.04,-10.04,-0.06,-0.01,-0.01,
1,0,0.04,-10.04,-0.06,-0.01,-0.01,
1,0,0.04,-10.04,-0.06,0,-0.01,
1,0,0.04,-10.01,-0.04,-0.01,0,
1,0,0.04,-10.01,-0.04,-0.01,0,
1,0,0.04,-10.01,-0.04,-0.01,-0.01,
1,0,-0.03,-9.98,-0.11,-0.01,-0.01,
1,0,-0.03,-9.98,-0.11,0,-0.01,
1,0,-0.03,-9.98,-0.11,-0.01,-0.01,
1,0,-0.06,-10.03,-0.04,-0.01,-0.01,
1,0,-0.06,-10.03,-0.04,0,-0.01,
1,0,-0.06,-10.03,-0.04,0,-0.01,
1,0,-0.02,-10.06,-0.09,-0.01,-0.01,
1,0,-0.02,-10.06,-0.09,-0.01,-0.01,
1,0,-0.02,-10.06,-0.09,-0.01,-0.01,
1,0,0.02,-10.03,-0.03,0,-0.01,
1,0,0.02,-10.03,-0.03,-0.01,-0.01,
1,0,0.02,-10.03,-0.03,-0.01,-0.01,
1,0,-0.06,-10.1,-0.16,-0.01,-0.01,
1,0,-0.06,-10.1,-0.16,-0.01,-0.01,
1,0,-0.06,-10.1,-0.16,0,-0.01,
1,0,-0.06,-10.1,-0.16,-0.01,-0.01,
1,0,0,-10.1,-0.04,-0.01,-0.01,
1,0,0,-10.1,-0.04,-0.01,-0.01,
1,0,0,-10.1,-0.04,0,-0.01,
1,0,0,-10.03,-0.06,0,-0.01,
1,0,0,-10.03,-0.06,0,-0.01,
1,0,0,-10.03,-0.06,0,-0.01,
1,0,0,-9.98,-0.12,0,-0.01,
1,0,0,-9.98,-0.12,0,-0.01,
1,0,0,-9.98,-0.12,0,-0.01,
1,0,0.03,-10.05,-0.09,-0.01,-0.01,
1,0,0.03,-10.05,-0.09,0,-0.01,
1,0,0.03,-10.05,-0.09,0,-0.01,
1,0,0,-10.01,-0.13,0,-0.01,
1,0,0,-10.01,-0.13,-0.01,-0.01,
1,0,0,-10.01,-0.13,-0.01,-0.01,
1,0,0,-10,-0.09,0,-0.01,
1,0,0,-10,-0.09,0,-0.01,
1,0,0.02,-9.97,-0.1,0,-0.01,
1,0,0.02,-9.97,-0.1,0,-0.01,
1,0,0.02,-9.97,-0.1,0,-0.01,
1,0,0,-10.05,-0.07,0,-0.01,
1,0,0,-10.05,-0.07,-0.01,-0.01,
1,0,0,-10.05,-0.07,-0.01,-0.01,
1,0,0.03,-10.03,-0.08,0,-0.01,
1,0,0.03,-10.03,-0.08,0,-0.01,
1,0,0.03,-10.03,-0.08,0,-0.01,
1,0,-0.01,-10.01,-0.08,-0.01,-0.01,
1,0,-0.01,-10.01,-0.08,0,0,
1,0,-0.01,-10.01,-0.08,0,0,
1,0,0.01,-10.01,-0.07,0,-0.01,
1,0,0.01,-10.01,-0.07,0,-0.01,
1,0,0.01,-10.01,-0.07,0,-0.01,
1,0,-0.01,-10.02,-0.08,-0.01,0,
1,0,-0.01,-10.02,-0.08,-0.01,0,
1,0,-0.01,-10.02,-0.08,-0.01,-0.01,
1,0,-0.01,-10.05,-0.09,-0.01,-0.01,
1,0,-0.01,-10.05,-0.09,-0.01,-0.01,
1,0,-0.01,-10.05,-0.09,0,-0.01,
1,0,0,-10.01,-0.08,0,-0.01,
1,0,0,-10.01,-0.08,0,-0.01,
1,0,0,-10.01,-0.08,-0.01,-0.01,
1,0,-0.05,-10.07,-0.09,-0.01,-0.01,
1,0,-0.05,-10.07,-0.09,-0.01,-0.01,
1,0,-0.05,-10.07,-0.09,0,-0.01,
1,0,0.05,-10.03,-0.05,-0.01,-0.01,
1,0,0.05,-10.03,-0.05,-0.01,-0.01,
1,0,0.05,-10.03,-0.05,0,-0.01,
1,0,0.02,-10.01,-0.1,0,-0.01,
1,0,0.02,-10.01,-0.1,0,-0.01,
1,0,0.02,-10.01,-0.1,0,-0.01,
1,0,0.01,-10.05,-0.05,0,-0.01,
1,0,0.01,-10.05,-0.05,-0.01,-0.01,
1,0,0.01,-10.05,-0.05,-0.01,-0.01,
1,0,0.06,-9.99,-0.08,-0.01,-0.01,
1,0,0.06,-9.99,-0.08,-0.01,-0.01,
1,0,0.06,-9.99,-0.08,-0.01,-0.01,
1,0,-0.03,-10.15,-0.11,-0.01,-0.01,
1,0,-0.03,-10.15,-0.11,0,-0.01,
1,0,-0.03,-10.15,-0.11,-0.01,-0.01,
1,0,0.06,-9.94,-0.1,-0.01,-0.01,
1,0,0.06,-9.94,-0.1,-0.01,-0.01,
1,0,0.06,-9.94,-0.1,-0.01,-0.01,
1,0,-0.02,-10.09,-0.08,0,-0.01,
1,0,-0.02,-10.09,-0.08,0,-0.01,
1,0,-0.02,-10.09,-0.08,0,-0.01,
1,0,-0.01,-9.96,-0.07,0,-0.01,
1,0,-0.01,-9.96,-0.07,-0.01,-0.01,
1,0,-0.01,-9.96,-0.07,-0.01,-0.01,
1,0,0,-10.03,-0.08,-0.01,-0.01,
1,0,0,-10.03,-0.08,-0.01,0,
1,0,0,-10.03,-0.08,-0.01,0,
1,0,-0.02,-9.94,-0.09,0,-0.01,
1,0,-0.02,-9.94,-0.09,-0.01,-0.01,
1,0,-0.02,-9.94,-0.09,-0.01,-0.01,
1,0,-0.03,-10.05,-0.13,0,-0.01,
1,0,-0.03,-10.05,-0.13,0,-0.01,
1,0,-0.03,-10.05,-0.13,0,-0.01,
1,0,0.04,-9.95,-0.11,-0.01,-0.01,
1,0,0.04,-9.95,-0.11,-0.01,-0.01,
1,0,0.04,-9.95,-0.11,0,-0.01,
1,0,-0.01,-10.01,-0.09,-0.01,-0.01,
1,0,-0.01,-10.01,-0.09,-0.01,-0.01,
1,0,-0.01,-10.01,-0.09,0,-0.01,
1,0,0,-10.02,-0.07,0,-0.01,
1,0,0,-10.02,-0.07,0,-0.01,
1,0,0,-10.02,-0.07,0,-0.01,
1,0,0,-10.02,-0.08,0,-0.01,
1,0,0,-10.02,-0.08,0,-0.01,
1,0,0,-10.02,-0.08,-0.01,-0.01,
1,0,-0.05,-10.06,-0.1,-0.01,-0.01,
1,0,-0.05,-10.06,-0.1,0,-0.01,
1,0,-0.05,-10.06,-0.1,-0.01,-0.01,
1,0,0.02,-10.02,-0.07,-0.01,-0.01,
1,0,0.02,-10.02,-0.07,0,-0.01,
1,0,0.02,-10.02,-0.07,0,-0.01,
1,0,-0.02,-10.05,-0.07,0,-0.01,
1,0,-0.02,-10.05,-0.07,0,-0.01,
1,0,-0.02,-10.05,-0.07,0,-0.01,
1,0,-0.04,-10.04,-0.15,-0.01,-0.01,
1,0,-0.04,-10.04,-0.15,-0.01,-0.01,
1,0,-0.04,-10.04,-0.15,-0.01,-0.01,
1,0,0.01,-10.06,-0.05,-0.01,-0.01,
1,0,0.01,-10.06,-0.05,-0.01,-0.01,
1,0,0.01,-10.06,-0.05,-0.01,-0.01,
1,0,0.07,-10.03,-0.06,0,-0.01,
1,0,0.07,-10.03,-0.06,0,-0.01,
1,0,0.07,-10.03,-0.06,0,-0.01,
1,0,0,-10,-0.01,0,-0.01,
1,0,0,-10,-0.01,0,-0.01,
1,0,0,-10,-0.01,0,-0.01,
1,0,0,-10.02,-0.05,-0.01,-0.01,
1,0,0,-10.02,-0.05,-0.01,-0.01,
1,0,0,-10.02,-0.05,0,-0.01,
1,0,0.04,-9.99,-0.07,0,-0.01,
1,0,0.04,-9.99,-0.07,0,-0.01,
1,0,0.04,-9.99,-0.07,-0.01,-0.01,
1,0,0,-10.04,-0.07,0,-0.01,
1,0,0,-10.04,-0.07,0,-0.01,
1,0,0,-10.04,-0.07,-0.01,-0.01,
1,0,-0.05,-10.05,-0.16,-0.01,-0.01,
1,0,-0.05,-10.05,-0.16,-0.01,-0.01,
1,0,-0.05,-10.05,-0.16,0,-0.01,
1,0,-0.04,-10.07,-0.11,-0.01,-0.01,
1,0,-0.04,-10.07,-0.11,-0.01,-0.01,
1,0,-0.04,-10.07,-0.11,0,-0.01,
1,0,-0.02,-10.04,-0.04,0,-0.01,
1,0,-0.02,-10.04,-0.04,0,-0.01,
1,0,-0.02,-10.04,-0.04,-0.01,-0.01,
1,0,-0.04,-10.03,-0.05,-0.01,-0.01,
1,0,-0.04,-10.03,-0.05,-0.01,-0.01,
1,0,-0.04,-10.03,-0.05,-0.01,-0.01,
1,0,-0.01,-10,-0.09,-0.01,-0.01,
1,0,-0.01,-10,-0.09,0,-0.01,
1,0,0,-10.07,-0.11,0,-0.01,
1,0,0,-10.07,-0.11,0,-0.01,
1,0,0,-10.07,-0.11,0,-0.01,
1,0,-0.01,-10.02,-0.08,-0.01,-0.02,
1,0,-0.01,-10.02,-0.08,-0.01,-0.02,
1,0,-0.01,-10.02,-0.08,-0.01,-0.01,
1,0,0,-10.05,-0.07,-0.01,-0.01,
1,0,0,-10.05,-0.07,-0.01,-0.01,
1,0,0,-10.05,-0.07,0,-0.01,
1,0,0.06,-9.98,-0.06,0,-0.01,
1,0,0.06,-9.98,-0.06,0,-0.01,
1,0,0.06,-9.98,-0.06,0,-0.01,
1,0,-0.02,-10.02,-0.08,0,-0.01,
1,0,-0.02,-10.02,-0.08,0,-0.01,
1,0,-0.02,-10.02,-0.08,0,-0.01,
1,0,-0.01,-10.03,-0.06,0,-0.01,
1,0,-0.01,-10.03,-0.06,-0.01,-0.01,
1,0,-0.01,-10.03,-0.06,0,-0.01,
1,0,0,-10.04,-0.11,0,-0.01,
1,0,0,-10.04,-0.11,-0.01,-0.01,
1,0,0,-10.04,-0.11,0,-0.01,
1,0,0,-9.97,-0.06,0,-0.01,
1,0,0,-9.97,-0.06,-0.01,-0.01,
1,0,0,-9.97,-0.06,-0.01,-0.01,
1,0,0,-10,-0.05,0,-0.01,
1,0,0,-10,-0.05,-0.01,0,
1,0,0,-10,-0.05,-0.01,0,
1,0,0.03,-10.07,-0.09,-0.01,-0.01,
1,0,0.03,-10.07,-0.09,0,-0.01,
1,0,0.03,-10.07,-0.09,0,-0.01,
1,0,0.03,-10.02,-0.07,-0.01,-0.01,
1,0,0.03,-10.02,-0.07,-0.01,-0.01,
1,0,0.03,-10.02,-0.07,-0.01,-0.01,
1,0,0.01,-10.02,-0.08,-0.01,-0.01,
1,0,0.01,-10.02,-0.08,0,-0.01,
1,0,0.01,-10.02,-0.08,0,-0.01,
1,0,0.04,-10.04,-0.06,0,-0.01,
1,0,0.04,-10.04,-0.06,0,-0.01,
1,0,0.04,-10.04,-0.06,0,-0.01,
1,0,0.09,-10.03,-0.08,0,-0.01,
1,0,0.09,-10.03,-0.08,-0.01,-0.01,
1,0,0.09,-10.03,-0.08,-0.01,-0.01,
1,0,-0.01,-10.04,-0.09,0,-0.01,
1,0,-0.01,-10.04,-0.09,0,-0.01,
1,0,-0.01,-10.04,-0.09,0,-0.01,
1,0,0.02,-10.04,-0.06,0,-0.01,
1,0,0.02,-10.04,-0.06,0,-0.01,
1,0,0.02,-10.04,-0.06,-0.01,-0.01,
1,0,-0.03,-9.99,-0.11,-0.01,-0.01,
1,0,-0.03,-9.99,-0.11,-0.01,-0.01,
1,0,-0.03,-9.99,-0.11,0,-0.01,
1,0,-0.09,-10.05,-0.1,0,-0.01,
1,0,-0.09,-10.05,-0.1,0,-0.01,
1,0,-0.09,-10.05,-0.1,0,-0.01,
1,0,0.07,-10.04,-0.15,0,-0.01,
1,0,0.07,-10.04,-0.15,0,-0.01,
1,0,0.07,-10.04,-0.15,0,-0.01,
1,0,-0.04,-10.06,-0.05,0,-0.01,
1,0,-0.04,-10.06,-0.05,-0.01,-0.01,
1,0,-0.04,-10.06,-0.05,-0.01,-0.01,
1,0,0.01,-10.04,-0.09,0,-0.01,
1,0,0.01,-10.04,-0.09,-0.01,-0.01,
1,0,0.01,-10.04,-0.09,-0.01,-0.01,
1,0,-0.01,-10.03,-0.09,-0.01,-0.01,
1,0,-0.01,-10.03,-0.09,-0.01,-0.01,
1,0,-0.01,-10.03,-0.09,-0.01,-0.01,
1,0,-0.05,-10.02,-0.12,0,-0.01,
1,0,-0.05,-10.02,-0.12,0,-0.01,
1,0,-0.05,-10.02,-0.12,0,-0.01,
1,0,0,-9.99,-0.11,-0.01,-0.01,
1,0,0,-9.99,-0.11,-0.01,-0.01,
1,0,0,-9.99,-0.11,0,-0.01,
1,0,0.01,-10.04,-0.09,-0.01,0,
1,0,0.01,-10.04,-0.09,-0.01,0,
1,0,0.01,-10.04,-0.09,-0.01,-0.01,
1,0,-0.07,-10.03,-0.12,0,-0.01,
1,0,-0.07,-10.03,-0.12,0,-0.01,
1,0,-0.07,-10.03,-0.12,0,-0.01,
1,0,-0.03,-10.05,-0.02,-0.01,-0.01,
1,0,-0.03,-10.05,-0.02,-0.01,-0.01,
1,0,-0.03,-10.05,-0.02,0,-0.01,
1,0,0.03,-9.98,-0.06,0,-0.01,
1,0,0.03,-9.98,-0.06,0,-0.01,
1,0,0.03,-9.98,-0.06,-0.01,-0.01,
1,0,0.02,-9.98,-0.06,-0.01,-0.01,
1,0,0.02,-9.98,-0.06,-0.01,-0.01,
1,0,0.02,-9.98,-0.06,-0.01,-0.01,
1,0,0.03,-10,-0.08,0,-0.01,
1,0,0.03,-10,-0.08,0,-0.01,
1,0,0.03,-10,-0.08,-0.01,-0.01,
1,0,0.02,-10.07,-0.11,-0.01,-0.01,
1,0,0.02,-10.07,-0.11,0,-0.01,
1,0,0.02,-10.07,-0.11,-0.01,-0.01,
1,0,-0.02,-9.99,-0.08,-0.01,-0.01,
1,0,-0.02,-9.99,-0.08,0,-0.01,
1,0,0.03,-10.01,-0.09,0,-0.01,
1,0,0.03,-10.01,-0.09,0,-0.01,
1,0,0.03,-10.01,-0.09,-0.01,-0.01,
1,0,0.03,-10.03,-0.07,-0.01,-0.01,
1,0,0.03,-10.03,-0.07,-0.01,-0.01,
1,0,0.03,-10.03,-0.07,0,-0.01,
1,0,0.05,-10.08,-0.07,0,-0.01,
1,0,0.05,-10.08,-0.07,0,-0.01,
1,0,0.05,-10.08,-0.07,0,-0.01,
1,0,0,-9.99,-0.09,0,-0.01,
1,0,0,-9.99,-0.09,0,-0.01,
1,0,0,-9.99,-0.09,0,-0.01,
1,0,-0.01,-10,-0.1,-0.01,-0.01,
1,0,-0.01,-10,-0.1,-0.01,-0.01,
1,0,-0.01,-10,-0.1,0,-0.01,
1,0,0.05,-9.98,-0.12,0,-0.01,
1,0,0.05,-9.98,-0.12,0,-0.01,
1,0,0.05,-9.98,-0.12,0,-0.01,
1,0,-0.03,-10,-0.11,-0.01,0,
1,0,-0.03,-10,-0.11,-0.01,0,
1,0,-0.03,-10,-0.11,0,-0.01,
1,0,-0.03,-10.08,-0.11,-0.01,-0.01,
1,0,-0.03,-10.08,-0.11,-0.01,-0.01,
1,0,-0.03,-10.08,-0.11,0,-0.01,
1,0,0.06,-10.04,-0.04,0,-0.01,
1,0,0.06,-10.04,-0.04,0,-0.01,
1,0,0.09,-10,-0.1,0,-0.01,
1,0,0.09,-10,-0.1,-0.01,-0.01,
1,0,0.09,-10,-0.1,-0.01,-0.01,
1,0,-0.02,-10.06,-0.1,0,-0.01,
1,0,-0.02,-10.06,-0.1,0,-0.01,
1,0,-0.02,-10.06,-0.1,0,-0.01,
1,0,0.06,-10.06,-0.06,-0.01,-0.01,
1,0,0.06,-10.06,-0.06,-0.01,-0.01,
1,0,0.06,-10.06,-0.06,-0.01,-0.01,
1,0,-0.03,-10.01,-0.1,0,-0.01,
1,0,-0.03,-10.01,-0.1,-0.01,-0.01,
1,0,-0.03,-10.01,-0.1,-0.01,-0.01,
1,0,-0.01,-10.02,-0.05,0,-0.01,
1,0,-0.01,-10.02,-0.05,0,-0.01,
1,0,-0.01,-10.02,-0.05,0,-0.01,
1,0,0,-10.05,-0.07,0,-0.01,
1,0,0,-10.05,-0.07,0,-0.01,
1,0,0,-10.05,-0.07,-0.01,-0.02,
1,0,0.01,-10.03,-0.11,-0.01,-0.01,
1,0,0.01,-10.03,-0.11,-0.01,-0.01,
1,0,0.01,-10.03,-0.11,-0.01,-0.01,
1,0,0.06,-10.03,-0.13,0,-0.01,
1,0,0.06,-10.03,-0.13,0,-0.01,
1,0,0.06,-10.03,-0.13,0,-0.01,
1,0,-0.01,-9.96,-0.09,0,-0.01,
1,0,-0.01,-9.96,-0.09,-0.01,-0.01,
1,0,-0.01,-9.96,-0.09,-0.01,-0.01,
1,0,0,-10.07,-0.07,-0.01,-0.01,
1,0,0,-10.07,-0.07,-0.01,-0.01,
1,0,0,-10.07,-0.07,-0.01,-0.01,
1,0,-0.02,-10,-0.09,-0.01,-0.01,
1,0,-0.02,-10,-0.09,-0.01,-0.01,
1,0,-0.02,-10,-0.09,-0.01,0,
1,0,0.07,-9.98,-0.07,-0.01,0,
1,0,0.07,-9.98,-0.07,0,-0.01,
1,0,0.07,-9.98,-0.07,0,-0.01,
1,0,0,-9.99,-0.13,0,-0.01,
1,0,0,-9.99,-0.13,0,-0.01,
1,0,0,-9.99,-0.13,0,-0.01,
1,0,0.02,-10.05,-0.11,0,-0.01,
1,0,0.02,-10.05,-0.11,0,-0.01,
1,0,0.02,-10.05,-0.11,0,-0.01,
1,0,0.07,-10.07,-0.13,-0.01,-0.01,
1,0,0.07,-10.07,-0.13,-0.01,-0.01,
1,0,0.07,-10.07,-0.13,-0.01,-0.01,
1,0,0.02,-10.01,-0.07,-0.01,-0.01,
1,0,0.02,-10.01,-0.07,0,-0.01,
1,0,0.02,-10.01,-0.07,0,-0.01,
1,0,-0.04,-10.04,-0.1,0,-0.01,
1,0,-0.04,-10.04,-0.1,0,-0.01,
1,0,-0.04,-10.04,-0.1,0,-0.01,
1,0,-0.03,-10.04,-0.06,0,-0.01,
1,0,-0.03,-10.04,-0.06,0,-0.01,
1,0,-0.03,-10.04,-0.06,0,-0.01,
1,0,0.01,-10.03,-0.11,0,-0.01,
1,0,0.01,-10.03,-0.11,0,-0.01,
1,0,0.01,-10.03,-0.11,0,-0.01,
1,0,0,-10.06,-0.07,-0.01,-0.01,
1,0,0,-10.06,-0.07,-0.01,-0.01,
1,0,0,-10.06,-0.07,0,0,
1,0,-0.03,-10.05,-0.08,-0.01,0,
1,0,-0.03,-10.05,-0.08,-0.01,0,
1,0,-0.03,-10.05,-0.08,-0.01,-0.01,
1,0,0.01,-9.98,-0.1,0,0,
1,0,0.01,-9.98,-0.1,0,0,
1,0,-0.02,-10.06,-0.07,0,-0.01,
1,0,-0.02,-10.06,-0.07,0,-0.01,
1,0,-0.02,-10.06,-0.07,0,-0.01,
1,0,0.03,-9.99,-0.08,-0.01,-0.01,
1,0,0.03,-9.99,-0.08,0,-0.01,
1,0,0.03,-9.99,-0.08,0,-0.01,
1,0,0.03,-10.01,-0.11,-0.01,-0.01,
1,0,0.03,-10.01,-0.11,-0.01,-0.01,
1,0,0.03,-10.01,-0.11,-0.01,-0.01,
1,0,-0.02,-10.02,-0.11,0,-0.01,
1,0,-0.02,-10.02,-0.11,0,-0.01,
1,0,-0.02,-10.02,-0.11,-0.01,-0.01,
1,0,-0.07,-10.07,-0.07,-0.01,-0.01,
1,0,-0.07,-10.07,-0.07,-0.01,-0.01,
1,0,-0.07,-10.07,-0.07,-0.01,-0.01,
1,0,0.06,-10.04,-0.07,-0.01,-0.01,
1,0,0.06,-10.04,-0.07,-0.01,-0.01,
1,0,0.06,-10.04,-0.07,0,-0.01,
1,0,-0.03,-10.09,-0.1,-0.01,-0.01,
1,0,-0.03,-10.09,-0.1,-0.01,-0.01,
1,0,-0.03,-10.09,-0.1,-0.01,-0.01,
1,0,-0.01,-10.04,-0.07,-0.01,-0.01,
1,0,-0.01,-10.04,-0.07,-0.01,-0.01,
1,0,-0.01,-10.04,-0.07,0,-0.01,
1,0,0.05,-10.07,-0.06,0,-0.01,
1,0,0.05,-10.07,-0.06,-0.01,-0.01,
1,0,0.05,-10.07,-0.06,-0.01,-0.01,
1,0,-0.03,-10.06,-0.08,-0.01,-0.01,
1,0,-0.03,-10.06,-0.08,0,-0.01,
1,0,-0.03,-10.06,-0.08,0,-0.01,
1,0,-0.05,-10.07,-0.1,0,-0.01,
1,0,-0.05,-10.07,-0.1,0,-0.01,
1,0,-0.05,-10.07,-0.1,0,-0.01,
1,0,0.02,-9.97,-0.08,0,-0.01,
1,0,0.02,-9.97,-0.08,0,-0.01,
1,0,0.02,-9.97,-0.08,-0.01,-0.01,
1,0,0.01,-9.96,-0.1,-0.01,-0.01,
1,0,0.01,-9.96,-0.1,0,-0.01,
1,0,0.01,-9.96,-0.1,0,-0.01,
1,0,-0.01,-9.99,-0.11,0,-0.01,
1,0,-0.01,-9.99,-0.11,-0.01,-0.01,
1,0,-0.01,-9.99,-0.11,-0.01,-0.01,
1,0,-0.02,-10,-0.05,-0.01,-0.01,
1,0,-0.02,-10,-0.05,0,-0.01,
1,0,0,-10.04,-0.16,0,-0.01,
1,0,0,-10.04,-0.16,0,-0.01,
1,0,0,-10.04,-0.16,0,-0.01,
1,0,-0.01,-9.95,-0.1,0,0,
1,0,-0.01,-9.95,-0.1,0,0,
1,0,-0.01,-9.95,-0.1,0,-0.01,
1,0,-0.04,-10.05,-0.2,0,-0.01,
1,0,-0.04,-10.05,-0.2,0,-0.01,
1,0,-0.04,-10.05,-0.2,0,-0.01,
1,0,-0.04,-10,-0.09,0,-0.01,
1,0,-0.04,-10,-0.09,0,-0.01,
1,0,-0.04,-10,-0.09,-0.01,-0.01,
1,0,-0.04,-10,-0.09,-0.01,-0.01,
1,0,-0.02,-10.03,0.02,-0.01,-0.01,
1,0,-0.02,-10.03,0.02,-0.01,-0.01,
1,0,-0.02,-10.03,0.02,0,-0.01,
1,0,-0.06,-10,-0.05,-0.01,-0.01,
1,0,-0.06,-10,-0.05,-0.01,-0.01,
1,0,-0.06,-10,-0.05,-0.01,-0.01,
1,0,0,-10.03,-0.08,-0.01,-0.01,
1,0,0,-10.03,-0.08,-0.01,-0.01,
1,0,0,-10,-0.09,-0.01,-0.01,
1,0,0,-10,-0.09,0,-0.01,
1,0,0,-10,-0.09,0,-0.01,
1,0,0,-10,-0.09,-0.01,-0.01,
1,0,-0.04,-10.03,-0.11,-0.01,-0.01,
1,0,-0.04,-10.03,-0.11,-0.01,-0.01,
1,0,-0.04,-10.03,-0.11,0,-0.01,
1,0,-0.03,-10.01,-0.18,0,-0.01,
1,0,-0.03,-10.01,-0.18,0,-0.01,
1,0,-0.03,-10.01,-0.18,0,-0.01,
1,0,-0.03,-10.04,-0.11,0,-0.01,
1,0,-0.03,-10.04,-0.11,-0.01,-0.01,
1,0,-0.03,-10.04,-0.11,-0.01,-0.01,
1,0,0,-10.02,-0.06,0,-0.01,
1,0,0,-10.02,-0.06,-0.01,-0.01,
1,0,0,-10.02,-0.06,-0.01,-0.01,
1,0,0.02,-10.07,-0.01,0,-0.01,
1,0,0.02,-10.07,-0.01,0,-0.01,
1,0,0.02,-10.07,-0.01,0,-0.01,
1,0,-0.01,-10.05,-0.09,-0.01,-0.01,
1,0,-0.01,-10.05,-0.09,0,-0.01,
1,0,-0.01,-10.05,-0.09,0,-0.01,
1,0,0,-10.05,-0.08,0,-0.01,
1,0,0,-10.05,-0.08,0,-0.01,
1,0,0,-10.05,-0.08,-0.01,-0.01,
1,0,0.04,-10.04,-0.14,-0.01,-0.01,
1,0,0.04,-10.04,-0.14,-0.01,-0.01,
1,0,0.04,-10.04,-0.14,0,-0.01,
1,0,0.05,-10.07,-0.16,0,-0.01,
1,0,0.05,-10.07,-0.16,0,-0.01,
1,0,0.04,-10.01,-0.13,0,-0.01,
1,0,0.04,-10.01,-0.13,-0.01,-0.01,
1,0,0.04,-10.01,-0.13,-0.01,-0.01,
1,0,-0.03,-10.03,-0.1,-0.01,-0.01,
1,0,-0.03,-10.03,-0.1,-0.01,-0.01,
1,0,-0.03,-10.03,-0.1,-0.01,-0.01,
1,0,0.01,-9.97,-0.09,-0.01,-0.01,
1,0,0.01,-9.97,-0.09,-0.01,-0.01,
1,0,0.01,-9.97,-0.09,-0.01,-0.01,
1,0,0.02,-10.05,-0.04,-0.01,-0.01,
1,0,0.02,-10.05,-0.04,-0.01,-0.01,
1,0,0.02,-10.05,-0.04,-0.01,-0.01,
1,0,0.01,-10.03,-0.07,-0.01,-0.01,
1,0,0.01,-10.03,-0.07,-0.01,-0.01,
1,0,0.01,-10.03,-0.07,0,-0.01,
1,0,0.01,-10.1,-0.02,0,-0.01,
1,0,0.01,-10.1,-0.02,0,-0.01,
1,0,0.01,-10.1,-0.02,0,-0.01,
1,0,-0.05,-10.07,-0.1,0,-0.01,
1,0,-0.05,-10.07,-0.1,0,-0.01,
1,0,-0.05,-10.07,-0.1,0,-0.01,
1,0,0.04,-10.01,-0.11,0,-0.01,
1,0,0.04,-10.01,-0.11,0,-0.01,
1,0,0.04,-10.01,-0.11,0,-0.01,
1,0,-0.03,-10.04,-0.12,0,-0.01,
1,0,-0.03,-10.04,-0.12,-0.01,-0.01,
1,0,-0.03,-10.04,-0.12,0,-0.01,
1,0,0.01,-10.04,-0.06,0,-0.01,
1,0,0.01,-10.04,-0.06,0,-0.01,
1,0,0.01,-10.04,-0.06,-0.01,-0.01,
1,0,0.02,-9.96,-0.08,-0.01,-0.01,
1,0,0.02,-9.96,-0.08,0,-0.01,
1,0,0.02,-9.96,-0.08,-0.01,-0.01,
1,0,-0.02,-10.04,-0.05,-0.01,-0.01,
1,0,-0.02,-10.04,-0.05,0,-0.01,
1,0,-0.02,-10.04,-0.05,0,-0.01,
1,0,-0.01,-10.03,-0.14,0,-0.01,
1,0,-0.01,-10.03,-0.14,-0.01,-0.01,
1,0,-0.01,-10.03,-0.14,-0.01,-0.01,
1,0,0.07,-10.05,-0.08,0,-0.01,
1,0,0.07,-10.05,-0.08,0,-0.01,
1,0,0.07,-10.05,-0.08,0,-0.01,
1,0,0,-10.05,-0.1,0,-0.01,
1,0,0,-10.05,-0.1,0,-0.01,
1,0,0,-10.05,-0.1,0,-0.01,
1,0,0.05,-9.98,-0.04,0,-0.01,
1,0,0.05,-9.98,-0.04,0,-0.01,
1,0,0.05,-9.98,-0.04,0,-0.01,
1,0,0.03,-10.02,-0.08,0,-0.01,
1,0,0.03,-10.02,-0.08,0,-0.01,
1,0,0.03,-10.02,-0.08,-0.01,-0.01,
1,0,0,-10.07,-0.07,0,-0.01,
1,0,0,-10.07,-0.07,0,-0.01,
1,0,0,-10.07,-0.07,0,-0.01,
1,0,0.03,-10.07,-0.11,-0.01,-0.01,
1,0,0.03,-10.07,-0.11,-0.01,-0.01,
1,0,0.03,-10.07,-0.11,-0.01,-0.01,
1,0,0.04,-10.02,-0.08,-0.01,-0.01,
1,0,0.04,-10.02,-0.08,0,-0.01,
1,0,0.04,-10.02,-0.08,0,-0.01,
1,0,0,-10.03,-0.08,0,-0.01,
1,0,0,-10.03,-0.08,0,-0.01,
1,0,0,-10.03,-0.08,0,-0.01,
1,0,0,-10.06,-0.1,0,-0.01,
1,0,0,-10.06,-0.1,0,-0.01,
1,0,0,-10.06,-0.1,0,-0.01,
1,0,-0.01,-10.01,-0.08,0,-0.01,
1,0,-0.01,-10.01,-0.08,-0.01,-0.01,
1,0,-0.01,-10.01,-0.08,-0.01,-0.01,
1,0,0.02,-10,-0.07,0,-0.01,
1,0,0.02,-10,-0.07,-0.01,-0.01,
1,0,0.02,-10,-0.07,-0.01,-0.01,
1,0,0.04,-10.02,-0.08,-0.01,-0.01,
1,0,0.04,-10.02,-0.08,-0.01,-0.01,
1,0,0.04,-10.02,-0.08,-0.01,-0.01,
1,0,-0.03,-10.01,-0.13,-0.01,-0.01,
1,0,-0.03,-10.01,-0.13,-0.01,-0.01,
1,0,-0.03,-10.01,-0.13,0,-0.01,
1,0,0.02,-10.06,-0.04,0,-0.01,
1,0,0.02,-10.06,-0.04,0,-0.01,
1,0,0.02,-10.06,-0.04,-0.01,-0.01,
1,0,-0.03,-9.99,-0.11,0,-0.01,
1,0,-0.03,-9.99,-0.11,0,-0.01,
1,0,-0.03,-9.99,-0.11,-0.01,-0.01,
1,0,0.01,-10.02,-0.08,-0.01,-0.01,
1,0,0.02,-10.01,-0.11,0,-0.01,
1,0,0.02,-9.98,-0.11,-0.01,-0.01,
1,0,0.01,-10.06,-0.13,0,-0.01,
1,0,0.05,-9.87,-0.05,0,-0.01,
1,0,0,-9.99,-0.12,-0.01,-0.01,
1,0,0,-10,-0.08,0,-0.01,
1,0,-0.03,-9.98,-0.09,-0.01,-0.01,
1,0,-0.05,-10.02,-0.11,0,-0.01,
1,0,0.01,-10.02,-0.11,0,-0.01,
1,0,0.01,-10.02,-0.11,0,-0.01,
1,0,0.03,-9.99,-0.08,-0.01,-0.01,
1,0,0.03,-9.99,-0.08,0,-0.01,
1,0,0.03,-9.99,-0.08,0,-0.01,
1,0,0.02,-10.07,-0.11,-0.01,-0.01,
1,0,0.02,-10.07,-0.11,0,-0.01,
1,0,0.02,-10.07,-0.11,0,-0.01,
1,0,0.03,-10.06,-0.07,-0.01,-0.01,
1,0,0.03,-10.06,-0.07,0,-0.01,
1,0,0.03,-10.06,-0.07,0,-0.01,
1,0,0.05,-10.03,-0.1,-0.01,-0.01,
1,0,0.05,-10.03,-0.1,0,-0.01,
1,0,0.05,-10.03,-0.1,0,-0.01,
1,0,-0.02,-10.06,-0.1,0,-0.01,
1,0,-0.02,-10.06,-0.1,0,-0.01,
1,0,-0.02,-10.06,-0.1,0,-0.01,
1,0,-0.03,-10.03,-0.07,0,-0.01,
1,0,-0.03,-10.03,-0.07,0,-0.01,
1,0,-0.03,-10.03,-0.07,0,-0.01,
1,0,-0.02,-10.06,-0.11,0,-0.01,
1,0,-0.02,-10.06,-0.11,-0.01,-0.01,
1,0,-0.02,-10.06,-0.11,-0.01,-0.01,
1,0,-0.03,-9.99,-0.14,0,0,
1,0,-0.03,-9.99,-0.14,0,-0.01,
1,0,-0.03,-9.99,-0.14,0,-0.01,
1,0,0.02,-9.97,-0.06,0,-0.01,
1,0,0.02,-9.97,-0.06,-0.01,-0.01,
1,0,0.01,-10.07,-0.11,-0.01,-0.01,
1,0,0.01,-10.07,-0.11,-0.01,-0.01,
1,0,0.01,-10.03,-0.11,0,-0.01,
1,0,0.03,-10.01,-0.11,0,-0.01,
1,0,0.03,-10.01,-0.11,0,-0.01,
1,0,0.03,-10.01,-0.11,-0.01,0,
1,0,-0.03,-10.08,-0.09,-0.01,0,
1,0,-0.03,-10.08,-0.09,0,-0.01,
1,0,-0.03,-10.08,-0.09,0,-0.01,
1,0,0.03,-10.08,-0.09,0,-0.01,
1,0,0.03,-10.08,-0.09,0,-0.01,
1,0,0.03,-10.08,-0.09,0,-0.01,
1,0,-0.04,-10.04,-0.11,0,-0.01,
1,0,-0.04,-10.04,-0.11,0,-0.01,
1,0,-0.04,-10.04,-0.11,0,-0.01,
1,0,0,-10.05,-0.08,0,-0.01,
1,0,0,-10.05,-0.08,0,-0.01,
1,0,0,-10.05,-0.08,0,-0.01,
1,0,0.08,-9.99,-0.11,0,-0.01,
1,0,0.08,-9.99,-0.11,0,-0.01,
1,0,0.03,-10.04,-0.09,0,-0.01,
1,0,0.03,-10.04,-0.09,0,-0.01,
1,0,0.03,-10.04,-0.09,-0.01,-0.01,
1,0,0,-10.03,-0.07,0,-0.01,
1,0,0,-10.03,-0.07,0,-0.01,
1,0,0,-10.03,-0.07,-0.01,-0.01,
1,0,-0.06,-10.05,-0.09,0,-0.01,
1,0,-0.06,-10.05,-0.09,0,-0.01,
1,0,-0.06,-10.05,-0.09,-0.01,-0.01,
1,0,0,-10.06,-0.03,-0.01,-0.01,
1,0,0,-10.06,-0.03,-0.01,-0.01,
1,0,0,-10.06,-0.03,-0.01,-0.01,
1,0,0.02,-10.08,-0.07,-0.01,-0.01,
1,0,0.02,-10.08,-0.07,0,-0.01,
1,0,0.03,-10.03,-0.07,0,-0.01,
1,0,0.03,-10.01,-0.14,0,-0.01,
1,0,0.03,-10.01,-0.14,0,-0.01,
1,0,0.03,-10.01,-0.14,-0.01,-0.01,
1,0,0,-9.97,-0.03,-0.01,-0.01,
1,0,0,-9.97,-0.03,0,-0.01,
1,0,0,-9.97,-0.03,0,-0.01,
1,0,-0.03,-10.03,-0.08,0,-0.01,
1,0,-0.03,-10.03,-0.08,-0.01,-0.01,
1,0,0.07,-9.98,-0.08,-0.01,-0.01,
1,0,0.07,-9.98,-0.08,-0.01,-0.01,
1,0,0.07,-9.98,-0.08,0,-0.01,
1,0,0.03,-10.06,-0.13,-0.01,-0.01,
1,0,0.03,-10.06,-0.13,-0.01,-0.01,
1,0,0.03,-10.06,-0.13,0,-0.01,
1,0,0.05,-10.01,0,-0.01,-0.01,
1,0,0.05,-10.01,0,-0.01,-0.01,
1,0,0.05,-10.01,0,0,0,
1,0,0.01,-10.01,-0.08,-0.01,-0.01,
1,0,0.01,-10.01,-0.08,-0.01,-0.01,
1,0,0.01,-10.01,-0.08,0,-0.01,
1,0,0,-10.04,-0.15,-0.01,-0.01,
1,0,0,-10.04,-0.15,-0.01,-0.01,
1,0,0,-10.04,-0.15,0,-0.01,
1,0,0.04,-10.04,-0.05,0,-0.01,
1,0,0.04,-10.04,-0.05,0,-0.01,
1,0,0.04,-10.04,-0.05,-0.01,-0.01,
1,0,0.04,-10.03,-0.06,0,-0.01,
1,0,0.04,-10.03,-0.06,0,-0.01,
1,0,0.04,-10.03,-0.06,0,-0.01,
1,0,-0.05,-9.93,-0.12,0,-0.01,
1,0,-0.05,-9.93,-0.12,0,-0.01,
1,0,-0.09,-10.07,-0.07,0,-0.01,
1,0,-0.09,-10.07,-0.07,0,-0.01,
1,0,-0.09,-10.07,-0.07,0,-0.01,
1,0,-0.03,-10.04,-0.11,0,0,
1,0,-0.03,-10.04,-0.11,0,-0.01,
1,0,-0.03,-10.04,-0.11,0,-0.01,
1,0,-0.04,-10.03,-0.1,-0.01,-0.01,
1,0,-0.04,-10.03,-0.1,0,-0.01,
1,0,-0.04,-10.03,-0.1,0,-0.01,
1,0,-0.07,-10.03,-0.07,-0.01,-0.01,
1,0,-0.07,-10.03,-0.07,-0.01,-0.01,
1,0,-0.07,-10.03,-0.07,0,-0.01,
1,0,0,-9.99,-0.04,0,-0.01,
1,0,0,-9.99,-0.04,0,-0.01,
1,0,-0.02,-10.08,-0.13,0,-0.01,
1,0,-0.02,-10.08,-0.13,0,-0.01,
1,0,-0.02,-10.08,-0.13,0,-0.01,
1,0,-0.03,-10.06,-0.09,-0.01,-0.01,
1,0,-0.03,-10.06,-0.09,-0.01,-0.01,
1,0,-0.03,-10.06,-0.09,0,-0.01,
1,0,0.04,-10.03,-0.12,-0.01,-0.01,
1,0,0.04,-10.03,-0.12,-0.01,-0.01,
1,0,0.04,-10.03,-0.12,-0.01,-0.01,
1,0,-0.03,-10.01,-0.04,0,-0.01,
1,0,-0.03,-10.01,-0.04,0,-0.01,
1,0,-0.03,-10.01,-0.04,0,-0.01,
1,0,-0.05,-9.98,-0.09,-0.01,-0.01,
1,0,-0.05,-9.98,-0.09,-0.01,-0.01,
1,0,-0.05,-9.98,-0.09,-0.01,-0.01,
1,0,-0.04,-10.03,-0.06,-0.01,-0.01,
1,0,-0.04,-10.03,-0.06,-0.01,-0.01,
1,0,-0.04,-9.98,-0.06,0,-0.01,
1,0,-0.04,-9.98,-0.06,0,-0.01,
1,0,-0.04,-9.98,-0.06,0,-0.01,
1,0,-0.02,-10.07,-0.09,0,-0.01,
1,0,-0.02,-10.07,-0.09,-0.01,-0.01,
1,0,-0.02,-10.07,-0.09,-0.01,-0.01,
1,0,-0.02,-10.04,-0.09,-0.01,-0.01,
1,0,-0.02,-10.04,-0.09,0,-0.01,
1,0,-0.02,-10.04,-0.09,0,-0.01,
1,0,0,-10.04,-0.11,-0.01,-0.01,
1,0,0,-10.04,-0.11,0,-0.01,
1,0,0,-10.04,-0.11,0,-0.01,
1,0,-0.03,-9.98,-0.07,0,-0.01,
1,0,-0.03,-9.98,-0.07,0,-0.01,
1,0,-0.03,-9.98,-0.07,0,-0.01,
1,0,0.01,-10.06,-0.09,-0.01,-0.01,
1,0,0.01,-10.06,-0.09,-0.01,-0.01,
1,0,0.01,-10.06,-0.09,-0.01,-0.01,
1,0,-0.03,-10.03,-0.11,-0.01,0,
1,0,-0.03,-10.03,-0.11,0,-0.01,
1,0,0.02,-10,-0.08,0,-0.01,
1,0,0.02,-10,-0.08,0,-0.01,
1,0,0.02,-10,-0.08,0,-0.01,
1,0,0.02,-10.15,-0.1,0,-0.01,
1,0,0.02,-10.15,-0.1,0,-0.01,
1,0,0.02,-10.15,-0.1,0,-0.01,
1,0,0,-10.09,-0.15,0,-0.01,
1,0,0,-10.09,-0.15,0,-0.01,
1,0,0,-10.09,-0.15,0,-0.01,
1,0,-0.06,-10.03,-0.09,0,-0.01,
1,0,-0.06,-10.03,-0.09,0,-0.01,
1,0,-0.06,-10.03,-0.09,-0.01,-0.01,
1,0,0.02,-10.07,-0.15,-0.01,-0.01,
1,0,0.02,-10.07,-0.15,-0.01,-0.01,
1,0,0.02,-10.07,-0.15,-0.01,-0.01,
1,0,-0.02,-10.02,-0.15,-0.01,-0.01,
1,0,-0.02,-10.02,-0.15,0,-0.01,
1,0,-0.02,-10.02,-0.15,0,-0.01,
1,0,0.01,-10.02,-0.02,0,-0.01,
1,0,0.01,-10.02,-0.02,-0.01,-0.01,
1,0,0,-10.07,0.01,-0.01,-0.01,
1,0,0,-10.07,0.01,-0.01,-0.01,
1,0,0,-10.07,0.01,-0.01,-0.01,
1,0,0.02,-10.02,-0.04,0,-0.01,
1,0,0.02,-10.02,-0.04,0,-0.01,
1,0,0.02,-10.02,-0.04,0,0,
1,0,-0.04,-10.04,-0.16,-0.01,-0.01,
1,0,-0.04,-10.04,-0.16,-0.01,-0.01,
1,0,-0.04,-10.04,-0.16,0,-0.01,
1,0,-0.03,-10.01,-0.12,-0.01,-0.01,
1,0,-0.03,-10.01,-0.12,-0.01,-0.01,
1,0,-0.03,-10.01,-0.12,0,-0.01,
1,0,-0.06,-10,-0.04,0,-0.01,
1,0,-0.06,-10,-0.04,0,-0.01,
1,0,-0.06,-10,-0.04,-0.01,-0.01,
1,0,-0.01,-10,-0.11,-0.01,-0.01,
1,0,-0.01,-10,-0.11,0,-0.01,
1,0,-0.01,-10,-0.11,-0.01,-0.01,
1,0,-0.05,-10.01,-0.14,-0.01,-0.01,
1,0,-0.05,-10.01,-0.14,0,-0.01,
1,0,-0.05,-10.01,-0.14,0,-0.01,
1,0,0,-10.04,-0.06,0,-0.01,
1,0,0,-10.04,-0.06,0,-0.01,
1,0,0,-10.04,-0.06,-0.01,-0.01,
1,0,0,-10.04,-0.07,0,-0.01,
1,0,0,-10.04,-0.07,0,-0.01,
1,0,0,-10.04,-0.07,0,-0.01,
1,0,0.01,-10.06,-0.09,0,-0.01,
1,0,0.01,-10.06,-0.09,0,-0.01,
1,0,-0.06,-9.99,-0.06,-0.01,-0.01,
1,0,-0.06,-9.99,-0.06,-0.01,0,
1,0,-0.06,-9.99,-0.06,-0.01,0,
1,0,-0.02,-10.04,-0.11,-0.01,-0.01,
1,0,-0.02,-10.04,-0.11,-0.01,-0.01,
1,0,-0.02,-10.04,-0.11,0,-0.01,
1,0,-0.03,-10.02,-0.12,0,-0.01,
1,0,-0.03,-10.02,-0.12,-0.01,-0.01,
1,0,-0.03,-10.02,-0.12,-0.01,-0.01,
1,0,0.02,-10.07,-0.12,0,-0.01,
1,0,0.02,-10.07,-0.12,0,-0.01,
1,0,0.02,-10.07,-0.12,0,-0.01,
1,0,0,-9.97,-0.13,-0.01,-0.01,
1,0,0,-9.97,-0.13,0,-0.01,
1,0,0,-9.97,-0.13,0,-0.01,
1,0,0.04,-10.02,-0.07,0,-0.01,
1,0,0.04,-10.02,-0.07,0,-0.01,
1,0,0.04,-10.02,-0.07,0,-0.01,
1,0,0.04,-10.02,-0.07,0,-0.01,
1,0,0.04,-10.02,-0.07,-0.01,-0.01,
1,0,-0.03,-10.03,-0.08,-0.01,-0.01,
1,0,-0.03,-10.03,-0.08,-0.01,-0.01,
1,0,-0.03,-10.03,-0.08,0,-0.01,
1,0,-0.05,-10.08,-0.12,0,-0.01,
1,0,-0.05,-10.08,-0.12,-0.01,-0.01,
1,0,-0.05,-10.08,-0.12,0,-0.01,
1,0,-0.04,-10.01,-0.12,0,-0.01,
1,0,-0.04,-10.01,-0.12,-0.01,-0.01,
1,0,-0.04,-10.01,-0.12,0,-0.01,
1,0,0.02,-9.97,-0.14,0,-0.01,
1,0,0.02,-9.97,-0.14,0,-0.01,
1,0,0.02,-9.97,-0.14,0,-0.01,
1,0,0.03,-10.01,-0.07,0,-0.01,
1,0,0.03,-10.01,-0.07,0,-0.01,
1,0,0.03,-10.01,-0.07,-0.01,-0.01,
1,0,-0.02,-10.08,-0.05,-0.01,-0.01,
1,0,-0.02,-10.08,-0.05,0,-0.01,
1,0,-0.02,-10.08,-0.05,-0.01,-0.01,
1,0,0.04,-10.03,-0.09,-0.01,-0.01,
1,0,0.04,-10.03,-0.09,0,-0.01,
1,0,-0.01,-10.07,-0.07,-0.01,-0.01,
1,0,-0.01,-10.07,-0.07,-0.01,-0.01,
1,0,-0.01,-10.07,-0.07,0,-0.01,
1,0,0.01,-10.04,-0.08,-0.01,-0.01,
1,0,0.01,-10.04,-0.08,-0.01,-0.01,
1,0,0.01,-10.04,-0.08,-0.01,-0.01,
1,0,0.03,-10.07,-0.15,-0.01,-0.01,
1,0,0.03,-10.07,-0.15,-0.01,-0.01,
1,0,0.03,-10.07,-0.15,0,-0.01,
1,0,0.01,-10.02,-0.12,0,-0.01,
1,0,0.01,-10.02,-0.12,0,-0.01,
1,0,0.01,-10.02,-0.12,-0.01,-0.01,
1,0,0,-10.07,-0.12,-0.01,-0.01,
1,0,0,-10.07,-0.12,-0.01,-0.01,
1,0,0,-10.02,-0.06,-0.01,-0.01,
1,0,0,-10.02,-0.06,-0.01,-0.01,
1,0,0,-10.02,-0.06,-0.01,-0.01,
1,0,0,-10.04,-0.09,-0.01,-0.01,
1,0,0,-10.04,-0.09,0,-0.01,
1,0,0,-10.04,-0.09,0,-0.01,
1,0,0.03,-10.07,-0.05,0,-0.01,
1,0,0.03,-10.07,-0.05,0,-0.01,
1,0,0.03,-10.07,-0.05,0,-0.01,
1,0,-0.03,-10.04,-0.08,0,-0.01,
1,0,-0.03,-10.04,-0.08,-0.01,-0.01,
1,0,-0.03,-10.04,-0.08,-0.01,-0.01,
1,0,-0.03,-10.03,-0.08,-0.01,-0.01,
1,0,-0.03,-10.03,-0.08,0,-0.01,
1,0,-0.03,-10.03,-0.08,0,-0.01,
1,0,-0.03,-10,-0.08,0,-0.01,
1,0,-0.03,-10,-0.08,0,-0.01,
1,0,-0.03,-10,-0.08,0,-0.01,
1,0,0.05,-10.03,-0.12,0,-0.01,
1,0,0.05,-10.03,-0.12,0,-0.01,
1,0,0.05,-10.03,-0.12,0,-0.01,
1,0,0.07,-10.06,-0.12,0,-0.01,
1,0,0.07,-10.06,-0.12,0,-0.01,
1,0,0.07,-10.06,-0.12,0,-0.01,
1,0,0.03,-10.03,-0.08,0,-0.01,
1,0,0.03,-10.03,-0.08,0,-0.01,
1,0,0.03,-10.03,-0.08,-0.01,-0.01,
1,0,0.05,-10.08,-0.1,0,-0.01,
1,0,0.05,-10.08,-0.1,0,-0.01,
1,0,0.05,-10.08,-0.1,-0.01,-0.01,
1,0,0.04,-10.07,-0.07,0,-0.01,
1,0,0.04,-10.07,-0.07,0,-0.01,
1,0,0,-9.97,-0.09,0,-0.01,
1,0,0,-9.97,-0.09,0,-0.01,
1,0,0,-9.97,-0.09,0,-0.01,
1,0,-0.05,-10.02,-0.11,0,-0.01,
1,0,-0.05,-10.02,-0.11,0,-0.01,
1,0,-0.05,-10.02,-0.11,0,-0.01,
1,0,0.07,-10.04,-0.13,0,-0.01,
1,0,0.07,-10.04,-0.13,0,-0.01,
1,0,0.07,-10.04,-0.13,-0.01,-0.01,
1,0,0.06,-10.09,-0.07,-0.01,-0.01,
1,0,0.06,-10.09,-0.07,-0.01,-0.01,
1,0,0.06,-10.09,-0.07,-0.01,-0.02,
1,0,0.01,-9.97,-0.11,-0.01,-0.02,
1,0,0.01,-9.97,-0.11,0,0,
1,0,-0.02,-10.01,-0.09,0,-0.01,
1,0,-0.02,-10.01,-0.09,0,-0.01,
1,0,-0.02,-10.01,-0.09,0,-0.01,
1,0,-0.01,-9.95,-0.1,0,-0.01,
1,0,-0.01,-9.95,-0.1,0,-0.01,
1,0,-0.01,-9.95,-0.1,0,-0.01,
1,0,-0.05,-10.07,-0.09,0,0,
1,0,-0.05,-10.07,-0.09,0,0,
1,0,-0.05,-10.07,-0.09,0,-0.01,
1,0,0.04,-10.09,-0.08,0,-0.01,
1,0,0.04,-10.09,-0.08,0,-0.01,
1,0,0.04,-10.09,-0.08,0,-0.01,
1,0,0.03,-10.03,-0.08,-0.01,-0.01,
1,0,0.03,-10.03,-0.08,-0.01,-0.01,
1,0,0.04,-9.97,-0.09,0,-0.01,
1,0,0.04,-9.97,-0.09,-0.01,-0.01,
1,0,0.04,-9.97,-0.09,0,-0.01,
1,0,-0.01,-10.03,-0.1,0,-0.01,
1,0,-0.01,-10.03,-0.1,-0.01,-0.01,
1,0,-0.01,-10.03,-0.1,0,-0.01,
1,0,0.05,-9.97,-0.09,0,-0.01,
1,0,0.05,-9.97,-0.09,0,-0.01,
1,0,0.05,-9.97,-0.09,0,-0.01,
1,0,0.07,-10.04,-0.06,0,-0.01,
1,0,0.07,-10.04,-0.06,-0.01,-0.01,
1,0,0.07,-10.04,-0.06,0,-0.01,
1,0,-0.03,-10.07,-0.11,0,-0.01,
1,0,-0.03,-10.07,-0.11,0,-0.01,
1,0,-0.03,-10.07,-0.11,0,-0.01,
1,0,0.01,-10.12,-0.11,0,-0.01,
1,0,0.01,-10.12,-0.11,-0.01,-0.01,
1,0,0.01,-10.12,-0.11,-0.01,-0.01,
1,0,-0.06,-10.03,-0.01,0,-0.01,
1,0,-0.06,-10.03,-0.01,-0.01,-0.01,
1,0,-0.06,-10.03,-0.01,-0.01,-0.01,
1,0,0.02,-10.02,-0.09,-0.01,-0.01,
1,0,0.02,-10.02,-0.09,0,-0.01,
1,0,0.01,-9.99,-0.06,0,-0.01,
1,0,0.01,-9.99,-0.06,-0.01,-0.01,
1,0,0.01,-9.99,-0.06,0,-0.01,
1,0,0,-10.03,-0.06,0,-0.01,
1,0,0,-10.03,-0.06,0,-0.01,
1,0,0,-10.03,-0.06,-0.01,-0.01,
1,0,0.02,-10.04,-0.14,-0.01,-0.01,
1,0,0.02,-10.04,-0.14,0,0,
1,0,0.02,-10.04,-0.14,0,-0.01,
1,0,0.04,-10.01,-0.11,0,-0.01,
1,0,0.04,-10.01,-0.11,0,-0.01,
1,0,0.04,-10.01,-0.11,-0.01,-0.01,
1,0,0.05,-10,-0.09,-0.01,-0.01,
1,0,0.05,-10,-0.09,-0.01,-0.01,
1,0,0.05,-10,-0.09,0,0,
1,0,-0.02,-9.99,-0.09,-0.01,-0.01,
1,0,-0.02,-9.99,-0.09,-0.01,-0.01,
1,0,-0.02,-9.99,-0.09,-0.01,-0.01,
1,0,-0.03,-10.03,-0.1,-0.01,-0.01,
1,0,-0.03,-10.03,-0.1,0,-0.01,
1,0,-0.03,-10.03,-0.1,-0.01,-0.01,
1,0,0,-9.96,-0.11,-0.01,-0.01,
1,0,0,-9.96,-0.11,0,-0.01,
1,0,0.07,-10.01,-0.14,0,-0.01,
1,0,0.07,-10.01,-0.14,0,-0.01,
1,0,0.07,-10.01,-0.14,0,-0.01,
1,0,0,-10.01,-0.08,0,-0.01,
1,0,0,-10.01,-0.08,0,-0.01,
1,0,0,-10.01,-0.08,0,-0.01,
1,0,0.02,-9.98,-0.11,-0.01,-0.01,
1,0,0.02,-9.98,-0.11,-0.01,-0.01,
1,0,0.02,-9.98,-0.11,0,-0.01,
1,0,0,-10,-0.12,0,-0.01,
1,0,0,-10,-0.12,0,-0.01,
1,0,0,-10,-0.12,0,-0.01,
1,0,0.03,-9.98,-0.09,0,-0.01,
1,0,0.03,-9.98,-0.09,-0.01,-0.01,
1,0,0.03,-9.98,-0.09,0,-0.01,
1,0,0,-10.03,-0.06,0,-0.01,
1,0,0,-10.03,-0.06,0,-0.01,
1,0,0,-10.03,-0.06,-0.01,-0.01,
1,0,0.05,-10.04,-0.1,-0.01,-0.01,
1,0,0.05,-10.04,-0.1,0,-0.01,
1,0,0.05,-10.04,-0.1,0,-0.01,
1,0,0,-10.14,-0.13,0,-0.01,
1,0,0,-10.14,-0.13,0,-0.01,
1,0,0,-10.14,-0.13,-0.01,-0.01,
1,0,-0.02,-10.06,-0.06,-0.01,-0.01,
1,0,-0.02,-10.06,-0.06,0,-0.01,
1,0,-0.02,-10.06,-0.06,-0.01,-0.01,
1,0,-0.04,-10.04,-0.09,-0.01,-0.01,
1,0,-0.04,-10.04,-0.09,-0.01,-0.01,
1,0,-0.04,-10.04,-0.09,-0.01,-0.01,
1,0,0.03,-10,-0.02,-0.01,-0.01,
1,0,0.03,-10,-0.02,-0.01,-0.01,
1,0,0.03,-10,-0.02,-0.01,-0.01,
1,0,0.05,-9.97,-0.07,-0.01,-0.01,
1,0,0.05,-9.97,-0.07,-0.01,-0.01,
1,0,0.03,-10.04,-0.14,-0.01,-0.01,
1,0,0.03,-10.04,-0.14,-0.01,-0.01,
1,0,0.03,-10.04,-0.14,0,-0.01,
1,0,0,-10.02,-0.09,-0.01,0,
1,0,0,-10.02,-0.09,-0.01,0,
1,0,0,-10.02,-0.09,0,-0.01,
1,0,0.32,-9.96,-0.19,0,0.02,
1,0,0.32,-9.96,-0.19,0,0.02,
1,0,0.32,-9.96,-0.19,0,0.1,
1,0,-0.32,-10.03,-0.06,0,0.09,
1,0,-0.32,-10.03,-0.06,0,0.09,
1,0,-0.32,-10.03,-0.06,0,0.04,
1,0,0.15,-9.93,-0.05,0,0.03,
1,0,0.15,-9.93,-0.05,0,0.03,
1,0,0.15,-9.93,-0.05,0,-0.01,
1,0,-0.14,-10.03,-0.15,0,-0.01,
1,0,-0.14,-10.03,-0.15,0,-0.01,
1,0,-0.14,-10.03,-0.15,-0.01,0,
1,0,0.05,-9.98,-0.17,0,-0.01,
1,0,0.05,-9.98,-0.17,0,-0.01,
1,0,-0.04,-10.07,-0.23,-0.01,-0.01,
1,0,-0.04,-10.07,-0.23,0,-0.01,
1,0,-0.04,-10.07,-0.23,0,-0.01,
1,0,0.09,-10.02,-0.12,0,-0.01,
1,0,0.09,-10.02,-0.12,-0.01,-0.01,
1,0,0.09,-10.02,-0.12,-0.01,-0.01,
1,0,0,-10.03,-0.1,-0.01,-0.01,
1,0,0,-10.03,-0.1,-0.01,-0.01,
1,0,0,-10.03,-0.1,-0.01,-0.01,
1,0,0,-10.05,-0.11,-0.01,-0.01,
1,0,0,-10.05,-0.11,0,-0.01,
1,0,0,-10.05,-0.11,0,-0.01,
1,0,0.04,-10.01,-0.09,-0.01,-0.01,
1,0,0.04,-10.01,-0.09,0,-0.01,
1,0,0.04,-10.01,-0.09,0,-0.01,
1,0,-0.01,-10.02,-0.02,-0.01,-0.01,
1,0,-0.01,-10.02,-0.02,0,-0.01,
1,0,-0.01,-10.02,-0.02,0,-0.01,
1,0,0.02,-10,-0.1,0,-0.01,
1,0,0.02,-10,-0.1,0,-0.01,
1,0,0.02,-10,-0.1,0,-0.01,
1,0,0.01,-10.03,-0.07,-0.01,-0.01,
1,0,0.01,-10.03,-0.07,-0.01,-0.01,
1,0,0,-9.97,-0.08,-0.01,-0.01,
1,0,0,-9.97,-0.08,-0.01,-0.02,
1,0,0,-9.97,-0.08,-0.01,-0.01,
1,0,0,-10.05,-0.12,-0.01,-0.01,
1,0,0,-10.05,-0.12,0,-0.01,
1,0,0,-10.05,-0.12,-0.01,-0.01,
2,0,0.01,-10,-0.07,-0.01,-0.01,
2,0,0.01,-10,-0.07,-0.01,-0.01,
2,0,0.01,-10,-0.07,0,-0.01,
2,0,0,-10.01,-0.05,0,-0.01,
2,0,0,-10.01,-0.05,-0.01,-0.01,
2,0,0,-10.01,-0.05,-0.01,-0.01,
2,0,0.04,-10.03,-0.08,-0.01,-0.01,
2,0,0.04,-10.03,-0.08,0,-0.01,
2,0,0.04,-10.03,-0.08,0,-0.01,
2,0,-0.05,-10.02,-0.14,0,-0.01,
2,0,-0.05,-10.02,-0.14,0,0,
2,0,-0.05,-10.02,-0.14,0,-0.01,
2,0,-0.02,-10.07,-0.05,0,-0.01,
2,0,-0.02,-10.07,-0.05,0,-0.01,
2,0,-0.02,-10.07,-0.05,0,-0.01,
2,0,-0.03,-9.97,-0.12,-0.01,-0.01,
2,0,-0.03,-9.97,-0.12,0,-0.01,
2,0,-0.03,-9.97,-0.12,0,-0.01,
2,0,0.04,-9.98,-0.04,-0.01,-0.01,
2,0,0.04,-9.98,-0.04,-0.01,-0.01,
2,0,0.04,-9.98,-0.04,-0.01,-0.01,
2,0,0.04,-10.02,-0.13,-0.01,-0.01,
2,0,0.04,-10.02,-0.13,0,-0.01,
2,0,0.04,-10.02,-0.13,0,-0.01,
2,0,0,-10.06,-0.17,-0.01,-0.01,
2,0,0,-10.06,-0.17,0,-0.01,
2,0,0,-10.06,-0.17,0,-0.01,
2,0,-0.04,-10.08,-0.15,0,-0.01,
2,0,-0.04,-10.08,-0.15,0,-0.01,
2,0,0.02,-10.05,-0.05,0,-0.01,
2,0,0.02,-10.05,-0.05,0,-0.01,
2,0,0.02,-10.05,-0.05,0,-0.01,
2,0,0,-10.02,-0.07,0,-0.01,
2,0,0,-10.02,-0.07,-0.01,-0.01,
2,0,0,-10.02,-0.07,0,-0.01,
2,0,0,-10.03,-0.03,0,-0.01,
2,0,0,-10.03,-0.03,0,-0.01,
2,0,0,-10.03,-0.03,0,0,
2,0,0,-10.23,-0.34,0,0,
2,0,0,-10.23,-0.34,0,-0.02,
2,0,0,-10.23,-0.34,0,-0.01,
2,0,0,-9.97,-0.2,0,-0.01,
2,0,0,-9.97,-0.2,0,-0.01,
2,0,0,-9.97,-0.2,0,-0.01,
2,0,0.01,-10.13,-0.17,0,-0.01,
2,0,0.01,-10.13,-0.17,0,0,
2,0,0.01,-10.13,-0.17,0,0,
2,0,0.05,-10.03,-0.07,0,0,
2,0,0.05,-10.03,-0.07,0,-0.01,
2,0,0.01,-9.96,-0.04,0,-0.01,
2,0,0.01,-9.96,-0.04,0,-0.01,
2,0,0.01,-9.96,-0.04,0,-0.01,
2,0,0,-10.03,-0.03,-0.01,-0.01,
2,0,0,-10.03,-0.03,-0.01,-0.01,
2,0,0,-10.03,-0.03,0,-0.01,
2,0,0.07,-10.05,-0.06,0,-0.01,
2,0,0.07,-10.05,-0.06,0,-0.01,
2,0,0.07,-10.05,-0.06,-0.01,-0.01,
2,0,0.06,-10.05,-0.08,0,-0.01,
2,0,0.06,-10.05,-0.08,0,-0.01,
2,0,0.06,-10.05,-0.08,0,-0.01,
2,0,0.01,-10.07,-0.13,0,-0.01,
2,0,0.01,-10.07,-0.13,0,-0.01,
2,0,0.01,-10.07,-0.13,-0.01,-0.01,
2,0,0,-10.03,-0.08,0,-0.01,
2,0,0,-10.03,-0.08,0,-0.01,
2,0,-0.05,-10.09,-0.14,0,-0.01,
2,0,-0.05,-10.09,-0.14,0,-0.01,
2,0,-0.05,-10.09,-0.14,0,-0.01,
2,0,-0.03,-10.03,-0.17,0,-0.01,
2,0,-0.03,-10.03,-0.17,-0.01,-0.01,
2,0,-0.03,-10.03,-0.17,-0.01,-0.01,
2,0,0.03,-10.07,-0.03,0.01,-0.01,
2,0,0.03,-10.07,-0.03,0,-0.01,
2,0,0.03,-10.07,-0.03,0,-0.01,
2,0,0.05,-10.01,-0.07,0,-0.01,
2,0,0.05,-10.01,-0.07,0,-0.01,
2,0,0.05,-10.01,-0.07,0,-0.01,
2,0,0.02,-10.03,-0.14,0,-0.01,
2,0,0.02,-10.03,-0.14,0,-0.01,
2,0,0,-10.01,-0.1,-0.01,-0.01,
2,0,0,-10.01,-0.1,-0.01,-0.01,
2,0,0,-10.01,-0.1,0,-0.01,
2,0,-0.03,-10.02,-0.15,0,-0.01,
2,0,-0.03,-10.02,-0.15,0,-0.01,
2,0,-0.03,-10.02,-0.15,0,-0.01,
2,0,-0.03,-10.07,-0.05,-0.01,-0.01,
2,0,-0.03,-10.07,-0.05,-0.01,-0.01,
2,0,-0.03,-10.07,-0.05,-0.01,0,
2,0,-0.03,-10.05,-0.08,-0.01,-0.01,
2,0,-0.03,-10.05,-0.08,-0.01,-0.01,
2,0,-0.03,-10.05,-0.08,0,-0.01,
2,0,0,-9.98,-0.11,0,-0.01,
2,0,0,-9.98,-0.11,0,-0.01,
2,0,0.01,-10.07,-0.06,-0.01,-0.01,
2,0,0.01,-10.07,-0.06,-0.01,-0.01,
2,0,0.01,-10.07,-0.06,-0.01,-0.01,
2,0,0.06,-10.01,-0.15,0,-0.01,
2,0,0.06,-10.01,-0.15,0,-0.01,
2,0,0.06,-10.01,-0.15,0,-0.01,
2,0,-0.04,-10.01,-0.12,0,-0.01,
2,0,-0.04,-10.01,-0.12,0,-0.01,
2,0,-0.04,-10.01,-0.12,-0.01,-0.01,
2,0,0.04,-10.06,-0.13,-0.01,-0.01,
2,0,0.04,-10.06,-0.13,0,-0.01,
2,0,0.04,-10.06,-0.13,0,-0.01,
2,0,-0.01,-10.06,-0.05,0,-0.01,
2,0,-0.01,-10.06,-0.05,-0.01,-0.01,
2,0,-0.01,-10.06,-0.05,-0.01,-0.01,
2,0,0,-10.02,-0.07,-0.01,-0.01,
2,0,0,-10.02,-0.07,0,-0.01,
2,0,-0.01,-10.01,-0.1,0,-0.01,
2,0,-0.01,-10.01,-0.1,0,-0.01,
2,0,-0.01,-10.01,-0.1,0,-0.01,
2,0,0.02,-10.07,-0.06,0,-0.01,
2,0,0.02,-10.07,-0.06,0,-0.01,
2,0,0.02,-10.07,-0.06,0,-0.01,
2,0,0.05,-10.03,-0.08,-0.01,-0.01,
2,0,0.05,-10.03,-0.08,-0.01,-0.01,
2,0,-0.04,-10,-0.1,-0.01,-0.01,
2,0,-0.04,-10,-0.1,0,0,
2,0,-0.04,-10,-0.1,-0.01,-0.01,
2,0,-0.07,-10.04,-0.15,-0.01,-0.01,
2,0,-0.07,-10.04,-0.15,-0.01,-0.01,
2,0,-0.07,-10.04,-0.15,0,-0.01,
2,0,-0.07,-10.07,-0.11,0,-0.01,
2,0,-0.07,-10.07,-0.11,-0.01,-0.01,
2,0,-0.07,-10.07,-0.11,-0.01,-0.01,
2,0,0.02,-9.96,-0.07,-0.01,-0.01,
2,0,0.02,-9.96,-0.07,0,-0.01,
2,0,0.02,-9.96,-0.07,0,-0.01,
2,0,-0.05,-10.02,-0.05,0,-0.01,
2,0,-0.05,-10.02,-0.05,-0.01,-0.01,
2,0,-0.05,-10.02,-0.05,-0.01,-0.01,
2,0,0.06,-10,-0.1,-0.01,-0.01,
2,0,0.06,-10,-0.1,0,-0.01,
2,0,0.06,-10,-0.1,0,-0.01,
2,0,-0.03,-10.03,-0.11,0,-0.01,
2,0,-0.03,-10.03,-0.11,0,-0.01,
2,0,0,-10.06,-0.11,-0.01,-0.01,
2,0,0,-10.06,-0.11,-0.01,-0.01,
2,0,0,-10.06,-0.11,0,-0.01,
2,0,-0.02,-10.03,-0.12,0,-0.01,
2,0,-0.02,-10.03,-0.12,0,-0.01,
2,0,-0.02,-10.03,-0.12,0,-0.01,
2,0,0,-10.02,-0.13,-0.01,-0.01,
2,0,0,-10.02,-0.13,-0.01,-0.01,
2,0,0,-10.02,-0.13,-0.01,-0.01,
2,0,-0.03,-9.97,-0.12,0,-0.01,
2,0,-0.03,-9.97,-0.12,0,-0.01,
2,0,-0.01,-10,-0.06,0,-0.01,
2,0,-0.01,-10,-0.06,-0.01,-0.01,
2,0,-0.01,-10,-0.06,0,0,
2,0,0,-10.04,-0.08,0,0,
2,0,0,-10.04,-0.08,-0.01,-0.01,
2,0,0,-10.04,-0.08,0,-0.01,
2,0,0.01,-10.01,-0.1,0,-0.01,
2,0,0.01,-10.01,-0.1,-0.01,-0.01,
2,0,0.01,-10.01,-0.1,-0.01,-0.01,
2,0,-0.01,-9.89,-0.09,-0.01,-0.01,
2,0,-0.01,-9.89,-0.09,-0.01,-0.01,
2,0,-0.01,-9.89,-0.09,-0.01,-0.01,
2,0,0.02,-9.95,-0.14,-0.01,-0.01,
2,0,0.02,-9.95,-0.14,0,-0.01,
2,0,-0.02,-9.96,-0.1,0,-0.01,
2,0,-0.02,-9.96,-0.1,0,-0.01,
2,0,-0.02,-9.96,-0.1,0,-0.01,
2,0,0.04,-10.02,-0.05,0,-0.01,
2,0,0.04,-10.02,-0.05,0,-0.01,
2,0,0.04,-10.02,-0.05,0,-0.01,
2,0,0.01,-10.05,-0.1,-0.01,-0.01,
2,0,0.01,-10.05,-0.1,-0.01,0,
2,0,0.01,-10.05,-0.1,-0.01,0,
2,0,0.02,-10.01,-0.1,-0.01,-0.01,
2,0,0.02,-10.01,-0.1,-0.01,-0.01,
2,0,0.02,-10.01,-0.1,-0.01,-0.01,
2,0,0.01,-10.08,-0.11,-0.01,-0.01,
2,0,0.01,-10.08,-0.11,-0.01,-0.01,
2,0,0.04,-9.98,-0.06,-0.01,-0.01,
2,0,0.04,-9.98,-0.06,0,-0.01,
2,0,0.04,-9.98,-0.06,-0.01,-0.01,
2,0,-0.06,-10.1,-0.12,-0.01,-0.01,
2,0,-0.06,-10.1,-0.12,-0.01,-0.01,
2,0,-0.06,-10.1,-0.12,-0.01,-0.01,
2,0,0.01,-9.97,-0.09,0,-0.01,
2,0,0.01,-9.97,-0.09,0,-0.01,
2,0,0.01,-9.97,-0.09,0,-0.01,
2,0,0.05,-10,-0.11,-0.01,-0.01,
2,0,0.05,-10,-0.11,-0.01,-0.01,
2,0,0.02,-10.07,-0.12,0,-0.01,
2,0,0.02,-10.07,-0.12,0,-0.01,
2,0,0.02,-10.07,-0.12,0,-0.01,
2,0,0.03,-10.04,-0.1,0,0,
2,0,0.03,-10.04,-0.1,0,-0.01,
2,0,0.03,-10.04,-0.1,0,-0.01,
2,0,0,-10.02,-0.03,-0.01,-0.01,
2,0,0,-10.02,-0.03,0,-0.01,
2,0,0,-10.02,-0.03,-0.01,-0.01,
2,0,0,-10.07,-0.11,-0.01,-0.01,
2,0,0,-10.07,-0.11,0,-0.01,
2,0,-0.05,-9.97,-0.1,-0.01,-0.01,
2,0,-0.05,-9.97,-0.1,-0.01,-0.01,
2,0,-0.05,-9.97,-0.1,0,-0.01,
2,0,0,-10.03,-0.09,0,-0.01,
2,0,0,-10.03,-0.09,0,-0.01,
2,0,0,-10.03,-0.09,-0.01,0,
2,0,-0.01,-10.05,-0.07,0,-0.01,
2,0,-0.01,-10.05,-0.07,0,-0.01,
2,0,-0.01,-10.05,-0.07,-0.01,-0.01,
2,0,0,-10.06,-0.09,-0.01,-0.01,
2,0,0,-10.06,-0.09,-0.01,-0.01,
2,0,0,-10.06,-0.09,-0.01,-0.01,
2,0,-0.03,-9.99,-0.1,0,-0.01,
2,0,-0.03,-9.99,-0.1,0,-0.01,
2,0,-0.03,-9.99,-0.1,-0.01,-0.01,
2,0,-0.02,-10.04,-0.14,0,-0.01,
2,0,-0.02,-10.04,-0.14,0,-0.01,
2,0,-0.02,-10.04,-0.14,-0.01,-0.01,
2,0,-0.02,-10.03,-0.08,0,-0.01,
2,0,-0.02,-10.03,-0.08,0,-0.01,
2,0,-0.02,-10.03,-0.08,0,-0.01,
2,0,0.01,-10,-0.12,0,-0.01,
2,0,0.01,-10,-0.12,-0.01,-0.01,
2,0,0.01,-10,-0.12,0,0,
2,0,0.03,-10.03,-0.08,0,0,
2,0,0.03,-10.03,-0.08,-0.01,-0.01,
2,0,0.03,-10.03,-0.08,-0.01,-0.01,
2,0,0,-9.98,-0.1,-0.01,-0.01,
2,0,0,-9.98,-0.1,0,-0.01,
2,0,0,-9.99,-0.08,0,-0.01,
2,0,0,-9.99,-0.08,0,-0.01,
2,0,0,-9.99,-0.08,-0.01,-0.01,
2,0,0,-10.03,-0.09,0,-0.01,
2,0,0,-10.03,-0.09,0,-0.01,
2,0,0,-10.03,-0.09,0,-0.01,
2,0,0,-10,-0.05,-0.01,-0.01,
2,0,0,-10,-0.05,0,-0.01,
2,0,0,-10,-0.05,0,-0.01,
2,0,-0.05,-9.98,-0.1,-0.01,-0.01,
2,0,-0.05,-9.98,-0.1,0,-0.01,
2,0,-0.05,-9.98,-0.1,0,-0.01,
2,0,-0.02,-10.01,-0.03,-0.01,-0.01,
2,0,-0.02,-10.01,-0.03,0,-0.01,
2,0,0.03,-9.98,-0.05,0,-0.01,
2,0,0.03,-9.98,-0.05,-0.01,-0.01,
2,0,0.03,-9.98,-0.05,-0.01,-0.01,
2,0,0.03,-10.03,-0.12,-0.01,-0.01,
2,0,0.03,-10.03,-0.12,0,-0.01,
2,0,0.03,-10.03,-0.12,-0.01,-0.01,
2,0,0.01,-10.07,-0.13,-0.01,-0.01,
2,0,0.01,-10.07,-0.13,0,-0.01,
2,0,0.01,-10.07,-0.13,0,-0.01,
2,0,-0.02,-10.03,-0.06,0,-0.01,
2,0,-0.02,-10.03,-0.06,0,0,
2,0,-0.02,-10.03,-0.06,0,-0.01,
2,0,0,-10,-0.04,0,-0.01,
2,0,0,-10,-0.04,0,-0.01,
2,0,0.01,-10.11,-0.11,-0.01,0,
2,0,0.01,-10.11,-0.11,0,-0.01,
2,0,0.01,-10.11,-0.11,0,-0.01,
2,0,0.01,-9.98,-0.1,0,-0.01,
2,0,0.01,-9.98,-0.1,-0.01,-0.01,
2,0,0.01,-9.98,-0.1,-0.01,-0.01,
2,0,-0.01,-10.04,-0.09,0,-0.01,
2,0,-0.01,-10.04,-0.09,0,0,
2,0,-0.01,-10.04,-0.09,0,0,
2,0,-0.01,-10.06,-0.03,-0.01,-0.01,
2,0,-0.01,-10.06,-0.03,0,-0.01,
2,0,-0.01,-10.06,-0.03,0,-0.01,
2,0,0.01,-10.05,-0.11,-0.01,-0.01,
2,0,0.01,-10.05,-0.11,0,-0.01,
2,0,-0.02,-9.98,-0.02,0,-0.01,
2,0,-0.02,-9.98,-0.02,-0.01,-0.01,
2,0,-0.02,-9.98,-0.02,0,-0.01,
2,0,0.01,-9.99,-0.06,0,-0.01,
2,0,0.01,-9.99,-0.06,0,-0.01,
2,0,0.01,-9.99,-0.06,0,-0.01,
2,0,-0.04,-9.98,-0.12,-0.01,-0.01,
2,0,-0.04,-9.98,-0.12,-0.01,-0.01,
2,0,-0.04,-9.98,-0.12,-0.01,-0.01,
2,0,0,-10.07,-0.1,0,-0.01,
2,0,0,-10.07,-0.1,0,-0.01,
2,0,0,-10.07,-0.1,0,-0.01,
2,0,0.04,-9.95,-0.06,0,-0.01,
2,0,0.04,-9.95,-0.06,0,-0.01,
2,0,0.02,-9.99,-0.11,0,-0.01,
2,0,0.02,-9.99,-0.11,0,-0.01,
2,0,0.02,-9.99,-0.11,0,-0.01,
2,0,0.08,-9.98,-0.08,-0.01,0,
2,0,0.08,-9.98,-0.08,-0.01,-0.01,
2,0,0.08,-9.98,-0.08,-0.01,-0.01,
2,0,0,-10.1,-0.06,0,-0.01,
2,0,0,-10.1,-0.06,0,-0.01,
2,0,0,-10.1,-0.06,0,-0.01,
2,0,-0.02,-10.07,-0.06,0,-0.01,
2,0,-0.02,-10.07,-0.06,0,-0.01,
2,0,-0.02,-10.07,-0.06,0,-0.01,
2,0,-0.03,-10.04,-0.13,-0.01,-0.01,
2,0,-0.03,-10.04,-0.13,0,-0.01,
2,0,-0.06,-10.01,-0.11,0,-0.01,
2,0,-0.06,-10.01,-0.11,-0.01,-0.02,
2,0,-0.06,-10.01,-0.11,0,-0.01,
2,0,0,-10.03,-0.17,0,-0.01,
2,0,0,-10.03,-0.17,-0.01,-0.01,
2,0,0,-10.03,-0.17,0,-0.01,
2,0,0.03,-9.99,-0.09,0,-0.01,
2,0,0.03,-9.99,-0.09,0,-0.01,
2,0,0.03,-9.99,-0.09,-0.01,-0.01,
2,0,-0.03,-10.02,-0.11,-0.01,0,
2,0,-0.03,-10.02,-0.11,-0.01,0,
2,0,-0.03,-10.02,-0.11,0,-0.01,
2,0,0,-9.98,-0.07,0,-0.01,
2,0,0,-9.98,-0.07,0,-0.01,
2,0,0,-9.98,-0.07,-0.01,-0.01,
2,0,-0.01,-10.04,-0.08,-0.01,-0.01,
2,0,-0.01,-10.04,-0.08,-0.01,-0.01,
2,0,-0.01,-10.04,-0.08,-0.01,-0.01,
2,0,0,-10.02,-0.06,-0.01,-0.01,
2,0,0,-10.02,-0.06,0,-0.01,
2,0,0,-10.02,-0.06,0,-0.01,
2,0,0,-10.01,-0.11,0,-0.01,
2,0,0,-10.01,-0.11,0,-0.01,
2,0,0,-10.01,-0.12,0,-0.01,
2,0,0,-10.01,-0.12,0,-0.01,
2,0,0,-10.01,-0.12,0,-0.01,
2,0,0.03,-10.11,-0.11,0,-0.01,
2,0,0.03,-10.11,-0.11,0,-0.01,
2,0,0.03,-10.11,-0.11,0,-0.01,
2,0,0.05,-10.05,-0.1,0,-0.01,
2,0,0.05,-10.05,-0.1,0,-0.01,
2,0,0.05,-10.05,-0.1,-0.01,-0.01,
2,0,0.04,-10.06,-0.1,0,-0.01,
2,0,0.04,-10.06,-0.1,0,-0.01,
2,0,0.04,-10.06,-0.1,0,-0.01,
2,0,0.02,-9.99,-0.06,-0.01,-0.01,
2,0,0.02,-9.99,-0.06,0,0,
2,0,0.02,-9.99,-0.06,0,0,
2,0,0.02,-9.97,-0.07,0,-0.01,
2,0,0.02,-9.97,-0.07,-0.01,-0.01,
2,0,-0.03,-10.03,-0.07,-0.01,-0.01,
2,0,-0.03,-10.03,-0.07,0,-0.01,
2,0,-0.03,-10.03,-0.07,0,-0.01,
2,0,0.03,-10.02,-0.13,0,-0.01,
2,0,0.03,-10.02,-0.13,0,-0.01,
2,0,0.03,-10.02,-0.13,-0.01,0,
2,0,-0.06,-10.03,-0.15,-0.01,0,
2,0,-0.06,-10.03,-0.15,0,-0.01,
2,0,-0.06,-10.03,-0.15,-0.01,-0.01,
2,0,-0.06,-10.05,-0.04,-0.01,-0.01,
2,0,-0.06,-10.05,-0.04,0,-0.01,
2,0,-0.06,-10.05,-0.04,-0.01,-0.01,
2,0,0,-10.02,-0.09,-0.01,-0.01,
2,0,0,-10.02,-0.09,0,-0.01,
2,0,0,-10.02,-0.09,0,-0.01,
2,0,0.03,-10.06,-0.12,0,-0.01,
2,0,0.03,-10.06,-0.12,0,-0.01,
2,0,0.03,-10.06,-0.12,0,-0.01,
2,0,-0.03,-10.04,-0.14,0,-0.01,
2,0,-0.03,-10.04,-0.14,0,-0.01,
2,0,-0.03,-10.04,-0.14,-0.01,-0.01,
2,0,0.02,-10,-0.11,-0.01,-0.01,
2,0,0.02,-10,-0.11,-0.01,-0.01,
2,0,0.03,-10.02,-0.05,-0.01,-0.01,
2,0,0.03,-10.02,-0.05,-0.01,-0.01,
2,0,0.03,-10.02,-0.05,0,-0.01,
2,0,-0.02,-10.07,-0.1,0,-0.01,
2,0,-0.02,-10.07,-0.1,-0.01,-0.01,
2,0,-0.02,-10.07,-0.1,0,-0.01,
2,0,-0.02,-10.01,-0.08,0,-0.01,
2,0,-0.02,-10.01,-0.08,0,-0.01,
2,0,-0.02,-10.01,-0.08,0,-0.01,
2,0,-0.01,-10.07,-0.1,-0.01,-0.01,
2,0,-0.01,-10.07,-0.1,-0.01,-0.01,
2,0,-0.01,-10.07,-0.1,-0.01,-0.01,
2,0,-0.01,-10.08,-0.12,0,-0.01,
2,0,-0.01,-10.08,-0.12,0,-0.01,
2,0,-0.01,-10.08,-0.12,-0.01,-0.01,
2,0,-0.03,-9.97,-0.1,-0.01,-0.01,
2,0,-0.03,-9.97,-0.1,0,-0.01,
2,0,-0.03,-9.97,-0.1,0,-0.01,
2,0,-0.04,-10.04,-0.1,0,-0.01,
2,0,-0.04,-10.04,-0.1,0,-0.01,
2,0,0.05,-10.04,-0.08,-0.01,-0.01,
2,0,0.05,-10.04,-0.08,-0.01,-0.01,
2,0,0.05,-10.04,-0.08,0,-0.01,
2,0,-0.02,-10.03,-0.09,0,-0.01,
2,0,-0.02,-10.03,-0.09,0,-0.01,
2,0,-0.02,-10.03,-0.09,-0.01,-0.01,
2,0,0.01,-9.99,-0.12,-0.01,-0.01,
2,0,0.01,-9.99,-0.12,-0.01,-0.01,
2,0,0.01,-9.99,-0.12,0,-0.01,
2,0,-0.06,-10.07,-0.06,0,-0.01,
2,0,-0.06,-10.07,-0.06,0,-0.01,
2,0,-0.06,-10.07,-0.06,0,-0.01,
2,0,-0.06,-10.06,-0.1,0,-0.01,
2,0,-0.06,-10.06,-0.1,0,-0.01,
2,0,-0.06,-10.06,-0.1,0,-0.01,
2,0,-0.02,-10.02,-0.08,-0.01,-0.01,
2,0,-0.02,-10.02,-0.08,-0.01,-0.01,
2,0,-0.02,-10.02,-0.08,-0.01,-0.01,
2,0,0,-10.02,-0.06,0,-0.01,
2,0,0,-10.02,-0.06,0,-0.01,
2,0,0,-10.02,-0.06,0,0,
2,0,0.01,-10.03,-0.11,0,-0.01,
2,0,0.01,-10.03,-0.11,0,-0.01,
2,0,0.01,-10.03,-0.11,0,-0.01,
2,0,-0.03,-10.06,-0.08,0,-0.01,
2,0,-0.03,-10.06,-0.08,0,-0.01,
2,0,-0.03,-10.06,-0.08,-0.01,-0.01,
2,0,0.03,-9.98,-0.11,0,-0.01,
2,0,0.03,-9.98,-0.11,0,-0.01,
2,0,0.03,-9.98,-0.11,-0.01,-0.01,
2,0,0,-10,-0.08,-0.01,-0.01,
2,0,0,-10,-0.08,0,0,
2,0,0,-10,-0.08,0,-0.01,
2,0,0.01,-9.95,-0.09,0,-0.01,
2,0,0.01,-9.95,-0.09,0,-0.01,
2,0,0.01,-9.95,-0.09,-0.01,-0.01,
2,0,-0.01,-9.94,-0.1,-0.01,-0.01,
2,0,-0.01,-9.94,-0.1,-0.01,-0.01,
2,0,-0.02,-10.01,-0.08,-0.01,-0.01,
2,0,-0.02,-10.01,-0.08,-0.01,-0.01,
2,0,-0.02,-10.01,-0.08,0,-0.01,
2,0,0.02,-9.95,-0.06,-0.01,-0.01,
2,0,0.02,-9.95,-0.06,-0.01,-0.01,
2,0,0.02,-9.95,-0.06,0,-0.01,
2,0,0.03,-10.05,-0.11,-0.01,-0.01,
2,0,0.03,-10.05,-0.11,-0.01,-0.01,
2,0,0.03,-10.05,-0.11,0,-0.01,
2,0,0.02,-10.11,-0.06,-0.01,-0.01,
2,0,0.02,-10.11,-0.06,-0.01,-0.01,
2,0,0.02,-10.11,-0.06,0,-0.01,
2,0,0.05,-10.01,-0.06,-0.01,-0.01,
2,0,0.05,-10.01,-0.06,0,-0.01,
2,0,0.02,-9.99,-0.16,0,-0.01,
2,0,0.02,-9.99,-0.16,0,-0.01,
2,0,0.02,-9.99,-0.16,0,-0.01,
2,0,0.01,-9.99,-0.14,0,-0.01,
2,0,0.01,-9.99,-0.14,0,-0.01,
2,0,0.01,-9.99,-0.14,0,-0.01,
2,0,-0.11,-9.85,-0.11,0,-0.01,
2,0,-0.11,-9.85,-0.11,0,-0.01,
2,0,-0.11,-9.85,-0.11,-0.01,-0.01,
2,0,-0.12,-10.09,0,-0.01,-0.01,
2,0,-0.12,-10.09,0,0,-0.01,
2,0,0.05,-10.1,-0.11,-0.01,-0.01,
2,0,0.05,-10.1,-0.11,-0.01,-0.01,
2,0,-0.03,-10.04,0.03,0,-0.01,
2,0,-0.03,-10.04,0.03,-0.01,-0.01,
2,0,-0.03,-10.04,0.03,-0.01,-0.01,
2,0,0.02,-10.07,-0.09,-0.01,-0.01,
2,0,0.02,-10.07,-0.09,0,-0.01,
2,0,0.02,-10.07,-0.09,0,-0.01,
2,0,-0.05,-10.07,-0.17,-0.01,-0.01,
2,0,-0.05,-10.07,-0.17,0,-0.01,
2,0,-0.05,-10.07,-0.17,0,-0.01,
2,0,0.01,-10.03,-0.13,-0.01,-0.01,
2,0,0.01,-10.03,-0.13,-0.01,-0.01,
2,0,-0.04,-9.96,-0.19,-0.01,-0.01,
2,0,-0.04,-9.96,-0.19,0,-0.01,
2,0,-0.04,-9.96,-0.19,0,-0.01,
2,0,0,-10.04,-0.15,0,-0.01,
2,0,0,-10.04,-0.15,0,-0.01,
2,0,0,-10.04,-0.15,0,-0.01,
2,0,0.05,-10.05,-0.13,0,-0.01,
2,0,0.05,-10.05,-0.13,0,-0.02,
2,0,0.05,-10.05,-0.13,-0.01,-0.01,
2,0,0.06,-10.03,-0.03,-0.01,-0.01,
2,0,0.06,-10.03,-0.03,-0.01,-0.01,
2,0,0.06,-10.03,-0.03,-0.01,-0.01,
2,0,0.09,-10.05,-0.04,-0.01,-0.01,
2,0,0.09,-10.05,-0.04,0,-0.01,
2,0,0.09,-10.05,-0.04,0,-0.01,
2,0,0.03,-10.11,-0.11,0,-0.01,
2,0,0.03,-10.11,-0.11,0,-0.01,
2,0,0.03,-10.11,-0.11,0,-0.01,
2,0,-0.02,-10.06,-0.08,0,-0.01,
2,0,-0.02,-10.06,-0.08,0,0,
2,0,0.05,-10.02,-0.12,0,-0.01,
2,0,0.05,-10.02,-0.12,0,-0.01,
2,0,0.05,-10.02,-0.12,-0.01,-0.01,
2,0,0.04,-10.07,-0.14,0,-0.01,
2,0,0.04,-10.07,-0.14,0,-0.01,
2,0,0.04,-10.07,-0.14,0,-0.01,
2,0,0.04,-10.01,-0.01,0,-0.01,
2,0,0.04,-10.01,-0.01,0,-0.01,
2,0,0.04,-10.01,-0.01,-0.01,-0.01,
2,0,0.03,-10.04,-0.11,0,-0.01,
2,0,0.03,-10.04,-0.11,0,-0.01,
2,0,0.03,-10.04,-0.11,0,-0.01,
2,0,-0.03,-10.09,-0.07,0,-0.01,
2,0,-0.03,-10.09,-0.07,0,-0.01,
2,0,-0.03,-10.09,-0.07,0,-0.01,
2,0,-0.01,-10.01,-0.14,-0.01,-0.01,
2,0,-0.01,-10.01,-0.14,-0.01,-0.01,
2,0,-0.01,-10.01,-0.14,-0.01,-0.01,
2,0,0.02,-10.06,-0.15,0,-0.01,
2,0,0.02,-10.06,-0.15,0,-0.01,
2,0,0.02,-10.06,-0.15,0,-0.01,
2,0,0,-10.1,-0.11,-0.01,-0.02,
2,0,0,-10.1,-0.11,-0.01,-0.02,
2,0,0,-10.1,-0.11,0,-0.01,
2,0,0.05,-10.05,-0.1,0,-0.01,
2,0,0.05,-10.05,-0.1,-0.01,-0.01,
2,0,-0.02,-10,-0.11,-0.01,-0.01,
2,0,-0.02,-10,-0.11,-0.01,-0.01,
2,0,-0.02,-10,-0.11,0,-0.01,
2,0,-0.03,-10.06,-0.09,0,-0.01,
2,0,-0.03,-10.06,-0.09,0,-0.01,
2,0,-0.03,-10.06,-0.09,0,-0.01,
2,0,0.01,-10.02,-0.08,-0.01,-0.01,
2,0,0.01,-10.02,-0.08,-0.01,-0.01,
2,0,0.01,-10.02,-0.08,-0.01,-0.01,
2,0,-0.05,-10.05,-0.07,0,-0.01,
2,0,-0.05,-10.05,-0.07,0,-0.01,
2,0,-0.05,-10.05,-0.07,-0.01,-0.01,
2,0,0.06,-9.98,-0.11,-0.01,-0.01,
2,0,0.06,-9.98,-0.11,-0.01,-0.01,
2,0,0.06,-9.98,-0.11,-0.01,-0.01,
2,0,0.02,-10.02,-0.12,0,-0.01,
2,0,0.02,-10.02,-0.12,0,-0.01,
2,0,0.02,-10.02,-0.12,0,-0.01,
2,0,0.02,-10.03,-0.08,0,-0.01,
2,0,0.02,-10.03,-0.08,0,-0.01,
2,0,0.02,-10.03,-0.08,0,-0.01,
2,0,0.01,-10.01,-0.13,-0.01,-0.01,
2,0,0.01,-10.01,-0.13,-0.01,-0.01,
2,0,0.01,-10.01,-0.13,0,-0.01,
2,0,-0.01,-10.01,-0.08,0,-0.01,
2,0,-0.01,-10.01,-0.08,0,-0.01,
2,0,-0.01,-10.01,-0.08,-0.01,-0.01,
2,0,-0.06,-10,-0.08,0,-0.01,
2,0,-0.06,-10,-0.08,0,-0.01,
2,0,-0.02,-10.04,-0.09,-0.01,-0.01,
2,0,-0.02,-10.04,-0.09,0,-0.01,
2,0,-0.02,-10.04,-0.09,0,-0.01,
2,0,0.02,-10.06,-0.07,-0.01,-0.01,
2,0,0.02,-10.06,-0.07,0,-0.01,
2,0,0.02,-10.06,-0.07,0,-0.01,
2,0,-0.02,-10.01,-0.04,0,-0.01,
2,0,-0.02,-10.01,-0.04,0,-0.01,
2,0,-0.02,-10.01,-0.04,0,-0.01,
2,0,0.01,-10.02,-0.08,-0.01,-0.01,
2,0,0.01,-10.02,-0.08,-0.01,-0.01,
2,0,0.01,-10.02,-0.08,-0.01,-0.01,
2,0,0,-9.98,-0.11,-0.01,-0.01,
2,0,0,-9.98,-0.11,0,-0.01,
2,0,0.08,-10,-0.11,0,-0.01,
2,0,0.08,-10,-0.11,0,-0.01,
2,0,0.08,-10,-0.11,0,0,
2,0,0.03,-10.07,-0.11,0,-0.01,
2,0,0.03,-10.07,-0.11,0,-0.01,
2,0,0.03,-10.07,-0.11,0,-0.01,
2,0,0.03,-9.99,-0.07,0,-0.01,
2,0,0.03,-9.99,-0.07,0,-0.01,
2,0,0.03,-9.99,-0.07,0,-0.01,
2,0,-0.05,-10.05,-0.09,-0.01,-0.01,
2,0,-0.05,-10.05,-0.09,-0.01,-0.01,
2,0,-0.05,-10.05,-0.09,0,-0.01,
2,0,0.07,-10.06,-0.08,-0.01,-0.01,
2,0,0.07,-10.06,-0.08,-0.01,-0.01,
2,0,0.07,-10.06,-0.08,0,-0.01,
2,0,-0.03,-10.07,-0.08,0,-0.01,
2,0,-0.03,-10.07,-0.08,0,-0.01,
2,0,0.01,-10.06,-0.11,0,-0.01,
2,0,0.01,-10.06,-0.11,0,-0.01,
2,0,0.01,-10.06,-0.11,0,-0.01,
2,0,-0.05,-10.04,-0.1,0,-0.01,
2,0,-0.05,-10.04,-0.1,-0.01,-0.01,
2,0,-0.05,-10.04,-0.1,-0.01,-0.01,
2,0,0.01,-9.98,-0.06,-0.01,-0.01,
2,0,0.01,-9.98,-0.06,-0.01,-0.01,
2,0,0.01,-9.98,-0.06,-0.01,-0.01,
2,0,0.02,-10.04,-0.13,-0.01,-0.01,
2,0,0.02,-10.04,-0.13,0,-0.01,
2,0,0.02,-10.04,-0.13,0,-0.01,
2,0,0.02,-10.04,-0.07,-0.01,-0.01,
2,0,0.02,-10.04,-0.07,0,0,
2,0,0.04,-9.96,-0.09,0,0,
2,0,0.04,-9.96,-0.09,0,-0.01,
2,0,0.04,-9.96,-0.09,0,-0.01,
2,0,-0.05,-10.09,-0.1,0,-0.01,
2,0,-0.05,-10.09,-0.1,0,-0.01,
2,0,-0.05,-10.09,-0.1,0,0,
2,0,-0.03,-10.04,-0.11,0,0,
2,0,-0.03,-10.04,-0.11,0,-0.01,
2,0,-0.03,-10.04,-0.11,0,-0.01,
2,0,0,-9.96,-0.05,0,-0.01,
2,0,0,-9.96,-0.05,0,-0.01,
2,0,0,-9.96,-0.05,-0.01,-0.01,
2,0,0.01,-10.01,-0.11,-0.01,-0.01,
2,0,0.01,-10.01,-0.11,-0.01,-0.01,
2,0,0.01,-10.01,-0.11,0,-0.01,
2,0,-0.08,-10.03,-0.15,0,-0.01,
2,0,-0.08,-10.03,-0.15,0,-0.01,
2,0,-0.08,-10.03,-0.15,-0.01,-0.01,
2,0,0,-10,-0.12,-0.01,-0.01,
2,0,0,-10,-0.12,-0.01,-0.01,
2,0,0,-10,-0.12,-0.01,-0.01,
2,0,0,-10.06,-0.09,-0.01,-0.01,
2,0,0,-10.06,-0.09,0,-0.01,
2,0,0,-10.06,-0.09,0,-0.01,
2,0,0.03,-10.06,-0.09,0,-0.01,
2,0,0.03,-10.06,-0.09,0,-0.01,
2,0,0.03,-10.06,-0.09,-0.01,-0.01,
2,0,-0.05,-10.02,-0.08,-0.01,-0.01,
2,0,-0.05,-10.02,-0.08,0,-0.01,
2,0,0,-10.02,-0.11,0,-0.01,
2,0,0,-10.02,-0.11,0,-0.01,
2,0,0,-10.02,-0.11,-0.01,-0.01,
2,0,0,-10.04,-0.13,-0.01,-0.01,
2,0,0,-10.04,-0.13,-0.01,-0.01,
2,0,0,-10.04,-0.13,0,-0.01,
2,0,0.03,-10.03,-0.08,0,-0.01,
2,0,0.03,-10.03,-0.08,-0.01,-0.01,
2,0,0.03,-10.03,-0.08,0,-0.01,
2,0,-0.03,-10.06,-0.09,0,-0.01,
2,0,-0.03,-10.06,-0.09,-0.01,-0.01,
2,0,-0.03,-10.06,-0.09,-0.01,-0.01,
2,0,-0.02,-10.07,-0.15,-0.01,-0.01,
2,0,-0.02,-10.07,-0.15,0,0,
2,0,-0.02,-10.07,-0.15,-0.01,-0.01,
2,0,-0.02,-10.07,-0.08,-0.01,-0.01,
2,0,-0.02,-10.07,-0.08,0,-0.01,
2,0,-0.02,-10.07,-0.08,0,-0.01,
2,0,0.02,-9.98,-0.1,0,-0.01,
2,0,0.02,-9.98,-0.1,0,-0.01,
2,0,0.02,-9.98,-0.1,-0.01,-0.01,
2,0,0.01,-10.01,-0.07,0,-0.01,
2,0,0.01,-10.01,-0.07,0,-0.01,
2,0,0,-10.06,-0.05,0,0,
2,0,0,-10.06,-0.05,-0.01,-0.01,
2,0,0,-10.06,-0.05,-0.01,-0.01,
2,0,0.01,-10.06,-0.03,-0.01,-0.01,
2,0,0.01,-10.06,-0.03,0,-0.01,
2,0,0.01,-10.06,-0.03,0,-0.01,
2,0,0.03,-10.1,-0.08,0,-0.01,
2,0,0.03,-10.1,-0.08,-0.01,-0.01,
2,0,0.03,-10.1,-0.08,-0.01,-0.01,
2,0,0.02,-10.04,-0.08,-0.01,-0.01,
2,0,0.02,-10.04,-0.08,0,-0.01,
2,0,0.02,-10.04,-0.08,0,-0.01,
2,0,-0.02,-10.04,-0.06,0,-0.01,
2,0,-0.02,-10.04,-0.06,0,-0.01,
2,0,-0.02,-10.04,-0.06,0,-0.01,
2,0,-0.01,-10.07,-0.1,0,0,
2,0,-0.01,-10.07,-0.1,-0.01,-0.01,
2,0,0.04,-10,-0.08,-0.01,-0.01,
2,0,0.04,-10,-0.08,0,-0.01,
2,0,0.04,-10,-0.08,-0.01,0,
2,0,-0.02,-9.99,-0.09,-0.01,0,
2,0,-0.02,-9.99,-0.09,0,-0.01,
2,0,-0.02,-9.99,-0.09,0,-0.01,
2,0,-0.05,-10.03,-0.1,0,-0.01,
2,0,-0.05,-10.03,-0.1,0,-0.01,
2,0,-0.05,-10.03,-0.1,0,-0.01,
2,0,0.04,-10.06,-0.09,0,-0.01,
2,0,0.04,-10.06,-0.09,-0.01,-0.01,
2,0,0.04,-10.06,-0.09,0,-0.02,
2,0,-0.01,-10.06,-0.07,0,-0.02,
2,0,-0.01,-10.06,-0.07,0,0,
2,0,-0.01,-10.06,-0.07,0,-0.01,
2,0,-0.01,-10.05,-0.13,0,-0.01,
2,0,-0.01,-10.05,-0.13,0,-0.01,
2,0,-0.01,-10.05,-0.13,0,-0.01,
2,0,-0.02,-10.08,-0.12,0,-0.01,
2,0,-0.02,-10.08,-0.12,0,-0.01,
2,0,-0.02,-10.08,-0.12,-0.01,-0.01,
2,0,0.02,-10.01,-0.05,-0.01,-0.01,
2,0,0.02,-10.01,-0.05,0,-0.01,
2,0,0.06,-10.01,-0.1,0,-0.01,
2,0,0.06,-10.01,-0.1,0,-0.01,
2,0,0.06,-10.01,-0.1,0,-0.01,
2,0,0.01,-9.99,-0.09,-0.01,-0.01,
2,0,0.01,-9.99,-0.09,-0.01,-0.01,
2,0,0.01,-9.99,-0.09,-0.01,-0.01,
2,0,0.02,-10.01,-0.11,0,-0.01,
2,0,0.02,-10.01,-0.11,0,-0.01,
2,0,0.02,-10.01,-0.11,0,-0.01,
2,0,0.03,-10.07,-0.12,0,-0.01,
2,0,0.03,-10.07,-0.12,0,-0.01,
2,0,0.03,-10.07,-0.12,-0.01,-0.01,
2,0,0,-10.04,-0.11,0,-0.01,
2,0,0,-10.04,-0.11,0,-0.01,
2,0,0,-10.04,-0.11,-0.01,-0.01,
2,0,-0.05,-9.99,-0.05,-0.01,-0.01,
2,0,-0.05,-9.99,-0.05,-0.01,-0.01,
2,0,-0.05,-9.99,-0.05,0,-0.01,
2,0,0.05,-10.01,-0.07,0,-0.01,
2,0,0.05,-10.01,-0.07,0,-0.01,
2,0,0.05,-10.01,-0.07,-0.01,-0.01,
2,0,0,-10.05,-0.16,0,-0.01,
2,0,0,-10.05,-0.16,0,-0.01,
2,0,0,-10.01,-0.06,-0.01,-0.01,
2,0,0,-10.01,-0.06,0,-0.01,
2,0,0,-10.01,-0.06,0,-0.01,
2,0,0.01,-10.07,-0.1,0,-0.01,
2,0,0.01,-10.07,-0.1,-0.01,-0.01,
2,0,0.01,-10.07,-0.1,-0.01,-0.01,
2,0,0.01,-10.01,-0.09,-0.01,-0.01,
2,0,0.01,-10.01,-0.09,-0.01,-0.01,
2,0,0.01,-10.01,-0.09,-0.01,-0.01,
2,0,-0.01,-10.06,-0.1,0,-0.01,
2,0,-0.01,-10.06,-0.1,0,-0.01,
2,0,-0.01,-10.06,-0.1,-0.01,-0.01,
2,0,-0.03,-10.09,-0.1,0,-0.01,
2,0,-0.03,-10.09,-0.1,0,-0.01,
2,0,-0.03,-10.09,-0.1,0,-0.01,
2,0,0.01,-10.02,-0.1,0,-0.01,
2,0,0.01,-10.02,-0.1,0,-0.01,
2,0,0.01,-10.02,-0.1,0,-0.01,
2,0,0.03,-10.04,-0.05,-0.01,-0.01,
2,0,0.03,-10.04,-0.05,-0.01,-0.01,
2,0,0.03,-10.04,-0.05,0,-0.01,
2,0,0.06,-10,-0.08,-0.01,-0.01,
2,0,0.06,-10,-0.08,-0.01,-0.01,
2,0,0.06,-10,-0.08,0,-0.01,
2,0,0.04,-10.03,-0.11,-0.01,-0.01,
2,0,0.04,-10.03,-0.11,-0.01,-0.01,
2,0,0,-10.02,-0.12,0,-0.01,
2,0,0,-10.02,-0.12,-0.01,-0.01,
2,0,0,-10.02,-0.12,-0.01,-0.01,
2,0,0.04,-10.06,-0.07,0,-0.01,
2,0,0.04,-10.06,-0.07,-0.01,-0.01,
2,0,0.04,-10.06,-0.07,-0.01,-0.01,
2,0,-0.03,-10.03,-0.14,0,-0.01,
2,0,-0.03,-10.03,-0.14,-0.01,-0.01,
2,0,-0.03,-10.03,-0.14,-0.01,-0.01,
2,0,0.01,-10.06,-0.11,-0.01,-0.01,
2,0,0.01,-10.06,-0.11,0,-0.01,
2,0,0.01,-10.06,-0.11,0,-0.01,
2,0,0,-10.06,-0.08,0,-0.01,
2,0,0,-10.06,-0.08,-0.01,-0.01,
2,0,0,-10.06,-0.08,-0.01,-0.01,
2,0,0,-9.99,-0.09,-0.01,-0.01,
2,0,0,-9.99,-0.09,-0.01,-0.01,
2,0,0.04,-9.93,-0.1,-0.01,-0.01,
2,0,0.04,-9.93,-0.1,-0.01,-0.01,
2,0,0.04,-9.93,-0.1,0,-0.01,
2,0,0,-10.1,-0.1,0,-0.01,
2,0,0,-10.1,-0.1,0,-0.01,
2,0,0,-10.1,-0.1,0,-0.01,
2,0,-0.02,-10.06,-0.12,0,-0.01,
2,0,-0.02,-10.06,-0.12,0,-0.01,
2,0,-0.02,-10.06,-0.12,0,-0.01,
2,0,0.06,-10.09,-0.09,0,-0.01,
2,0,0.06,-10.09,-0.09,0,-0.01,
2,0,0.06,-10.09,-0.09,0,-0.01,
2,0,0,-10.03,-0.11,-0.01,-0.01,
2,0,0,-10.03,-0.11,-0.01,-0.01,
2,0,0,-10.03,-0.11,0,-0.01,
2,0,0,-9.97,-0.09,-0.01,-0.01,
2,0,0,-9.97,-0.09,-0.01,-0.01,
2,0,-0.05,-10.07,-0.1,-0.01,-0.01,
2,0,-0.05,-10.07,-0.1,0,-0.01,
2,0,-0.05,-10.07,-0.1,0,-0.01,
2,0,0,-9.98,-0.01,0,-0.01,
2,0,0,-9.98,-0.01,0,-0.01,
2,0,0,-9.98,-0.01,0,-0.01,
2,0,0,-10.03,-0.07,0,-0.01,
2,0,0,-10.03,-0.07,0,-0.01,
2,0,0,-10.03,-0.07,0,-0.01,
2,0,0.01,-10.03,-0.07,-0.01,-0.01,
2,0,0.01,-10.03,-0.07,-0.01,-0.01,
2,0,0.01,-10.03,-0.07,-0.01,-0.01,
2,0,0,-10.01,-0.14,0,-0.01,
2,0,0,-10.01,-0.14,-0.01,-0.01,
2,0,0,-10.01,-0.14,-0.01,-0.01,
2,0,0.05,-10.03,-0.03,0,-0.01,
2,0,0.05,-10.03,-0.03,0,-0.01,
2,0,0.02,-10.08,-0.09,0,-0.01,
2,0,0.02,-10.08,-0.09,-0.01,-0.01,
2,0,0.02,-10.08,-0.09,-0.01,-0.01,
2,0,-0.03,-9.96,-0.09,-0.01,-0.01,
2,0,-0.03,-9.96,-0.09,-0.01,-0.01,
2,0,-0.03,-9.96,-0.09,0,-0.01,
2,0,-0.07,-10.02,-0.11,0,-0.01,
2,0,-0.07,-10.02,-0.11,0,-0.01,
2,0,-0.07,-10.02,-0.11,0,-0.01,
2,0,-0.02,-10.03,-0.08,0,-0.01,
2,0,-0.02,-10.03,-0.08,0,-0.01,
2,0,-0.02,-10.03,-0.08,0,-0.01,
2,0,0.01,-10.06,-0.11,0,-0.01,
2,0,0.01,-10.06,-0.11,0,-0.01,
2,0,0.01,-10.06,-0.11,0,-0.01,
2,0,-0.02,-10.02,-0.09,0,-0.01,
2,0,-0.02,-10.02,-0.09,-0.01,-0.01,
2,0,-0.02,-10.02,-0.09,-0.01,-0.01,
2,0,-0.03,-10.02,-0.11,-0.01,-0.01,
2,0,-0.03,-10.02,-0.11,0,-0.01,
2,0,-0.03,-10.02,-0.11,0,-0.01,
2,0,-0.06,-10.01,-0.08,0,-0.01,
2,0,-0.06,-10.01,-0.08,0,-0.01,
2,0,-0.06,-10.01,-0.08,0,-0.01,
2,0,-0.03,-10.07,-0.09,0,-0.01,
2,0,-0.03,-10.07,-0.09,-0.01,-0.01,
2,0,-0.03,-10.07,-0.09,-0.01,-0.01,
2,0,0,-10,-0.11,0,-0.01,
2,0,0,-10,-0.11,0,-0.01,
2,0,0,-10,-0.11,0,-0.01,
2,0,0.03,-9.99,-0.06,-0.01,-0.01,
2,0,0.03,-9.99,-0.06,-0.01,-0.01,
2,0,0.03,-9.99,-0.06,-0.01,-0.01,
2,0,-0.01,-10,-0.1,0,-0.01,
2,0,-0.01,-10,-0.1,0,-0.01,
2,0,-0.01,-10,-0.1,0,-0.01,
2,0,-0.02,-10.04,-0.1,0,-0.01,
2,0,-0.02,-10.04,-0.1,0,-0.01,
2,0,-0.02,-10.04,-0.1,0,-0.01,
2,0,0,-10.01,-0.1,0,-0.01,
2,0,0,-10.01,-0.1,0,-0.01,
2,0,0.07,-10.03,-0.04,0,-0.01,
2,0,0.07,-10.03,-0.04,0,-0.01,
2,0,0.07,-10.03,-0.04,0,-0.01,
2,0,-0.04,-9.99,-0.07,-0.01,-0.01,
2,0,-0.04,-9.99,-0.07,-0.01,-0.01,
2,0,-0.04,-9.99,-0.07,-0.01,-0.01,
2,0,-0.02,-10.01,-0.12,0,-0.01,
2,0,-0.02,-10.01,-0.12,0,-0.01,
2,0,-0.02,-10.01,-0.12,0,-0.01,
2,0,0.02,-9.96,-0.1,0,-0.01,
2,0,0.02,-9.96,-0.1,-0.01,-0.01,
2,0,0.02,-9.96,-0.1,0,-0.01,
2,0,-0.04,-10.1,-0.07,0,-0.01,
2,0,-0.04,-10.1,-0.07,0,-0.01,
2,0,-0.04,-10.1,-0.07,0,-0.01,
2,0,0.01,-10.05,-0.11,0,-0.01,
2,0,0.01,-10.05,-0.11,0,-0.01,
2,0,-0.01,-10.04,-0.05,0,-0.01,
2,0,-0.01,-10.04,-0.05,0,-0.01,
2,0,-0.01,-10.04,-0.05,-0.01,-0.01,
2,0,0.01,-10.05,-0.08,0,-0.01,
2,0,0.01,-10.05,-0.08,0,-0.01,
2,0,0.01,-10.05,-0.08,0,-0.01,
2,0,0,-10.03,-0.11,-0.01,-0.01,
2,0,0,-10.03,-0.11,-0.01,-0.01,
2,0,0,-10.03,-0.11,0,-0.01,
2,0,0.01,-10.06,-0.1,0,-0.01,
2,0,0.01,-10.06,-0.1,0,-0.01,
2,0,0.01,-10.06,-0.1,0,-0.01,
2,0,0.04,-10.03,-0.11,0,-0.01,
2,0,0.04,-10.03,-0.11,0,-0.01,
2,0,0.04,-10.03,-0.11,0,0,
2,0,-0.04,-10.07,-0.07,0,0,
2,0,-0.04,-10.07,-0.07,-0.01,-0.01,
2,0,-0.04,-10.07,-0.07,-0.01,-0.01,
2,0,0.05,-9.99,-0.1,-0.01,-0.01,
2,0,0.05,-9.99,-0.1,0,-0.01,
2,0,0.05,-9.99,-0.1,0,-0.01,
2,0,-0.02,-10.06,-0.07,0,-0.01,
2,0,-0.02,-10.06,-0.07,-0.01,-0.01,
2,0,-0.02,-9.91,-0.09,0,-0.01,
2,0,-0.02,-9.91,-0.09,0,-0.01,
2,0,-0.02,-9.91,-0.09,-0.01,-0.01,
2,0,-0.06,-9.84,-0.14,0,-0.01,
2,0,-0.06,-9.84,-0.14,0,-0.01,
2,0,-0.06,-9.84,-0.14,0,-0.01,
2,0,0.02,-10,-0.14,0,-0.01,
2,0,0.02,-10,-0.14,0,-0.01,
2,0,0.02,-10,-0.14,0,-0.01,
2,0,-0.02,-9.97,-0.11,-0.01,-0.01,
2,0,-0.02,-9.97,-0.11,-0.01,-0.01,
2,0,-0.02,-9.97,-0.11,-0.01,-0.01,
2,0,0.01,-9.96,-0.12,-0.01,-0.01,
2,0,0.01,-9.96,-0.12,-0.01,-0.01,
2,0,0.01,-9.96,-0.12,-0.01,-0.01,
2,0,0.01,-10.04,-0.14,-0.01,-0.01,
2,0,0.01,-10.04,-0.14,-0.01,-0.01,
2,0,0.01,-10.04,-0.14,0,-0.01,
2,0,0.07,-10.04,-0.05,0,-0.01,
2,0,0.07,-10.04,-0.05,0,-0.01,
2,0,0.02,-10.09,-0.12,0,-0.01,
2,0,0.02,-10.09,-0.12,0,-0.01,
2,0,0.02,-10.09,-0.12,0,-0.01,
2,0,-0.03,-9.98,-0.08,0,-0.01,
2,0,-0.03,-9.98,-0.08,-0.01,0,
2,0,-0.03,-9.98,-0.08,0,-0.01,
2,0,-0.04,-10.04,-0.07,0,-0.01,
2,0,-0.04,-10.04,-0.07,0,-0.01,
2,0,-0.04,-10.04,-0.07,-0.01,-0.01,
2,0,-0.05,-10.04,-0.13,-0.01,-0.01,
2,0,-0.05,-10.04,-0.13,0,-0.01,
2,0,-0.05,-10.04,-0.13,-0.01,-0.01,
2,0,0,-10.01,-0.16,-0.01,-0.01,
2,0,0,-10.01,-0.16,-0.01,-0.01,
2,0,0,-10.01,-0.16,0,-0.01,
2,0,0.05,-10.04,-0.11,0,-0.01,
2,0,0.05,-10.04,-0.11,0,0,
2,0,0.05,-10.04,-0.11,0,-0.01,
2,0,0.04,-10.05,-0.05,0,-0.01,
2,0,0.04,-10.05,-0.05,-0.01,-0.01,
2,0,0.04,-10.05,-0.05,-0.01,-0.01,
2,0,-0.04,-10.08,-0.17,0,-0.01,
2,0,-0.04,-10.08,-0.17,0,-0.01,
2,0,-0.02,-10.04,-0.07,0,-0.01,
2,0,-0.02,-10.04,-0.07,0,-0.01,
2,0,-0.02,-10.04,-0.07,0,-0.01,
2,0,-0.04,-10.08,-0.09,0,-0.01,
2,0,-0.04,-10.08,-0.09,0,-0.01,
2,0,-0.04,-10.08,-0.09,-0.01,-0.01,
2,0,0.01,-10,-0.09,-0.01,-0.01,
2,0,0.01,-10,-0.09,-0.01,-0.01,
2,0,0.01,-10,-0.09,0,0,
2,0,0.01,-10.05,-0.07,-0.01,-0.01,
2,0,0.01,-10.05,-0.07,-0.01,-0.01,
2,0,0.01,-10.05,-0.07,-0.01,-0.01,
2,0,0,-10.01,-0.08,-0.01,-0.01,
2,0,0,-10.01,-0.08,0,-0.01,
2,0,0,-10.01,-0.08,0,-0.01,
2,0,0.07,-10.03,-0.09,-0.01,-0.01,
2,0,0.07,-10.03,-0.09,-0.01,-0.01,
2,0,-0.03,-10.06,-0.12,0,-0.01,
2,0,-0.03,-10.06,-0.12,-0.01,-0.01,
2,0,-0.03,-10.06,-0.12,-0.01,-0.01,
2,0,0.04,-10.03,-0.09,0,-0.01,
2,0,0.04,-10.03,-0.09,0,-0.01,
2,0,0.04,-10.03,-0.09,0,-0.01,
2,0,-0.03,-10.03,-0.09,0,-0.01,
2,0,-0.03,-10.03,-0.09,-0.01,-0.01,
2,0,-0.03,-10.03,-0.09,-0.01,-0.01,
2,0,-0.02,-10.02,-0.14,0,-0.01,
2,0,-0.02,-10.02,-0.14,0,-0.01,
2,0,-0.02,-10.02,-0.14,0,-0.01,
2,0,-0.03,-10.04,-0.02,-0.01,-0.01,
2,0,-0.03,-10.04,-0.02,-0.01,-0.01,
2,0,-0.03,-10.04,-0.02,-0.01,-0.01,
2,0,0,-10.05,-0.07,-0.01,-0.01,
2,0,0,-10.05,-0.07,0,-0.01,
2,0,-0.05,-9.99,-0.11,0,-0.01,
2,0,-0.05,-9.99,-0.11,0,-0.01,
2,0,-0.05,-9.99,-0.11,0,-0.01,
2,0,-0.01,-10.02,-0.15,0,-0.01,
2,0,-0.01,-10.02,-0.15,0,-0.01,
2,0,-0.01,-10.02,-0.15,-0.01,-0.01,
2,0,-0.05,-10.04,-0.05,-0.01,-0.01,
2,0,-0.05,-10.04,-0.05,0,-0.01,
2,0,-0.05,-10.04,-0.05,0,-0.01,
2,0,0.03,-10,-0.05,0,-0.01,
2,0,0.03,-10,-0.05,0,-0.01,
2,0,0.03,-10,-0.05,-0.01,-0.01,
2,0,0.05,-10,-0.05,-0.01,-0.01,
2,0,0.05,-10,-0.05,0,-0.01,
2,0,0.05,-10,-0.05,0,-0.01,
2,0,0.09,-9.99,-0.01,0,-0.01,
2,0,0.09,-9.99,-0.01,-0.01,-0.01,
2,0,-0.02,-10.08,-0.06,-0.01,-0.01,
2,0,-0.02,-10.08,-0.06,-0.01,-0.01,
2,0,-0.02,-10.08,-0.06,-0.01,-0.01,
2,0,0,-10.05,-0.09,0,-0.01,
2,0,0,-10.05,-0.09,-0.01,-0.01,
2,0,0,-10.05,-0.09,-0.01,-0.01,
2,0,0.02,-10.02,-0.11,0,-0.01,
2,0,0.02,-10.02,-0.11,0,0,
2,0,0.02,-10.02,-0.11,0,0,
2,0,0.05,-10.01,-0.11,0,0,
2,0,0.05,-10.01,-0.11,0,-0.01,
2,0,0.05,-10.01,-0.11,0,-0.01,
2,0,-0.02,-10.06,-0.1,0,-0.01,
2,0,-0.02,-10.06,-0.1,-0.01,-0.01,
2,0,-0.02,-10.06,-0.1,-0.01,-0.01,
2,0,-0.03,-10.01,-0.12,0,-0.01,
2,0,-0.03,-10.01,-0.12,0,-0.01,
2,0,0,-10.07,-0.12,0,-0.01,
2,0,0,-10.07,-0.12,0,-0.01,
2,0,0,-10.07,-0.12,0,-0.01,
2,0,0,-9.97,-0.12,0,-0.01,
2,0,0,-9.97,-0.12,-0.01,-0.01,
2,0,0,-9.97,-0.12,-0.01,-0.01,
2,0,0.07,-10.04,-0.11,-0.01,-0.01,
2,0,0.07,-10.04,-0.11,0,-0.01,
2,0,0.07,-10.04,-0.11,0,-0.01,
2,0,0.05,-10.1,-0.09,0,-0.01,
2,0,0.05,-10.1,-0.09,-0.01,-0.01,
2,0,0.05,-10.1,-0.09,0,-0.01,
2,0,-0.01,-9.97,-0.14,0,-0.01,
2,0,-0.01,-9.97,-0.14,0,-0.01,
2,0,-0.02,-10.06,-0.14,0,-0.01,
2,0,-0.02,-10.06,-0.14,0,-0.01,
2,0,-0.02,-10.06,-0.14,-0.01,-0.01,
2,0,0.01,-10.05,-0.04,-0.01,-0.01,
2,0,0.01,-10.05,-0.04,-0.01,-0.01,
2,0,0.01,-10.05,-0.04,0,0,
2,0,-0.02,-9.95,-0.08,0,-0.01,
2,0,-0.02,-9.95,-0.08,0,-0.01,
2,0,-0.02,-9.95,-0.08,0,-0.01,
2,0,-0.03,-10.14,-0.1,-0.01,-0.01,
2,0,-0.03,-10.14,-0.1,-0.01,-0.01,
2,0,-0.03,-10.14,-0.1,-0.01,-0.01,
2,0,0.02,-10.05,-0.06,0,-0.01,
2,0,0.02,-10.05,-0.06,0,-0.01,
2,0,0.02,-10.05,-0.06,0,-0.01,
2,0,0.03,-10.01,-0.05,-0.01,-0.01,
2,0,0.03,-10.01,-0.05,-0.01,-0.01,
2,0,0.03,-10.01,-0.05,0,-0.01,
2,0,-0.03,-10.12,-0.09,0,-0.01,
2,0,-0.03,-10.12,-0.09,0,-0.01,
2,0,-0.03,-10.12,-0.09,0,-0.01,
2,0,-0.03,-10.05,-0.12,0,-0.01,
2,0,-0.03,-10.05,-0.12,-0.01,-0.01,
2,0,-0.03,-10.05,-0.12,-0.01,-0.01,
2,0,0.02,-10.1,-0.13,-0.01,-0.01,
2,0,0.02,-10.1,-0.13,0,-0.01,
2,0,0.02,-10.1,-0.13,0,-0.01,
2,0,0,-10.04,-0.17,0,-0.01,
2,0,0,-10.04,-0.17,0,-0.01,
2,0,0,-10.04,-0.17,0,-0.01,
2,0,0.01,-10.07,-0.05,0,-0.01,
2,0,0.01,-10.07,-0.05,0,-0.01,
2,0,0.01,-10.07,-0.05,0,-0.01,
2,0,0,-10.01,-0.1,0,-0.01,
2,0,0,-10.01,-0.1,0,-0.01,
2,0,0.01,-10.05,-0.11,0,-0.01,
2,0,0.01,-10.05,-0.11,0,-0.01,
2,0,0.01,-10.05,-0.11,0,-0.01,
2,0,0,-10.01,-0.1,0,-0.01,
2,0,0,-10.01,-0.1,0,-0.01,
2,0,0,-10.01,-0.1,-0.01,-0.01,
2,0,-0.07,-10.11,-0.06,-0.01,-0.01,
2,0,-0.07,-10.11,-0.06,-0.01,-0.01,
2,0,-0.07,-10.11,-0.06,-0.01,-0.01,
2,0,0.04,-9.99,-0.08,-0.01,-0.01,
2,0,0.04,-9.99,-0.08,0,-0.01,
2,0,0.04,-9.99,-0.08,0,-0.01,
2,0,0,-10.1,-0.16,0,-0.01,
2,0,0,-10.1,-0.16,0,-0.01,
2,0,-0.02,-10.02,-0.07,0,-0.01,
2,0,-0.02,-10.02,-0.07,-0.01,-0.01,
2,0,-0.02,-10.02,-0.07,0,-0.01,
2,0,-0.02,-10.01,-0.09,0,-0.01,
2,0,-0.02,-10.01,-0.09,-0.01,-0.01,
2,0,-0.02,-10.01,-0.09,-0.01,-0.01,
2,0,-0.01,-10.01,-0.11,-0.01,-0.01,
2,0,-0.01,-10.01,-0.11,0,-0.01,
2,0,-0.01,-10.01,-0.11,0,-0.01,
2,0,-0.08,-9.99,-0.1,0,-0.01,
2,0,-0.08,-9.99,-0.1,-0.01,-0.01,
2,0,-0.08,-9.99,-0.1,-0.01,-0.01,
2,0,-0.05,-10.04,-0.11,-0.01,-0.01,
2,0,-0.05,-10.04,-0.11,-0.01,-0.01,
2,0,-0.05,-10.04,-0.11,-0.01,-0.01,
2,0,0.01,-10.02,-0.11,-0.01,-0.01,
2,0,0.01,-10.02,-0.11,0,-0.01,
2,0,0,-10.09,-0.07,0,-0.01,
2,0,0,-10.09,-0.07,0,-0.01,
2,0,0,-10.09,-0.07,0,-0.01,
2,0,0.01,-9.99,-0.13,0,-0.01,
2,0,0.01,-9.99,-0.13,0,-0.01,
2,0,0.01,-9.99,-0.13,0,-0.01,
2,0,0.01,-10.08,-0.06,-0.01,-0.01,
2,0,0.01,-10.08,-0.06,-0.01,-0.01,
2,0,0.01,-10.08,-0.06,-0.01,-0.01,
2,0,0,-10.06,-0.11,0,-0.01,
2,0,0,-10.06,-0.11,-0.01,-0.01,
2,0,0,-10.06,-0.11,-0.01,-0.01,
2,0,0,-10.01,-0.07,-0.01,-0.01,
2,0,0,-10.01,-0.07,0,-0.01,
2,0,0.01,-10.1,-0.17,0,-0.01,
2,0,0.01,-10.1,-0.17,-0.01,-0.01,
2,0,0.01,-10.1,-0.17,-0.01,-0.01,
2,0,0.09,-10.05,-0.08,-0.01,-0.01,
2,0,0.09,-10.05,-0.08,0,-0.01,
2,0,0.09,-10.05,-0.08,-0.01,-0.01,
2,0,0,-9.96,-0.06,-0.01,-0.01,
2,0,0,-9.96,-0.06,-0.01,-0.01,
2,0,0,-9.96,-0.06,0,-0.01,
2,0,0.02,-10.02,-0.06,0,-0.01,
2,0,0.02,-10.02,-0.06,0,-0.01,
2,0,0.02,-10.02,-0.06,0,-0.01,
2,0,0.03,-10.04,-0.1,-0.01,-0.01,
2,0,0.03,-10.04,-0.1,-0.01,-0.01,
2,0,-0.04,-10.03,-0.08,0,-0.01,
2,0,-0.04,-10.03,-0.08,-0.01,-0.01,
2,0,-0.04,-10.03,-0.08,-0.01,-0.01,
2,0,0.06,-10,-0.06,-0.01,-0.01,
2,0,0.06,-10,-0.06,-0.01,-0.01,
2,0,0.06,-10,-0.06,-0.01,-0.01,
2,0,-0.06,-10.03,-0.01,-0.01,-0.01,
2,0,-0.06,-10.03,-0.01,0,-0.01,
2,0,-0.06,-10.03,-0.01,0,-0.01,
2,0,-0.03,-10.05,-0.08,-0.01,-0.01,
2,0,-0.03,-10.05,-0.08,-0.01,-0.01,
2,0,-0.03,-10.05,-0.08,-0.01,-0.01,
2,0,0.02,-10.01,-0.13,0,-0.01,
2,0,0.02,-10.01,-0.13,0,-0.01,
2,0,0.02,-9.98,-0.11,0,-0.01,
2,0,0.02,-9.98,-0.11,0,-0.01,
2,0,0.02,-9.98,-0.11,0,-0.01,
2,0,0.04,-10.06,-0.08,0,-0.01,
2,0,0.04,-10.06,-0.08,-0.01,-0.01,
2,0,0.04,-10.06,-0.08,-0.01,-0.01,
2,0,0,-10.02,-0.04,-0.01,-0.01,
2,0,0,-10.02,-0.04,-0.01,-0.01,
2,0,0,-10.02,-0.04,-0.01,-0.01,
2,0,0.01,-10.01,-0.06,-0.01,-0.01,
2,0,0.01,-10.01,-0.06,0,0,
2,0,0.01,-10.01,-0.06,-0.01,-0.01,
2,0,-0.01,-10.04,-0.02,0,-0.01,
2,0,-0.01,-10.04,-0.02,0,-0.01,
2,0,-0.01,-10.04,-0.02,-0.01,-0.01,
2,0,0.02,-10.02,-0.11,-0.01,-0.01,
2,0,0.02,-10.02,-0.11,-0.01,-0.01,
2,0,0.02,-10.02,-0.11,0,-0.01,
2,0,-0.02,-10.01,-0.08,0,-0.01,
2,0,-0.02,-10.01,-0.08,-0.01,-0.01,
2,0,0.03,-10.08,-0.09,-0.01,-0.01,
2,0,0.03,-10.08,-0.09,-0.01,-0.01,
2,0,0.03,-10.08,-0.09,-0.01,-0.01,
2,0,0.03,-10.03,-0.13,-0.01,-0.01,
2,0,0.03,-10.03,-0.13,-0.01,-0.01,
2,0,0.03,-10.03,-0.13,0,-0.01,
2,0,-0.02,-10.01,-0.09,-0.01,-0.01,
2,0,-0.02,-10.01,-0.09,-0.01,-0.01,
2,0,-0.02,-10.01,-0.09,-0.01,-0.01,
2,0,-0.01,-10.05,-0.09,0,-0.01,
2,0,-0.01,-10.05,-0.09,0,-0.01,
2,0,-0.01,-10.05,-0.09,0,-0.01,
2,0,0,-10.04,-0.1,-0.01,-0.01,
2,0,0,-10.04,-0.1,0,-0.01,
2,0,0,-10.04,-0.1,0,-0.01,
2,0,0.03,-10.11,-0.07,-0.01,-0.01,
2,0,0.03,-10.11,-0.07,0,-0.01,
2,0,0.03,-10.02,-0.1,0,-0.01,
2,0,0.03,-10.02,-0.1,-0.01,-0.01,
2,0,0.03,-10.02,-0.1,-0.01,-0.01,
2,0,-0.03,-10.01,-0.08,-0.01,-0.01,
2,0,-0.03,-10.01,-0.08,-0.01,-0.01,
2,0,-0.03,-10.01,-0.08,0,-0.01,
2,0,-0.03,-10,-0.1,0,-0.01,
2,0,-0.03,-10,-0.1,0,-0.01,
2,0,-0.03,-10,-0.1,0,-0.01,
2,0,0,-10.01,-0.11,0,-0.01,
2,0,0,-10.01,-0.11,0,-0.01,
2,0,0,-10.01,-0.11,-0.01,-0.01,
2,0,0,-10.03,-0.12,-0.01,-0.01,
2,0,0,-10.03,-0.12,-0.01,-0.01,
2,0,0,-10.03,-0.12,-0.01,-0.01,
2,0,0.03,-10.02,-0.13,-0.01,-0.01,
2,0,0.03,-10.02,-0.13,0,0,
2,0,0.02,-10.02,-0.14,0,-0.01,
2,0,0.02,-10.02,-0.14,0,-0.01,
2,0,0.02,-10.02,-0.14,0,-0.01,
2,0,0.01,-10.03,-0.08,-0.01,-0.01,
2,0,0.01,-10.03,-0.08,-0.01,-0.01,
2,0,0.01,-10.03,-0.08,-0.01,-0.01,
2,0,0.04,-10.03,-0.12,0,-0.01,
2,0,0.04,-10.03,-0.12,0,-0.01,
2,0,0.04,-10.03,-0.12,-0.01,-0.01,
2,0,-0.02,-10.06,-0.11,-0.01,-0.01,
2,0,-0.02,-10.06,-0.11,-0.01,-0.01,
2,0,-0.02,-10.06,-0.11,0,-0.01,
2,0,-0.02,-10.08,-0.06,-0.01,-0.01,
2,0,-0.02,-10.08,-0.06,-0.01,-0.01,
2,0,-0.02,-10.08,-0.06,-0.01,-0.01,
2,0,-0.04,-10.01,-0.12,0,-0.01,
2,0,-0.04,-10.01,-0.12,0,-0.01,
2,0,0.05,-9.99,-0.11,0,-0.01,
2,0,0.05,-9.99,-0.11,-0.01,-0.01,
2,0,0.05,-9.99,-0.11,-0.01,-0.01,
2,0,0,-10.02,-0.12,-0.01,-0.01,
2,0,0,-10.02,-0.12,0,-0.01,
2,0,0,-10.02,-0.12,-0.01,-0.01,
2,0,-0.02,-9.95,-0.11,-0.01,-0.01,
2,0,-0.02,-9.95,-0.11,0,-0.01,
2,0,-0.02,-9.95,-0.11,-0.01,-0.01,
2,0,0.03,-10.01,-0.07,-0.01,-0.01,
2,0,0.03,-10.01,-0.07,0,-0.01,
2,0,0.03,-10.01,-0.07,0,-0.01,
2,0,0,-10.05,-0.08,0,-0.01,
2,0,0,-10.05,-0.08,0,-0.01,
2,0,0,-10.05,-0.08,-0.01,-0.01,
2,0,0.03,-10.03,-0.08,-0.01,-0.01,
2,0,0.03,-10.03,-0.08,0,-0.01,
2,0,-0.04,-10.09,-0.1,0,-0.01,
2,0,-0.04,-10.09,-0.1,0,-0.01,
2,0,-0.04,-10.09,-0.1,0,-0.01,
2,0,0,-10.06,-0.09,-0.01,-0.01,
2,0,0,-10.06,-0.09,-0.01,-0.01,
2,0,0,-10.06,-0.09,-0.01,-0.01,
2,0,-0.01,-10.05,-0.06,-0.01,-0.01,
2,0,-0.01,-10.05,-0.06,-0.01,-0.01,
2,0,-0.01,-10.05,-0.06,-0.01,-0.01,
2,0,-0.02,-10.05,-0.11,-0.01,-0.01,
2,0,-0.02,-10.05,-0.11,-0.01,-0.01,
2,0,-0.02,-10.05,-0.11,0,-0.01,
2,0,0,-10.05,-0.07,0,-0.01,
2,0,0,-10.05,-0.07,-0.01,-0.01,
2,0,0,-10.05,-0.07,0,-0.01,
2,0,-0.04,-10.06,-0.1,0,-0.01,
2,0,-0.04,-10.06,-0.1,0,-0.01,
2,0,-0.04,-10.06,-0.1,-0.01,-0.01,
2,0,-0.02,-10.03,-0.09,-0.01,-0.01,
2,0,-0.02,-10.03,-0.09,0,-0.01,
2,0,-0.02,-10.03,-0.09,0,-0.01,
2,0,-0.03,-10.01,-0.13,0,-0.01,
2,0,-0.03,-10.01,-0.13,0,-0.01,
2,0,-0.03,-10.01,-0.13,0,-0.01,
2,0,-0.01,-10.06,-0.1,0,-0.01,
2,0,-0.01,-10.06,-0.1,-0.01,-0.01,
2,0,-0.01,-10.11,-0.12,-0.01,-0.01,
2,0,-0.01,-10.11,-0.12,-0.01,-0.01,
2,0,-0.01,-10.11,-0.12,-0.01,-0.01,
2,0,0.03,-9.91,-0.09,-0.01,-0.01,
2,0,0.03,-9.91,-0.09,-0.01,-0.01,
2,0,0.03,-9.91,-0.09,-0.01,-0.01,
2,0,0,-10.02,-0.1,0,-0.01,
2,0,0,-10.02,-0.1,0,-0.01,
2,0,0,-10.02,-0.1,-0.01,-0.01,
2,0,-0.04,-10.08,-0.14,-0.01,0,
2,0,-0.04,-10.08,-0.14,0,-0.01,
2,0,-0.04,-10.08,-0.14,0,-0.01,
2,0,0.03,-10.07,-0.08,0,-0.01,
2,0,0.03,-10.07,-0.08,0,-0.01,
2,0,-0.04,-9.99,-0.12,0,-0.01,
2,0,-0.04,-9.99,-0.12,-0.01,-0.01,
2,0,-0.04,-9.99,-0.12,0,-0.01,
2,0,0.01,-10.1,-0.1,0,-0.01,
2,0,0.01,-10.1,-0.1,0,-0.01,
2,0,0.01,-10.1,-0.1,-0.01,-0.01,
2,0,-0.04,-10.03,-0.1,-0.01,-0.01,
2,0,-0.04,-10.03,-0.1,0,-0.01,
2,0,-0.04,-10.03,-0.1,-0.01,-0.01,
2,0,0.01,-10.01,-0.13,-0.01,-0.01,
2,0,0.01,-10.01,-0.13,-0.01,-0.01,
2,0,0.01,-10.01,-0.13,0,-0.01,
2,0,0,-10.02,-0.08,0,-0.01,
2,0,0,-10.02,-0.08,0,-0.01,
2,0,0.01,-10.07,-0.09,0,-0.01,
2,0,0.01,-10.07,-0.09,0,-0.01,
2,0,0.01,-10.07,-0.09,-0.01,-0.01,
2,0,-0.01,-9.98,-0.12,0,-0.01,
2,0,-0.01,-9.98,-0.12,0,-0.01,
2,0,-0.01,-9.98,-0.12,0,-0.01,
2,0,0,-10.02,-0.06,0,-0.01,
2,0,0,-10.02,-0.06,0,-0.01,
2,0,0,-10.02,-0.06,0,-0.01,
2,0,-0.06,-10.01,-0.06,-0.01,-0.01,
2,0,-0.06,-10.01,-0.06,-0.01,-0.01,
2,0,-0.06,-10.01,-0.06,0,-0.01,
2,0,0.03,-10.05,-0.12,0,-0.01,
2,0,0.03,-10.05,-0.12,0,-0.01,
2,0,0.03,-10.05,-0.12,0,0,
2,0,-0.08,-10.01,-0.08,0,-0.01,
2,0,-0.08,-10.01,-0.08,0,-0.01,
2,0,-0.08,-10.01,-0.08,0,-0.01,
2,0,-0.06,-10.04,-0.07,-0.01,-0.01,
2,0,-0.06,-10.04,-0.07,-0.01,-0.01,
2,0,-0.06,-10.04,-0.07,-0.01,-0.01,
2,0,0,-10.04,-0.17,-0.01,-0.01,
2,0,0,-10.04,-0.17,-0.01,-0.01,
2,0,0.04,-10.04,-0.11,0,-0.01,
2,0,0.04,-10.04,-0.11,-0.01,-0.01,
2,0,0.04,-10.04,-0.11,-0.01,-0.01,
2,0,0.03,-10,-0.14,0,-0.01,
2,0,0.03,-10,-0.14,0,-0.01,
2,0,0.03,-10,-0.14,0,-0.01,
2,0,0.02,-10.02,-0.1,0,-0.01,
2,0,0.02,-10.02,-0.1,0,-0.01,
2,0,0.02,-10.02,-0.1,0,-0.01,
2,0,0.01,-10.02,-0.07,0,-0.01,
2,0,0.01,-10.02,-0.07,0,-0.01,
2,0,0.01,-10.02,-0.07,-0.01,-0.01,
2,0,0.02,-10.03,-0.11,-0.01,-0.01,
2,0,0.02,-10.03,-0.11,-0.01,-0.01,
2,0,0.02,-10.03,-0.11,0,-0.01,
2,0,0.03,-9.96,-0.09,0,-0.01,
2,0,0.03,-9.96,-0.09,0,-0.01,
2,0,0.09,-9.98,-0.01,0,-0.01,
2,0,0.09,-9.98,-0.01,0,-0.01,
2,0,0.09,-9.98,-0.01,0,-0.01,
2,0,-0.06,-10.08,-0.09,0,-0.01,
2,0,-0.06,-10.08,-0.09,0,-0.01,
2,0,-0.06,-10.08,-0.09,0,-0.01,
2,0,0.01,-10.06,-0.09,0,-0.01,
2,0,0.01,-10.06,-0.09,-0.01,-0.01,
2,0,0.01,-10.06,-0.09,-0.01,-0.01,
2,0,-0.02,-10.03,-0.08,-0.01,-0.01,
2,0,-0.02,-10.03,-0.08,-0.01,-0.01,
2,0,-0.02,-10.03,-0.08,0,-0.01,
2,0,-0.02,-10.06,-0.11,0,-0.01,
2,0,-0.02,-10.06,-0.11,-0.01,-0.01,
2,0,-0.02,-10.06,-0.11,0,-0.01,
2,0,0.03,-10.04,-0.1,0,-0.01,
2,0,0.03,-10.04,-0.1,0,-0.01,
2,0,0.03,-10.04,-0.1,0,-0.01,
2,0,0.04,-9.96,-0.11,0,-0.01,
2,0,0.04,-9.96,-0.11,-0.01,-0.01,
2,0,0.04,-9.96,-0.11,0,-0.01,
2,0,0.01,-10.03,-0.06,0,-0.01,
2,0,0.01,-10.03,-0.06,-0.01,0,
2,0,0.01,-10.03,-0.06,0,-0.01,
2,0,-0.02,-10.02,-0.1,0,-0.01,
2,0,-0.02,-10.02,-0.1,0,-0.01,
2,0,-0.02,-10.02,-0.1,0,-0.01,
2,0,0.06,-10.01,-0.11,0,-0.01,
2,0,0.06,-10.01,-0.11,0,-0.01,
2,0,0.06,-10.01,-0.11,0,-0.01,
2,0,-0.04,-10.02,-0.09,0,-0.01,
2,0,-0.04,-10.02,-0.09,0,-0.01,
2,0,-0.04,-10.02,-0.09,0,-0.01,
2,0,-0.01,-10.05,-0.07,0,-0.01,
2,0,-0.01,-10.05,-0.07,0,-0.01,
2,0,0.04,-10.01,-0.14,0,-0.01,
2,0,0.04,-10.01,-0.14,0,-0.01,
2,0,0.04,-10.01,-0.14,0,-0.01,
2,0,0,-10.05,-0.12,0,-0.01,
2,0,0,-10.05,-0.12,-0.01,-0.01,
2,0,0,-10.05,-0.12,0,-0.01,
2,0,-0.02,-10.03,-0.09,0,-0.01,
2,0,-0.02,-10.03,-0.09,0,-0.01,
2,0,-0.02,-10.03,-0.09,-0.01,-0.01,
2,0,-0.03,-10.04,-0.13,-0.01,-0.01,
2,0,-0.03,-10.04,-0.13,-0.01,-0.01,
2,0,-0.03,-10.04,-0.13,0,-0.01,
2,0,0.03,-10.04,-0.04,-0.01,-0.01,
2,0,0.03,-10.04,-0.04,-0.01,-0.01,
2,0,0.03,-10.04,-0.04,0,-0.01,
2,0,0.02,-9.97,-0.07,-0.01,-0.01,
2,0,0.02,-9.97,-0.07,-0.01,-0.01,
2,0,0.02,-9.97,-0.07,0,-0.01,
2,0,-0.05,-10.04,-0.05,-0.01,-0.01,
2,0,-0.05,-10.04,-0.05,-0.01,-0.01,
2,0,0.02,-10.02,-0.15,-0.01,-0.01,
2,0,0.02,-10.02,-0.15,0,-0.01,
2,0,0.02,-10.02,-0.15,0,-0.01,
2,0,-0.04,-10.02,-0.08,0,-0.01,
2,0,-0.04,-10.02,-0.08,-0.01,-0.01,
2,0,-0.04,-10.02,-0.08,-0.01,-0.01,
2,0,-0.03,-9.99,-0.07,0,-0.01,
2,0,-0.03,-9.99,-0.07,0,-0.01,
2,0,-0.03,-9.99,-0.07,0,-0.01,
2,0,-0.03,-9.95,-0.14,-0.01,-0.01,
2,0,-0.03,-9.95,-0.14,0,-0.01,
2,0,-0.03,-9.95,-0.14,0,-0.01,
2,0,0.01,-9.98,-0.1,-0.01,-0.01,
2,0,0.01,-9.98,-0.1,-0.01,-0.01,
2,0,0.04,-10.07,-0.13,0,-0.01,
2,0,0.04,-10.07,-0.13,0,-0.01,
2,0,0.02,-10.03,-0.12,0,-0.01,
2,0,0.02,-10.03,-0.12,0,-0.01,
2,0,0.02,-10.03,-0.12,-0.01,-0.01,
2,0,0.02,-10.04,-0.07,-0.01,-0.01,
2,0,0.02,-10.04,-0.07,-0.01,-0.01,
2,0,0.02,-10.04,-0.07,0,-0.01,
2,0,-0.03,-9.97,-0.12,0,-0.01,
2,0,-0.03,-9.97,-0.12,0,-0.01,
2,0,-0.03,-9.97,-0.12,-0.01,-0.01,
2,0,-0.04,-10.04,-0.07,0,-0.01,
2,0,-0.04,-10.04,-0.07,0,-0.01,
2,0,0,-10.02,-0.09,-0.01,-0.01,
2,0,0,-10.02,-0.09,0,-0.01,
2,0,0,-10.02,-0.09,0,-0.01,
2,0,-0.01,-10.04,-0.12,0,-0.01,
2,0,-0.01,-10.04,-0.12,0,-0.01,
2,0,-0.01,-10.04,-0.12,0,-0.01,
2,0,-0.01,-10.02,-0.05,0,-0.01,
2,0,-0.01,-10.02,-0.05,-0.01,-0.01,
2,0,-0.01,-10.02,-0.05,-0.01,-0.01,
2,0,-0.04,-10.04,-0.12,-0.01,-0.01,
2,0,-0.04,-10.04,-0.12,0,-0.01,
2,0,-0.04,-10.04,-0.12,0,-0.01,
2,0,-0.03,-10.03,-0.05,-0.01,-0.01,
2,0,-0.03,-10.03,-0.05,-0.01,-0.01,
2,0,-0.03,-10.03,-0.05,-0.01,-0.01,
2,0,-0.02,-9.97,-0.08,0,-0.01,
2,0,-0.02,-9.97,-0.08,-0.01,-0.01,
2,0,-0.02,-9.97,-0.08,-0.01,-0.01,
2,0,-0.04,-10.02,-0.08,-0.01,-0.01,
2,0,-0.04,-10.02,-0.08,-0.01,-0.01,
2,0,0,-10.07,-0.11,-0.01,-0.01,
2,0,0,-10.07,-0.11,0,-0.01,
2,0,0,-10.07,-0.11,0,-0.01,
2,0,0.02,-10.06,-0.12,0,-0.01,
2,0,0.02,-10.06,-0.12,-0.01,-0.01,
2,0,0.02,-10.06,-0.12,-0.01,-0.01,
2,0,0,-9.98,-0.09,-0.01,-0.01,
2,0,0,-9.98,-0.09,-0.01,0,
2,0,0,-9.98,-0.09,-0.01,0,
2,0,0.04,-10.03,-0.13,0,-0.01,
2,0,0.04,-10.03,-0.13,-0.01,-0.01,
2,0,0.04,-10.03,-0.13,-0.01,-0.01,
2,0,-0.04,-10.04,-0.1,0,-0.01,
2,0,-0.04,-10.04,-0.1,0,-0.01,
2,0,-0.04,-10.04,-0.1,0,-0.01,
2,0,0.05,-10.06,-0.07,-0.01,-0.01,
2,0,0.05,-10.06,-0.07,-0.01,-0.01,
2,0,0.05,-10.06,-0.07,-0.01,-0.01,
2,0,0.01,-9.98,-0.09,0,-0.02,
2,0,0.01,-9.98,-0.09,0,-0.02,
2,0,0.01,-9.98,-0.09,-0.01,-0.01,
2,0,0.01,-10.01,-0.09,-0.01,-0.01,
2,0,0.01,-10.01,-0.09,-0.01,-0.01,
2,0,0.01,-10.01,-0.09,-0.01,-0.01,
2,0,0.04,-10.01,-0.1,0,-0.01,
2,0,0.04,-10.01,-0.1,0,-0.01,
2,0,0.04,-10.01,-0.1,-0.01,0,
2,0,-0.03,-10,-0.05,0,-0.01,
2,0,-0.03,-10,-0.05,0,-0.01,
2,0,-0.03,-10,-0.05,-0.01,-0.01,
2,0,0.01,-10.04,-0.11,0,-0.01,
2,0,0.01,-10.04,-0.11,0,-0.01,
2,0,0.01,-10.04,-0.11,-0.01,-0.01,
2,0,0.04,-10.04,-0.07,-0.01,-0.01,
2,0,0.04,-10.04,-0.07,-0.01,-0.01,
2,0,0.04,-10.04,-0.07,-0.01,-0.01,
2,0,0.02,-9.98,-0.11,-0.01,-0.01,
2,0,0.02,-9.98,-0.11,-0.01,-0.01,
2,0,0.06,-10.02,-0.07,-0.01,-0.01,
2,0,0.06,-10.02,-0.07,0,-0.01,
2,0,0.06,-10.02,-0.07,0,-0.01,
2,0,0.04,-10.03,-0.08,0,-0.01,
2,0,0.04,-10.03,-0.08,0,-0.01,
2,0,0.04,-10.03,-0.08,0,-0.01,
2,0,0,-10.1,-0.09,0,-0.01,
2,0,0,-10.1,-0.09,0,-0.01,
2,0,0,-10.1,-0.09,0,-0.01,
2,0,0.06,-10.05,-0.11,-0.01,-0.01,
2,0,0.06,-10.05,-0.11,0,-0.01,
2,0,0.06,-10.05,-0.11,0,-0.01,
2,0,-0.03,-10.03,-0.13,-0.01,-0.01,
2,0,-0.03,-10.03,-0.13,0,-0.01,
2,0,-0.03,-10.03,-0.13,0,-0.01,
2,0,0.04,-10,-0.1,-0.01,-0.01,
2,0,0.04,-10,-0.1,0,-0.01,
2,0,-0.02,-9.98,-0.13,0,-0.01,
2,0,-0.02,-9.98,-0.13,0,-0.01,
2,0,-0.02,-9.98,-0.13,-0.01,-0.01,
2,0,0.02,-10.05,-0.05,-0.01,-0.01,
2,0,0.02,-10.05,-0.05,0,-0.01,
2,0,0.02,-10.05,-0.05,-0.01,-0.01,
2,0,0.05,-10.04,-0.07,0,-0.01,
2,0,0.05,-10.04,-0.07,0,-0.01,
2,0,0.05,-10.04,-0.07,-0.01,-0.01,
2,0,-0.01,-9.98,-0.08,0,-0.01,
2,0,-0.01,-9.98,-0.08,0,-0.01,
2,0,-0.01,-9.98,-0.08,-0.01,-0.01,
2,0,-0.02,-10.06,-0.08,-0.01,-0.01,
2,0,-0.02,-10.06,-0.08,-0.01,-0.01,
2,0,-0.02,-10.06,-0.08,0,-0.01,
2,0,0.01,-10.02,-0.13,0,-0.01,
2,0,0.01,-10.02,-0.13,0,-0.01,
2,0,-0.06,-10.03,-0.07,-0.01,-0.01,
2,0,-0.06,-10.03,-0.07,0,-0.01,
2,0,-0.06,-10.03,-0.07,0,-0.01,
2,0,-0.02,-10.06,-0.06,-0.01,-0.01,
2,0,-0.02,-10.06,-0.06,0,-0.01,
2,0,-0.02,-10.06,-0.06,0,-0.01,
2,0,0.03,-10.07,-0.1,-0.01,-0.01,
2,0,0.03,-10.07,-0.1,0,-0.01,
2,0,0.03,-10.07,-0.1,0,-0.01,
2,0,0.04,-10.07,-0.07,0,-0.01,
2,0,0.04,-10.07,-0.07,-0.01,-0.01,
2,0,0.04,-10.07,-0.07,-0.01,-0.01,
2,0,0.03,-10,-0.11,-0.01,-0.01,
2,0,0.03,-10,-0.11,0,-0.01,
2,0,0.03,-10,-0.11,0,-0.01,
2,0,0.04,-10,-0.08,0,-0.01,
2,0,0.04,-10,-0.08,0,-0.01,
2,0,-0.05,-10.06,-0.14,0,-0.01,
2,0,-0.05,-10.06,-0.14,0,-0.01,
2,0,-0.05,-10.06,-0.14,0,-0.01,
2,0,-0.02,-10.02,-0.07,-0.01,-0.01,
2,0,-0.02,-10.02,-0.07,-0.01,-0.01,
2,0,-0.02,-10.02,-0.07,-0.01,-0.01,
2,0,-0.01,-10.03,-0.03,-0.01,-0.01,
2,0,-0.01,-10.03,-0.03,-0.01,-0.01,
2,0,-0.01,-10.03,-0.03,0,-0.01,
2,0,-0.01,-10.05,-0.06,0,-0.01,
2,0,-0.01,-10.05,-0.06,0,-0.01,
2,0,-0.01,-10.05,-0.06,-0.01,0,
2,0,0,-10.05,-0.1,-0.01,-0.01,
2,0,0,-10.05,-0.1,-0.01,-0.01,
2,0,0,-10.05,-0.1,0,-0.01,
2,0,0.03,-10.06,-0.1,0,-0.01,
2,0,0.03,-10.06,-0.1,0,-0.01,
2,0,0.03,-10.06,-0.1,0,-0.01,
2,0,0.03,-9.99,-0.09,0,-0.01,
2,0,0.03,-9.99,-0.09,0,-0.01,
2,0,-0.02,-10.03,-0.07,0,-0.01,
2,0,-0.02,-10.03,-0.07,0,-0.01,
2,0,-0.02,-10.03,-0.07,-0.01,-0.01,
2,0,0.01,-10.05,-0.11,0,-0.01,
2,0,0.01,-10.05,-0.11,0,-0.01,
2,0,0.01,-10.05,-0.11,0,-0.01,
2,0,0,-10.03,-0.04,-0.01,-0.01,
2,0,0,-10.03,-0.04,-0.01,-0.01,
2,0,0,-10.03,-0.04,-0.01,-0.01,
2,0,0,-9.99,-0.13,0,-0.01,
2,0,0,-9.99,-0.13,0,-0.01,
2,0,0,-9.99,-0.13,0,-0.01,
2,0,-0.04,-9.94,-0.04,0,-0.01,
2,0,-0.04,-9.94,-0.04,0,-0.01,
2,0,-0.04,-9.94,-0.04,-0.01,-0.01,
2,0,0,-9.97,-0.09,0,-0.01,
2,0,0,-9.97,-0.09,0,-0.01,
2,0,0,-9.97,-0.09,0,-0.01,
2,0,0.03,-9.98,-0.06,0,-0.01,
2,0,0.03,-9.98,-0.06,0,-0.01,
2,0,0.03,-9.98,-0.06,0,-0.01,
2,0,0,-10.08,-0.12,0,-0.01,
2,0,0,-10.08,-0.12,0,-0.01,
2,0,0.04,-10.01,-0.08,-0.01,-0.01,
2,0,0.04,-10.01,-0.08,-0.01,-0.01,
2,0,0.04,-10.01,-0.08,-0.01,-0.01,
2,0,-0.02,-10.05,-0.13,0,-0.01,
2,0,-0.02,-10.05,-0.13,-0.01,-0.01,
2,0,-0.02,-10.05,-0.13,-0.01,-0.01,
2,0,-0.02,-9.99,-0.09,0,-0.01,
2,0,-0.02,-9.99,-0.09,-0.01,-0.01,
2,0,-0.02,-9.99,-0.09,-0.01,-0.01,
2,0,0.01,-10.09,-0.11,0,-0.01,
2,0,0.01,-10.09,-0.11,-0.01,-0.01,
2,0,0.01,-10.09,-0.11,-0.01,-0.01,
2,0,0.01,-10,-0.13,0,-0.01,
2,0,0.01,-10,-0.13,0,-0.01,
2,0,0.01,-10,-0.13,0,-0.01,
2,0,0,-10.02,-0.14,0,-0.01,
2,0,0,-10.02,-0.14,0,-0.01,
2,0,0.03,-10.02,-0.07,0,-0.01,
2,0,0.03,-10.02,-0.07,0,-0.01,
2,0,0.03,-10.02,-0.07,0,-0.01,
2,0,-0.07,-10.06,-0.09,0,-0.01,
2,0,-0.07,-10.06,-0.09,0,-0.01,
2,0,-0.07,-10.06,-0.09,-0.01,-0.01,
2,0,-0.03,-10.04,-0.11,-0.01,-0.01,
2,0,-0.03,-10.04,-0.11,-0.01,-0.01,
2,0,-0.03,-10.04,-0.11,-0.01,-0.01,
2,0,0.07,-10.08,-0.04,0,-0.01,
2,0,0.07,-10.08,-0.04,0,-0.01,
2,0,0.07,-10.08,-0.04,0,-0.01,
2,0,-0.03,-10.04,-0.09,0,-0.01,
2,0,-0.03,-10.04,-0.09,0,-0.01,
2,0,-0.03,-10.04,-0.09,0,-0.01,
2,0,0.03,-10.09,-0.07,-0.01,-0.01,
2,0,0.03,-10.09,-0.07,-0.01,-0.01,
2,0,0.03,-10.09,-0.07,0,-0.01,
2,0,-0.04,-10.07,-0.1,0,-0.01,
2,0,-0.04,-10.07,-0.1,0,-0.01,
2,0,-0.04,-10.07,-0.1,0,-0.01,
2,0,0,-10.06,-0.07,0,-0.01,
2,0,0,-10.06,-0.07,-0.01,-0.01,
2,0,-0.02,-10.01,-0.07,0,-0.01,
2,0,-0.02,-10.01,-0.07,0,-0.01,
2,0,-0.02,-10.01,-0.07,-0.01,-0.01,
2,0,0,-10.03,-0.05,-0.01,-0.01,
2,0,0,-10.03,-0.05,-0.01,-0.01,
2,0,0,-10.03,-0.05,0,-0.01,
2,0,0.03,-10.01,-0.13,0,-0.01,
2,0,0.03,-10.01,-0.13,0,-0.01,
2,0,0.03,-10.01,-0.13,0,0,
2,0,0.02,-10.03,-0.1,0,-0.01,
2,0,0.02,-10.03,-0.1,0,-0.01,
2,0,0.02,-10.03,-0.1,0,-0.01,
2,0,0.01,-10,-0.09,0,-0.01,
2,0,0.01,-10,-0.09,0,-0.01,
2,0,0.01,-10,-0.09,0,-0.01,
2,0,-0.03,-10.02,-0.11,0,-0.01,
2,0,-0.03,-10.02,-0.11,0,-0.01,
2,0,-0.02,-10.08,-0.12,0,-0.01,
2,0,-0.02,-10.08,-0.12,0,-0.01,
2,0,-0.02,-10.08,-0.12,-0.01,-0.01,
2,0,0.04,-10.07,-0.09,-0.01,-0.01,
2,0,0.04,-10.07,-0.09,0,0,
2,0,0.04,-10.07,-0.09,0,0,
2,0,0.03,-9.99,-0.05,-0.01,-0.01,
2,0,0.03,-9.99,-0.05,0,-0.01,
2,0,0.03,-9.99,-0.05,0,-0.01,
2,0,0,-10.16,-0.07,0,-0.01,
2,0,0,-10.16,-0.07,-0.01,-0.01,
2,0,0,-10.16,-0.07,-0.01,-0.01,
2,0,-0.05,-10,-0.09,0,-0.01,
2,0,-0.05,-10,-0.09,-0.01,-0.01,
2,0,-0.05,-10,-0.09,-0.01,-0.01,
2,0,0.06,-10.1,-0.11,-0.01,-0.01,
2,0,0.06,-10.1,-0.11,0,-0.01,
2,0,0.06,-10.1,-0.11,0,-0.01,
2,0,0,-10,-0.06,0,-0.01,
2,0,0,-10,-0.06,0,-0.01,
2,0,0,-10,-0.06,0,-0.01,
2,0,-0.04,-10.07,-0.14,-0.01,-0.01,
2,0,-0.04,-10.07,-0.14,-0.01,-0.01,
2,0,-0.04,-10.07,-0.14,0,-0.01,
2,0,0.02,-9.96,-0.06,0,-0.01,
2,0,0.02,-9.96,-0.06,0,-0.01,
2,0,0.02,-9.96,-0.06,-0.01,-0.01,
2,0,0.01,-10.01,-0.08,-0.01,-0.01,
2,0,0.01,-10.01,-0.08,-0.01,-0.01,
2,0,0.01,-10.01,-0.08,-0.01,-0.01,
2,0,0.02,-10.05,-0.07,-0.01,-0.01,
2,0,0.02,-10.05,-0.07,-0.01,-0.01,
2,0,0.02,-10.05,-0.07,-0.01,-0.01,
2,0,0.01,-10.08,-0.1,0,-0.01,
2,0,0.01,-10.08,-0.1,0,-0.01,
2,0,0.01,-10.08,-0.1,-0.01,-0.01,
2,0,0.04,-10.06,-0.08,0,-0.01,
2,0,0.04,-10.06,-0.08,0,-0.01,
2,0,-0.01,-10,-0.11,0,-0.01,
2,0,-0.01,-10,-0.11,-0.01,-0.01,
2,0,-0.01,-10,-0.11,-0.01,-0.01,
2,0,0,-10.03,-0.11,-0.01,0,
2,0,0,-10.03,-0.11,0,-0.01,
2,0,0,-10.03,-0.11,0,-0.01,
2,0,-0.01,-10.01,-0.03,0,-0.01,
2,0,-0.01,-10.01,-0.03,-0.01,-0.01,
2,0,-0.01,-10.01,-0.03,-0.01,-0.01,
2,0,0,-10.01,-0.1,-0.01,-0.01,
2,0,0,-10.01,-0.1,0,-0.01,
2,0,0,-10.01,-0.1,0,-0.01,
2,0,-0.03,-10.06,-0.06,0,-0.01,
2,0,-0.03,-10.06,-0.06,-0.01,-0.01,
2,0,-0.03,-10.06,-0.06,-0.01,-0.01,
2,0,0,-10.1,-0.13,0,-0.01,
2,0,0,-10.1,-0.13,0,-0.01,
2,0,-0.03,-10.05,-0.09,-0.01,-0.01,
2,0,-0.03,-10.05,-0.09,-0.01,-0.01,
2,0,-0.03,-10.05,-0.09,0,-0.01,
2,0,-0.01,-10.01,-0.11,0,-0.01,
2,0,-0.01,-10.01,-0.11,0,-0.01,
2,0,-0.01,-10.01,-0.11,0,-0.01,
2,0,0,-9.98,-0.03,0,-0.01,
2,0,0,-9.98,-0.03,0,-0.01,
2,0,0,-9.98,-0.03,0,-0.01,
2,0,-0.02,-10.04,-0.06,0,-0.01,
2,0,-0.02,-10.04,-0.06,0,-0.01,
2,0,-0.02,-10.04,-0.06,0,-0.01,
2,0,0.05,-10.03,-0.05,0,-0.01,
2,0,0.05,-10.03,-0.05,0,-0.01,
2,0,0.05,-10.07,-0.1,-0.01,-0.01,
2,0,0.05,-10.07,-0.1,0,-0.01,
2,0,0.05,-10.07,-0.1,0,-0.01,
2,0,-0.02,-10.02,-0.18,0,-0.01,
2,0,-0.02,-10.02,-0.18,-0.01,-0.01,
2,0,-0.02,-10.02,-0.18,-0.01,-0.01,
2,0,0,-10.03,-0.09,-0.01,-0.01,
2,0,0,-10.03,-0.09,0,-0.01,
2,0,0,-10.03,-0.09,0,-0.01,
2,0,-0.02,-10.01,-0.11,0,-0.01,
2,0,-0.02,-10.01,-0.11,0,0,
2,0,-0.02,-10.01,-0.11,0,0,
2,0,0.01,-10.06,-0.06,-0.01,-0.01,
2,0,0.01,-10.06,-0.06,0,-0.01,
2,0,0.01,-10.06,-0.06,0,-0.01,
2,0,-0.01,-9.97,-0.06,0,-0.01,
2,0,-0.01,-9.97,-0.06,0,-0.01,
2,0,0.04,-10.04,-0.11,0,-0.01,
2,0,0.04,-10.04,-0.11,0,-0.01,
2,0,0.04,-10.04,-0.11,-0.01,-0.01,
2,0,0.07,-10.1,-0.08,-0.01,-0.01,
2,0,0.07,-10.1,-0.08,-0.01,-0.01,
2,0,0.07,-10.1,-0.08,0,-0.01,
2,0,0.02,-10,-0.11,0,-0.01,
2,0,0.02,-10,-0.11,0,-0.01,
2,0,0.02,-10,-0.11,-0.01,-0.01,
2,0,-0.07,-10.06,-0.13,-0.01,-0.01,
2,0,-0.07,-10.06,-0.13,-0.01,-0.01,
2,0,-0.07,-10.06,-0.13,-0.01,-0.01,
2,0,-0.01,-10.04,-0.09,0,-0.01,
2,0,-0.01,-10.04,-0.09,0,-0.01,
2,0,-0.01,-10.04,-0.09,-0.01,-0.01,
2,0,-0.03,-10.05,-0.07,0,-0.01,
2,0,-0.03,-10.05,-0.07,0,-0.01,
2,0,-0.04,-10.01,-0.11,0,-0.01,
2,0,-0.04,-10.01,-0.11,-0.01,-0.02,
2,0,-0.04,-10.01,-0.11,-0.01,-0.02,
2,0,0.01,-10.03,-0.12,0,-0.01,
2,0,0.01,-10.03,-0.12,0,-0.01,
2,0,0.01,-10.03,-0.12,0,-0.01,
2,0,-0.01,-10.04,-0.1,-0.01,-0.01,
2,0,-0.01,-10.04,-0.1,-0.01,-0.01,
2,0,-0.01,-10.04,-0.1,-0.01,-0.01,
2,0,-0.01,-10.06,-0.09,0,-0.01,
2,0,-0.01,-10.06,-0.09,-0.01,-0.01,
2,0,-0.01,-10.06,-0.09,-0.01,-0.01,
2,0,0.02,-10.06,-0.13,0,-0.01,
2,0,0.02,-10.06,-0.13,-0.01,-0.01,
2,0,0.02,-10.06,-0.13,-0.01,-0.01,
2,0,-0.01,-10.02,-0.11,0,-0.01,
2,0,-0.01,-10.02,-0.11,0,-0.01,
2,0,-0.01,-10.02,-0.11,0,-0.01,
2,0,0.02,-10.03,-0.06,0,-0.01,
2,0,0.02,-10.03,-0.06,-0.01,-0.01,
2,0,0.02,-10.03,-0.06,-0.01,-0.01,
2,0,0,-10.04,-0.07,0,-0.01,
2,0,0,-10.04,-0.07,0,-0.01,
2,0,0,-10.04,-0.07,0,-0.01,
2,0,0.02,-10,-0.13,0,-0.01,
2,0,0.02,-10,-0.13,0,-0.01,
2,0,-0.02,-10.03,-0.07,0,-0.01,
2,0,-0.02,-10.03,-0.07,0,-0.01,
2,0,-0.02,-10.03,-0.07,0,-0.01,
2,0,0.01,-10.03,-0.04,0,-0.01,
2,0,0.01,-10.03,-0.04,0,-0.01,
2,0,0.01,-10.03,-0.04,0,-0.01,
2,0,0.04,-9.99,-0.12,0,-0.01,
2,0,0.04,-9.99,-0.12,0,-0.01,
2,0,0.04,-9.99,-0.12,0,-0.01,
2,0,0,-10.01,-0.05,0,-0.01,
2,0,0,-10.01,-0.05,0,-0.01,
2,0,0,-10.01,-0.05,0,-0.01,
2,0,0.02,-10.05,-0.14,0,-0.01,
2,0,0.02,-10.05,-0.14,0,-0.01,
2,0,0.02,-10.05,-0.14,0,-0.01,
2,0,0,-10.05,-0.08,-0.01,0,
2,0,0,-10.05,-0.08,0,-0.01,
2,0,0,-10.05,-0.08,0,-0.01,
2,0,0,-10.01,-0.03,-0.01,-0.01,
2,0,0,-10.01,-0.03,0,-0.01,
2,0,0,-10.05,-0.11,0,-0.01,
2,0,0,-10.05,-0.11,0,-0.01,
2,0,0,-10.05,-0.11,0,-0.01,
2,0,0.02,-10.03,-0.15,0,-0.01,
2,0,0.02,-10.03,-0.15,0,0,
2,0,0.02,-10.03,-0.15,0,0,
2,0,0.01,-10.06,-0.13,0,0,
2,0,0.01,-10.06,-0.13,0,-0.01,
2,0,0.01,-10.06,-0.13,-0.01,-0.01,
2,0,0.04,-10.05,-0.07,-0.01,-0.01,
2,0,0.04,-10.05,-0.07,0,-0.01,
2,0,0.04,-10.05,-0.07,0,-0.01,
2,0,0.05,-10.05,-0.11,0,-0.01,
2,0,0.05,-10.05,-0.11,0,-0.01,
2,0,0.05,-10.05,-0.11,-0.01,-0.01,
2,0,0.03,-10.03,-0.1,-0.01,-0.01,
2,0,0.03,-10.03,-0.1,-0.01,-0.01,
2,0,0.03,-10.03,-0.1,0,-0.01,
2,0,0.06,-9.99,-0.07,0,-0.01,
2,0,0.06,-9.99,-0.07,0,-0.01,
2,0,0.06,-9.99,-0.07,0,-0.01,
2,0,0,-10.04,-0.09,0,-0.01,
2,0,0,-10.04,-0.09,0,-0.01,
2,0,0.02,-10.07,-0.09,0,-0.01,
2,0,0.02,-10.07,-0.09,0,-0.01,
2,0,0.02,-10.07,-0.09,-0.01,-0.01,
2,0,-0.07,-10.05,-0.1,0,-0.01,
2,0,-0.07,-10.05,-0.1,0,-0.01,
2,0,-0.07,-10.05,-0.1,0,-0.01,
2,0,-0.03,-10,-0.11,0,-0.01,
2,0,-0.03,-10,-0.11,0,-0.01,
2,0,-0.03,-10,-0.11,0,-0.01,
2,0,0.05,-10.02,-0.1,0,-0.01,
2,0,0.05,-10.02,-0.1,0,-0.01,
2,0,0.05,-10.02,-0.1,0,-0.01,
2,0,0.02,-10.09,-0.08,0,-0.01,
2,0,0.02,-10.09,-0.08,0,-0.01,
2,0,0.02,-10.09,-0.08,0,-0.01,
2,0,0.03,-10,-0.1,0,-0.01,
2,0,0.03,-10,-0.1,0,-0.01,
2,0,0.02,-10,-0.07,-0.01,-0.01,
2,0,0.02,-10,-0.07,-0.01,-0.01,
2,0,0.02,-10,-0.07,-0.01,-0.01,
2,0,0.02,-10.08,-0.1,0,-0.01,
2,0,0.02,-10.08,-0.1,0,-0.01,
2,0,0.02,-10.08,-0.1,0,-0.01,
2,0,-0.05,-10.04,-0.13,-0.01,-0.01,
2,0,-0.05,-10.04,-0.13,0,-0.01,
2,0,-0.05,-10.04,-0.13,0,-0.01,
2,0,0,-10.03,-0.08,-0.01,-0.01,
2,0,0,-10.03,-0.08,0,-0.01,
2,0,0,-10.03,-0.08,0,-0.01,
2,0,0.01,-10.07,-0.12,-0.01,-0.01,
2,0,0.01,-10.07,-0.12,0,-0.01,
2,0,0.01,-10.07,-0.12,0,-0.01,
2,0,-0.02,-10.07,-0.05,0,-0.01,
2,0,-0.02,-10.07,-0.05,0,0,
2,0,-0.02,-10.07,-0.05,0,0,
2,0,0.04,-10.02,-0.07,-0.01,-0.01,
2,0,0.04,-10.02,-0.07,-0.01,-0.01,
2,0,0.04,-10.02,-0.07,0,-0.01,
2,0,0,-10.04,-0.1,-0.01,-0.01,
2,0,0,-10.04,-0.1,0,-0.01,
2,0,0,-10.04,-0.1,0,-0.01,
2,0,0.01,-10.05,-0.02,0,-0.01,
2,0,0.01,-10.05,-0.02,0,-0.01,
2,0,0.01,-10.05,-0.02,0,-0.01,
2,0,0.06,-10.06,-0.09,0,-0.01,
2,0,0.06,-10.06,-0.09,0,-0.01,
2,0,0.06,-10.06,-0.09,0,-0.01,
2,0,0,-10,-0.09,0,-0.01,
2,0,0,-10,-0.09,0,-0.01,
2,0,0,-10,-0.09,0,-0.01,
2,0,0,-10.05,-0.07,0,-0.01,
2,0,0,-10.05,-0.07,0,-0.01,
2,0,0,-10.05,-0.07,0,-0.01,
2,0,-0.05,-10,-0.09,0,-0.01,
2,0,-0.05,-10,-0.09,0,-0.01,
2,0,-0.05,-10,-0.09,-0.01,-0.01,
2,0,-0.04,-10.01,-0.07,-0.01,-0.01,
2,0,-0.04,-10.01,-0.07,-0.01,-0.01,
2,0,0.02,-10.05,-0.07,-0.01,-0.01,
2,0,0.02,-10.05,-0.07,0,-0.01,
2,0,0.02,-10.05,-0.07,0,-0.01,
2,0,0,-10.06,-0.12,-0.01,-0.01,
2,0,0,-10.06,-0.12,0,-0.01,
2,0,0,-10.06,-0.12,0,-0.01,
2,0,-0.04,-10.05,-0.11,-0.01,-0.01,
2,0,-0.04,-10.05,-0.11,0,-0.01,
2,0,-0.04,-10.05,-0.11,0,-0.01,
2,0,-0.02,-10.03,-0.09,0,-0.01,
2,0,-0.02,-10.03,-0.09,0,-0.01,
2,0,-0.02,-10.03,-0.09,0,-0.01,
2,0,-0.03,-10.03,-0.12,0,-0.01,
2,0,-0.03,-10.03,-0.12,-0.01,-0.01,
2,0,-0.03,-10.03,-0.12,-0.01,-0.01,
2,0,0.01,-10.05,-0.07,0,-0.01,
2,0,0.01,-10.05,-0.07,0,-0.01,
2,0,0.01,-10.05,-0.07,0,-0.01,
2,0,0,-10,-0.08,0,-0.01,
2,0,0,-10,-0.08,0,-0.01,
2,0,-0.06,-10.03,-0.05,0,-0.01,
2,0,-0.06,-10.03,-0.05,0,-0.01,
2,0,-0.06,-10.03,-0.05,-0.01,-0.01,
2,0,0,-10.02,-0.1,-0.01,-0.01,
2,0,0,-10.02,-0.1,0,-0.01,
2,0,0,-10.02,-0.1,0,-0.01,
2,0,0,-9.95,-0.08,0,-0.01,
2,0,0,-9.95,-0.08,0,-0.01,
2,0,0,-9.95,-0.08,0,0,
2,0,-0.02,-9.99,-0.08,0,0,
2,0,-0.02,-9.99,-0.08,-0.01,-0.01,
2,0,-0.02,-9.99,-0.08,-0.01,-0.01,
2,0,0.01,-10.02,-0.11,-0.01,-0.01,
2,0,0.01,-10.02,-0.11,0,-0.01,
2,0,0.01,-10.02,-0.11,-0.01,-0.01,
2,0,0,-10.06,-0.05,-0.01,-0.01,
2,0,0,-10.06,-0.05,-0.01,-0.01,
2,0,0,-10.06,-0.05,-0.01,-0.01,
2,0,0.04,-9.96,-0.1,-0.01,-0.01,
2,0,0.04,-9.96,-0.1,0,-0.01,
2,0,0.04,-9.96,-0.1,-0.01,-0.01,
2,0,0,-10.07,-0.1,-0.01,-0.01,
2,0,0,-10.07,-0.1,0,-0.01,
2,0,0,-10.07,-0.08,0,-0.01,
2,0,0,-10.07,-0.08,0,-0.01,
2,0,0,-10.07,-0.08,0,-0.01,
2,0,0,-10,-0.11,0,-0.01,
2,0,0,-10,-0.11,0,-0.01,
2,0,0,-10,-0.11,0,-0.01,
2,0,0.01,-10.07,-0.11,0,-0.01,
2,0,0.01,-10.07,-0.11,0,-0.01,
2,0,0.01,-10.07,-0.11,-0.01,0,
2,0,-0.02,-10.03,-0.05,0,-0.01,
2,0,-0.02,-10.03,-0.05,0,-0.01,
2,0,-0.02,-10.03,-0.05,0,0,
2,0,-0.06,-10.05,-0.14,-0.01,-0.01,
2,0,-0.06,-10.05,-0.14,-0.01,-0.01,
2,0,-0.06,-10.05,-0.14,0,-0.01,
2,0,0,-10.05,-0.07,-0.01,-0.01,
2,0,0,-10.05,-0.07,-0.01,-0.01,
2,0,0.01,-10.05,-0.09,0,-0.01,
2,0,0.01,-10.05,-0.09,-0.01,-0.01,
2,0,0.01,-10.05,-0.09,-0.01,-0.01,
2,0,-0.02,-10.07,-0.08,0,-0.01,
2,0,-0.02,-10.07,-0.08,0,-0.01,
2,0,-0.02,-10.07,-0.08,0,-0.01,
2,0,0.09,-10.04,-0.07,0.01,-0.01,
2,0,0.09,-10.04,-0.07,-0.01,-0.01,
2,0,0.09,-10.04,-0.07,-0.01,-0.01,
2,0,-0.03,-10.07,-0.1,0,-0.01,
2,0,-0.03,-10.07,-0.1,0,-0.01,
2,0,-0.03,-10.07,-0.1,0,-0.01,
2,0,-0.03,-10.05,-0.09,0,-0.01,
2,0,-0.03,-10.05,-0.09,0,-0.01,
2,0,-0.03,-10.05,-0.09,0,-0.01,
2,0,-0.07,-10.02,-0.1,0,-0.01,
2,0,-0.07,-10.02,-0.1,0,-0.01,
2,0,-0.07,-10.02,-0.1,0,-0.01,
2,0,-0.04,-10,-0.13,0,-0.01,
2,0,-0.04,-10,-0.13,0,-0.01,
2,0,-0.04,-10,-0.13,0,-0.01,
2,0,-0.05,-10.03,-0.06,0,-0.01,
2,0,-0.05,-10.03,-0.06,0,-0.01,
2,0,-0.05,-10.03,-0.06,0,-0.01,
2,0,-0.01,-10.03,-0.11,-0.01,-0.01,
2,0,-0.01,-10.03,-0.11,-0.01,-0.01,
2,0,-0.01,-10.03,-0.11,0,-0.01,
2,0,-0.05,-10.02,-0.05,0,-0.01,
2,0,-0.05,-10.02,-0.05,0,-0.01,
2,0,0.02,-10.03,-0.07,-0.01,-0.01,
2,0,0.02,-10.03,-0.07,0,-0.01,
2,0,0.02,-10.03,-0.07,0,-0.01,
2,0,0.02,-10.04,-0.1,0,-0.01,
2,0,0.02,-10.04,-0.1,0,-0.01,
2,0,0.02,-10.04,-0.1,0,-0.01,
2,0,0,-10.02,-0.1,0,-0.01,
2,0,0,-10.02,-0.1,0,-0.01,
2,0,0,-10.02,-0.1,0,-0.01,
2,0,0,-9.97,-0.11,0,-0.01,
2,0,0,-9.97,-0.11,0,-0.01,
2,0,0,-9.97,-0.11,0,-0.01,
2,0,0.03,-10.08,-0.09,0,-0.01,
2,0,0.03,-10.08,-0.09,-0.01,-0.01,
2,0,0.03,-10.08,-0.09,-0.01,-0.01,
2,0,0.01,-10.06,-0.13,0,-0.01,
2,0,0.01,-10.06,-0.13,0,-0.01,
2,0,0.01,-9.97,-0.07,0,-0.01,
2,0,0.01,-9.97,-0.07,0,-0.01,
2,0,0.01,-9.97,-0.07,0,-0.01,
2,0,-0.06,-10.03,-0.09,0,-0.01,
2,0,-0.06,-10.03,-0.09,0,-0.01,
2,0,-0.06,-10.03,-0.09,-0.01,-0.01,
2,0,-0.01,-10.02,-0.1,0,-0.01,
2,0,-0.01,-10.02,-0.1,0,-0.01,
2,0,-0.01,-10.02,-0.1,0,-0.01,
2,0,0.02,-10.01,-0.07,0,-0.01,
2,0,0.02,-10.01,-0.07,0,-0.01,
2,0,0.02,-10.01,-0.07,-0.01,-0.01,
2,0,-0.01,-10.07,-0.11,0,-0.01,
2,0,-0.01,-10.07,-0.11,0,-0.01,
2,0,-0.01,-10.07,-0.11,-0.01,-0.01,
2,0,0.03,-10.07,-0.09,0,-0.01,
2,0,0.03,-10.07,-0.09,0,-0.01,
2,0,0.03,-10.07,-0.09,0,-0.01,
2,0,-0.06,-10.05,-0.1,0,-0.01,
2,0,-0.06,-10.05,-0.1,0,-0.01,
2,0,-0.01,-10.06,-0.07,0,-0.01,
2,0,-0.01,-10.06,-0.07,0,-0.01,
2,0,-0.01,-10.06,-0.07,0,-0.01,
2,0,-0.02,-10.04,-0.08,0,-0.01,
2,0,-0.02,-10.04,-0.08,0,-0.01,
2,0,-0.02,-10.04,-0.08,0,-0.01,
2,0,0.02,-10.04,-0.11,-0.01,-0.01,
2,0,0.02,-10.04,-0.11,-0.01,-0.01,
2,0,0.02,-10.04,-0.11,-0.01,-0.01,
2,0,-0.03,-10.05,-0.06,-0.01,-0.01,
2,0,-0.03,-10.05,-0.06,0,-0.01,
2,0,-0.03,-10.05,-0.06,0,-0.01,
2,0,0.03,-10.06,-0.12,0,-0.01,
2,0,0.03,-10.06,-0.12,-0.01,-0.01,
2,0,0.03,-10.06,-0.12,-0.01,-0.01,
2,0,-0.01,-10.04,-0.09,0,-0.01,
2,0,-0.01,-10.04,-0.09,0,-0.01,
2,0,-0.01,-10.04,-0.09,0,-0.01,
2,0,0,-10.06,-0.13,0,-0.01,
2,0,0,-10.06,-0.13,0,-0.01,
2,0,-0.07,-10.05,-0.07,0,-0.01,
2,0,-0.07,-10.05,-0.07,0,-0.01,
2,0,-0.07,-10.05,-0.07,0,-0.01,
2,0,0.01,-10.06,-0.11,0,-0.01,
2,0,0.01,-10.06,-0.11,0,-0.01,
2,0,0.01,-10.06,-0.11,0,-0.01,
2,0,-0.05,-10,-0.11,0,-0.01,
2,0,-0.05,-10,-0.11,-0.01,-0.01,
2,0,-0.05,-10,-0.11,0,-0.01,
2,0,-0.01,-9.96,-0.11,0,-0.01,
2,0,-0.01,-9.96,-0.11,0,-0.01,
2,0,-0.01,-9.96,-0.11,-0.01,-0.01,
2,0,0.02,-9.97,-0.1,-0.01,-0.01,
2,0,0.02,-9.97,-0.1,-0.01,-0.01,
2,0,0.02,-9.97,-0.1,-0.01,-0.01,
2,0,0.01,-10,-0.02,-0.01,-0.01,
2,0,0.01,-10,-0.02,0,-0.01,
2,0,0,-10.03,-0.09,-0.01,-0.01,
2,0,0,-10.03,-0.09,-0.01,-0.01,
2,0,0,-10.03,-0.09,0,-0.01,
2,0,-0.05,-10.04,-0.06,-0.01,-0.01,
2,0,-0.05,-10.04,-0.06,-0.01,-0.01,
2,0,-0.05,-10.04,-0.06,-0.01,-0.01,
2,0,0,-10.04,-0.07,-0.01,-0.01,
2,0,0,-10.04,-0.07,-0.01,-0.01,
2,0,0,-10.04,-0.07,0,-0.01,
2,0,-0.01,-10.03,-0.08,0,-0.01,
2,0,-0.01,-10.03,-0.08,0,-0.01,
2,0,-0.01,-10.03,-0.08,0,-0.01,
2,0,-0.04,-9.99,-0.08,0,-0.01,
2,0,-0.04,-9.99,-0.08,0,-0.01,
2,0,-0.04,-9.99,-0.08,0,-0.01,
2,0,0,-9.99,-0.14,0,0,
2,0,0,-9.99,-0.14,0,0,
2,0,0,-9.99,-0.14,-0.01,0,
2,0,0,-10.06,-0.08,0,-0.01,
2,0,0,-10.06,-0.08,0,-0.01,
2,0,0,-10.06,-0.08,0,-0.01,
2,0,-0.04,-10.03,-0.08,0,-0.01,
2,0,-0.04,-10.03,-0.08,0,-0.01,
2,0,-0.04,-10.03,-0.08,-0.01,0,
2,0,0.04,-10.08,-0.13,0,0,
2,0,0.04,-10.08,-0.13,0,0,
2,0,0,-10.02,-0.08,-0.01,-0.01,
2,0,0,-10.02,-0.08,-0.01,-0.01,
2,0,0,-10.02,-0.08,-0.01,-0.01,
2,0,0.04,-10.06,-0.05,-0.01,-0.01,
2,0,0.04,-10.06,-0.05,0,-0.01,
2,0,0.04,-10.06,-0.05,0,-0.01,
2,0,-0.03,-10.04,-0.09,0,0,
2,0,-0.03,-10.04,-0.09,0,-0.01,
2,0,-0.03,-10.04,-0.09,0,-0.01,
2,0,-0.03,-10.03,-0.07,0,-0.01,
2,0,-0.03,-10.03,-0.07,0,-0.01,
2,0,-0.02,-10.09,-0.08,-0.01,-0.01,
2,0,-0.02,-10.09,-0.08,-0.01,-0.01,
2,0,-0.02,-10.09,-0.08,0,-0.01,
2,0,-0.04,-10.02,-0.07,0,-0.01,
2,0,-0.04,-10.02,-0.07,0,-0.01,
2,0,-0.04,-10.02,-0.07,-0.01,-0.01,
2,0,-0.01,-10.01,-0.06,-0.01,-0.01,
2,0,-0.01,-10.01,-0.06,-0.01,-0.01,
2,0,-0.01,-10.01,-0.06,0,-0.01,
2,0,-0.01,-10.03,-0.1,0,-0.01,
2,0,-0.01,-10.03,-0.1,0,-0.01,
2,0,-0.01,-10.03,-0.1,0,-0.01,
2,0,-0.04,-9.99,-0.09,0,-0.01,
2,0,-0.04,-9.99,-0.09,0,-0.01,
2,0,-0.04,-9.99,-0.09,0,-0.01,
2,0,0.07,-10,-0.1,0,-0.01,
2,0,0.07,-10,-0.1,0,-0.01,
2,0,0.07,-10,-0.1,-0.01,-0.01,
2,0,0.01,-10.07,-0.1,0,0,
2,0,0.01,-10.07,-0.1,0,0,
2,0,-0.04,-10.09,-0.1,0,-0.01,
2,0,-0.04,-10.09,-0.1,0,-0.01,
2,0,-0.04,-10.09,-0.1,0,-0.01,
2,0,-0.04,-9.96,-0.11,0,-0.01,
2,0,-0.04,-9.96,-0.11,0,-0.01,
2,0,-0.04,-9.96,-0.11,0,-0.01,
2,0,0.02,-10.05,-0.11,0,-0.01,
2,0,0.02,-10.05,-0.11,-0.01,-0.01,
2,0,0.02,-10.05,-0.11,-0.01,-0.01,
2,0,-0.01,-10.03,-0.15,-0.01,-0.01,
2,0,-0.01,-10.03,-0.15,-0.01,-0.01,
2,0,-0.01,-10.03,-0.15,-0.01,-0.01,
2,0,0,-10.05,-0.13,0,-0.01,
2,0,0,-10.05,-0.13,0,-0.01,
2,0,0,-10.05,-0.13,0,-0.01,
2,0,0.01,-10.01,-0.1,-0.01,-0.01,
2,0,0.01,-10.01,-0.1,0,-0.01,
2,0,0.01,-10.01,-0.1,0,-0.01,
2,0,0.03,-10.06,-0.05,0,-0.01,
2,0,0.03,-10.06,-0.05,-0.01,-0.01,
2,0,0.04,-10.06,-0.02,-0.01,-0.01,
2,0,0.04,-10.06,-0.02,0,-0.01,
2,0,0.04,-10.06,-0.02,0,-0.01,
2,0,-0.02,-10.15,-0.04,0,-0.01,
2,0,-0.02,-10.15,-0.04,0,-0.01,
2,0,-0.02,-10.15,-0.04,-0.01,-0.01,
2,0,-0.02,-9.96,0.1,-0.01,-0.01,
2,0,-0.02,-9.96,0.1,-0.01,-0.01,
2,0,-0.02,-9.96,0.1,0,-0.01,
2,0,0.05,-10.04,-0.26,0,-0.01,
2,0,0.05,-10.04,-0.26,0,-0.01,
2,0,0.05,-10.04,-0.26,0,-0.01,
2,0,-0.05,-10.05,-0.03,0,-0.01,
2,0,-0.05,-10.05,-0.03,-0.01,-0.01,
2,0,-0.05,-10.05,-0.03,0,-0.01,
2,0,0.12,-9.98,-0.16,0,-0.01,
2,0,0.12,-9.98,-0.16,-0.01,-0.01,
2,0,-0.09,-10.06,0.09,0,-0.01,
2,0,-0.09,-10.06,0.09,0,-0.01,
2,0,-0.09,-10.06,0.09,-0.01,-0.01,
2,0,0.01,-10.09,-0.22,0,-0.01,
2,0,0.01,-10.09,-0.22,0,-0.01,
2,0,0.01,-10.09,-0.22,0,-0.01,
2,0,-0.01,-10.02,-0.08,-0.01,-0.01,
2,0,-0.01,-10.02,-0.08,-0.01,-0.01,
2,0,-0.01,-10.02,-0.08,0,-0.01,
2,0,0.05,-10.02,-0.07,0,-0.01,
2,0,0.05,-10.02,-0.07,0,-0.01,
2,0,0.05,-10.02,-0.07,-0.01,-0.01,
2,0,0,-9.98,-0.04,-0.01,-0.01,
2,0,0,-9.98,-0.04,-0.01,-0.01,
2,0,0,-9.98,-0.04,0,-0.01,
2,0,0.01,-10.05,-0.11,0,-0.01,
2,0,0.01,-10.05,-0.11,0,-0.01,
2,0,0.01,-10.05,-0.11,0,-0.01,
2,0,0,-10.01,-0.11,-0.01,-0.01,
2,0,0,-10.01,-0.11,-0.01,-0.01,
2,0,0,-10.01,-0.11,0,-0.01,
2,0,0.01,-10.02,-0.1,0,-0.01,
2,0,0.01,-10.02,-0.1,0,-0.01,
2,0,0.01,-10.02,-0.1,0,-0.01,
2,0,-0.03,-10.04,-0.01,0,-0.01,
2,0,-0.03,-10.04,-0.01,0,-0.01,
2,0,-0.03,-10.04,-0.01,0,-0.01,
2,0,0.06,-10,-0.09,-0.01,-0.01,
2,0,0.06,-10,-0.09,-0.01,-0.01,
2,0,0.04,-10.08,-0.09,-0.01,-0.01,
2,0,0.04,-10.08,-0.09,0,-0.01,
2,0,0.04,-10.08,-0.09,0,-0.01,
2,0,0.01,-10.03,-0.13,-0.01,-0.01,
2,0,0.01,-10.03,-0.13,0,-0.01,
2,0,0.01,-10.03,-0.13,0,-0.01,
2,0,-0.03,-10.07,-0.12,0,-0.01,
2,0,-0.03,-10.07,-0.12,-0.01,-0.01,
2,0,-0.03,-10.07,-0.12,-0.01,-0.01,
2,0,0.05,-10.07,-0.08,-0.01,-0.01,
2,0,0.05,-10.07,-0.08,-0.01,-0.01,
2,0,0.05,-10.07,-0.08,-0.01,-0.01,
2,0,-0.01,-10.04,-0.09,-0.01,-0.01,
2,0,-0.01,-10.04,-0.09,0,-0.01,
2,0,-0.02,-9.96,-0.09,0,-0.01,
2,0,-0.02,-9.96,-0.09,-0.01,-0.01,
2,0,-0.02,-9.96,-0.09,0,-0.01,
2,0,0.01,-10.06,-0.05,0,-0.01,
2,0,0.01,-10.06,-0.05,-0.01,-0.01,
2,0,0.01,-10.06,-0.05,0,-0.01,
2,0,0.03,-10.01,-0.09,0,-0.01,
2,0,0.03,-10.01,-0.09,0,-0.01,
2,0,0.03,-10.01,-0.09,0,0,
2,0,0.05,-10.06,-0.11,0,-0.01,
2,0,0.05,-10.06,-0.11,0,-0.01,
2,0,0.05,-10.06,-0.11,0,-0.01,
2,0,0.04,-10,-0.11,-0.01,-0.01,
2,0,0.04,-10,-0.11,-0.01,-0.01,
2,0,0,-10.02,-0.11,0,-0.01,
2,0,0,-10.02,-0.11,0,-0.01,
2,0,0,-10.02,-0.11,0,-0.01,
2,0,0,-10.07,-0.11,-0.01,-0.01,
2,0,0,-10.07,-0.11,0,-0.01,
2,0,0,-10.07,-0.11,0,-0.01,
2,0,-0.01,-10.03,-0.03,-0.01,-0.01,
2,0,-0.01,-10.03,-0.03,-0.01,-0.01,
2,0,-0.01,-10.03,-0.03,-0.01,-0.01,
2,0,0.05,-10.04,-0.05,0,-0.01,
2,0,0.05,-10.04,-0.05,0,-0.01,
2,0,0.05,-10.04,-0.05,0,-0.01,
2,0,0,-10.08,-0.06,-0.01,-0.01,
2,0,0,-10.08,-0.06,-0.01,-0.01,
2,0,0.06,-9.99,-0.07,-0.01,-0.01,
2,0,0.06,-9.99,-0.07,0,-0.01,
2,0,0.06,-9.99,-0.07,0,-0.01,
2,0,-0.03,-10.01,-0.1,0,-0.01,
2,0,-0.03,-10.01,-0.1,0,-0.01,
2,0,-0.03,-10.01,-0.1,0,-0.01,
2,0,-0.01,-10.01,-0.15,0,-0.01,
2,0,-0.01,-10.01,-0.15,0,-0.01,
2,0,-0.01,-10.01,-0.15,-0.01,-0.01,
2,0,0,-10.07,-0.09,-0.01,-0.01,
2,0,0,-10.07,-0.09,0,-0.01,
2,0,0,-10.07,-0.09,-0.01,-0.01,
2,0,-0.01,-10.03,-0.04,-0.01,-0.01,
2,0,-0.01,-10.03,-0.04,0,-0.01,
2,0,-0.01,-10.03,-0.04,0,-0.01,
2,0,0.02,-10.05,-0.11,0,-0.01,
2,0,0.02,-10.05,-0.11,0,0,
2,0,0.02,-10.05,-0.11,-0.01,-0.01,
2,0,0.01,-9.98,-0.1,-0.01,-0.01,
2,0,0.01,-9.98,-0.1,0,-0.02,
2,0,0.01,-9.98,-0.1,0,0,
2,0,0.01,-10.05,-0.1,0,0,
2,0,0.01,-10.05,-0.1,0,-0.01,
2,0,0.01,-10,-0.13,-0.01,0,
2,0,0.01,-10,-0.13,-0.01,0,
2,0,0.01,-10,-0.13,-0.01,-0.01,
2,0,0.01,-10.05,-0.06,-0.01,0,
2,0,0.01,-10.05,-0.06,-0.01,0,
2,0,0.01,-10.05,-0.06,0,-0.01,
2,0,-0.01,-10.07,-0.1,0,-0.01,
2,0,-0.01,-10.07,-0.1,0,-0.01,
2,0,-0.01,-10.07,-0.1,0,-0.01,
2,0,-0.04,-10.02,-0.12,0,-0.01,
2,0,-0.04,-10.02,-0.12,0,-0.01,
2,0,-0.04,-10.02,-0.12,0,-0.01,
2,0,0.04,-10.01,-0.08,-0.01,-0.01,
2,0,0.04,-10.01,-0.08,-0.01,-0.01,
2,0,0.04,-10.01,-0.08,0,-0.01,
2,0,0.06,-10.05,-0.07,0,-0.01,
2,0,0.06,-10.05,-0.07,0,0,
2,0,0.06,-10.05,-0.07,-0.01,-0.01,
2,0,0,-10.08,-0.11,-0.01,-0.01,
2,0,0,-10.08,-0.11,-0.01,-0.01,
2,0,0,-10.08,-0.11,0,-0.01,
2,0,-0.02,-10.05,-0.1,0,-0.01,
2,0,-0.02,-10.05,-0.1,-0.01,-0.01,
2,0,-0.02,-10.05,-0.1,0,-0.01,
2,0,-0.01,-10.06,-0.08,0,-0.01,
2,0,-0.01,-10.06,-0.08,0,-0.01,
2,0,-0.01,-10.06,-0.08,-0.01,-0.01,
2,0,-0.05,-10.05,-0.06,-0.01,-0.01,
2,0,-0.05,-10.05,-0.06,0,-0.01,
2,0,-0.05,-10.05,-0.06,0,-0.01,
2,0,-0.02,-10,-0.11,0,-0.01,
2,0,-0.02,-10,-0.11,-0.01,-0.01,
2,0,-0.02,-10,-0.11,-0.01,-0.01,
2,0,-0.04,-10.01,-0.07,0,-0.01,
2,0,-0.04,-10.01,-0.07,0,-0.01,
2,0,-0.04,-10.01,-0.07,0,-0.01,
2,0,0.04,-10,-0.07,0,-0.01,
2,0,0.04,-10,-0.07,0,-0.01,
2,0,-0.02,-10.01,-0.11,0,-0.01,
2,0,-0.02,-10.01,-0.11,0,-0.01,
2,0,-0.02,-10.01,-0.11,-0.01,-0.01,
2,0,0.03,-10.03,-0.09,-0.01,-0.01,
2,0,0.03,-10.03,-0.09,-0.01,-0.01,
2,0,0.03,-10.03,-0.09,0,-0.01,
2,0,0.08,-10.04,-0.09,0,-0.01,
2,0,0.08,-10.04,-0.09,0,-0.01,
2,0,0.08,-10.04,-0.09,-0.01,-0.01,
2,0,0.02,-9.99,-0.11,0,-0.01,
2,0,0.02,-9.99,-0.11,0,-0.01,
2,0,0.02,-9.99,-0.11,0,-0.01,
2,0,0,-10.03,-0.06,-0.01,-0.01,
2,0,0,-10.03,-0.06,-0.01,-0.01,
2,0,0,-10.03,-0.06,-0.01,-0.01,
2,0,0.05,-10.05,-0.11,0,-0.01,
2,0,0.05,-10.05,-0.11,0,-0.01,
2,0,0.05,-10.05,-0.11,0,-0.01,
2,0,0,-10.05,-0.08,0,-0.01,
2,0,0,-10.05,-0.08,0,-0.01,
2,0,0,-10.05,-0.08,0,-0.01,
2,0,-0.06,-10,-0.07,0,-0.01,
2,0,-0.06,-10,-0.07,0,-0.01,
2,0,-0.01,-10.02,-0.1,0,-0.01,
2,0,-0.01,-10.02,-0.1,0,-0.01,
2,0,-0.01,-10.02,-0.1,-0.01,-0.01,
2,0,0.02,-10.02,-0.11,0,-0.01,
2,0,0.02,-10.02,-0.11,0,-0.01,
2,0,0.02,-10.02,-0.11,0,-0.01,
2,0,0.05,-10.07,-0.08,0,-0.01,
2,0,0.05,-10.07,-0.08,-0.01,-0.01,
2,0,0.05,-10.07,-0.08,-0.01,-0.01,
2,0,0.01,-10.02,-0.09,-0.01,-0.01,
2,0,0.01,-10.02,-0.09,-0.01,0,
2,0,0.01,-10.02,-0.09,-0.01,0,
2,0,0,-10.01,-0.08,-0.01,-0.01,
2,0,0,-10.01,-0.08,-0.01,-0.01,
2,0,0,-10.01,-0.08,-0.01,-0.01,
2,0,0.04,-10.05,-0.06,-0.01,-0.01,
2,0,0.04,-10.05,-0.06,-0.01,-0.01,
2,0,0.04,-10.05,-0.06,-0.01,-0.01,
2,0,-0.01,-9.99,-0.11,-0.01,-0.01,
2,0,-0.01,-9.99,-0.11,0,-0.01,
2,0,-0.01,-10.06,-0.1,0,-0.01,
2,0,-0.01,-10.06,-0.1,-0.01,-0.01,
2,0,-0.01,-10.06,-0.1,-0.01,-0.01,
2,0,0.01,-10.04,-0.17,-0.01,-0.01,
2,0,0.01,-10.04,-0.17,0,-0.01,
2,0,0.01,-10.04,-0.17,0,-0.01,
2,0,-0.01,-10.04,-0.11,0,-0.01,
2,0,0.01,-10,-0.12,0,-0.01,
2,0,0.01,-10,-0.12,0,-0.01,
2,0,0.01,-10,-0.12,0,-0.01,
2,0,-0.01,-10.07,-0.11,-0.01,-0.01,
2,0,-0.01,-10.07,-0.11,0,-0.01,
2,0,-0.01,-10.07,-0.11,0,-0.01,
2,0,0,-10.01,-0.09,-0.01,-0.01,
2,0,0,-10.01,-0.09,-0.01,-0.01,
2,0,0,-10.01,-0.09,-0.01,-0.01,
2,0,0.01,-9.99,-0.08,0,-0.01,
2,0,0.01,-9.99,-0.08,-0.01,-0.01,
2,0,0.01,-9.99,-0.08,-0.01,-0.01,
2,0,-0.03,-10.03,-0.11,-0.01,-0.01,
2,0,-0.03,-10.03,-0.11,-0.01,-0.01,
2,0,-0.03,-10.03,-0.11,-0.01,-0.01,
2,0,0.04,-10.05,-0.09,0,-0.01,
2,0,0.04,-10.05,-0.09,0,-0.01,
2,0,0.04,-10.05,-0.09,0,-0.01,
2,0,0.06,-10.01,-0.05,-0.01,-0.01,
2,0,0.06,-10.01,-0.05,-0.01,-0.01,
2,0,0.06,-10.01,-0.05,0,-0.01,
2,0,0.01,-10.07,-0.06,0,-0.01,
2,0,0.01,-10.07,-0.06,0,-0.01,
2,0,0.01,-10.07,-0.06,0,0,
2,0,0,-10.04,-0.08,0,-0.01,
2,0,0,-10.04,-0.08,0,-0.01,
2,0,-0.01,-10.02,-0.11,0,-0.01,
2,0,-0.01,-10.02,-0.11,-0.01,-0.01,
2,0,-0.01,-10.02,-0.11,-0.01,-0.01,
2,0,-0.04,-10.08,-0.09,-0.01,-0.01,
2,0,-0.04,-10.08,-0.09,0,-0.01,
2,0,-0.04,-10.08,-0.09,0,-0.01,
2,0,0.04,-10.02,-0.17,0,-0.01,
2,0,0.04,-10.02,-0.17,-0.01,-0.01,
2,0,0.04,-10.02,-0.17,-0.01,-0.01,
2,0,-0.01,-9.99,-0.07,0,-0.01,
2,0,-0.01,-9.99,-0.07,0,-0.01,
2,0,-0.01,-9.99,-0.07,0,-0.01,
2,0,-0.04,-10.04,-0.09,-0.01,-0.01,
2,0,-0.04,-10.04,-0.09,-0.01,-0.01,
2,0,-0.04,-10.04,-0.09,0,-0.01,
2,0,0.06,-10.04,-0.06,0,-0.01,
2,0,0.06,-10.04,-0.06,0,-0.01,
2,0,0.06,-10.04,-0.06,0,-0.01,
2,0,-0.01,-10.04,-0.08,0,-0.01,
2,0,-0.01,-10.04,-0.08,0,-0.01,
2,0,-0.01,-10.04,-0.08,0,-0.01,
2,0,0.01,-10,-0.12,-0.01,-0.01,
2,0,0.01,-10,-0.12,-0.01,-0.01,
2,0,0.01,-10,-0.12,0,-0.01,
2,0,0.04,-10.02,-0.09,0,-0.01,
2,0,0.04,-10.02,-0.09,0,-0.01,
2,0,0.04,-10.02,-0.09,0,-0.01,
2,0,0,-10.03,-0.09,-0.01,-0.01,
2,0,0,-10.03,-0.09,-0.01,-0.01,
2,0,0.04,-10.05,-0.11,0,-0.01,
2,0,0.04,-10.05,-0.11,-0.01,0,
2,0,0.04,-10.05,-0.11,-0.01,0,
2,0,0,-9.99,-0.1,-0.01,-0.01,
2,0,0,-9.99,-0.1,-0.01,0,
2,0,0,-9.99,-0.1,-0.01,0,
2,0,0.03,-10.05,-0.08,-0.01,-0.01,
2,0,0.03,-10.05,-0.08,0,-0.01,
2,0,0.03,-10.05,-0.08,0,-0.01,
2,0,0.07,-10.04,-0.09,-0.01,-0.01,
2,0,0.07,-10.04,-0.09,0,-0.01,
2,0,0.07,-10.04,-0.09,0,-0.01,
2,0,0,-10.02,-0.13,-0.01,-0.01,
2,0,0,-10.02,-0.13,0,-0.01,
2,0,0,-10.02,-0.13,0,-0.01,
2,0,0.01,-10.02,-0.12,0,-0.01,
2,0,0.01,-10.02,-0.12,0,-0.01,
2,0,0.01,-10.02,-0.12,0,-0.01,
2,0,0.04,-10.03,-0.09,0,-0.01,
2,0,0.04,-10.03,-0.09,-0.01,-0.01,
2,0,0.04,-10,-0.12,-0.01,-0.01,
2,0,0.04,-10,-0.12,-0.01,-0.02,
2,0,0.04,-10,-0.12,-0.01,-0.01,
2,0,0.04,-9.99,-0.1,-0.01,-0.01,
2,0,0.04,-9.99,-0.1,0,-0.01,
2,0,0.04,-9.99,-0.1,-0.01,-0.01,
2,0,-0.02,-10.06,-0.08,0,-0.01,
2,0,-0.02,-10.06,-0.08,0,-0.01,
2,0,-0.02,-10.06,-0.08,-0.01,-0.01,
2,0,0.02,-10.04,-0.12,0,-0.01,
2,0,0.02,-10.04,-0.12,0,-0.01,
2,0,0.02,-10.04,-0.12,0,0,
2,0,0.06,-10.02,-0.06,0,0,
2,0,0.06,-10.02,-0.06,0,0,
2,0,0.06,-10.02,-0.06,-0.01,-0.01,
2,0,0,-10.06,-0.09,0,-0.01,
2,0,0,-10.06,-0.09,0,-0.01,
2,0,0.01,-9.97,-0.12,0,-0.01,
2,0,0.01,-9.97,-0.12,0,-0.01,
2,0,0.01,-9.97,-0.12,0,-0.01,
2,0,0.02,-10.02,-0.07,0,-0.01,
2,0,0.02,-10.02,-0.07,0,-0.01,
2,0,0.02,-10.02,-0.07,0,-0.01,
2,0,0.01,-10.02,-0.1,0,-0.01,
2,0,0.01,-10.02,-0.1,0,-0.01,
2,0,0.01,-10.02,-0.1,0,-0.01,
2,0,0,-9.98,-0.09,-0.01,-0.01,
2,0,0,-9.98,-0.09,-0.01,-0.01,
2,0,0,-9.98,-0.09,-0.01,-0.01,
2,0,-0.01,-10.06,-0.1,0,-0.01,
2,0,-0.01,-10.06,-0.1,-0.01,-0.01,
2,0,-0.01,-10.06,-0.1,-0.01,-0.01,
2,0,0.01,-10.04,-0.13,0,-0.01,
2,0,0.01,-10.04,-0.13,-0.01,-0.01,
2,0,0,-10.03,-0.11,-0.01,-0.01,
2,0,0,-10.03,-0.11,-0.01,-0.01,
2,0,0,-10.03,-0.11,-0.01,-0.01,
2,0,0.06,-10.01,-0.06,-0.01,-0.01,
2,0,0.06,-10.01,-0.06,0,-0.01,
2,0,0.06,-10.01,-0.06,0,-0.01,
2,0,-0.03,-9.97,-0.08,0,-0.01,
2,0,-0.03,-9.97,-0.08,-0.01,-0.01,
2,0,-0.03,-9.97,-0.08,-0.01,-0.01,
2,0,-0.01,-10.11,-0.08,-0.01,-0.01,
2,0,-0.01,-10.11,-0.08,0,-0.01,
2,0,-0.01,-10.11,-0.08,-0.01,-0.01,
2,0,-0.02,-10.03,-0.11,-0.01,-0.01,
2,0,-0.02,-10.03,-0.11,0,-0.01,
2,0,-0.02,-10.03,-0.11,-0.01,-0.01,
2,0,0.01,-10.06,-0.11,-0.01,-0.01,
2,0,0.01,-10.06,-0.11,0,-0.01,
2,0,0.01,-10.06,-0.11,0,-0.01,
2,0,-0.02,-10.09,-0.07,0,-0.01,
2,0,-0.02,-10.09,-0.07,-0.01,-0.01,
2,0,-0.02,-10.09,-0.07,-0.01,-0.01,
2,0,0.07,-10.04,-0.08,-0.01,-0.01,
2,0,0.07,-10.04,-0.08,-0.01,-0.01,
2,0,0.07,-10.04,-0.08,-0.01,-0.01,
2,0,0.02,-10.05,-0.08,0,-0.01,
2,0,0.02,-10.05,-0.08,0,-0.01,
2,0,0.02,-10.05,-0.08,0,-0.01,
2,0,0.01,-10.02,-0.09,0,-0.02,
2,0,0.01,-10.02,-0.09,0,-0.01,
2,0,0.01,-10.02,-0.09,0,-0.01,
2,0,-0.05,-10.02,-0.09,0,-0.01,
2,0,-0.05,-10.02,-0.09,0,-0.01,
2,0,-0.02,-10.07,-0.04,0,-0.01,
2,0,-0.02,-10.07,-0.04,-0.01,-0.01,
2,0,-0.02,-10.07,-0.04,0,0,
2,0,-0.01,-10.02,-0.08,0,0,
2,0,-0.01,-10.02,-0.08,0,-0.01,
2,0,-0.01,-10.02,-0.08,-0.01,-0.01,
2,0,-0.01,-9.98,-0.13,-0.01,-0.01,
2,0,-0.01,-9.98,-0.13,-0.01,-0.01,
2,0,-0.01,-9.98,-0.13,0,-0.01,
2,0,0.02,-10.05,-0.13,0,-0.01,
2,0,0.02,-10.05,-0.13,-0.01,-0.01,
2,0,0.02,-10.05,-0.13,-0.01,-0.01,
2,0,0.02,-10.05,-0.11,-0.01,-0.01,
2,0,0.02,-10.05,-0.11,0,-0.01,
2,0,0.02,-10.05,-0.11,0,-0.01,
2,0,-0.01,-10.02,-0.1,0,-0.01,
2,0,-0.01,-10.02,-0.1,-0.01,-0.01,
2,0,-0.04,-9.99,-0.12,-0.01,-0.01,
2,0,-0.04,-9.99,-0.12,-0.01,-0.01,
2,0,-0.04,-9.99,-0.12,0,-0.01,
2,0,0.05,-10.04,-0.07,-0.01,-0.01,
2,0,0.05,-10.04,-0.07,-0.01,-0.01,
2,0,0.05,-10.04,-0.07,-0.01,-0.01,
2,0,0.02,-10.03,-0.08,-0.01,-0.01,
2,0,0.02,-10.03,-0.08,-0.01,-0.01,
2,0,0.02,-10.03,-0.08,0,-0.01,
2,0,0.02,-10,-0.08,0,-0.01,
2,0,0.02,-10,-0.08,0,-0.01,
2,0,0.02,-10,-0.08,0,-0.01,
2,0,0,-10.06,-0.11,0,-0.01,
2,0,0,-10.06,-0.11,0,-0.01,
2,0,0,-10.06,-0.11,0,-0.01,
2,0,0.01,-10.03,-0.13,0,-0.01,
2,0,0.01,-10.03,-0.13,0,-0.01,
2,0,0.01,-10.03,-0.13,-0.01,-0.01,
2,0,0,-10,-0.06,0,-0.01,
2,0,0,-10,-0.06,-0.01,-0.01,
2,0,0.01,-10.04,-0.08,-0.01,-0.01,
2,0,0.01,-10.04,-0.08,0,-0.01,
2,0,0.01,-10.04,-0.08,-0.01,-0.01,
2,0,-0.01,-9.96,-0.11,-0.01,-0.01,
2,0,-0.01,-9.96,-0.11,0,-0.01,
2,0,-0.01,-9.96,-0.11,0,-0.01,
2,0,-0.02,-9.99,-0.07,0,-0.01,
2,0,-0.02,-9.99,-0.07,0,-0.01,
2,0,-0.02,-9.99,-0.07,-0.01,-0.01,
2,0,0.01,-10.03,-0.13,-0.01,-0.01,
2,0,0.01,-10.03,-0.13,0,-0.01,
2,0,0.01,-10.03,-0.13,-0.01,-0.01,
2,0,0.03,-10.01,-0.16,-0.01,-0.01,
2,0,0.03,-10.01,-0.16,0,-0.01,
2,0,0.03,-10.01,-0.16,0,-0.01,
2,0,-0.01,-10.05,-0.13,0,-0.01,
2,0,-0.01,-10.05,-0.13,-0.01,-0.01,
2,0,-0.01,-10.05,-0.13,0,-0.01,
2,0,0,-10.03,-0.06,0,-0.01,
2,0,0,-10.03,-0.06,-0.01,-0.01,
2,0,0.02,-10.04,-0.04,-0.01,-0.01,
2,0,0.02,-10.04,-0.04,-0.01,-0.01,
2,0,0.02,-10.04,-0.04,-0.01,-0.01,
2,0,0.01,-10.01,-0.09,0,-0.01,
2,0,0.01,-10.01,-0.09,0,-0.01,
2,0,0.01,-10.01,-0.09,0,-0.01,
2,0,0.02,-10.01,-0.07,0,-0.01,
2,0,0.02,-10.01,-0.07,0,-0.01,
2,0,0.02,-10.01,-0.07,-0.01,-0.01,
2,0,0,-10.06,-0.12,0,-0.01,
2,0,0,-10.06,-0.12,0,-0.01,
2,0,0,-10.06,-0.12,-0.01,-0.01,
2,0,0.03,-10.03,-0.12,0,0,
2,0,0.03,-10.03,-0.12,0,0,
2,0,0.03,-10.03,-0.12,-0.01,-0.01,
2,0,0,-10.06,-0.01,0,-0.01,
2,0,0,-10.06,-0.01,0,-0.01,
2,0,0,-10.06,-0.01,0,-0.01,
2,0,0,-10.06,-0.09,0,-0.01,
2,0,0,-10.06,-0.09,-0.01,-0.01,
2,0,0,-10.06,-0.09,0,-0.01,
2,0,-0.02,-10.07,-0.11,-0.01,-0.01,
2,0,-0.02,-10.07,-0.11,-0.01,-0.01,
2,0,0.03,-10.07,-0.05,0,-0.01,
2,0,0.03,-10.07,-0.05,0,-0.01,
2,0,0.03,-10.07,-0.05,0,-0.01,
2,0,0.01,-10.04,-0.04,0,-0.01,
2,0,0.01,-10.04,-0.04,0,-0.01,
2,0,0.01,-10.04,-0.04,0,-0.01,
2,0,0.09,-10.08,-0.1,-0.01,-0.01,
2,0,0.09,-10.08,-0.1,0,-0.01,
2,0,0.09,-10.08,-0.1,0,-0.01,
2,0,0.01,-10.06,-0.11,0,-0.01,
2,0,0.01,-10.06,-0.11,0,-0.01,
2,0,0.01,-10.06,-0.11,-0.01,-0.01,
2,0,0,-9.97,-0.11,-0.01,-0.01,
2,0,0,-9.97,-0.11,-0.01,-0.01,
2,0,0,-9.97,-0.11,-0.01,-0.01,
2,0,0,-10.04,-0.07,0,-0.01,
2,0,0,-10.04,-0.07,0,-0.01,
2,0,0,-10.04,-0.07,-0.01,-0.01,
2,0,-0.04,-10.07,-0.14,-0.01,-0.01,
2,0,-0.04,-10.07,-0.14,-0.01,-0.01,
2,0,-0.04,-10.07,-0.14,0,-0.01,
2,0,-0.04,-9.99,-0.08,-0.01,-0.01,
2,0,-0.04,-9.99,-0.08,-0.01,-0.01,
2,0,0.01,-10.05,-0.1,0,-0.01,
2,0,0.01,-10.05,-0.1,0,-0.01,
2,0,0.01,-10.05,-0.1,0,-0.01,
2,0,-0.02,-9.99,-0.11,0,-0.01,
2,0,-0.02,-9.99,-0.11,0,-0.01,
2,0,-0.02,-9.99,-0.11,0,-0.02,
2,0,0,-10.03,-0.07,0,-0.02,
2,0,0,-10.03,-0.07,0,-0.01,
2,0,0,-10.03,-0.07,0,-0.01,
2,0,0.03,-10.03,-0.09,0,-0.01,
2,0,0.03,-10.03,-0.09,-0.01,-0.01,
2,0,0.03,-10.03,-0.09,0,-0.02,
2,0,0.01,-10.02,-0.07,0,-0.02,
2,0,0.01,-10.02,-0.07,0,-0.01,
2,0,0.06,-10.03,-0.1,0,-0.01,
2,0,0.06,-10.03,-0.1,0,-0.01,
2,0,0.06,-10.03,-0.1,0,-0.01,
2,0,-0.01,-10.02,-0.03,0,-0.01,
2,0,-0.01,-10.02,-0.03,0,-0.01,
2,0,-0.01,-10.02,-0.03,-0.01,-0.01,
2,0,-0.05,-10.02,-0.06,-0.01,-0.01,
2,0,-0.05,-10.02,-0.06,-0.01,-0.01,
2,0,-0.05,-10.02,-0.06,-0.01,-0.01,
2,0,0,-10,-0.11,-0.01,-0.01,
2,0,0,-10,-0.11,-0.01,-0.01,
2,0,0,-10,-0.11,-0.01,-0.01,
2,0,-0.05,-9.99,-0.11,-0.01,-0.01,
2,0,-0.05,-9.99,-0.11,-0.01,-0.01,
2,0,-0.05,-9.99,-0.11,-0.01,0,
2,0,0.04,-10.03,-0.08,-0.01,-0.01,
2,0,0.04,-10.03,-0.08,-0.01,-0.01,
2,0,0.04,-10.03,-0.08,0,-0.01,
2,0,0,-9.99,-0.1,0,-0.01,
2,0,0,-9.99,-0.1,0,-0.01,
2,0,-0.02,-10.07,-0.07,0,-0.01,
2,0,-0.02,-10.07,-0.07,0,-0.01,
2,0,-0.02,-10.07,-0.07,0,-0.01,
2,0,-0.06,-10.02,-0.07,0,-0.01,
2,0,-0.06,-10.02,-0.07,-0.01,-0.01,
2,0,-0.06,-10.02,-0.07,-0.01,-0.01,
2,0,-0.02,-10.06,-0.16,-0.01,-0.01,
2,0,-0.02,-10.06,-0.16,0,0,
2,0,-0.02,-10.06,-0.16,0,0,
2,0,0.04,-10.02,-0.09,0,-0.01,
2,0,0.04,-10.02,-0.09,-0.01,0,
2,0,0.04,-10.02,-0.09,0,-0.01,
2,0,0.01,-10.01,-0.08,0,-0.01,
2,0,0.01,-10.01,-0.08,0,-0.01,
2,0,0.01,-10.06,-0.11,-0.01,-0.01,
2,0,0.01,-10.06,-0.11,-0.01,-0.01,
2,0,0.01,-10.06,-0.11,0,-0.01,
2,0,0.02,-10.03,-0.09,-0.01,-0.01,
2,0,0.02,-10.03,-0.09,-0.01,-0.01,
2,0,0.02,-10.03,-0.09,0,0,
2,0,0.04,-10.07,-0.09,-0.01,-0.01,
2,0,0.04,-10.07,-0.09,-0.01,-0.01,
2,0,0.04,-10.07,-0.09,-0.01,-0.01,
2,0,-0.01,-10,-0.09,-0.01,-0.01,
2,0,-0.01,-10,-0.09,-0.01,-0.01,
2,0,-0.01,-10,-0.09,0,-0.01,
2,0,0,-10.06,-0.09,0,-0.01,
2,0,0,-10.06,-0.09,0,-0.01,
2,0,0,-10.06,-0.09,-0.01,-0.01,
2,0,-0.04,-10.02,-0.16,-0.01,-0.01,
2,0,-0.04,-10.02,-0.16,-0.01,-0.01,
2,0,-0.04,-10.02,-0.16,0,-0.01,
2,0,0,-10.02,-0.09,0,-0.01,
2,0,0,-10.02,-0.09,0,-0.01,
2,0,0.03,-10.03,-0.06,0,-0.01,
2,0,0.03,-10.03,-0.06,-0.01,-0.01,
2,0,0.03,-10.03,-0.06,-0.01,-0.01,
2,0,-0.01,-10.01,-0.1,-0.01,-0.01,
2,0,-0.01,-10.01,-0.1,-0.01,-0.01,
2,0,-0.01,-10.01,-0.1,-0.01,-0.01,
2,0,-0.04,-10.07,-0.08,0,-0.01,
2,0,-0.04,-10.07,-0.08,0,-0.01,
2,0,-0.04,-10.07,-0.08,0,-0.01,
2,0,0.05,-10.05,-0.11,-0.01,-0.01,
2,0,0.05,-10.05,-0.11,-0.01,-0.01,
2,0,0.05,-10.05,-0.11,0,-0.02,
2,0,0.06,-10.01,-0.11,-0.01,-0.01,
2,0,0.06,-10.01,-0.11,-0.01,-0.01,
2,0,0.06,-10.01,-0.11,0,-0.01,
2,0,0.03,-10,-0.11,0,-0.01,
2,0,0.03,-10,-0.11,0,-0.01,
2,0,0.03,-10,-0.11,0,-0.01,
2,0,0.03,-10.03,-0.1,0,-0.01,
2,0,0.03,-10.03,-0.1,-0.01,-0.01,
2,0,0.03,-10.03,-0.1,0,-0.01,
2,0,-0.02,-10.04,-0.07,0,-0.01,
2,0,-0.02,-10.04,-0.07,0,-0.01,
2,0,-0.02,-10.04,-0.07,0,-0.01,
2,0,0.02,-10,-0.09,0,-0.01,
2,0,0.02,-10,-0.09,0,-0.01,
2,0,0.02,-10,-0.09,0,-0.01,
2,0,0.06,-10,-0.06,0,-0.01,
2,0,0.06,-10,-0.06,0,-0.01,
2,0,0.06,-10,-0.06,0,-0.01,
2,0,0.04,-10.09,-0.04,0,-0.01,
2,0,0.04,-10.09,-0.04,0,-0.01,
2,0,0.04,-10.09,-0.04,-0.01,-0.01,
2,0,-0.01,-10.04,-0.07,0,-0.01,
2,0,-0.01,-10.04,-0.07,0,-0.01,
2,0,0,-10.01,-0.1,0,-0.01,
2,0,0,-10.01,-0.1,-0.01,-0.01,
2,0,0,-10.01,-0.1,-0.01,-0.01,
2,0,0,-10.04,-0.08,0,-0.01,
2,0,0,-10.04,-0.08,0,-0.01,
2,0,0,-10.04,-0.08,0,-0.01,
2,0,-0.09,-10,-0.17,-0.01,-0.01,
2,0,-0.09,-10,-0.17,-0.01,-0.01,
2,0,-0.09,-10,-0.17,-0.01,-0.01,
2,0,-0.02,-10.03,-0.11,0,-0.01,
2,0,-0.02,-10.03,-0.11,0,-0.01,
2,0,-0.02,-10.03,-0.11,0,-0.01,
2,0,-0.02,-10.03,-0.08,-0.01,-0.01,
2,0,-0.02,-10.03,-0.08,0,-0.01,
2,0,-0.02,-10.03,-0.08,0,-0.01,
2,0,-0.04,-10.02,-0.14,0,-0.01,
2,0,-0.04,-10.02,-0.14,-0.01,-0.01,
2,0,-0.04,-10.02,-0.14,-0.01,-0.01,
2,0,0.01,-9.99,-0.17,0,-0.01,
2,0,0.01,-9.99,-0.17,0,-0.01,
2,0,0,-10.01,-0.11,-0.01,-0.01,
2,0,0,-10.01,-0.11,0,-0.01,
2,0,0,-10.01,-0.11,0,-0.01,
2,0,0,-10.03,-0.06,0,-0.01,
2,0,0,-10.03,-0.06,0,-0.01,
2,0,0,-10.03,-0.06,0,-0.01,
2,0,-0.02,-9.94,-0.03,0,-0.01,
2,0,-0.02,-9.94,-0.03,0,-0.01,
2,0,-0.02,-9.94,-0.03,0,-0.01,
2,0,-0.04,-10.04,-0.07,0,-0.01,
2,0,-0.04,-10.04,-0.07,0,-0.01,
2,0,-0.04,-10.04,-0.07,0,-0.01,
2,0,0,-10.05,-0.1,-0.01,-0.01,
2,0,0,-10.05,-0.1,0,-0.01,
2,0,0,-10.05,-0.1,0,-0.01,
2,0,-0.03,-10.04,-0.15,0,-0.01,
2,0,-0.03,-10.04,-0.15,-0.01,-0.01,
2,0,-0.03,-10.04,-0.15,-0.01,-0.01,
2,0,0.07,-10.04,-0.1,0,-0.01,
2,0,0.07,-10.04,-0.1,0,-0.01,
2,0,0.07,-10.04,-0.1,0,-0.01,
2,0,-0.02,-10.01,-0.11,0,-0.01,
2,0,-0.02,-10.01,-0.11,-0.01,-0.01,
2,0,-0.02,-10.01,-0.11,-0.01,-0.01,
2,0,0,-10.07,-0.09,0,-0.01,
2,0,0,-10.07,-0.09,0,-0.01,
2,0,0,-10.07,-0.09,0,-0.01,
2,0,0.01,-10.04,-0.05,0,-0.01,
2,0,0.01,-10.04,-0.05,-0.01,-0.01,
2,0,0.03,-9.98,-0.03,-0.01,-0.01,
2,0,0.03,-9.98,-0.03,-0.01,-0.01,
2,0,0.03,-9.98,-0.03,0,-0.01,
2,0,-0.03,-10.01,-0.11,0,-0.01,
2,0,-0.03,-10.01,-0.11,0,-0.01,
2,0,-0.03,-10.01,-0.11,-0.01,-0.01,
2,0,-0.03,-10.1,-0.1,-0.01,-0.01,
2,0,-0.03,-10.1,-0.1,0,0,
2,0,-0.03,-10.1,-0.1,0,-0.01,
2,0,-0.03,-9.99,-0.12,0,-0.01,
2,0,-0.03,-9.99,-0.12,-0.01,0,
2,0,-0.03,-9.99,-0.12,0,-0.01,
2,0,0.02,-10.03,-0.08,0,-0.01,
2,0,0.02,-10.03,-0.08,0,-0.01,
2,0,0.02,-10.03,-0.08,0,-0.01,
2,0,0.03,-10.05,-0.14,0,-0.01,
2,0,0.03,-10.05,-0.14,-0.01,-0.01,
2,0,0.03,-10.05,-0.14,-0.01,-0.01,
2,0,0.01,-9.97,-0.12,-0.01,-0.01,
2,0,0.01,-9.97,-0.12,0,-0.01,
2,0,0.01,-9.97,-0.12,0,-0.01,
2,0,0,-10.03,-0.12,0,-0.01,
2,0,0,-10.03,-0.12,0,-0.01,
2,0,0,-10.03,-0.12,0,-0.01,
2,0,0.02,-10.02,-0.09,-0.01,-0.01,
2,0,0.02,-10.02,-0.09,-0.01,-0.01,
2,0,0.02,-10.02,-0.09,-0.01,-0.01,
2,0,0.04,-10.02,-0.08,-0.01,0,
2,0,0.04,-10.02,-0.08,0,-0.01,
2,0,0.04,-10.02,-0.08,0,-0.01,
2,0,-0.01,-10.06,-0.12,0,-0.01,
2,0,-0.01,-10.06,-0.12,-0.01,-0.01,
2,0,-0.01,-10.06,-0.12,-0.01,-0.01,
2,0,0.02,-9.97,-0.11,-0.01,-0.01,
2,0,0.02,-9.97,-0.11,-0.01,-0.01,
2,0,0,-10.04,-0.13,-0.01,-0.01,
2,0,0,-10.04,-0.13,-0.01,-0.01,
2,0,0,-10.04,-0.13,-0.01,-0.01,
2,0,0.03,-10.02,-0.12,-0.01,-0.01,
2,0,0.03,-10.02,-0.12,0,-0.01,
2,0,0.03,-10.02,-0.12,-0.01,-0.01,
2,0,-0.06,-10.06,-0.07,-0.01,-0.01,
2,0,-0.06,-10.06,-0.07,0,-0.01,
2,0,-0.06,-10.06,-0.07,-0.01,-0.01,
2,0,0.03,-10.03,-0.11,-0.01,-0.01,
2,0,0.03,-10.03,-0.11,-0.01,-0.01,
2,0,0.03,-10.03,-0.11,-0.01,-0.01,
2,0,0,-10.03,-0.1,-0.01,-0.01,
2,0,0,-10.03,-0.1,-0.01,-0.01,
2,0,0,-10.03,-0.1,0,-0.01,
2,0,0.01,-10.05,-0.11,0,-0.01,
2,0,0.01,-10.05,-0.11,0,-0.01,
2,0,0.01,-10.04,-0.11,0,-0.01,
2,0,0.01,-10.04,-0.11,0,-0.01,
2,0,0.01,-10.04,-0.11,-0.01,-0.01,
2,0,-0.01,-10.04,-0.12,0,-0.01,
2,0,-0.01,-10.04,-0.12,0,-0.01,
2,0,-0.01,-10.04,-0.12,0,-0.01,
2,0,-0.02,-10.04,-0.14,0,-0.01,
2,0,-0.02,-10.04,-0.14,0,-0.01,
2,0,-0.02,-10.04,-0.14,0,-0.01,
2,0,0.02,-10,-0.1,-0.01,-0.01,
2,0,0.02,-10,-0.1,-0.01,-0.01,
2,0,0.02,-10,-0.1,0,-0.01,
2,0,-0.01,-10.04,-0.05,0,-0.01,
2,0,-0.01,-10.04,-0.05,0,-0.01,
2,0,-0.01,-10.04,-0.05,0,-0.01,
2,0,-0.03,-10.03,-0.13,0,-0.01,
2,0,-0.03,-10.03,-0.13,0,-0.01,
2,0,-0.03,-10.03,-0.13,-0.01,-0.01,
2,0,-0.01,-10.06,-0.09,0,-0.01,
2,0,-0.01,-10.06,-0.09,0,-0.01,
2,0,0.06,-10.02,-0.07,0,-0.01,
2,0,0.06,-10.02,-0.07,0,-0.01,
2,0,0.06,-10.02,-0.07,0,-0.01,
2,0,0,-10.01,-0.1,-0.01,-0.01,
2,0,0,-10.01,-0.1,0,-0.01,
2,0,0,-10.01,-0.1,0,-0.01,
2,0,0.04,-10.04,-0.09,0,-0.01,
2,0,0.04,-10.04,-0.09,0,-0.01,
2,0,0.04,-10.04,-0.09,0,-0.01,
2,0,-0.02,-10.04,-0.04,-0.01,-0.01,
2,0,-0.02,-10.04,-0.04,0,-0.01,
2,0,-0.02,-10.04,-0.04,0,-0.01,
2,0,-0.03,-9.99,-0.1,0,-0.01,
2,0,-0.03,-9.99,-0.1,-0.01,-0.01,
2,0,-0.03,-9.99,-0.1,-0.01,-0.01,
2,0,-0.07,-10.01,-0.11,0,-0.01,
2,0,-0.07,-10.01,-0.11,0,-0.01,
2,0,-0.07,-10.01,-0.11,0,-0.01,
2,0,-0.03,-10.05,-0.13,-0.01,-0.01,
2,0,-0.03,-10.05,-0.13,0,-0.01,
2,0,0.03,-10.08,-0.09,0,-0.01,
2,0,0.03,-10.08,-0.09,0,0,
2,0,0.03,-10.08,-0.09,0,-0.01,
2,0,0.02,-10.04,-0.11,0,-0.01,
2,0,0.02,-10.04,-0.11,-0.01,-0.01,
2,0,0.02,-10.04,-0.11,-0.01,-0.01,
2,0,0.01,-9.99,-0.08,-0.01,-0.01,
2,0,0.01,-9.99,-0.08,0,-0.01,
2,0,0.01,-9.99,-0.08,0,-0.01,
2,0,0.03,-10.01,-0.13,0,-0.01,
2,0,0.03,-10.01,-0.13,-0.01,-0.01,
2,0,0.03,-10.01,-0.13,0,-0.01,
2,0,-0.03,-10.07,-0.12,0,-0.01,
2,0,-0.03,-10.07,-0.12,-0.01,-0.01,
2,0,-0.03,-10.07,-0.12,0,-0.02,
2,0,-0.05,-10.04,-0.04,0,-0.02,
2,0,-0.05,-10.04,-0.04,-0.01,0,
2,0,-0.05,-10.04,-0.04,0,-0.01,
2,0,-0.03,-10,-0.06,0,-0.01,
2,0,-0.03,-10,-0.06,0,-0.01,
2,0,-0.03,-10,-0.06,-0.01,-0.01,
2,0,0.02,-10.05,-0.09,-0.01,-0.01,
2,0,0.02,-10.05,-0.09,-0.01,-0.01,
2,0,0.02,-10.05,-0.09,0,-0.01,
2,0,0.01,-10.08,-0.12,0,-0.01,
2,0,0.01,-10.08,-0.12,-0.01,-0.01,
2,0,0.01,-10.08,-0.12,-0.01,-0.01,
2,0,-0.03,-9.96,-0.14,0,-0.01,
2,0,-0.03,-9.96,-0.14,0,-0.01,
2,0,-0.03,-9.96,-0.14,0,-0.01,
2,0,0,-9.98,-0.05,0,-0.01,
2,0,0,-9.98,-0.05,0,-0.01,
2,0,0,-9.98,-0.05,0,-0.01,
2,0,-0.02,-10.02,-0.13,0,-0.01,
2,0,-0.02,-10.02,-0.13,0,-0.01,
2,0,0.01,-10.03,-0.08,0,-0.01,
2,0,0.01,-10.03,-0.08,0,-0.01,
2,0,0.01,-10.03,-0.08,-0.01,-0.01,
2,0,-0.05,-9.99,-0.06,-0.01,-0.01,
2,0,-0.05,-9.99,-0.06,0,-0.01,
2,0,-0.05,-9.99,-0.06,-0.01,-0.01,
2,0,-0.01,-10.01,-0.08,-0.01,-0.01,
2,0,-0.01,-10.01,-0.08,-0.01,0,
2,0,-0.01,-10.01,-0.08,0,0,
2,0,0,-10.05,-0.07,0,0,
2,0,0,-10.05,-0.07,-0.01,-0.01,
2,0,0,-10.05,-0.07,-0.01,0,
2,0,-0.02,-10.03,-0.1,-0.01,0,
2,0,-0.02,-10.03,-0.1,-0.01,-0.01,
2,0,-0.02,-10.03,-0.1,-0.01,-0.01,
2,0,0.06,-9.95,-0.08,-0.01,-0.01,
2,0,0.06,-9.95,-0.08,-0.01,-0.01,
2,0,0.01,-10.06,-0.09,-0.01,-0.01,
2,0,0.01,-10.06,-0.09,-0.01,-0.01,
2,0,0.01,-10.06,-0.09,0,-0.01,
2,0,0.03,-10.01,-0.04,0,-0.01,
2,0,0.03,-10.01,-0.04,0,-0.01,
2,0,0.03,-10.01,-0.04,-0.01,-0.01,
2,0,0.03,-9.95,-0.06,0,-0.01,
2,0,0.03,-9.95,-0.06,0,-0.01,
2,0,0.03,-9.95,-0.06,0,-0.01,
2,0,-0.02,-10.04,-0.06,-0.01,-0.01,
2,0,-0.02,-10.04,-0.06,-0.01,-0.01,
2,0,-0.02,-10.04,-0.06,0,-0.01,
2,0,0.08,-10.06,-0.11,0,-0.01,
2,0,0.08,-10.06,-0.11,0,-0.01,
2,0,0.08,-10.06,-0.11,0,-0.01,
2,0,0.04,-10.02,-0.08,0,-0.01,
2,0,0.04,-10.02,-0.08,0,-0.01,
2,0,0.03,-10.03,-0.09,-0.01,-0.01,
2,0,0.03,-10.03,-0.09,0,-0.01,
2,0,0.03,-10.03,-0.09,-0.01,-0.01,
2,0,0,-10.07,-0.06,-0.01,-0.01,
2,0,0,-10.07,-0.06,0,-0.01,
2,0,0,-10.07,-0.06,-0.01,-0.01,
2,0,0.02,-10.09,-0.12,-0.01,-0.01,
2,0,0.02,-10.09,-0.12,-0.01,-0.01,
2,0,0.02,-10.09,-0.12,-0.01,-0.01,
2,0,0.02,-10.04,-0.1,-0.01,-0.01,
2,0,0.02,-10.04,-0.1,0,-0.01,
2,0,0.02,-10.04,-0.1,-0.01,-0.01,
2,0,0.06,-9.96,-0.03,-0.01,-0.01,
2,0,0.06,-9.96,-0.03,-0.01,-0.01,
2,0,0.06,-9.96,-0.03,-0.01,-0.01,
2,0,0,-10.04,-0.06,-0.01,-0.01,
2,0,0,-10.04,-0.06,0,0,
2,0,0,-10.04,-0.06,0,-0.01,
2,0,-0.01,-10.01,-0.09,0,-0.01,
2,0,-0.01,-10.01,-0.09,0,0,
2,0,0.01,-10.02,-0.11,0,-0.01,
2,0,0.01,-10.02,-0.11,0,-0.01,
2,0,0.01,-10.02,-0.11,-0.01,-0.01,
2,0,0,-10.03,-0.08,0,-0.01,
2,0,0,-10.03,-0.08,0,-0.01,
2,0,0,-10.03,-0.08,0,-0.01,
2,0,-0.01,-10,-0.07,-0.01,0,
2,0,-0.01,-10,-0.07,-0.01,0,
2,0,-0.01,-10,-0.07,0,-0.01,
2,0,0,-9.99,-0.03,0,-0.01,
2,0,0,-9.99,-0.03,0,-0.01,
2,0,0,-9.99,-0.03,-0.01,-0.01,
2,0,0.06,-10.01,-0.09,0,-0.01,
2,0,0.06,-10.01,-0.09,0,-0.01,
2,0,0.06,-10.01,-0.09,0,-0.01,
2,0,0.02,-10.02,-0.09,0,-0.01,
2,0,0.02,-10.02,-0.09,0,-0.01,
2,0,-0.02,-10.04,-0.07,0,-0.01,
2,0,-0.02,-10.04,-0.07,0,-0.01,
2,0,-0.02,-10.04,-0.07,0,-0.01,
2,0,0.03,-9.99,-0.11,0,-0.01,
2,0,0.03,-9.99,-0.11,-0.01,-0.01,
2,0,0.03,-9.99,-0.11,-0.01,-0.01,
2,0,-0.04,-9.99,-0.08,0,-0.01,
2,0,-0.04,-9.99,-0.08,0,-0.01,
2,0,-0.04,-9.99,-0.08,0,-0.01,
2,0,0.03,-10.01,-0.09,0,-0.01,
2,0,0.03,-10.01,-0.09,0,-0.01,
2,0,0.03,-10.01,-0.09,0,-0.01,
2,0,0,-9.99,-0.1,0,-0.01,
2,0,0,-9.99,-0.1,0,-0.01,
2,0,0,-9.99,-0.1,0,-0.01,
2,0,-0.02,-10.04,-0.09,0,-0.01,
2,0,-0.02,-10.04,-0.09,-0.01,-0.01,
2,0,-0.03,-9.97,-0.09,-0.01,-0.01,
2,0,-0.03,-9.97,-0.09,-0.01,-0.01,
2,0,-0.03,-9.97,-0.09,0,-0.01,
2,0,0.02,-10.08,-0.07,0,-0.01,
2,0,0.02,-10.08,-0.07,-0.01,-0.01,
2,0,0.02,-10.08,-0.07,0,-0.01,
2,0,0.02,-10.03,-0.11,0,-0.01,
2,0,0.02,-10.03,-0.11,-0.01,-0.01,
2,0,0.02,-10.03,-0.11,0,-0.01,
2,0,0.03,-9.97,-0.07,0,-0.01,
2,0,0.03,-9.97,-0.07,0,-0.01,
2,0,0.03,-9.97,-0.07,-0.01,-0.01,
2,0,0.01,-10.03,-0.13,-0.01,-0.01,
2,0,0.01,-10.03,-0.13,0,-0.01,
2,0,0.01,-10.03,-0.13,0,-0.01,
2,0,0.03,-10,-0.05,0,-0.01,
2,0,0.03,-10,-0.05,0,-0.01,
2,0,-0.01,-10.01,-0.11,-0.01,-0.01,
2,0,-0.01,-10.01,-0.11,0,-0.01,
2,0,-0.01,-10.01,-0.11,0,-0.01,
2,0,-0.02,-10.02,-0.06,-0.01,-0.01,
2,0,-0.02,-10.02,-0.06,0,-0.01,
2,0,-0.02,-10.02,-0.06,0,-0.01,
2,0,-0.04,-10.07,-0.07,0,-0.01,
2,0,-0.04,-10.07,-0.07,-0.01,-0.01,
2,0,-0.04,-10.07,-0.07,-0.01,-0.01,
2,0,0.02,-9.93,-0.1,-0.01,-0.01,
2,0,0.02,-9.93,-0.1,-0.01,-0.01,
2,0,0.02,-9.93,-0.1,-0.01,-0.01,
2,0,-0.01,-10.01,-0.1,0,-0.01,
2,0,-0.01,-10.01,-0.1,0,-0.01,
2,0,0.02,-9.96,-0.11,0,-0.01,
2,0,0.02,-9.96,-0.11,0,-0.01,
2,0,0.02,-9.96,-0.11,0,0,
2,0,0.01,-10.1,-0.07,-0.01,0,
2,0,0.01,-10.1,-0.07,-0.01,0,
2,0,0.01,-10.1,-0.07,-0.01,-0.01,
2,0,0.02,-9.99,-0.06,0,-0.01,
2,0,0.02,-9.99,-0.06,0,-0.01,
2,0,0.02,-9.99,-0.06,0,-0.01,
2,0,0.05,-10.06,-0.12,0,-0.01,
2,0,0.05,-10.06,-0.12,0,-0.01,
2,0,0.02,-10.11,-0.1,-0.01,-0.01,
2,0,0.02,-10.11,-0.1,-0.01,-0.01,
2,0,0.02,-10.11,-0.1,-0.01,-0.01,
2,0,0.04,-9.98,-0.09,0,-0.01,
2,0,0.04,-9.98,-0.09,0,-0.01,
2,0,0.04,-9.98,-0.09,0,-0.01,
2,0,0,-10.04,-0.03,0,-0.01,
2,0,0,-10.04,-0.03,0,-0.01,
2,0,0,-10.04,-0.03,0,-0.01,
2,0,-0.04,-10.02,-0.07,0,-0.01,
2,0,-0.04,-10.02,-0.07,0,-0.01,
2,0,-0.04,-10.02,-0.07,0,-0.01,
2,0,0,-10.05,-0.06,0,-0.01,
2,0,0,-10.05,-0.06,-0.01,-0.01,
2,0,0,-10.05,-0.06,0,-0.01,
2,0,-0.05,-10.05,-0.09,0,-0.01,
2,0,-0.05,-10.05,-0.09,-0.01,-0.01,
2,0,-0.01,-10.07,-0.13,0,-0.01,
2,0,-0.01,-10.07,-0.13,0,-0.01,
2,0,-0.01,-10.07,-0.13,0,-0.01,
2,0,-0.01,-10.01,-0.15,0,-0.01,
2,0,-0.01,-10.01,-0.15,0,-0.01,
2,0,-0.01,-10.01,-0.15,0,-0.01,
2,0,0.01,-9.98,-0.13,0,-0.01,
2,0,0.01,-9.98,-0.13,0,-0.01,
2,0,0.01,-9.98,-0.13,0,-0.01,
2,0,-0.01,-10.07,-0.09,0,0,
2,0,-0.01,-10.07,-0.09,0,0,
2,0,-0.01,-10.07,-0.09,-0.01,-0.01,
2,0,-0.01,-10.01,-0.1,-0.01,0,
2,0,-0.01,-10.01,-0.1,-0.01,0,
2,0,-0.01,-10.01,-0.1,-0.01,-0.01,
2,0,0.01,-10.02,-0.07,0,-0.01,
2,0,0.01,-10.02,-0.07,0,-0.01,
2,0,0.03,-10.05,-0.11,0,-0.01,
2,0,0.03,-10.05,-0.11,-0.01,-0.01,
2,0,0.03,-10.05,-0.11,-0.01,-0.01,
2,0,0,-10.04,-0.12,0,-0.01,
2,0,0,-10.04,-0.12,-0.01,-0.01,
2,0,0,-10.04,-0.12,-0.01,-0.01,
2,0,0.03,-10.02,-0.12,0,-0.01,
2,0,0.03,-10.02,-0.12,-0.01,-0.01,
2,0,0.03,-10.02,-0.12,-0.01,-0.01,
2,0,-0.04,-9.97,-0.05,-0.01,0,
2,0,-0.04,-9.97,-0.05,-0.01,-0.01,
2,0,-0.04,-9.97,-0.05,-0.01,-0.01,
2,0,-0.01,-10.08,-0.08,0,-0.01,
2,0,-0.01,-10.08,-0.08,-0.01,0,
2,0,-0.01,-10.08,-0.08,-0.01,0,
2,0,-0.02,-10.02,-0.01,-0.01,-0.01,
2,0,-0.02,-10.02,-0.01,0,-0.01,
2,0,-0.02,-10.02,-0.01,0,-0.01,
2,0,0,-10.04,-0.09,-0.01,-0.01,
2,0,0,-10.04,-0.09,0,-0.01,
2,0,0,-10.04,-0.09,0,-0.01,
2,0,0.01,-10.11,-0.07,-0.01,-0.01,
2,0,0.01,-10.11,-0.07,-0.01,-0.01,
2,0,0.01,-10.11,-0.07,-0.01,-0.02,
2,0,0.03,-10.07,-0.11,-0.01,-0.01,
2,0,0.03,-10.07,-0.11,-0.01,-0.01,
2,0,0.03,-10.07,-0.11,-0.01,-0.01,
2,0,0.03,-10.04,-0.1,0,-0.01,
2,0,0.03,-10.04,-0.1,0,-0.01,
2,0,-0.05,-10.02,-0.12,-0.01,-0.01,
2,0,-0.05,-10.02,-0.12,0,-0.01,
2,0,-0.05,-10.02,-0.12,0,-0.01,
2,0,0.04,-10.07,-0.14,-0.01,-0.01,
2,0,0.04,-10.07,-0.14,0,-0.01,
2,0,0.04,-10.07,-0.14,0,-0.01,
2,0,-0.03,-9.99,-0.11,0,-0.01,
2,0,-0.03,-9.99,-0.11,-0.01,-0.01,
2,0,-0.03,-9.99,-0.11,-0.01,-0.01,
2,0,0,-10.04,-0.06,-0.01,-0.01,
2,0,0,-10.04,-0.06,0,-0.01,
2,0,0,-10.04,-0.06,0,-0.01,
2,0,0.01,-10.03,-0.1,0,-0.01,
2,0,0.01,-10.03,-0.1,0,-0.01,
2,0,0.01,-10.03,-0.1,-0.01,-0.01,
2,0,0.01,-10.06,-0.11,-0.01,-0.01,
2,0,0.01,-10.06,-0.11,0,-0.01,
2,0,-0.02,-10.05,-0.08,-0.01,-0.01,
2,0,-0.02,-10.05,-0.08,-0.01,-0.01,
2,0,-0.02,-10.05,-0.08,0,-0.01,
2,0,-0.03,-10,-0.08,-0.01,-0.01,
2,0,-0.03,-10,-0.08,-0.01,-0.01,
2,0,-0.03,-10,-0.08,0,-0.01,
2,0,0,-10.03,-0.06,-0.01,-0.01,
2,0,0,-10.03,-0.06,-0.01,-0.01,
2,0,0,-10.03,-0.06,-0.01,-0.01,
2,0,0,-10.06,-0.08,0,-0.01,
2,0,0,-10.06,-0.08,0,-0.01,
2,0,0,-10.06,-0.08,-0.01,-0.01,
2,0,-0.02,-10.03,-0.05,-0.01,-0.01,
2,0,-0.02,-10.03,-0.05,-0.01,-0.01,
2,0,0.06,-9.99,-0.09,-0.01,-0.01,
2,0,0.06,-9.99,-0.09,0,-0.01,
2,0,0.06,-9.99,-0.09,0,-0.01,
2,0,-0.01,-10.04,-0.14,0,-0.01,
2,0,-0.01,-10.04,-0.14,-0.01,-0.01,
2,0,-0.01,-10.04,-0.14,-0.01,-0.01,
2,0,0.06,-10.03,-0.05,-0.01,-0.01,
2,0,0.06,-10.03,-0.05,0,-0.01,
2,0,0.06,-10.03,-0.05,-0.01,-0.01,
2,0,0,-9.95,-0.06,-0.01,-0.01,
2,0,0,-9.95,-0.06,0,-0.01,
2,0,0,-9.95,-0.06,-0.01,-0.01,
2,0,0.01,-9.99,-0.02,-0.01,-0.01,
2,0,0.01,-9.99,-0.02,-0.01,-0.01,
2,0,0,-10.07,-0.06,-0.01,-0.01,
2,0,0,-10.07,-0.06,-0.01,-0.01,
2,0,0,-10.07,-0.06,0,-0.01,
2,0,0,-10.02,-0.06,0,-0.01,
2,0,0,-10.02,-0.06,0,-0.01,
2,0,0,-10.02,-0.06,0,-0.01,
2,0,-0.02,-10.07,-0.1,0,-0.01,
2,0,-0.02,-10.07,-0.1,0,-0.01,
2,0,-0.02,-10.07,-0.1,-0.01,-0.01,
2,0,0.01,-10.04,-0.08,0,-0.01,
2,0,0.01,-10.04,-0.08,0,-0.01,
2,0,0.01,-10.04,-0.08,0,-0.01,
2,0,0.06,-10.05,-0.05,-0.01,-0.01,
2,0,0.06,-10.05,-0.05,-0.01,-0.02,
2,0,0,-9.99,-0.1,-0.01,-0.02,
2,0,0,-9.99,-0.1,0,-0.01,
2,0,0,-9.99,-0.1,0,-0.01,
2,0,-0.02,-10.07,-0.08,0,-0.01,
2,0,-0.02,-10.07,-0.08,0,-0.01,
2,0,-0.02,-10.07,-0.08,-0.01,-0.01,
2,0,-0.07,-10.02,-0.11,-0.01,-0.01,
2,0,-0.07,-10.02,-0.11,0,-0.01,
2,0,-0.07,-10.02,-0.11,0,-0.01,
2,0,-0.02,-10.07,-0.1,0,-0.01,
2,0,-0.02,-10.07,-0.1,0,-0.01,
2,0,-0.02,-10.07,-0.1,0,-0.01,
2,0,0.04,-9.98,-0.08,0,-0.01,
2,0,0.04,-9.98,-0.08,0,-0.01,
2,0,0.04,-9.98,-0.08,0,-0.01,
2,0,0,-10.06,-0.04,0,-0.01,
2,0,0,-10.06,-0.04,0,-0.01,
2,0,0,-10.06,-0.04,0,-0.01,
2,0,-0.01,-10.02,-0.11,0,-0.01,
2,0,-0.01,-10.02,-0.11,0,-0.01,
2,0,-0.01,-10.02,-0.11,0,-0.01,
2,0,0.01,-10.01,-0.08,-0.01,-0.01,
2,0,0.01,-10.01,-0.08,-0.01,-0.01,
2,0,0.03,-10.01,-0.13,-0.01,-0.01,
2,0,0.03,-10.01,-0.13,0,-0.01,
2,0,0.03,-10.01,-0.13,0,-0.01,
2,0,0.03,-10.01,-0.07,0,-0.01,
2,0,0.03,-10.01,-0.07,0,-0.01,
2,0,0.03,-10.01,-0.07,0,-0.01,
2,0,-0.02,-10.07,-0.06,0,-0.01,
2,0,-0.02,-10.07,-0.06,0,-0.01,
2,0,-0.02,-10.07,-0.06,-0.01,-0.01,
2,0,0.08,-10.01,-0.07,-0.01,-0.01,
2,0,0.08,-10.01,-0.07,-0.01,-0.01,
2,0,0.08,-10.01,-0.07,0,-0.01,
2,0,-0.01,-10.02,-0.07,0,-0.01,
2,0,-0.01,-10.02,-0.07,-0.01,-0.01,
2,0,-0.01,-10.02,-0.07,-0.01,-0.01,
2,0,-0.02,-9.98,-0.1,-0.01,-0.01,
2,0,-0.02,-9.98,-0.1,0,-0.01,
2,0,-0.02,-9.98,-0.1,0,-0.01,
2,0,0.02,-10.07,-0.08,0,-0.01,
2,0,0.02,-10.07,-0.08,0,-0.01,
2,0,0.02,-10.07,-0.08,0,-0.01,
2,0,-0.01,-10.05,-0.09,-0.01,-0.01,
2,0,-0.01,-10.05,-0.09,0,-0.01,
2,0,-0.01,-10.05,-0.09,0,-0.01,
2,0,0.01,-10.04,-0.1,0,-0.01,
2,0,0.01,-10.04,-0.1,-0.01,-0.01,
2,0,0.01,-10.04,-0.1,-0.01,-0.01,
2,0,-0.01,-10.06,-0.08,-0.01,-0.01,
2,0,-0.01,-10.06,-0.08,0,-0.01,
2,0,-0.01,-10.06,-0.08,0,-0.01,
2,0,0.03,-10.04,-0.09,0,-0.01,
2,0,0.03,-10.04,-0.09,-0.01,-0.01,
2,0,0,-9.96,-0.1,-0.01,-0.01,
2,0,0,-9.96,-0.1,-0.01,-0.01,
2,0,0,-9.96,-0.1,0,-0.01,
2,0,-0.02,-9.98,-0.1,0,-0.01,
2,0,-0.02,-9.98,-0.1,0,-0.01,
2,0,-0.02,-9.98,-0.1,0,-0.01,
2,0,0,-10.03,-0.02,0,-0.01,
2,0,0,-10.03,-0.02,0,-0.01,
2,0,0,-10.03,-0.02,0,-0.01,
2,0,0.01,-10.02,-0.07,-0.01,-0.01,
2,0,0.01,-10.02,-0.07,-0.01,-0.01,
2,0,0.01,-10.02,-0.07,0,-0.01,
2,0,0.02,-10.07,-0.04,0,-0.01,
2,0,0.02,-10.07,-0.04,-0.01,0,
2,0,0.02,-10.07,-0.04,0,-0.01,
2,0,0.09,-10,-0.08,0,-0.01,
2,0,0.09,-10,-0.08,0,-0.01,
2,0,0.09,-10,-0.08,0,-0.01,
2,0,-0.02,-10.01,-0.06,0,-0.01,
2,0,-0.02,-10.01,-0.06,0,-0.01,
2,0,-0.03,-10.04,-0.14,-0.01,-0.01,
2,0,-0.03,-10.04,-0.14,-0.01,-0.01,
2,0,-0.03,-10.04,-0.14,0,-0.01,
2,0,0.05,-10.05,-0.17,0,-0.01,
2,0,0.05,-10.05,-0.17,0,-0.01,
2,0,0.05,-10.05,-0.17,-0.01,-0.01,
2,0,0.01,-10.04,-0.11,0,-0.01,
2,0,0.01,-10.04,-0.11,0,-0.01,
2,0,0.01,-10.04,-0.11,-0.01,-0.01,
2,0,-0.02,-10.05,-0.06,-0.01,-0.01,
2,0,-0.02,-10.05,-0.06,-0.01,-0.01,
2,0,-0.02,-10.05,-0.06,-0.01,-0.01,
2,0,0.06,-10.01,-0.07,0,0,
2,0,0.06,-10.01,-0.07,0,0,
2,0,0.06,-10.01,-0.07,-0.01,-0.01,
2,0,0.04,-10,-0.1,0,-0.01,
2,0,0.04,-10,-0.1,0,-0.01,
2,0,0.04,-10,-0.1,0,-0.01,
2,0,0.01,-9.99,-0.1,0,-0.01,
2,0,0.01,-9.99,-0.1,0,-0.01,
2,0,0,-10.02,-0.07,0,-0.01,
2,0,0,-10.02,-0.07,0,-0.01,
2,0,0,-10.02,-0.07,-0.01,-0.01,
2,0,-0.04,-10.01,-0.05,-0.01,-0.01,
2,0,-0.04,-10.01,-0.05,-0.01,-0.01,
2,0,-0.04,-10.01,-0.05,-0.01,-0.01,
2,0,0.02,-10.01,-0.11,-0.01,-0.01,
2,0,0.02,-10.01,-0.11,-0.01,-0.02,
2,0,0.02,-10.01,-0.11,0,-0.01,
2,0,0.03,-10.01,-0.07,0,-0.01,
2,0,0.03,-10.01,-0.07,-0.01,-0.01,
2,0,0.03,-10.01,-0.07,-0.01,-0.01,
2,0,-0.01,-10,-0.05,-0.01,-0.01,
2,0,-0.01,-10,-0.05,0,-0.01,
2,0,-0.01,-10,-0.05,0,-0.01,
2,0,-0.02,-10.02,-0.08,0,-0.01,
2,0,-0.02,-10.02,-0.08,-0.01,-0.01,
2,0,-0.02,-10.02,-0.08,0,-0.01,
2,0,0,-10,-0.08,0,-0.01,
2,0,0,-10,-0.08,-0.01,-0.01,
2,0,0.03,-10.02,-0.06,0,-0.01,
2,0,0.01,-10.04,-0.1,0,-0.01,
2,0,0.06,-10.01,-0.04,0,-0.01,
2,0,-0.02,-10.03,-0.11,-0.01,-0.01,
2,0,-0.02,-10.02,-0.11,0,-0.01,
2,0,0,-10.05,-0.08,0,-0.01,
2,0,0,-10.05,-0.08,-0.01,-0.01,
2,0,0.02,-10.03,-0.06,-0.01,-0.01,
2,0,0.02,-10.03,-0.06,-0.01,-0.01,
2,0,0.02,-10.03,-0.06,0,-0.01,
2,0,0.01,-10.01,-0.12,0,-0.01,
2,0,0.01,-10.01,-0.12,0,-0.01,
2,0,0.01,-10.01,-0.12,0,-0.01,
2,0,0.01,-10.05,-0.1,0,-0.01,
2,0,0.01,-10.05,-0.1,-0.01,-0.01,
2,0,0.01,-10.05,-0.1,-0.01,-0.01,
2,0,-0.04,-10.04,-0.11,-0.01,-0.01,
2,0,-0.04,-10.04,-0.11,0,-0.01,
2,0,-0.04,-10.04,-0.11,0,-0.01,
2,0,0.05,-10.01,-0.1,-0.01,-0.01,
2,0,0.05,-10.01,-0.1,-0.01,-0.01,
2,0,0.05,-10.01,-0.1,-0.01,-0.01,
2,0,0.01,-10.03,-0.15,-0.01,-0.01,
2,0,0.01,-10.03,-0.15,0,-0.01,
2,0,0.01,-10.03,-0.15,0,-0.01,
2,0,-0.02,-9.99,-0.14,-0.01,-0.01,
2,0,-0.02,-9.99,-0.14,0,-0.01,
2,0,-0.02,-9.99,-0.14,0,-0.01,
2,0,-0.02,-9.99,-0.1,0,-0.01,
2,0,-0.02,-9.99,-0.1,0,-0.01,
2,0,-0.02,-9.99,-0.1,0,-0.01,
2,0,-0.03,-10.06,-0.08,-0.01,0,
2,0,-0.03,-10.06,-0.08,0,-0.01,
2,0,-0.03,-10.06,-0.08,0,-0.01,
2,0,0.04,-10.05,-0.07,0,-0.01,
2,0,0.04,-10.05,-0.07,0,-0.01,
2,0,0.04,-10.05,-0.07,0,-0.01,
2,0,0.02,-10.07,-0.07,-0.01,-0.01,
2,0,0.02,-10.07,-0.07,-0.01,-0.01,
2,0,0.01,-10.1,-0.09,-0.01,-0.01,
2,0,0.01,-10.1,-0.09,-0.01,-0.01,
2,0,0.01,-10.1,-0.09,0,-0.01,
2,0,0,-10.15,-0.06,0,-0.01,
2,0,0,-10.15,-0.06,-0.01,-0.01,
2,0,0,-10.15,-0.06,0,0,
2,0,-0.01,-10.04,-0.1,0,0,
2,0,-0.01,-10.04,-0.1,-0.01,-0.01,
2,0,-0.01,-10.04,-0.1,0,-0.01,
2,0,-0.02,-10.01,-0.12,0,-0.01,
2,0,-0.02,-10.01,-0.12,-0.01,-0.01,
2,0,-0.02,-10.01,-0.12,-0.01,-0.01,
2,0,-0.06,-10.05,-0.06,-0.01,-0.01,
2,0,-0.06,-10.05,-0.06,0,-0.01,
2,0,-0.06,-10.05,-0.06,0,-0.01,
2,0,0.03,-10.03,-0.13,0,-0.01,
2,0,0.03,-10.03,-0.13,0,-0.01,
2,0,0.03,-10.03,-0.13,0,-0.01,
2,0,-0.02,-9.99,-0.11,0,-0.01,
2,0,-0.02,-9.99,-0.11,-0.01,0,
2,0,-0.02,-9.99,-0.11,-0.01,-0.01,
2,0,-0.01,-9.98,-0.11,-0.01,-0.01,
2,0,-0.01,-9.98,-0.11,0,-0.01,
2,0,-0.01,-10.05,-0.1,-0.01,-0.01,
2,0,-0.01,-10.05,-0.1,-0.01,-0.01,
2,0,-0.01,-10.05,-0.1,0,-0.01,
2,0,-0.01,-10.03,-0.08,-0.01,0,
2,0,-0.01,-10.03,-0.08,-0.01,0,
2,0,-0.01,-10.03,-0.08,0,-0.01,
2,0,0.02,-10.01,-0.07,0,-0.01,
2,0,0.02,-10.01,-0.07,0,-0.01,
2,0,0.02,-10.01,-0.07,-0.01,-0.01,
2,0,-0.04,-9.99,-0.04,0,-0.01,
2,0,-0.04,-9.99,-0.04,0,-0.01,
2,0,-0.04,-9.99,-0.04,-0.01,-0.01,
2,0,0.04,-10.05,-0.1,-0.01,-0.01,
2,0,0.04,-10.05,-0.1,-0.01,-0.01,
2,0,0.04,-10.05,-0.1,0,-0.01,
2,0,0.01,-10.08,-0.11,0,-0.01,
2,0,0.01,-10.08,-0.11,0,-0.01,
2,0,0.01,-10.08,-0.11,0,-0.01,
2,0,-0.01,-9.97,-0.12,0,-0.01,
2,0,-0.01,-9.97,-0.12,0,-0.01,
2,0,-0.01,-9.97,-0.12,0,-0.01,
2,0,0.01,-10.02,-0.06,-0.01,-0.01,
2,0,0.01,-10.02,-0.06,-0.01,-0.01,
2,0,0.01,-10.05,-0.11,0,-0.01,
2,0,0.01,-10.05,-0.11,0,-0.01,
2,0,0.01,-10.05,-0.11,0,-0.01,
2,0,-0.04,-9.98,-0.11,-0.01,-0.01,
2,0,-0.04,-9.98,-0.11,0,0,
2,0,-0.04,-9.98,-0.11,0,0,
2,0,-0.01,-10.1,-0.1,0,-0.01,
2,0,-0.01,-10.1,-0.1,0,-0.01,
2,0,-0.01,-10.1,-0.1,0,-0.01,
2,0,-0.01,-9.96,-0.11,0,0,
2,0,-0.01,-9.96,-0.11,-0.01,-0.01,
2,0,-0.01,-9.96,-0.11,-0.01,-0.01,
2,0,0.05,-10.09,-0.07,0,-0.01,
2,0,0.05,-10.09,-0.07,-0.01,-0.01,
2,0,0.05,-10.09,-0.07,-0.01,-0.01,
2,0,0.03,-10.01,-0.09,-0.01,-0.01,
2,0,0.03,-10.01,-0.09,0,-0.01,
2,0,0.03,-10.01,-0.09,0,-0.01,
2,0,0.01,-10.08,-0.13,0,0,
2,0,0.01,-10.08,-0.13,-0.01,-0.01,
2,0,-0.03,-9.98,-0.08,-0.01,-0.01,
2,0,-0.03,-9.98,-0.08,0,-0.01,
2,0,-0.03,-9.98,-0.08,0,-0.01,
2,0,0.04,-9.97,-0.1,0,-0.01,
2,0,0.04,-9.97,-0.1,0,-0.01,
2,0,0.04,-9.97,-0.1,0,-0.01,
2,0,0.01,-10.03,-0.12,0,-0.01,
2,0,0.01,-10.03,-0.12,0,-0.01,
2,0,0.01,-10.03,-0.12,-0.01,-0.01,
2,0,0,-9.95,-0.12,-0.01,-0.01,
2,0,0,-9.95,-0.12,0,-0.01,
2,0,0,-9.95,-0.12,-0.01,-0.01,
2,0,-0.04,-10.02,-0.06,-0.01,-0.01,
2,0,-0.04,-10.02,-0.06,0,-0.01,
2,0,-0.04,-10.02,-0.06,0,-0.01,
2,0,0.01,-10.02,-0.04,0,-0.01,
2,0,0.01,-10.02,-0.04,-0.01,-0.01,
2,0,-0.01,-9.98,-0.08,0,-0.01,
2,0,-0.01,-9.98,-0.08,0,-0.01,
2,0,-0.01,-9.98,-0.08,0,-0.01,
2,0,0,-10.01,-0.03,0,-0.01,
2,0,0,-10.01,-0.03,0,-0.01,
2,0,0,-10.01,-0.03,0,-0.01,
2,0,0,-10.06,-0.1,-0.01,-0.01,
2,0,0,-10.06,-0.1,0,-0.01,
2,0,0,-10.06,-0.1,0,-0.01,
2,0,-0.05,-10.04,-0.06,0,-0.01,
2,0,-0.05,-10.04,-0.06,0,-0.01,
2,0,-0.05,-10.04,-0.06,0,-0.01,
2,0,0,-10.09,-0.11,0,-0.01,
2,0,0,-10.09,-0.11,-0.01,0,
2,0,0,-10.09,-0.11,-0.01,0,
2,0,0.02,-10.04,-0.06,0,-0.01,
2,0,0.02,-10.04,-0.06,0,-0.01,
2,0,0.02,-10.01,-0.03,0,-0.01,
2,0,0.02,-10.01,-0.03,0,-0.01,
2,0,0.02,-10.01,-0.03,-0.01,-0.01,
2,0,0.02,-10.04,-0.09,-0.01,-0.01,
2,0,0.02,-10.04,-0.09,0,-0.01,
2,0,0.02,-10.04,-0.09,-0.01,-0.01,
2,0,0,-10.05,-0.07,-0.01,-0.01,
2,0,0,-10.05,-0.07,-0.01,-0.01,
2,0,0,-10.05,-0.07,0,-0.01,
2,0,0.03,-10.05,-0.1,0,-0.01,
2,0,0.03,-10.05,-0.1,0,-0.01,
2,0,0.03,-10.05,-0.1,0,-0.01,
2,0,-0.01,-10.04,-0.05,0,-0.01,
2,0,-0.01,-10.04,-0.05,0,-0.01,
2,0,-0.01,-10.04,-0.05,0,-0.01,
2,0,0.01,-10.03,-0.14,0,-0.01,
2,0,0.01,-10.03,-0.14,-0.01,-0.01,
2,0,0.01,-10.03,-0.14,0,-0.01,
2,0,0,-10.03,-0.14,0,-0.01,
2,0,0,-10.03,-0.14,-0.01,-0.01,
2,0,0.01,-10.05,-0.04,0,0,
2,0,0.01,-10.05,-0.04,0,0,
2,0,0.01,-10.05,-0.04,0,-0.01,
2,0,-0.01,-10.01,-0.07,-0.01,-0.01,
2,0,-0.01,-10.01,-0.07,-0.01,-0.01,
2,0,-0.01,-10.01,-0.07,0,-0.01,
2,0,0,-10.02,-0.11,-0.01,-0.01,
2,0,0,-10.02,-0.11,-0.01,-0.01,
2,0,0,-10.02,-0.11,-0.01,-0.01,
2,0,0,-9.99,-0.09,-0.01,-0.01,
2,0,0,-9.99,-0.09,-0.01,-0.01,
2,0,0,-9.99,-0.09,-0.01,-0.01,
2,0,0,-10.08,-0.03,0,-0.01,
2,0,0,-10.08,-0.03,0,-0.01,
2,0,0,-10.08,-0.03,-0.01,-0.01,
2,0,0,-10,-0.05,-0.01,-0.01,
2,0,0,-10,-0.05,-0.01,-0.01,
2,0,0.02,-9.98,-0.08,-0.01,0,
2,0,0.02,-9.98,-0.08,0,-0.01,
2,0,0.02,-9.98,-0.08,0,-0.01,
2,0,-0.02,-10.05,-0.06,-0.01,0,
2,0,-0.02,-10.05,-0.06,0,-0.01,
2,0,-0.02,-10.05,-0.06,0,-0.01,
2,0,0.01,-9.98,-0.13,0,-0.01,
2,0,0.01,-9.98,-0.13,0,-0.01,
2,0,0.01,-9.98,-0.13,0,-0.01,
2,0,-0.03,-10.02,-0.11,0,-0.01,
2,0,-0.03,-10.02,-0.11,-0.01,-0.01,
2,0,-0.03,-10.02,-0.11,-0.01,-0.01,
2,0,-0.05,-10,-0.08,0,-0.01,
2,0,-0.05,-10,-0.08,0,-0.01,
2,0,-0.05,-10,-0.08,0,-0.01,
2,0,0.02,-10.03,-0.05,0,-0.01,
2,0,0.02,-10.03,-0.05,0,0,
2,0,0.03,-10.06,-0.1,0,0,
2,0,0.03,-10.06,-0.1,-0.01,-0.01,
2,0,0.03,-10.06,-0.1,-0.01,-0.01,
2,0,0.03,-10.06,-0.1,-0.01,-0.01,
2,0,-0.01,-10.05,-0.09,0,-0.01,
2,0,-0.01,-10.05,-0.09,0,-0.01,
2,0,0.04,-9.99,-0.08,0,-0.01,
2,0,0.04,-9.99,-0.08,0,-0.01,
2,0,0.04,-9.99,-0.08,-0.01,-0.01,
2,0,0.04,-10.03,-0.04,-0.01,-0.01,
2,0,0.04,-10.03,-0.04,-0.01,-0.01,
2,0,0.04,-10.03,-0.04,-0.01,-0.01,
2,0,0.02,-10.01,-0.1,-0.01,-0.01,
2,0,0.02,-10.01,-0.1,-0.01,-0.01,
2,0,0.02,-10.01,-0.1,-0.01,-0.01,
2,0,0.03,-10.04,-0.09,-0.01,-0.01,
2,0,0.03,-10.04,-0.09,-0.01,-0.01,
2,0,0.03,-10.04,-0.09,-0.01,-0.01,
2,0,-0.03,-10.07,-0.06,-0.01,-0.01,
2,0,-0.03,-10.07,-0.06,0,-0.01,
2,0,-0.03,-10.07,-0.06,0,-0.01,
2,0,0,-10,-0.06,-0.01,-0.01,
2,0,0,-10,-0.06,0,-0.01,
2,0,0,-10,-0.06,0,-0.01,
2,0,-0.03,-10.02,-0.04,-0.01,-0.01,
2,0,-0.03,-10.02,-0.04,-0.01,-0.02,
2,0,-0.03,-10.02,-0.04,-0.01,-0.02,
2,0,0.01,-10,-0.09,0,-0.01,
2,0,0.01,-10,-0.09,0,-0.01,
2,0,0.01,-10,-0.09,0,-0.01,
2,0,0.02,-10.03,-0.08,0,-0.01,
2,0,0.02,-10.03,-0.08,0,-0.01,
2,0,0.02,-10.03,-0.08,0,-0.01,
2,0,-0.01,-10.01,-0.09,0,-0.01,
2,0,-0.01,-10.01,-0.09,0,-0.01,
2,0,-0.01,-10.01,-0.09,0,-0.01,
2,0,0.01,-10.01,-0.08,-0.01,-0.01,
2,0,0.01,-10.01,-0.08,0,-0.01,
2,0,0.03,-10.08,-0.07,0,-0.01,
2,0,0.03,-10.08,-0.07,-0.01,-0.01,
2,0,0.03,-10.08,-0.07,-0.01,-0.01,
2,0,0,-10.06,-0.12,-0.01,-0.01,
2,0,0,-10.06,-0.12,0,-0.01,
2,0,0,-10.06,-0.12,-0.01,-0.01,
2,0,0.01,-10.02,-0.1,-0.01,-0.01,
2,0,0.01,-10.02,-0.1,0,-0.01,
2,0,0.01,-10.02,-0.1,-0.01,-0.01,
2,0,0.03,-10.03,-0.11,-0.01,-0.01,
2,0,0.03,-10.03,-0.11,0,-0.01,
2,0,0.03,-10.03,-0.11,0,-0.01,
2,0,0.02,-10.06,-0.09,0,-0.01,
2,0,0.02,-10.06,-0.09,-0.01,-0.01,
2,0,0.02,-10.06,-0.09,0,-0.01,
2,0,-0.02,-9.97,-0.1,0,-0.01,
2,0,-0.02,-9.97,-0.1,0,-0.01,
2,0,-0.03,-10.05,-0.08,0,-0.01,
2,0,-0.03,-10.05,-0.08,0,-0.01,
2,0,-0.03,-10.05,-0.08,-0.01,-0.01,
2,0,0,-10.07,-0.09,-0.01,-0.01,
2,0,0,-10.07,-0.09,-0.01,-0.01,
2,0,0,-10.07,-0.09,0,-0.01,
2,0,-0.02,-10.03,-0.11,0,-0.01,
2,0,-0.02,-10.03,-0.11,0,-0.01,
2,0,-0.02,-10.03,-0.11,0,0,
2,0,0,-10.03,-0.08,0,-0.01,
2,0,0,-10.03,-0.08,0,0,
2,0,0,-10.03,-0.08,0,0,
2,0,0,-9.98,-0.16,-0.01,-0.01,
2,0,0,-9.98,-0.16,-0.01,-0.01,
2,0,0,-9.98,-0.16,0,-0.01,
2,0,-0.02,-9.95,-0.12,0,-0.01,
2,0,-0.02,-9.95,-0.12,0,-0.01,
2,0,0.03,-10.04,-0.11,0,-0.01,
2,0,0.03,-10.04,-0.11,0,-0.01,
2,0,0.03,-10.04,-0.11,-0.01,-0.01,
2,0,-0.01,-10.07,-0.07,-0.01,-0.01,
2,0,-0.01,-10.07,-0.07,0,-0.01,
2,0,-0.01,-10.07,-0.07,0,-0.01,
2,0,0.01,-10.08,-0.08,0,-0.01,
2,0,0.01,-10.08,-0.08,-0.01,-0.01,
2,0,0.01,-10.08,-0.08,0,-0.01,
2,0,0.04,-10.04,-0.12,0,-0.01,
2,0,0.04,-10.04,-0.12,-0.01,-0.01,
2,0,0.04,-10.04,-0.12,-0.01,-0.01,
2,0,-0.03,-10.03,-0.11,-0.01,-0.01,
2,0,-0.03,-10.03,-0.11,-0.01,-0.01,
2,0,-0.03,-10.03,-0.11,0,-0.01,
2,0,0,-10.04,-0.1,0,-0.01,
2,0,0,-10.04,-0.1,0,0,
2,0,-0.02,-10.06,-0.11,-0.01,-0.01,
2,0,-0.02,-10.06,-0.11,-0.01,-0.01,
2,0,-0.02,-10.06,-0.11,0,-0.01,
2,0,0.05,-10,-0.09,0,-0.01,
2,0,0.05,-10,-0.09,0,-0.01,
2,0,0.05,-10,-0.09,-0.01,0,
2,0,0.05,-10.07,-0.11,0,-0.01,
2,0,0.05,-10.07,-0.11,0,-0.01,
2,0,0.05,-10.07,-0.11,0,-0.01,
2,0,0.01,-10.02,-0.08,-0.01,-0.01,
2,0,0.01,-10.02,-0.08,-0.01,-0.01,
2,0,0.01,-10.02,-0.08,-0.01,-0.01,
2,0,0.03,-10.01,-0.06,0,-0.01,
2,0,0.03,-10.01,-0.06,0,-0.01,
2,0,0.03,-10.01,-0.06,-0.01,-0.01,
2,0,0.07,-10.03,-0.06,0,-0.01,
2,0,0.07,-10.03,-0.06,0,-0.01,
2,0,0.01,-10.04,-0.15,0,-0.01,
2,0,0.01,-10.04,-0.15,-0.01,-0.01,
2,0,0.01,-10.04,-0.15,-0.01,-0.01,
2,0,-0.04,-9.99,-0.07,0,-0.01,
2,0,-0.04,-9.99,-0.07,-0.01,-0.01,
2,0,-0.04,-9.99,-0.07,-0.01,-0.01,
2,0,-0.02,-9.97,-0.14,-0.01,-0.01,
2,0,-0.02,-9.97,-0.14,-0.01,-0.01,
2,0,-0.02,-9.97,-0.14,-0.01,-0.01,
2,0,0.02,-10.07,-0.07,0,-0.01,
2,0,0.02,-10.07,-0.07,0,-0.01,
2,0,0.02,-10.07,-0.07,0,-0.01,
2,0,-0.01,-10.05,-0.1,-0.01,-0.01,
2,0,-0.01,-10.05,-0.1,-0.01,-0.01,
2,0,-0.01,-10.05,-0.1,-0.01,-0.01,
2,0,0,-10.07,-0.07,0,-0.01,
2,0,0,-10.07,-0.07,0,-0.01,
2,0,0,-10.07,-0.07,0,-0.01,
2,0,0.01,-10.03,-0.09,0,-0.01,
2,0,0.01,-10.03,-0.09,0,-0.01,
2,0,0.01,-10.03,-0.09,0,-0.01,
2,0,0,-10.02,-0.11,0,-0.01,
2,0,0,-10.02,-0.11,-0.01,-0.01,
2,0,0.01,-10.02,-0.11,-0.01,-0.01,
2,0,0.01,-10.02,-0.11,0,-0.01,
2,0,0.01,-10.02,-0.11,0,-0.01,
2,0,0.09,-10.02,-0.1,0,-0.01,
2,0,0.09,-10.02,-0.1,0,-0.01,
2,0,0.09,-10.02,-0.1,0,-0.01,
2,0,-0.02,-10.02,-0.06,0,-0.01,
2,0,-0.02,-10.02,-0.06,0,-0.01,
2,0,-0.02,-10.02,-0.06,-0.01,-0.01,
2,0,0,-9.99,-0.09,-0.01,-0.01,
2,0,0,-9.99,-0.09,0,-0.01,
2,0,0,-9.99,-0.09,0,-0.01,
2,0,-0.06,-10.03,-0.09,0,-0.01,
2,0,-0.06,-10.03,-0.09,0,-0.01,
2,0,-0.06,-10.03,-0.09,0,-0.01,
2,0,-0.03,-9.99,-0.1,0,-0.01,
2,0,-0.03,-9.99,-0.1,-0.01,-0.01,
2,0,-0.03,-9.99,-0.1,0,-0.01,
2,0,0.03,-10.05,-0.1,0,-0.01,
2,0,0.03,-10.05,-0.1,-0.01,0,
2,0,0,-10.06,-0.11,0,-0.01,
2,0,0,-10.06,-0.11,0,-0.01,
2,0,0,-10.06,-0.11,0,-0.01,
2,0,0.02,-10.04,-0.12,0,-0.01,
2,0,0.02,-10.04,-0.12,0,-0.01,
2,0,0.02,-10.04,-0.12,0,-0.01,
2,0,-0.04,-10.04,-0.12,0,-0.01,
2,0,-0.04,-10.04,-0.12,0,-0.01,
2,0,-0.04,-10.04,-0.12,0,-0.01,
2,0,0.02,-10.01,-0.06,-0.01,-0.01,
2,0,0.02,-10.01,-0.06,-0.01,-0.01,
2,0,0.02,-10.01,-0.06,-0.01,-0.01,
2,0,0.01,-10.06,-0.17,-0.01,-0.01,
2,0,0.01,-10.06,-0.17,-0.01,-0.01,
2,0,0.01,-10.06,-0.17,0,-0.01,
2,0,0.01,-10.01,-0.11,0,-0.01,
2,0,0.01,-10.01,-0.11,0,-0.01,
2,0,0.01,-10.01,-0.11,0.01,-0.01,
2,0,0.03,-10.01,-0.04,0,-0.01,
2,0,0.03,-10.01,-0.04,0,-0.01,
2,0,0.03,-10.01,-0.04,0,-0.01,
2,0,0,-10.05,-0.09,-0.01,-0.01,
2,0,0,-10.05,-0.09,-0.01,-0.01,
2,0,0.03,-9.97,-0.09,0,-0.01,
2,0,0.03,-9.97,-0.09,-0.01,-0.01,
2,0,0.03,-9.97,-0.09,-0.01,-0.01,
2,0,0,-9.97,-0.09,-0.01,-0.01,
2,0,0,-9.97,-0.09,-0.01,-0.01,
2,0,0,-9.97,-0.09,-0.01,-0.01,
2,0,0,-10.05,-0.08,-0.01,-0.01,
2,0,0,-10.05,-0.08,-0.01,-0.01,
2,0,0,-10.05,-0.08,-0.01,-0.01,
2,0,0.02,-10.02,-0.1,-0.01,-0.01,
2,0,0.02,-10.02,-0.1,0,-0.01,
2,0,0.02,-10.02,-0.1,0,-0.01,
2,0,0.01,-10.03,-0.08,0,-0.01,
2,0,0.01,-10.03,-0.08,-0.01,-0.01,
2,0,0.01,-10.03,-0.08,-0.01,-0.01,
2,0,-0.01,-10.03,-0.11,0,-0.01,
2,0,-0.01,-10.03,-0.11,-0.01,-0.01,
2,0,0.05,-10.01,-0.09,-0.01,-0.01,
2,0,0.05,-10.01,-0.09,0,-0.01,
2,0,0.05,-10.01,-0.09,-0.01,-0.01,
2,0,0.02,-9.99,-0.08,-0.01,-0.01,
2,0,0.02,-9.99,-0.08,-0.01,-0.01,
2,0,0.02,-9.99,-0.08,0,-0.01,
2,0,0.01,-10.01,-0.11,0,-0.01,
2,0,0.01,-10.01,-0.11,-0.01,-0.01,
2,0,0.01,-10.01,-0.11,-0.01,-0.01,
2,0,0.04,-10.02,-0.07,-0.01,-0.01,
2,0,0.04,-10.02,-0.07,0,-0.01,
2,0,0.04,-10.02,-0.07,0,-0.01,
2,0,0.03,-10.06,-0.1,0,-0.01,
2,0,0.03,-10.06,-0.1,0,-0.01,
2,0,0.03,-10.06,-0.1,0,-0.01,
2,0,-0.03,-10.06,-0.1,-0.01,-0.01,
2,0,-0.03,-10.06,-0.1,0,-0.01,
2,0,-0.03,-10.06,-0.1,0,-0.01,
2,0,0.07,-10.03,-0.12,-0.01,-0.01,
2,0,0.07,-10.03,-0.12,-0.01,-0.01,
2,0,0.07,-10.03,-0.12,-0.01,-0.01,
2,0,0,-10.01,-0.03,0,0,
2,0,0,-10.01,-0.03,-0.01,-0.01,
2,0,0,-10.01,-0.03,-0.01,-0.01,
2,0,-0.02,-10.01,-0.09,-0.01,-0.01,
2,0,-0.02,-10.01,-0.09,0,-0.01,
2,0,-0.02,-10.01,-0.09,0,-0.01,
2,0,0,-10,-0.06,0,-0.01,
2,0,0,-10,-0.06,0,-0.01,
2,0,0,-10,-0.06,0,-0.01,
2,0,0,-10.07,-0.08,0,-0.01,
2,0,0,-10.07,-0.08,0,-0.01,
2,0,0,-10.07,-0.08,0,-0.01,
2,0,-0.01,-10.01,-0.08,0,-0.01,
2,0,-0.01,-10.01,-0.08,0,-0.01,
2,0,-0.01,-10.01,-0.08,-0.01,-0.01,
2,0,0.03,-10.05,-0.06,-0.01,-0.01,
2,0,0.03,-10.05,-0.06,0,-0.01,
2,0,0.03,-10.05,-0.06,0,-0.01,
2,0,0.03,-9.97,-0.08,0,-0.01,
2,0,0.03,-9.97,-0.08,-0.01,-0.01,
2,0,0.01,-10.01,-0.08,-0.01,-0.01,
2,0,0.01,-10.01,-0.08,0,-0.01,
2,0,0.01,-10.01,-0.08,-0.01,-0.01,
2,0,0.01,-10.03,-0.11,-0.01,-0.01,
2,0,0.01,-10.03,-0.11,-0.01,-0.01,
2,0,0.01,-10.03,-0.11,-0.01,-0.01,
2,0,-0.01,-10.05,-0.14,0,-0.01,
2,0,-0.01,-10.05,-0.14,0,-0.01,
2,0,-0.01,-10.05,-0.14,0,-0.01,
2,0,0.01,-10.04,-0.06,0,-0.01,
2,0,0.01,-10.04,-0.06,0,-0.01,
2,0,0.01,-10.04,-0.06,0,-0.01,
2,0,0,-10.02,-0.08,0,-0.01,
2,0,0,-10.02,-0.08,-0.01,-0.01,
2,0,0,-10.02,-0.08,-0.01,-0.01,
2,0,0,-10,-0.09,-0.01,-0.01,
2,0,0,-10,-0.09,-0.01,-0.01,
2,0,0,-10,-0.09,0,-0.01,
2,0,0.02,-10.08,-0.07,0,-0.01,
2,0,0.02,-10.08,-0.07,-0.01,0,
2,0,0.05,-10.05,-0.07,0,-0.01,
2,0,0.05,-10.05,-0.07,0,-0.01,
2,0,0.05,-10.05,-0.07,-0.01,-0.01,
2,0,-0.06,-10.03,-0.09,0,-0.01,
2,0,-0.06,-10.03,-0.09,0,-0.01,
2,0,-0.06,-10.03,-0.09,0,-0.01,
2,0,0.04,-10.05,-0.04,0,-0.01,
2,0,0.04,-10.05,-0.04,0,-0.01,
2,0,0.04,-10.05,-0.04,0,-0.01,
2,0,0.03,-10.02,-0.12,0,-0.01,
2,0,0.03,-10.02,-0.12,0,-0.01,
2,0,0.03,-10.02,-0.12,0,-0.01,
2,0,-0.08,-9.99,-0.12,0,-0.01,
2,0,-0.08,-9.99,-0.12,0,-0.01,
2,0,-0.08,-9.99,-0.12,0,-0.01,
2,0,0.02,-10.04,-0.12,0,-0.01,
2,0,0.02,-10.04,-0.12,0,-0.01,
2,0,0.02,-10.04,-0.12,0,-0.01,
2,0,0.02,-9.98,-0.07,0,-0.01,
2,0,0.02,-9.98,-0.07,0,-0.01,
2,0,0.02,-9.98,-0.07,0,-0.01,
2,0,0.01,-10,-0.11,0,-0.01,
2,0,0.01,-10,-0.11,-0.01,-0.01,
2,0,-0.01,-10.02,-0.11,0,-0.01,
2,0,-0.01,-10.02,-0.11,0,-0.01,
2,0,-0.01,-10.02,-0.11,0,-0.01,
2,0,0.02,-10.01,-0.04,-0.01,-0.01,
2,0,0.02,-10.01,-0.04,0,-0.01,
2,0,0.02,-10.01,-0.04,0,-0.01,
2,0,-0.01,-10.04,-0.14,0,-0.01,
2,0,-0.01,-10.04,-0.14,0,-0.01,
2,0,-0.01,-10.04,-0.14,0,-0.01,
2,0,0.02,-10.05,-0.16,0,-0.01,
2,0,0.02,-10.05,-0.16,-0.01,-0.01,
2,0,0.02,-10.05,-0.16,-0.01,-0.01,
2,0,-0.05,-10.02,-0.09,0,-0.01,
2,0,-0.05,-10.02,-0.09,0,-0.01,
2,0,-0.05,-10.02,-0.09,0,-0.01,
2,0,0,-10.04,-0.11,0,-0.01,
2,0,0,-10.04,-0.11,-0.01,-0.01,
2,0,0,-10.02,-0.07,-0.01,-0.01,
2,0,0,-10.02,-0.07,0,-0.01,
2,0,0,-10.02,-0.07,-0.01,-0.01,
2,0,0,-10.04,-0.1,-0.01,-0.01,
2,0,0,-10.04,-0.1,-0.01,-0.01,
2,0,0,-10.04,-0.1,0,-0.01,
2,0,0.03,-10.07,-0.07,0,-0.01,
2,0,0.03,-10.07,-0.07,-0.01,-0.01,
2,0,0.03,-10.07,-0.07,0,-0.01,
2,0,-0.05,-10.01,-0.09,0,-0.01,
2,0,-0.05,-10.01,-0.09,0,-0.01,
2,0,-0.05,-10.01,-0.09,0,-0.01,
2,0,0.03,-10.03,-0.07,-0.01,-0.01,
2,0,0.03,-10.03,-0.07,-0.01,-0.01,
2,0,0.03,-10.03,-0.07,-0.01,-0.01,
2,0,-0.02,-10.03,-0.1,-0.01,-0.01,
2,0,-0.02,-10.03,-0.1,0,-0.01,
2,0,-0.02,-10.03,-0.1,0,-0.01,
2,0,0.03,-10.05,-0.09,-0.01,-0.01,
2,0,0.03,-10.05,-0.09,0,-0.01,
2,0,0.03,-10.05,-0.09,0,-0.01,
2,0,-0.07,-10.05,-0.11,-0.01,-0.01,
2,0,-0.07,-10.05,-0.11,0,-0.01,
2,0,-0.07,-10.05,-0.11,0,-0.01,
2,0,0,-10.02,-0.09,0,-0.01,
2,0,0,-10.02,-0.09,0,-0.01,
2,0,0,-10.02,-0.09,0,-0.01,
2,0,0.03,-10.06,-0.13,0,-0.01,
2,0,0.03,-10.06,-0.13,0,-0.01,
2,0,0.03,-10.06,-0.13,0,-0.01,
2,0,0.02,-10.02,-0.05,0,-0.01,
2,0,0.02,-10.02,-0.05,-0.01,-0.01,
2,0,0.03,-10.04,-0.07,-0.01,-0.01,
2,0,0.03,-10.04,-0.07,-0.01,0,
2,0,0.03,-10.04,-0.07,-0.01,-0.01,
2,0,0.02,-10.04,-0.13,-0.01,-0.01,
2,0,0.02,-10.04,-0.13,0,-0.01,
2,0,0.02,-10.04,-0.13,0,-0.01,
2,0,0.06,-9.99,-0.11,0,-0.01,
2,0,0.06,-9.99,-0.11,0,-0.01,
2,0,0.06,-9.99,-0.11,0,-0.01,
2,0,0.02,-10.04,-0.09,0,-0.01,
2,0,0.02,-10.04,-0.09,-0.01,-0.01,
2,0,0.02,-10.04,-0.09,0,-0.01,
2,0,-0.05,-10.03,-0.11,0,-0.01,
2,0,-0.05,-10.03,-0.11,-0.01,-0.01,
2,0,-0.05,-10.03,-0.11,-0.01,-0.01,
2,0,-0.03,-9.99,-0.07,-0.01,-0.01,
2,0,-0.03,-9.99,-0.07,0,0,
2,0,-0.03,-9.99,-0.05,0,-0.01,
2,0,-0.03,-9.99,-0.05,0,-0.01,
2,0,-0.03,-9.99,-0.05,0,-0.01,
2,0,-0.02,-10.04,-0.14,-0.01,-0.01,
2,0,-0.02,-10.04,-0.14,-0.01,-0.01,
2,0,-0.02,-10.04,-0.14,-0.01,-0.01,
2,0,-0.02,-10.04,-0.11,-0.01,-0.01,
2,0,-0.02,-10.04,-0.11,-0.01,-0.01,
2,0,-0.02,-10.04,-0.11,0,-0.01,
2,0,0.04,-10.02,-0.06,0,-0.01,
2,0,0.04,-10.02,-0.06,0,-0.01,
2,0,0.04,-10.02,-0.06,0,-0.02,
2,0,0,-10,-0.11,0,-0.01,
2,0,0,-10,-0.11,0,-0.01,
2,0,0,-10,-0.11,-0.01,-0.01,
2,0,0.05,-10.05,-0.1,0,-0.01,
2,0,0.05,-10.05,-0.1,0,-0.01,
2,0,-0.03,-10.01,-0.08,-0.01,-0.01,
2,0,-0.03,-10.01,-0.08,-0.01,-0.01,
2,0,-0.03,-10.01,-0.08,-0.01,-0.01,
2,0,0.04,-10.03,-0.07,0,-0.01,
2,0,0.04,-10.03,-0.07,-0.01,-0.01,
2,0,0.04,-10.03,-0.07,-0.01,-0.01,
2,0,-0.04,-10.01,-0.03,-0.01,-0.01,
2,0,-0.04,-10.01,-0.03,0,-0.01,
2,0,-0.04,-10.01,-0.03,-0.01,-0.01,
2,0,-0.02,-10.03,-0.09,-0.01,-0.01,
2,0,-0.02,-10.03,-0.09,0,-0.01,
2,0,-0.02,-10.03,-0.09,-0.01,-0.01,
2,0,0.02,-10.01,-0.05,-0.01,-0.01,
2,0,0.02,-10.01,-0.05,0,-0.01,
2,0,0.02,-10.01,-0.05,0,-0.01,
2,0,0.01,-9.98,-0.02,0,-0.01,
2,0,0.01,-9.98,-0.02,-0.01,-0.01,
2,0,0.01,-10.04,-0.08,0,-0.01,
2,0,0.01,-10.04,-0.08,0,-0.01,
2,0,0.01,-10.04,-0.08,-0.01,-0.01,
2,0,-0.02,-9.97,-0.07,-0.01,-0.01,
2,0,-0.02,-9.97,-0.07,-0.01,-0.01,
2,0,-0.02,-9.97,-0.07,0,-0.01,
2,0,-0.06,-10.09,-0.14,-0.01,-0.01,
2,0,-0.06,-10.09,-0.14,-0.01,-0.01,
2,0,-0.06,-10.09,-0.14,0,-0.01,
2,0,-0.03,-10.02,-0.09,-0.01,-0.01,
2,0,-0.03,-10.02,-0.09,-0.01,-0.01,
2,0,-0.03,-10.02,-0.09,0,-0.01,
2,0,0.03,-10.04,-0.07,-0.01,-0.01,
2,0,0.03,-10.04,-0.07,-0.01,-0.01,
2,0,0.03,-10.04,-0.07,-0.01,-0.01,
2,0,0.01,-10.05,-0.1,0,-0.01,
2,0,0.01,-10.05,-0.1,0,-0.01,
2,0,0.01,-10.05,-0.1,0,-0.01,
2,0,-0.02,-9.97,-0.11,-0.01,-0.01,
2,0,-0.02,-9.97,-0.11,-0.01,-0.01,
2,0,-0.02,-9.97,-0.11,0,-0.01,
2,0,0.03,-10.07,-0.06,0,-0.01,
2,0,0.03,-10.07,-0.06,0,-0.01,
2,0,0.03,-10.07,-0.06,-0.01,-0.01,
2,0,0.01,-9.99,-0.06,-0.01,-0.01,
2,0,0.01,-9.99,-0.06,0,-0.01,
2,0,-0.02,-10.02,-0.11,-0.01,-0.01,
2,0,-0.02,-10.02,-0.11,0,-0.01,
2,0,-0.02,-10.02,-0.11,0,-0.01,
2,0,0,-10,-0.11,-0.01,-0.01,
2,0,0,-10,-0.11,0,-0.01,
2,0,0,-10,-0.11,0,-0.01,
2,0,0,-10.04,-0.06,0,-0.01,
2,0,0,-10.04,-0.06,0,-0.01,
2,0,0,-10.04,-0.06,0,-0.01,
2,0,-0.02,-10.01,-0.1,0,-0.01,
2,0,-0.02,-10.01,-0.1,0,-0.01,
2,0,-0.02,-10.01,-0.1,0,-0.01,
2,0,-0.03,-10.03,-0.13,-0.01,-0.01,
2,0,-0.03,-10.03,-0.13,-0.01,-0.01,
2,0,-0.03,-10.03,-0.13,-0.01,-0.01,
2,0,-0.01,-10.04,-0.05,-0.01,0,
2,0,-0.01,-10.04,-0.05,-0.01,0,
2,0,-0.01,-10.04,-0.05,0,-0.01,
2,0,0.03,-10.04,-0.09,-0.01,-0.01,
2,0,0.03,-10.04,-0.09,-0.01,-0.01,
2,0,0.02,-10.02,-0.08,0,-0.01,
2,0,0.02,-10.02,-0.08,-0.01,-0.01,
2,0,0.02,-10.02,-0.08,0,-0.01,
2,0,0,-10.04,-0.1,0,-0.01,
2,0,0,-10.04,-0.1,-0.01,-0.01,
2,0,0,-10.04,-0.1,0,-0.01,
2,0,-0.02,-10,-0.04,0,-0.01,
2,0,-0.02,-10,-0.04,-0.01,0,
2,0,-0.02,-10,-0.04,0,-0.01,
2,0,-0.05,-10.02,-0.07,0,-0.01,
2,0,-0.05,-10.02,-0.07,-0.01,-0.01,
2,0,-0.05,-10.02,-0.07,0,-0.01,
2,0,-0.01,-10.03,0,0,-0.01,
2,0,-0.01,-10.03,0,-0.01,-0.01,
2,0,0,-10.05,-0.12,-0.01,-0.01,
2,0,0,-10.05,-0.12,-0.01,-0.01,
2,0,0,-10.05,-0.12,0,-0.01,
2,0,0.02,-9.98,-0.12,-0.01,-0.01,
2,0,0.02,-9.98,-0.12,-0.01,-0.01,
2,0,0.02,-9.98,-0.12,0,-0.01,
2,0,0.01,-10.02,-0.11,-0.01,0,
2,0,0.01,-10.02,-0.11,0,-0.01,
2,0,0.01,-10.02,-0.11,0,-0.01,
2,0,0,-9.98,-0.12,-0.01,-0.01,
2,0,0,-9.98,-0.12,-0.01,-0.01,
2,0,0,-9.98,-0.12,-0.01,-0.01,
2,0,-0.04,-10.06,-0.13,0,-0.01,
2,0,-0.04,-10.06,-0.13,0,-0.01,
2,0,-0.07,-10.03,-0.06,0,-0.01,
2,0,-0.07,-10.03,-0.06,0,-0.01,
2,0,-0.07,-10.03,-0.06,0,-0.01,
2,0,0,-10.01,-0.07,0,-0.01,
2,0,0,-10.01,-0.07,0,-0.01,
2,0,0,-10.01,-0.07,0,-0.01,
2,0,0.02,-10.04,-0.09,0,-0.01,
2,0,0.02,-10.04,-0.09,0,-0.01,
2,0,0.02,-10.04,-0.09,0,-0.01,
2,0,-0.03,-10.04,-0.08,0,0,
2,0,-0.03,-10.04,-0.08,0,0,
2,0,-0.03,-10.04,-0.08,0,-0.01,
2,0,0.01,-10.05,-0.08,0,-0.01,
2,0,0.01,-10.05,-0.08,0,-0.01,
2,0,-0.04,-10.07,-0.1,-0.01,-0.01,
2,0,-0.04,-10.07,-0.1,-0.01,-0.01,
2,0,-0.04,-10.07,-0.1,-0.01,-0.01,
2,0,0.04,-9.96,-0.08,-0.01,-0.01,
2,0,0.04,-9.96,-0.08,0,-0.01,
2,0,0.04,-9.96,-0.08,0,-0.01,
2,0,-0.03,-10.01,-0.11,-0.01,-0.01,
2,0,-0.03,-10.01,-0.11,-0.01,-0.01,
2,0,-0.03,-10.01,-0.11,-0.01,-0.01,
2,0,-0.01,-10,-0.07,0,-0.01,
2,0,-0.01,-10,-0.07,-0.01,-0.01,
2,0,-0.01,-10,-0.07,-0.01,-0.01,
2,0,0,-10.07,-0.12,0,-0.01,
2,0,0,-10.07,-0.12,0,-0.01,
2,0,-0.02,-10.04,-0.1,0,-0.01,
2,0,-0.02,-10.04,-0.1,0,-0.01,
2,0,-0.02,-10.04,-0.1,-0.01,-0.01,
2,0,-0.02,-10.02,-0.09,-0.01,-0.01,
2,0,-0.02,-10.02,-0.09,-0.01,-0.01,
2,0,-0.02,-10.02,-0.09,-0.01,-0.01,
2,0,0.03,-10.03,-0.05,-0.01,-0.01,
2,0,0.03,-10.03,-0.05,-0.01,-0.01,
2,0,0.03,-10.03,-0.05,0,-0.01,
2,0,0.04,-10.07,-0.08,0,-0.01,
2,0,0.04,-10.07,-0.08,-0.01,-0.01,
2,0,0.04,-10.07,-0.08,0,-0.01,
2,0,-0.01,-10.04,-0.05,0,-0.01,
2,0,-0.01,-10.04,-0.05,-0.01,-0.01,
2,0,-0.01,-10.04,-0.05,0,-0.01,
2,0,0,-10.06,-0.04,0,-0.01,
2,0,0,-10.06,-0.04,0,-0.01,
2,0,0,-10.06,-0.04,0,-0.01,
2,0,-0.02,-10.06,-0.13,0,-0.01,
2,0,-0.02,-10.06,-0.13,0,-0.01,
2,0,0.01,-10.05,-0.07,0,-0.01,
2,0,0.01,-10.05,-0.07,0,-0.01,
2,0,0.01,-10.05,-0.07,0,-0.01,
2,0,-0.03,-10,-0.11,0,-0.01,
2,0,-0.03,-10,-0.11,0,-0.01,
2,0,-0.03,-10,-0.11,-0.01,-0.01,
2,0,-0.04,-10.03,-0.07,0,-0.01,
2,0,-0.04,-10.03,-0.07,0,-0.01,
2,0,-0.04,-10.03,-0.07,-0.01,-0.01,
2,0,0,-10.06,-0.11,0,-0.01,
2,0,0,-10.06,-0.11,0,-0.01,
2,0,0,-10.06,-0.11,-0.01,-0.01,
2,0,-0.04,-9.99,-0.11,-0.01,-0.01,
2,0,-0.04,-9.99,-0.11,-0.01,-0.01,
2,0,-0.04,-9.99,-0.11,0,-0.01,
2,0,-0.01,-10.03,-0.04,0,-0.01,
2,0,-0.01,-10.03,-0.04,0,-0.01,
2,0,-0.01,-10.03,-0.04,0,-0.01,
2,0,0,-10.03,-0.13,0,-0.01,
2,0,0,-10.03,-0.13,0,-0.01,
2,0,0,-10.03,-0.13,0,-0.01,
2,0,0.03,-10.06,-0.06,0,-0.01,
2,0,0.03,-10.06,-0.06,0,-0.01,
2,0,-0.01,-10.03,-0.13,-0.01,-0.01,
2,0,-0.01,-10.03,-0.13,0,-0.01,
2,0,-0.01,-10.03,-0.13,0,-0.01,
2,0,0.05,-9.97,-0.14,0,-0.01,
2,0,0.05,-9.97,-0.14,0,-0.01,
2,0,0.05,-9.97,-0.14,0,-0.01,
2,0,-0.04,-10,-0.04,0,-0.01,
2,0,-0.04,-10,-0.04,0,-0.01,
2,0,-0.04,-10,-0.04,0,-0.01,
2,0,0.02,-10.05,-0.12,0,-0.01,
2,0,0.02,-10.05,-0.12,0,-0.01,
2,0,0.02,-10.05,-0.12,0,-0.01,
2,0,0.04,-10,-0.1,-0.01,-0.01,
2,0,0.04,-10,-0.1,0,-0.01,
2,0,0.04,-10,-0.1,0,-0.01,
2,0,-0.02,-10.05,-0.1,-0.01,-0.01,
2,0,-0.02,-10.05,-0.1,0,-0.01,
2,0,-0.03,-10.03,-0.09,0,-0.01,
2,0,-0.03,-10.03,-0.09,0,-0.01,
2,0,-0.03,-10.03,-0.09,0,0,
2,0,-0.04,-10.02,-0.07,0,-0.01,
2,0,-0.04,-10.02,-0.07,0,-0.01,
2,0,-0.04,-10.02,-0.07,-0.01,-0.01,
2,0,0.01,-10.04,-0.11,0,-0.01,
2,0,0.01,-10.04,-0.11,0,-0.01,
2,0,0.01,-10.04,-0.11,0,-0.01,
2,0,-0.03,-10.02,-0.09,0,-0.01,
2,0,-0.03,-10.02,-0.09,0,-0.01,
2,0,-0.03,-10.02,-0.09,-0.01,-0.01,
2,0,-0.04,-10.01,-0.08,0,-0.01,
2,0,-0.04,-10.01,-0.08,0,-0.01,
2,0,-0.07,-10.05,-0.08,0,-0.01,
2,0,-0.07,-10.05,-0.08,0,-0.01,
2,0,-0.07,-10.05,-0.08,0,-0.01,
2,0,0.07,-10.03,-0.11,0,-0.01,
2,0,0.07,-10.03,-0.11,0,-0.01,
2,0,0.07,-10.03,-0.11,0,-0.01,
2,0,0.01,-10.06,-0.09,-0.01,-0.01,
2,0,0.01,-10.06,-0.09,0,-0.01,
2,0,0.01,-10.06,-0.09,0,-0.01,
2,0,0.03,-9.96,-0.07,0,-0.01,
2,0,0.03,-9.96,-0.07,-0.01,-0.01,
2,0,0.03,-9.96,-0.07,-0.01,-0.01,
2,0,0.01,-10,-0.1,-0.01,-0.01,
2,0,0.01,-10,-0.1,0,-0.01,
2,0,-0.02,-10.04,-0.08,0,-0.01,
2,0,-0.02,-10.04,-0.08,0,-0.01,
2,0,-0.02,-10.04,-0.08,0,-0.01,
2,0,0.02,-10.05,-0.11,0,-0.01,
2,0,0.02,-10.05,-0.11,0,-0.01,
2,0,0.02,-10.05,-0.11,-0.01,-0.01,
2,0,0.02,-10.01,-0.06,0,0,
2,0,0.02,-10.01,-0.06,0,0,
2,0,0.02,-10.01,-0.06,-0.01,-0.01,
2,0,0.01,-10.02,-0.12,-0.01,-0.01,
2,0,0.01,-10.02,-0.12,-0.01,-0.01,
2,0,0.01,-10.02,-0.12,0,-0.01,
2,0,0.09,-10,-0.13,0,-0.01,
2,0,0.09,-10,-0.13,0,-0.01,
2,0,-0.02,-10.02,-0.12,-0.01,-0.01,
2,0,-0.02,-10.02,-0.12,0,0,
2,0,-0.02,-10.02,-0.12,0,0,
2,0,-0.01,-10.01,-0.12,-0.01,-0.01,
2,0,-0.01,-10.01,-0.12,0,-0.01,
2,0,-0.01,-10.01,-0.12,0,-0.01,
2,0,0.01,-10.06,-0.09,0,-0.01,
2,0,0.01,-10.06,-0.09,0,-0.01,
2,0,0.01,-10.06,-0.09,0,-0.01,
2,0,0.01,-10.05,-0.09,-0.01,-0.01,
2,0,0.01,-10.05,-0.09,-0.01,-0.01,
2,0,0.01,-10.05,-0.09,-0.01,-0.01,
2,0,0.03,-10.04,-0.05,0,-0.01,
2,0,0.03,-10.04,-0.05,0,-0.01,
2,0,0.03,-10.04,-0.05,0,-0.01,
2,0,0.03,-10,-0.05,0,-0.01,
2,0,0.03,-10,-0.05,0,-0.02,
2,0,0.03,-10,-0.05,0,-0.02,
2,0,-0.02,-10.03,-0.07,-0.01,-0.01,
2,0,-0.02,-10.03,-0.07,-0.01,-0.01,
2,0,-0.02,-10.03,-0.07,-0.01,-0.01,
2,0,0.04,-10.06,-0.14,0,-0.01,
2,0,0.04,-10.06,-0.14,0,-0.01,
2,0,0.04,-10.06,-0.14,0,-0.01,
2,0,-0.01,-10.02,-0.12,-0.01,-0.01,
2,0,-0.01,-10.02,-0.12,-0.01,-0.01,
2,0,-0.01,-10.02,-0.12,0,-0.01,
2,0,-0.02,-10.09,-0.11,-0.01,-0.01,
2,0,-0.02,-10.09,-0.11,-0.01,-0.01,
2,0,-0.02,-10.09,-0.11,0,-0.01,
2,0,-0.01,-10.04,-0.09,0,-0.01,
2,0,-0.01,-10.04,-0.09,0,-0.01,
2,0,-0.01,-10.04,-0.09,0,-0.01,
2,0,0.07,-10.01,-0.1,0,-0.01,
2,0,0.07,-10.01,-0.1,0,-0.01,
2,0,0.07,-10.01,-0.1,0,-0.01,
2,0,0.05,-9.98,-0.09,-0.01,-0.01,
2,0,0.05,-9.98,-0.09,-0.01,-0.01,
2,0,-0.03,-10.04,-0.08,0,-0.01,
2,0,-0.03,-10.04,-0.08,-0.01,-0.01,
2,0,-0.03,-10.04,-0.08,-0.01,-0.01,
2,0,0.03,-9.99,-0.07,-0.01,-0.01,
2,0,0.03,-9.99,-0.07,-0.01,-0.01,
2,0,0.03,-9.99,-0.07,-0.01,-0.01,
2,0,0.01,-10.02,-0.08,0,0,
2,0,0.01,-10.02,-0.08,0,-0.01,
2,0,0.01,-10.02,-0.08,0,-0.01,
2,0,0.01,-9.98,-0.1,0,-0.01,
2,0,0.01,-9.98,-0.1,0,-0.01,
2,0,0.01,-9.98,-0.1,0,-0.01,
2,0,-0.03,-10.05,-0.11,0,-0.01,
2,0,-0.03,-10.05,-0.11,0,-0.01,
2,0,-0.03,-10.05,-0.11,0,-0.01,
2,0,-0.04,-10.02,-0.1,0,-0.01,
2,0,-0.04,-10.02,-0.1,0,0,
2,0,-0.04,-10.02,-0.1,0,0,
2,0,0.03,-10.03,-0.08,-0.01,-0.01,
2,0,0.03,-10.03,-0.08,0,0,
2,0,0.02,-10.04,-0.07,0,0,
2,0,0.02,-10.04,-0.07,0,-0.01,
2,0,0.02,-10.04,-0.07,-0.01,-0.01,
2,0,0.03,-9.99,-0.11,-0.01,-0.01,
2,0,0.03,-9.99,-0.11,0,-0.01,
2,0,0.03,-9.99,-0.11,0,-0.01,
2,0,-0.01,-10.1,-0.08,0,-0.01,
2,0,-0.01,-10.1,-0.08,-0.01,-0.01,
2,0,-0.01,-10.1,-0.08,0,-0.01,
2,0,0,-10.09,-0.11,0,-0.01,
2,0,0,-10.09,-0.11,-0.01,-0.01,
2,0,0,-10.09,-0.11,0,-0.01,
2,0,0,-10,-0.1,0,-0.01,
2,0,0,-10,-0.1,-0.01,-0.01,
2,0,0,-10,-0.1,0,-0.01,
2,0,0.05,-10.07,-0.11,0,-0.01,
2,0,0.05,-10.07,-0.11,0,-0.01,
2,0,0.05,-10.07,-0.11,0,-0.01,
2,0,-0.04,-10,-0.07,0,-0.01,
2,0,-0.04,-10,-0.07,0,-0.01,
2,0,-0.01,-10.01,-0.06,-0.01,-0.01,
2,0,-0.01,-10.01,-0.06,-0.01,-0.01,
2,0,-0.01,-10.01,-0.06,0,-0.01,
2,0,-0.04,-9.97,-0.06,-0.01,-0.01,
2,0,-0.04,-9.97,-0.06,-0.01,-0.01,
2,0,-0.04,-9.97,-0.06,-0.01,-0.01,
2,0,-0.01,-10.02,-0.13,-0.01,-0.01,
2,0,-0.01,-10.02,-0.13,-0.01,-0.01,
2,0,-0.01,-10.02,-0.13,0,-0.01,
2,0,0,-10.04,-0.11,0,-0.01,
2,0,0,-10.04,-0.11,0,-0.01,
2,0,0,-10.04,-0.11,-0.01,-0.01,
2,0,0.03,-9.99,-0.06,0,-0.01,
2,0,0.03,-9.99,-0.06,0,-0.01,
2,0,0.03,-9.99,-0.06,-0.01,-0.01,
2,0,-0.07,-10.03,-0.11,0,-0.01,
2,0,-0.07,-10.03,-0.11,0,-0.01,
2,0,-0.07,-10.03,-0.11,0,0,
2,0,-0.05,-10.03,-0.11,-0.01,-0.01,
2,0,-0.05,-10.03,-0.11,-0.01,-0.01,
2,0,0.02,-10.06,-0.11,-0.01,-0.01,
2,0,0.02,-10.06,-0.11,0,-0.01,
2,0,0.02,-10.06,-0.11,0,-0.01,
2,0,-0.01,-10.04,-0.12,0,-0.01,
2,0,-0.01,-10.04,-0.12,-0.01,-0.01,
2,0,-0.01,-10.04,-0.12,-0.01,-0.01,
2,0,-0.03,-10.04,-0.15,0,-0.01,
2,0,-0.03,-10.04,-0.15,-0.01,-0.01,
2,0,-0.03,-10.04,-0.15,-0.01,-0.01,
2,0,0.02,-10.01,-0.1,-0.01,0,
2,0,0.02,-10.01,-0.1,0,-0.01,
2,0,0.02,-10.01,-0.1,0,-0.01,
2,0,0.02,-9.97,-0.11,-0.01,-0.01,
2,0,0.02,-9.97,-0.11,-0.01,-0.01,
2,0,0.02,-9.97,-0.11,-0.01,-0.01,
2,0,-0.03,-10,-0.07,0,-0.01,
2,0,-0.03,-10,-0.07,-0.01,0,
2,0,0,-10.03,-0.09,0,-0.01,
2,0,0,-10.03,-0.09,0,-0.01,
2,0,0,-10.03,-0.09,-0.01,-0.01,
2,0,0.01,-10,-0.05,-0.01,-0.01,
2,0,-0.01,-10.06,-0.1,-0.01,-0.01,
2,0,-0.01,-10.06,-0.1,-0.01,0,
2,0,-0.01,-10.06,-0.1,-0.01,0,
2,0,0,-10.03,-0.11,-0.01,-0.01,
2,0,0,-10.03,-0.11,0,-0.01,
2,0,0,-10.03,-0.11,0,-0.01,
2,0,-0.02,-10.01,-0.1,0,-0.01,
2,0,-0.02,-10.01,-0.1,0,-0.01,
2,0,-0.02,-10.01,-0.1,0,-0.01,
2,0,0.01,-10.01,-0.08,-0.01,-0.01,
2,0,0.01,-10.01,-0.08,0,-0.01,
2,0,0.01,-10.01,-0.08,0,-0.01,
2,0,0.05,-10.07,-0.09,0,-0.01,
2,0,0.05,-10.07,-0.09,-0.01,-0.01,
2,0,0.05,-10.07,-0.09,-0.01,-0.01,
2,0,-0.04,-10.08,-0.04,0,-0.01,
2,0,-0.04,-10.08,-0.04,-0.01,0,
2,0,-0.04,-10.08,-0.04,-0.01,0,
2,0,0.01,-10,-0.12,-0.01,-0.01,
2,0,0.01,-10,-0.12,-0.01,-0.01,
2,0,0.01,-10,-0.12,-0.01,-0.01,
2,0,0,-10.04,-0.11,-0.01,-0.01,
2,0,0,-10.04,-0.11,0,-0.01,
2,0,0,-10.04,-0.11,0,-0.01,
2,0,-0.01,-10.04,-0.11,-0.01,-0.01,
2,0,-0.01,-10.04,-0.11,-0.01,0,
2,0,-0.01,-10.04,-0.11,-0.01,0,
2,0,0.01,-9.99,-0.09,0,-0.01,
2,0,0.01,-9.99,-0.09,0,-0.01,
2,0,0.05,-10.07,-0.07,0,-0.01,
2,0,0.05,-10.07,-0.07,0,-0.01,
2,0,0.05,-10.07,-0.07,-0.01,-0.01,
2,0,0,-10.1,-0.09,-0.01,-0.01,
2,0,0,-10.1,-0.09,-0.01,-0.01,
2,0,0,-10.1,-0.09,0,-0.01,
2,0,0.02,-10.03,-0.07,0,-0.01,
2,0,0.02,-10.03,-0.07,0,-0.01,
2,0,0.02,-10.03,-0.07,-0.01,-0.01,
2,0,0.01,-10.07,-0.11,-0.01,-0.01,
2,0,0.01,-10.07,-0.11,0,-0.01,
2,0,0.01,-10.07,-0.11,0,-0.01,
2,0,0,-10.03,-0.04,0,-0.01,
2,0,0,-10.03,-0.04,0,-0.01,
2,0,0,-10.03,-0.04,0,-0.01,
2,0,0.03,-10.02,-0.11,0,-0.01,
2,0,0.03,-10.02,-0.11,-0.01,-0.01,
2,0,0.03,-10.02,-0.11,-0.01,-0.01,
2,0,0.02,-10.05,-0.13,-0.01,-0.01,
2,0,0.02,-10.05,-0.13,0,-0.01,
2,0,0.02,-10.05,-0.13,0,-0.01,
2,0,0.01,-10.02,-0.08,-0.01,-0.01,
2,0,0.01,-10.02,-0.08,0,-0.01,
2,0,0.01,-10.02,-0.08,0,-0.01,
2,0,0.01,-10.03,-0.12,0,-0.01,
2,0,0.01,-10.03,-0.12,-0.01,-0.01,
2,0,0,-10.05,-0.11,-0.01,-0.01,
2,0,0,-10.05,-0.11,0,-0.01,
2,0,0,-10.05,-0.11,0,-0.01,
2,0,0,-10.07,-0.07,0,-0.01,
2,0,0,-10.07,-0.07,0,-0.01,
2,0,0,-10.07,-0.07,0,-0.01,
2,0,0,-9.97,-0.1,0,-0.01,
2,0,0,-9.97,-0.1,-0.01,-0.01,
2,0,0,-9.97,-0.1,0,-0.01,
2,0,0.07,-10.06,-0.09,-0.01,-0.01,
2,0,0.07,-10.06,-0.09,-0.01,-0.01,
2,0,0.07,-10.06,-0.09,-0.01,-0.01,
2,0,-0.04,-10.03,-0.05,-0.01,-0.01,
2,0,-0.04,-10.03,-0.05,-0.01,-0.01,
2,0,-0.04,-10.03,-0.05,0,-0.01,
2,0,-0.01,-10.04,-0.07,0,-0.01,
2,0,-0.01,-10.04,-0.07,0,-0.01,
2,0,-0.01,-10.04,-0.07,-0.01,-0.01,
2,0,-0.05,-10,-0.11,0,-0.01,
2,0,-0.05,-10,-0.11,0,-0.01,
2,0,0,-10.07,-0.05,0,-0.01,
2,0,0,-10.07,-0.05,-0.01,-0.01,
2,0,0,-10.07,-0.05,-0.01,-0.01,
2,0,-0.04,-9.97,-0.06,0,-0.01,
2,0,-0.04,-9.97,-0.06,-0.01,-0.01,
2,0,-0.04,-9.97,-0.06,-0.01,-0.01,
2,0,0.09,-9.92,0.27,0,-0.02,
2,0,0.09,-9.92,0.27,0,-0.02,
2,0,0.09,-9.92,0.27,0.01,-0.02,
2,0,0.17,-9.6,0.16,0,-0.01,
2,0,0.17,-9.6,0.16,0,-0.01,
2,0,0.17,-9.6,0.16,0,-0.01,
2,0,-0.25,-10.19,0.14,-0.01,0,
2,0,-0.25,-10.19,0.14,-0.01,0,
2,0,-0.25,-10.19,0.14,0,0,
2,0,-0.08,-10.2,-0.48,-0.01,-0.01,
2,0,-0.08,-10.2,-0.48,-0.01,-0.01,
2,0,-0.08,-10.2,-0.48,-0.01,-0.01,
2,0,0,-10.12,-0.26,0,-0.02,
2,0,0,-10.12,-0.26,0,-0.02,
2,0,0,-10.12,-0.26,-0.01,-0.01,
2,0,-0.13,-10.04,-0.06,0,-0.01,
2,0,-0.13,-10.04,-0.06,0,-0.01,
2,0,-0.13,-10.04,-0.06,-0.01,-0.01,
2,0,0.08,-9.9,0.01,-0.01,-0.01,
2,0,0.08,-9.9,0.01,-0.01,-0.01,
2,0,0.08,-9.9,0.01,0,-0.01,
2,0,0.01,-10.08,-0.22,-0.01,-0.01,
2,0,0.01,-10.08,-0.22,-0.01,-0.01,
2,0,0.01,-10.08,-0.22,0,-0.01,
2,0,0.04,-10,-0.11,0,-0.01,
2,0,0.04,-10,-0.11,-0.01,-0.01,
2,0,0.06,-10.02,0.04,0,-0.01,
2,0,0.06,-10.02,0.04,0,-0.01,
2,0,0.06,-10.02,0.04,0,-0.01,
2,0,0.11,-9.95,-0.04,-0.01,-0.01,
2,0,0.11,-9.95,-0.04,-0.01,-0.01,
2,0,0.11,-9.95,-0.04,0,-0.01,
2,0,-0.06,-10.07,-0.26,-0.01,-0.01,
2,0,-0.06,-10.07,-0.26,0,-0.01,
2,0,-0.06,-10.07,-0.26,0,-0.01,
2,0,-0.02,-10.01,-0.15,0,-0.01,
2,0,-0.02,-10.01,-0.15,0,-0.01,
2,0,-0.02,-10.01,-0.15,0,-0.01,
2,0,-0.04,-10.01,-0.02,0,-0.01,
2,0,-0.04,-10.01,-0.02,0,-0.01,
2,0,-0.04,-10.01,-0.02,0,-0.01,
2,0,0,-10.02,-0.02,-0.01,-0.01,
2,0,0,-10.02,-0.02,-0.01,-0.01,
2,0,0,-10.07,-0.1,-0.01,-0.01,
2,0,0,-10.07,-0.1,-0.01,-0.01,
2,0,0,-10.07,-0.1,-0.01,-0.01,
2,0,0.07,-10.02,-0.04,-0.01,-0.01,
2,0,0.07,-10.02,-0.04,0,-0.01,
2,0,0.07,-10.02,-0.04,0,-0.01,
2,0,-0.06,-10,-0.06,0,-0.01,
2,0,-0.06,-10,-0.06,-0.01,-0.01,
2,0,-0.06,-10,-0.06,-0.01,-0.01,
2,0,0,-10.02,-0.14,-0.01,-0.01,
2,0,0,-10.02,-0.14,0,-0.01,
2,0,0,-10.02,-0.14,-0.01,-0.01,
2,0,0.01,-10.07,-0.21,-0.01,-0.01,
2,0,0.01,-10.07,-0.21,0,-0.01,
2,0,0.01,-10.07,-0.21,0,-0.01,
2,0,0,-10.07,-0.13,0,-0.01,
2,0,0,-10.07,-0.13,0,-0.01,
2,0,0,-10.07,-0.13,-0.01,-0.01,
2,0,0.02,-9.93,-0.01,-0.01,-0.01,
2,0,0.02,-9.93,-0.01,-0.01,-0.01,
2,0,0.05,-9.97,-0.05,-0.01,-0.01,
2,0,0.05,-9.97,-0.05,-0.01,-0.01,
2,0,0.05,-9.97,-0.05,0,-0.01,
2,0,-0.04,-10.05,-0.17,0,-0.01,
2,0,-0.04,-10.05,-0.17,0,-0.01,
2,0,-0.04,-10.05,-0.17,0,-0.01,
2,0,0.02,-10.05,-0.13,0,-0.01,
2,0,0.02,-10.05,-0.13,0,-0.01,
2,0,0.02,-10.05,-0.13,0,-0.01,
2,0,0,-9.99,-0.01,-0.01,-0.01,
2,0,0,-9.99,-0.01,-0.01,-0.01,
2,0,0,-9.99,-0.01,0,-0.01,
2,0,0.02,-10.02,-0.05,-0.01,-0.01,
2,0,0.02,-10.02,-0.05,-0.01,-0.01,
2,0,0.02,-10.02,-0.05,-0.01,-0.01,
2,0,0.03,-10.07,-0.19,0,-0.01,
2,0,0.03,-10.07,-0.19,0,-0.01,
2,0,0.04,-10.06,-0.1,-0.01,-0.01,
2,0,0.04,-10.06,-0.1,0,-0.01,
2,0,0.04,-10.06,-0.1,0,-0.01,
2,0,-0.03,-9.97,-0.06,-0.01,-0.01,
2,0,-0.03,-9.97,-0.06,-0.01,-0.01,
2,0,-0.03,-9.97,-0.06,-0.01,-0.01,
2,0,0.01,-10.01,-0.06,0,-0.01,
2,0,0.01,-10.01,-0.06,0,-0.01,
2,0,0.01,-10.01,-0.06,0,-0.01,
2,0,-0.02,-10.09,-0.15,0,-0.01,
2,0,-0.02,-10.09,-0.15,0,-0.01,
2,0,-0.02,-10.09,-0.15,0,-0.01,
2,0,-0.04,-10.03,-0.19,-0.01,-0.01,
2,0,-0.04,-10.03,-0.19,0,-0.01,
2,0,-0.04,-10.03,-0.19,0,-0.01,
2,0,0.03,-10.05,-0.06,0,-0.01,
2,0,0.03,-10.05,-0.06,-0.01,-0.01,
2,0,0.03,-10.05,-0.06,-0.01,-0.01,
2,0,0,-9.97,-0.05,0,-0.01,
2,0,0,-9.97,-0.05,-0.01,-0.01,
2,0,0,-9.97,-0.05,-0.01,-0.01,
2,0,-0.09,-10.05,-0.11,-0.01,-0.01,
2,0,-0.09,-10.05,-0.11,0,-0.01,
2,0,0.04,-10.03,-0.11,0,-0.01,
2,0,0.04,-10.03,-0.11,-0.01,0,
2,0,0.04,-10.03,-0.11,0,-0.01,
2,0,0,-9.96,-0.11,0,-0.01,
2,0,0,-9.96,-0.11,0,-0.01,
2,0,0,-9.96,-0.11,0,-0.01,
2,0,-0.01,-9.96,-0.03,0,-0.01,
2,0,-0.01,-9.96,-0.03,0,-0.01,
2,0,-0.01,-9.96,-0.03,-0.01,-0.01,
2,0,0.02,-10.07,-0.09,-0.01,-0.01,
2,0,0.02,-10.07,-0.09,-0.01,-0.01,
2,0,0.02,-10.07,-0.09,0,0,
2,0,-0.03,-10.03,-0.09,0,0,
2,0,-0.03,-10.03,-0.09,0,-0.01,
2,0,-0.03,-10.03,-0.09,0,-0.01,
2,0,0.01,-10.01,-0.14,0,-0.01,
2,0,0.01,-10.01,-0.14,0,-0.01,
2,0,0.01,-10.01,-0.14,0,-0.01,
2,0,0.02,-10.07,-0.11,-0.01,-0.01,
2,0,0.02,-10.07,-0.11,-0.01,-0.01,
2,0,0.02,-10.07,-0.11,-0.01,-0.01,
2,0,0.01,-10.05,-0.03,-0.01,-0.01,
2,0,0.01,-10.05,-0.03,0,-0.01,
2,0,0.01,-10.05,-0.03,0,-0.01,
2,0,0,-9.96,-0.13,-0.01,-0.01,
2,0,0,-9.96,-0.13,-0.01,-0.01,
2,0,0,-9.96,-0.13,-0.01,-0.01,
2,0,0.01,-9.98,0,-0.01,-0.01,
2,0,0.01,-9.98,0,-0.01,-0.01,
2,0,0.01,-9.98,0,-0.01,-0.01,
2,0,0,-10.08,-0.1,0,-0.01,
2,0,0,-10.08,-0.1,-0.01,-0.01,
2,0,0,-10.08,-0.1,-0.01,-0.01,
2,0,0,-10.1,-0.06,0,-0.01,
2,0,0,-10.1,-0.06,0,-0.01,
2,0,0.06,-10.03,-0.12,0,-0.01,
2,0,0.06,-10.03,-0.12,0,-0.01,
2,0,0.06,-10.03,-0.12,0,-0.01,
2,0,0.03,-10.08,-0.1,0,-0.01,
2,0,0.03,-10.08,-0.1,-0.01,-0.01,
2,0,0.03,-10.08,-0.1,-0.01,-0.01,
2,0,0.07,-10.05,-0.11,-0.01,-0.01,
2,0,0.07,-10.05,-0.11,-0.01,-0.01,
2,0,0.07,-10.05,-0.11,0,-0.01,
2,0,0.05,-10.06,-0.09,0,-0.01,
2,0,0.05,-10.06,-0.09,0,-0.01,
2,0,0.05,-10.06,-0.09,-0.01,0,
2,0,0.05,-10.01,-0.05,-0.01,0,
2,0,0.05,-10.01,-0.05,0,-0.01,
2,0,0.05,-10.01,-0.05,-0.01,-0.01,
2,0,0.02,-10,-0.04,-0.01,-0.01,
2,0,0.02,-10,-0.04,0,-0.01,
2,0,0.02,-10,-0.04,0,-0.01,
2,0,0,-10.04,-0.11,0,-0.01,
2,0,0,-10.04,-0.11,0,-0.01,
2,0,0.03,-10.07,-0.11,0,-0.01,
2,0,0.03,-10.07,-0.11,0,-0.01,
2,0,0.03,-10.07,-0.11,-0.01,0,
2,0,-0.03,-9.98,-0.14,-0.01,-0.01,
2,0,-0.03,-9.98,-0.14,-0.01,-0.01,
2,0,-0.03,-9.98,-0.14,-0.01,-0.01,
2,0,-0.02,-9.96,-0.11,0,-0.01,
2,0,-0.02,-9.96,-0.11,0,-0.01,
2,0,-0.02,-9.96,-0.11,-0.01,-0.01,
2,0,0,-10.02,-0.08,-0.01,-0.01,
2,0,0,-10.02,-0.08,-0.01,-0.01,
2,0,0,-10.02,-0.08,0,-0.01,
2,0,-0.06,-10.08,-0.1,0,-0.01,
2,0,-0.06,-10.08,-0.1,0,-0.01,
2,0,-0.06,-10.08,-0.1,0,-0.01,
2,0,-0.03,-10.09,-0.06,0,-0.01,
2,0,-0.03,-10.09,-0.06,0,-0.01,
2,0,0.02,-10.01,-0.08,-0.01,-0.01,
2,0,0.02,-10.01,-0.08,-0.01,-0.01,
2,0,0.02,-10.01,-0.08,-0.01,-0.01,
2,0,-0.01,-10.03,-0.08,0,-0.01,
2,0,-0.01,-10.03,-0.08,0,-0.01,
2,0,-0.01,-10.03,-0.08,0,-0.01,
2,0,-0.01,-10.07,-0.11,-0.01,-0.01,
2,0,-0.01,-10.07,-0.11,-0.01,-0.01,
2,0,-0.01,-10.07,-0.11,-0.01,-0.01,
2,0,0,-10,-0.06,-0.01,-0.01,
2,0,0,-10,-0.06,0,-0.01,
2,0,0,-10,-0.06,0,-0.01,
2,0,0.03,-9.99,-0.08,0,-0.01,
2,0,0.03,-9.99,-0.08,0,-0.01,
2,0,0.03,-9.99,-0.08,0,-0.01,
2,0,-0.05,-10,-0.02,-0.01,0,
2,0,-0.05,-10,-0.02,0,-0.01,
2,0,-0.05,-10,-0.02,0,-0.01,
2,0,0.08,-10.03,-0.1,0,-0.01,
2,0,0.08,-10.03,-0.1,0,-0.01,
2,0,-0.01,-10.03,-0.1,0,-0.01,
2,0,-0.01,-10.03,-0.1,-0.01,-0.01,
2,0,-0.01,-10.03,-0.1,0,-0.01,
2,0,0,-10,-0.1,0,-0.01,
2,0,0,-10,-0.1,-0.01,-0.01,
2,0,0,-10,-0.1,0,-0.01,
2,0,-0.01,-10,-0.08,0,-0.01,
2,0,-0.01,-10,-0.08,0,-0.01,
2,0,-0.01,-10,-0.08,0,-0.01,
2,0,-0.01,-10.02,-0.07,0,-0.01,
2,0,-0.01,-10.02,-0.07,-0.01,-0.01,
2,0,-0.01,-10.02,-0.07,0,-0.01,
2,0,0,-10.01,-0.12,0,-0.01,
2,0,0,-10.01,-0.12,-0.01,-0.01,
2,0,0,-10.01,-0.12,0,-0.01,
2,0,-0.05,-10.1,0.2,0,-0.01,
2,0,-0.05,-10.1,0.2,-0.01,-0.01,
2,0,-0.05,-10.1,0.2,0,-0.01,
2,0,0.16,-10.01,0.09,0,-0.01,
2,0,0.16,-10.01,0.09,-0.01,0,
2,0,0.16,-10.01,0.09,-0.01,0,
2,0,-0.09,-9.96,0.19,0,-0.01,
2,0,-0.09,-9.96,0.19,-0.01,-0.01,
2,0,-0.09,-9.96,0.19,-0.01,-0.01,
2,0,-0.14,-10.12,-0.16,-0.01,-0.01,
2,0,-0.14,-10.12,-0.16,0,-0.01,
2,0,-0.14,-10.12,-0.16,0,-0.01,
2,0,-0.02,-10.16,-0.34,-0.01,-0.01,
2,0,-0.02,-10.16,-0.34,0,-0.01,
2,0,-0.02,-10.16,-0.34,0,-0.01,
2,0,-0.01,-10.03,-0.1,0,-0.01,
2,0,-0.01,-10.03,-0.1,-0.01,-0.01,
2,0,-0.03,-10.04,-0.13,-0.01,-0.01,
2,0,-0.03,-10.04,-0.13,0,-0.01,
2,0,-0.03,-10.04,-0.13,0,-0.01,
2,0,0.06,-10.03,-0.11,0,-0.01,
2,0,0.06,-10.03,-0.11,0,-0.01,
2,0,0.06,-10.03,-0.11,-0.01,-0.01,
2,0,-0.02,-10.06,-0.04,0,0,
2,0,-0.02,-10.06,-0.04,0,0,
2,0,-0.02,-10.06,-0.04,-0.01,-0.01,
2,0,-0.01,-10.08,0,-0.01,-0.01,
2,0,-0.01,-10.08,0,-0.01,-0.01,
2,0,-0.01,-10.08,0,0,-0.01,
2,0,0.1,-9.97,-0.02,-0.01,-0.01,
2,0,0.1,-9.97,-0.02,-0.01,-0.01,
2,0,0.1,-9.97,-0.02,0,-0.01,
2,0,-0.04,-10.15,-0.17,0,-0.01,
2,0,-0.04,-10.15,-0.17,0,-0.01,
2,0,-0.04,-10.15,-0.17,-0.01,-0.01,
2,0,-0.02,-10.01,-0.12,0,-0.01,
2,0,-0.02,-10.01,-0.12,0,-0.01,
2,0,0,-9.99,-0.09,0,-0.01,
2,0,0,-9.99,-0.09,-0.01,-0.01,
2,0,0,-9.99,-0.09,-0.01,-0.01,
2,0,-0.01,-10.02,-0.09,0,-0.01,
2,0,-0.01,-10.02,-0.09,-0.01,-0.01,
2,0,-0.01,-10.02,-0.09,-0.01,-0.01,
2,0,-0.02,-10.05,-0.08,-0.01,-0.01,
2,0,-0.02,-10.05,-0.08,-0.01,-0.01,
2,0,-0.02,-10.05,-0.08,-0.01,-0.01,
2,0,-0.04,-9.98,-0.01,-0.01,-0.01,
2,0,-0.04,-9.98,-0.01,-0.01,-0.01,
2,0,-0.04,-9.98,-0.01,-0.01,-0.01,
2,0,-0.01,-9.98,-0.08,-0.01,-0.01,
2,0,-0.01,-9.98,-0.08,0,-0.01,
2,0,-0.01,-9.98,-0.08,0,-0.01,
2,0,0.04,-10.01,-0.08,-0.01,-0.01,
2,0,0.04,-10.01,-0.08,-0.01,-0.01,
2,0,0.04,-10.01,-0.08,-0.01,-0.01,
2,0,0,-10.04,-0.09,0,-0.01,
2,0,0,-10.04,-0.09,0,-0.01,
2,0,0,-10.01,-0.15,-0.01,0,
2,0,0,-10.01,-0.15,0,-0.01,
2,0,0,-10.01,-0.15,0,-0.01,
2,0,0.01,-10.01,-0.02,-0.01,-0.01,
2,0,0.01,-10.01,-0.02,0,-0.01,
2,0,0.01,-10.01,-0.02,0,-0.01,
2,0,0,-10.03,-0.07,-0.01,-0.01,
2,0,0,-10.03,-0.07,-0.01,-0.01,
2,0,0,-10.03,-0.07,-0.01,-0.01,
2,0,0.06,-10.06,-0.14,-0.01,-0.01,
2,0,0.06,-10.06,-0.14,0,-0.01,
2,0,0.06,-10.06,-0.14,0,-0.01,
2,0,0,-9.99,-0.13,-0.01,-0.01,
2,0,0,-9.99,-0.13,-0.01,-0.01,
2,0,0,-9.99,-0.13,-0.01,-0.01,
2,0,0,-10,-0.09,0,-0.01,
2,0,0,-10,-0.09,0,-0.01,
2,0,0,-10,-0.09,0,-0.01,
2,0,-0.04,-10.02,-0.13,-0.01,-0.01,
2,0,-0.04,-10.02,-0.13,0,-0.02,
2,0,-0.04,-10.02,-0.13,0,-0.02,
2,0,0.04,-10,-0.1,-0.01,-0.01,
2,0,0.04,-10,-0.1,0,-0.01,
2,0,-0.03,-10.01,-0.04,0,-0.01,
2,0,-0.03,-10.01,-0.04,0,-0.01,
2,0,-0.03,-10.01,-0.04,0,-0.01,
2,0,0.02,-10,-0.07,0,-0.01,
2,0,0.02,-10,-0.07,-0.01,-0.01,
2,0,0.02,-10,-0.07,0,-0.01,
2,0,0.04,-10.03,-0.03,0,-0.01,
2,0,0.04,-10.03,-0.03,0,-0.01,
2,0,0.04,-10.03,-0.03,0,-0.01,
2,0,-0.02,-10.04,-0.1,0,-0.01,
2,0,-0.02,-10.04,-0.1,0,-0.01,
2,0,-0.02,-10.04,-0.1,0,-0.01,
2,0,-0.04,-10.03,-0.1,0,-0.01,
2,0,-0.04,-10.03,-0.1,0,-0.01,
2,0,-0.04,-10.03,-0.1,0,0,
2,0,0.04,-10.03,-0.06,0,0,
2,0,0.04,-10.03,-0.06,0,-0.01,
2,0,0.04,-10.03,-0.06,0,-0.01,
2,0,-0.02,-10.03,-0.15,0,-0.01,
2,0,-0.02,-10.03,-0.15,-0.01,-0.01,
2,0,-0.02,-10.03,-0.15,-0.01,-0.01,
2,0,0.01,-10.05,-0.1,0,-0.01,
2,0,0.01,-10.05,-0.1,0,-0.01,
2,0,0.01,-10.05,-0.1,0,-0.01,
2,0,0,-9.97,-0.09,0,-0.01,
2,0,0,-9.97,-0.09,-0.01,-0.01,
2,0,0,-9.97,-0.09,-0.01,-0.01,
2,0,0.02,-9.99,-0.06,0,-0.01,
2,0,0.02,-9.99,-0.06,0,-0.01,
2,0,0.02,-9.99,-0.06,0,-0.01,
2,0,0.02,-10.05,-0.13,-0.01,-0.01,
2,0,0.02,-10.05,-0.13,0,-0.01,
2,0,0.02,-10.05,-0.13,0,-0.01,
2,0,-0.01,-10.07,-0.09,0,-0.01,
2,0,-0.01,-10.07,-0.09,0,-0.01,
2,0,-0.01,-10.04,-0.1,0,-0.01,
2,0,-0.01,-10.04,-0.1,-0.01,-0.01,
2,0,-0.01,-10.04,-0.1,-0.01,-0.01,
2,0,-0.01,-10.01,-0.11,-0.01,-0.01,
2,0,-0.01,-10.01,-0.11,0,-0.01,
2,0,-0.01,-10.01,-0.11,0,-0.01,
2,0,-0.01,-10.06,-0.13,0,-0.01,
2,0,-0.01,-10.06,-0.13,0,-0.01,
2,0,-0.01,-10.06,-0.13,-0.01,-0.01,
2,0,-0.04,-10.09,-0.08,-0.01,-0.01,
2,0,-0.04,-10.09,-0.08,0,-0.01,
2,0,-0.04,-10.09,-0.08,-0.01,-0.01,
2,0,0.05,-10.05,-0.09,-0.01,-0.01,
2,0,0.05,-10.05,-0.09,0,-0.01,
2,0,0.05,-10.05,-0.09,0,-0.01,
2,0,-0.05,-10.09,-0.04,0,-0.01,
2,0,-0.05,-10.09,-0.04,0,-0.01,
2,0,-0.05,-10.09,-0.04,-0.01,-0.01,
2,0,0,-10.04,-0.05,-0.01,-0.01,
2,0,0,-10.04,-0.05,0,-0.01,
2,0,0,-10.04,-0.05,0,-0.01,
2,0,-0.03,-10.05,-0.06,0,-0.01,
2,0,-0.03,-10.05,-0.06,0,-0.01,
2,0,-0.03,-9.96,-0.05,-0.01,-0.01,
2,0,-0.03,-9.96,-0.05,-0.01,-0.01,
2,0,-0.03,-9.96,-0.05,-0.01,-0.01,
2,0,0,-10.03,-0.03,0,0,
2,0,0,-10.03,-0.03,0,0,
2,0,0,-10.03,-0.03,0,-0.01,
2,0,0.01,-10.03,-0.09,0,-0.01,
2,0,0.01,-10.03,-0.09,0,-0.01,
2,0,0.01,-10.03,-0.09,0,-0.01,
2,0,-0.02,-10.07,-0.15,0,-0.01,
2,0,-0.02,-10.07,-0.15,0,-0.01,
2,0,-0.02,-10.07,-0.15,-0.01,-0.01,
2,0,-0.05,-9.99,-0.06,-0.01,-0.01,
2,0,-0.05,-9.99,-0.06,-0.01,-0.01,
2,0,-0.05,-9.99,-0.06,0,-0.01,
2,0,-0.04,-10,-0.07,0,-0.01,
2,0,-0.04,-10,-0.07,0,-0.01,
2,0,-0.04,-10,-0.07,0,-0.01,
2,0,-0.05,-10.01,-0.15,0,-0.01,
2,0,-0.05,-10.01,-0.15,0,-0.01,
2,0,-0.03,-10.02,-0.07,-0.01,-0.01,
2,0,-0.03,-10.02,-0.07,0,-0.01,
2,0,-0.03,-10.02,-0.07,0,-0.01,
2,0,0.03,-9.99,-0.11,-0.01,-0.01,
2,0,0.03,-9.99,-0.11,0,-0.01,
2,0,0.03,-9.99,-0.11,0,-0.01,
2,0,0,-10.03,-0.08,-0.01,-0.01,
2,0,0,-10.03,-0.08,0,-0.01,
2,0,0,-10.03,-0.08,0,-0.01,
2,0,0.04,-9.96,0,0,-0.01,
2,0,0.04,-9.96,0,0,-0.01,
2,0,0.04,-9.96,0,0,-0.01,
2,0,-0.02,-9.97,-0.08,0,-0.01,
2,0,-0.02,-9.97,-0.08,0,-0.01,
2,0,-0.02,-9.97,-0.08,0,-0.01,
2,0,0,-9.99,-0.12,0,-0.01,
2,0,0,-9.99,-0.12,0,-0.01,
2,0,0,-9.99,-0.12,0,-0.01,
2,0,-0.01,-10.07,-0.06,-0.01,-0.01,
2,0,-0.01,-10.07,-0.06,-0.01,0,
2,0,0.04,-10,-0.05,-0.01,0,
2,0,0.04,-10,-0.05,-0.01,-0.01,
2,0,0.04,-10,-0.05,0,-0.01,
2,0,0.04,-10.03,-0.1,0,-0.01,
2,0,0.04,-10.03,-0.1,0,-0.01,
2,0,0.04,-10.03,-0.1,0,-0.01,
2,0,0,-10.03,-0.05,0,-0.01,
2,0,0,-10.03,-0.05,0,-0.01,
2,0,0,-10.03,-0.05,0,-0.01,
2,0,0,-10.01,-0.09,-0.01,-0.01,
2,0,0,-10.01,-0.09,0,-0.01,
2,0,0,-10.01,-0.09,0,-0.01,
2,0,-0.01,-10.02,-0.12,-0.01,-0.01,
2,0,-0.01,-10.02,-0.12,0,-0.01,
2,0,-0.01,-10.02,-0.12,0,-0.01,
2,0,-0.04,-10.03,-0.07,0,-0.01,
2,0,-0.04,-10.03,-0.07,0,-0.01,
2,0,-0.04,-10.03,-0.07,0,-0.01,
2,0,0.02,-10.02,-0.09,0,-0.01,
2,0,0.02,-10.02,-0.09,0,-0.01,
2,0,0.02,-10.02,-0.09,0,-0.01,
2,0,0.06,-10.06,-0.07,-0.01,0,
2,0,0.06,-10.06,-0.07,-0.01,0,
2,0,0.06,-10.06,-0.07,-0.01,-0.01,
2,0,-0.02,-10.04,-0.11,0,-0.01,
2,0,-0.02,-10.04,-0.11,0,-0.01,
2,0,-0.02,-10.04,-0.11,-0.01,-0.01,
2,0,0,-10.03,-0.09,0,-0.01,
2,0,0,-10.03,-0.09,0,-0.01,
2,0,0,-10.03,-0.09,0,-0.01,
2,0,-0.01,-9.99,-0.04,0,-0.01,
2,0,-0.01,-9.99,-0.04,0,-0.01,
2,0,-0.01,-9.99,-0.04,-0.01,-0.01,
2,0,0,-9.97,-0.12,-0.01,-0.01,
2,0,0,-9.97,-0.12,-0.01,-0.01,
2,0,0,-9.97,-0.12,0,-0.01,
2,0,-0.04,-10.01,-0.08,0,-0.01,
2,0,-0.04,-10.01,-0.08,0,-0.01,
2,0,0,-10.05,-0.16,0,0,
2,0,0,-10.05,-0.16,0,-0.01,
2,0,0,-10.05,-0.16,0,-0.01,
2,0,-0.01,-10.04,-0.05,0,-0.01,
2,0,-0.01,-10.04,-0.05,-0.01,-0.01,
2,0,-0.01,-10.04,-0.05,-0.01,-0.01,
2,0,-0.01,-10.03,-0.12,0,-0.01,
2,0,-0.01,-10.03,-0.12,0,-0.01,
2,0,-0.01,-10.03,-0.12,0,-0.01,
2,0,0.01,-10.09,-0.11,-0.01,-0.01,
2,0,0.01,-10.09,-0.11,0,-0.01,
2,0,0.01,-10.09,-0.11,0,-0.01,
2,0,0.01,-10.01,-0.07,0,-0.01,
2,0,0.01,-10.01,-0.07,0,-0.01,
2,0,0.01,-10.01,-0.07,0,-0.01,
2,0,-0.02,-10.05,-0.09,0,-0.01,
2,0,-0.02,-10.05,-0.09,0,0,
2,0,-0.02,-10.05,-0.09,0,0,
2,0,0.04,-10.13,-0.11,0,-0.01,
2,0,0.04,-10.13,-0.11,-0.01,0,
2,0,-0.03,-10.06,-0.09,0,-0.01,
2,0,-0.03,-10.06,-0.09,0,-0.01,
2,0,-0.03,-10.06,-0.09,0,-0.01,
2,0,0,-10.04,-0.09,-0.01,-0.01,
2,0,0,-10.04,-0.09,-0.01,-0.01,
2,0,0,-10.04,-0.09,0,-0.01,
2,0,-0.04,-10.04,-0.08,0,-0.01,
2,0,-0.04,-10.04,-0.08,0,-0.02,
2,0,-0.04,-10.04,-0.08,0,-0.01,
2,0,0.01,-10.01,-0.11,0,-0.01,
2,0,0.01,-10.01,-0.11,-0.01,-0.01,
2,0,0.01,-10.01,-0.11,0,-0.01,
2,0,-0.01,-10.03,-0.06,0,-0.01,
2,0,-0.01,-10.03,-0.06,0,-0.01,
2,0,-0.01,-10.03,-0.06,0,-0.01,
2,0,-0.04,-10,-0.13,0,-0.01,
2,0,-0.04,-10,-0.13,-0.01,-0.01,
2,0,-0.04,-10,-0.13,0,-0.01,
2,0,-0.03,-10.03,-0.12,0,-0.01,
2,0,-0.03,-10.03,-0.12,-0.01,-0.01,
2,0,-0.03,-10.03,-0.12,0,-0.01,
2,0,0.05,-10.01,-0.1,0,-0.01,
2,0,0.05,-10.01,-0.1,-0.01,-0.01,
2,0,0,-9.99,-0.12,-0.01,-0.01,
2,0,0,-9.99,-0.12,-0.01,-0.01,
2,0,0,-9.99,-0.12,0,-0.01,
2,0,0.01,-10.04,-0.11,0,-0.01,
2,0,0.01,-10.04,-0.11,0,-0.01,
2,0,0.01,-10.04,-0.11,0,-0.01,
2,0,-0.01,-10.04,-0.06,-0.01,-0.01,
2,0,-0.01,-10.04,-0.06,-0.01,-0.01,
2,0,-0.01,-10.04,-0.06,0,-0.01,
2,0,0.04,-10.06,-0.11,0,-0.01,
2,0,0.04,-10.06,-0.11,0,-0.01,
2,0,0.04,-10.06,-0.11,0,-0.01,
2,0,0.09,-10.08,-0.07,-0.01,0,
2,0,0.09,-10.08,-0.07,0,-0.01,
2,0,0.09,-10.08,-0.07,0,-0.01,
2,0,-0.01,-10.01,-0.07,0,-0.01,
2,0,-0.01,-10.01,-0.07,0,-0.01,
2,0,-0.01,-10.01,-0.07,0,-0.01,
2,0,-0.07,-10.02,-0.15,0,0,
2,0,-0.07,-10.02,-0.15,0,0,
2,0,-0.07,-10.02,-0.15,-0.01,-0.01,
2,0,0.02,-10.08,-0.08,0,-0.01,
2,0,0.02,-10.08,-0.08,0,-0.01,
2,0,0.02,-10.08,-0.08,0,-0.01,
2,0,-0.01,-10.02,-0.05,0,-0.01,
2,0,-0.01,-10.02,-0.05,0,-0.01,
2,0,0.02,-10.01,-0.11,0,-0.01,
2,0,0.02,-10.01,-0.11,-0.01,-0.01,
2,0,0.02,-10.01,-0.11,-0.01,-0.01,
2,0,0,-10.06,-0.08,0,-0.01,
2,0,0,-10.06,-0.08,0,-0.01,
2,0,0,-10.06,-0.08,0,-0.01,
2,0,-0.01,-10.06,-0.1,0,-0.01,
2,0,-0.01,-10.06,-0.1,0,-0.01,
2,0,-0.01,-10.06,-0.1,0,-0.01,
2,0,-0.01,-10.05,-0.11,-0.01,-0.01,
2,0,-0.01,-10.05,-0.11,-0.01,-0.01,
2,0,-0.01,-10.05,-0.11,0,-0.01,
2,0,-0.02,-10.06,-0.09,-0.01,0,
2,0,-0.02,-10.06,-0.09,-0.01,0,
2,0,-0.02,-10.06,-0.09,0,-0.01,
2,0,0,-10,-0.03,0,-0.01,
2,0,0,-10,-0.03,0,-0.01,
2,0,0,-10,-0.03,0,-0.01,
2,0,-0.02,-10.01,-0.08,-0.01,-0.01,
2,0,-0.02,-10.01,-0.08,-0.01,-0.01,
2,0,-0.02,-10.01,-0.08,-0.01,-0.01,
2,0,0,-10.07,-0.07,0,-0.01,
2,0,0,-10.07,-0.07,0,-0.01,
2,0,0,-10.07,-0.07,-0.01,-0.01,
2,0,0.03,-10.1,-0.07,-0.01,-0.01,
2,0,0.03,-10.1,-0.07,-0.01,-0.01,
2,0,0.03,-10.1,-0.07,0,-0.01,
2,0,0.01,-9.99,-0.1,-0.01,-0.01,
2,0,0.01,-9.99,-0.1,-0.01,-0.01,
2,0,-0.06,-10.04,-0.02,-0.01,-0.01,
2,0,-0.06,-10.04,-0.02,-0.01,-0.01,
2,0,-0.06,-10.04,-0.02,-0.01,-0.01,
2,0,-0.01,-10,-0.1,-0.01,-0.01,
2,0,-0.01,-10,-0.1,-0.01,-0.01,
2,0,-0.01,-10,-0.1,0,-0.01,
2,0,-0.05,-10.05,-0.11,0,-0.01,
2,0,-0.05,-10.05,-0.11,0,-0.01,
2,0,-0.05,-10.05,-0.11,-0.01,-0.01,
2,0,0,-10.03,-0.05,-0.01,-0.01,
2,0,0,-10.03,-0.05,0,-0.01,
2,0,0,-10.03,-0.05,0,-0.01,
2,0,-0.01,-10.05,-0.11,0,-0.01,
2,0,-0.01,-10.05,-0.11,0,-0.01,
2,0,-0.01,-10.05,-0.11,-0.01,-0.01,
2,0,0.01,-10.07,-0.14,-0.01,-0.01,
2,0,0.01,-10.07,-0.14,0,-0.01,
2,0,0.02,-10.02,-0.09,0,-0.01,
2,0,0.02,-10.02,-0.09,0,-0.01,
2,0,0.02,-10.02,-0.09,0,-0.01,
2,0,-0.02,-10.04,-0.08,0,-0.01,
2,0,-0.02,-10.04,-0.08,0,-0.01,
2,0,-0.02,-10.04,-0.08,-0.01,-0.01,
2,0,0.01,-10.11,-0.07,0,-0.01,
2,0,0.01,-10.11,-0.07,0,-0.01,
2,0,0.01,-10.11,-0.07,0,-0.01,
2,0,0.03,-10.04,-0.16,0,-0.01,
2,0,0.03,-10.04,-0.16,0,-0.01,
2,0,0.03,-10.04,-0.16,0,-0.01,
2,0,-0.02,-10.03,-0.08,0,-0.01,
2,0,-0.02,-10.03,-0.08,-0.01,-0.01,
2,0,0.04,-10.05,-0.05,-0.01,-0.01,
2,0,0.04,-10.05,-0.05,0,0,
2,0,0.04,-10.05,-0.05,-0.01,-0.01,
2,0,-0.06,-10.01,-0.06,-0.01,-0.01,
2,0,-0.06,-10.01,-0.06,0,-0.01,
2,0,-0.06,-10.01,-0.06,0,-0.01,
2,0,-0.05,-10,-0.05,0,-0.01,
2,0,-0.05,-10,-0.05,-0.01,-0.01,
2,0,-0.05,-10,-0.05,-0.01,-0.01,
2,0,0.03,-10.04,-0.06,-0.01,-0.01,
2,0,0.03,-10.04,-0.06,-0.01,-0.01,
2,0,0.03,-10.01,-0.07,0,-0.01,
2,0,0.03,-10.01,-0.07,0,-0.01,
2,0,0.03,-10.01,-0.07,0,-0.01,
2,0,-0.02,-10.02,-0.11,0,-0.01,
2,0,-0.02,-10.02,-0.11,0,-0.01,
2,0,-0.02,-10.02,-0.11,0,-0.01,
2,0,-0.04,-10.01,-0.1,0,-0.01,
2,0,-0.04,-10.01,-0.1,0,-0.01,
2,0,-0.04,-10.01,-0.1,0,-0.01,
2,0,-0.02,-10,-0.07,-0.01,-0.01,
2,0,-0.02,-10,-0.07,0,-0.01,
2,0,-0.02,-10,-0.07,0,-0.01,
2,0,0.02,-10.06,-0.13,-0.01,-0.01,
2,0,0.02,-10.06,-0.13,-0.01,-0.01,
2,0,-0.07,-9.99,-0.13,-0.01,-0.01,
2,0,-0.07,-9.99,-0.13,-0.01,-0.01,
2,0,-0.07,-9.99,-0.13,0,-0.01,
2,0,-0.02,-10.08,-0.1,0,-0.01,
2,0,-0.02,-10.08,-0.1,-0.01,-0.01,
2,0,-0.02,-10.08,-0.1,-0.01,-0.01,
2,0,0.02,-10.05,-0.05,-0.01,-0.01,
2,0,0.02,-10.05,-0.05,-0.01,-0.01,
2,0,0.02,-10.05,-0.05,-0.01,-0.01,
2,0,-0.02,-10.06,-0.06,-0.01,-0.01,
2,0,-0.02,-10.06,-0.06,0,-0.01,
2,0,-0.02,-10.06,-0.06,0,-0.01,
2,0,-0.02,-10.01,-0.07,0,0,
2,0,-0.02,-10.01,-0.07,0,-0.01,
2,0,-0.02,-10.01,-0.07,0,-0.01,
2,0,-0.01,-10.01,-0.06,0,-0.01,
2,0,-0.01,-10.01,-0.06,0,-0.01,
2,0,-0.01,-10.01,-0.06,0,-0.01,
2,0,0.06,-10.04,-0.11,0,-0.01,
2,0,0.06,-10.04,-0.11,0,-0.01,
2,0,0.06,-10.04,-0.11,0,-0.01,
2,0,-0.02,-10.06,-0.09,0,-0.01,
2,0,-0.02,-10.06,-0.09,-0.01,-0.01,
2,0,-0.02,-10.06,-0.09,-0.01,-0.01,
2,0,0.04,-10.04,-0.07,-0.01,-0.01,
2,0,0.04,-10.04,-0.07,-0.01,-0.01,
2,0,0.04,-10.04,-0.07,-0.01,-0.01,
2,0,-0.03,-10.03,-0.13,0,-0.01,
2,0,-0.03,-10.03,-0.13,-0.01,-0.01,
2,0,-0.03,-10.03,-0.13,-0.01,-0.01,
2,0,0,-10.03,-0.11,0,-0.01,
2,0,0,-10.03,-0.11,0,-0.01,
2,0,0,-10.02,-0.1,0,-0.01,
2,0,0,-10.02,-0.1,-0.01,-0.01,
2,0,0,-10.02,-0.1,0,-0.01,
2,0,0,-10.02,-0.13,0,-0.01,
2,0,0,-10.02,-0.13,0,-0.01,
2,0,0,-10.02,-0.13,0,-0.01,
2,0,-0.02,-10.01,-0.04,0,-0.01,
2,0,-0.02,-10.01,-0.04,0,-0.01,
2,0,-0.02,-10.01,-0.04,0,-0.01,
2,0,0,-10.01,-0.08,0,-0.01,
2,0,0,-10.01,-0.08,-0.01,-0.01,
2,0,0,-10.01,-0.08,0,-0.01,
2,0,-0.01,-10.02,-0.05,0,-0.01,
2,0,-0.01,-10.02,-0.05,-0.01,-0.01,
2,0,-0.01,-10.02,-0.05,0,-0.01,
2,0,-0.07,-9.96,-0.09,0,-0.01,
2,0,-0.07,-9.96,-0.09,-0.01,-0.01,
2,0,-0.07,-9.96,-0.09,0,-0.01,
2,0,0.03,-9.99,-0.1,0,-0.01,
2,0,0.03,-9.99,-0.1,0,-0.01,
2,0,-0.02,-10.07,-0.02,-0.01,-0.01,
2,0,-0.02,-10.07,-0.02,-0.01,-0.01,
2,0,-0.02,-10.07,-0.02,-0.01,0,
2,0,0,-10.03,0,0,-0.01,
2,0,0,-10.03,0,0,-0.01,
2,0,0,-10.03,0,-0.01,-0.01,
2,0,0.07,-10.01,-0.03,0,-0.01,
2,0,0.07,-10.01,-0.03,0,-0.01,
2,0,0.07,-10.01,-0.03,0,-0.01,
2,0,0.04,-10.05,-0.13,-0.01,-0.01,
2,0,0.04,-10.05,-0.13,-0.01,-0.01,
2,0,0.04,-10.05,-0.13,0,-0.01,
2,0,0,-10.07,-0.12,0,-0.01,
2,0,0,-10.07,-0.12,0,-0.01,
2,0,0,-10.07,-0.12,0,-0.01,
2,0,-0.01,-10.03,-0.11,0,-0.01,
2,0,-0.01,-10.03,-0.11,0,-0.01,
2,0,0.02,-10.08,-0.07,0,-0.01,
2,0,0.02,-10.08,-0.07,-0.01,-0.01,
2,0,0.02,-10.08,-0.07,-0.01,-0.01,
2,0,-0.03,-9.99,-0.13,-0.01,-0.01,
2,0,-0.03,-9.99,-0.13,0,-0.01,
2,0,-0.03,-9.99,-0.13,-0.01,-0.01,
2,0,0.02,-10,-0.11,-0.01,-0.01,
2,0,0.02,-10,-0.11,-0.01,-0.01,
2,0,0.02,-10,-0.11,0,-0.01,
2,0,-0.03,-10.06,-0.07,0,-0.01,
2,0,-0.03,-10.06,-0.07,-0.01,-0.01,
2,0,-0.03,-10.06,-0.07,-0.01,-0.01,
2,0,-0.02,-10.02,-0.09,-0.01,-0.01,
2,0,-0.02,-10.02,-0.09,0,-0.01,
2,0,0.01,-10.05,-0.11,-0.01,-0.01,
2,0,0.01,-10.05,-0.11,-0.01,-0.01,
2,0,0.01,-10.05,-0.11,-0.01,-0.01,
2,0,-0.04,-10,-0.09,-0.01,-0.01,
2,0,-0.04,-10,-0.09,-0.01,-0.01,
2,0,-0.04,-10,-0.09,-0.01,-0.01,
2,0,0.02,-10.01,-0.11,0,-0.01,
2,0,0.02,-10.01,-0.11,0,-0.01,
2,0,0.02,-10.01,-0.11,0,-0.01,
2,0,0.01,-9.99,-0.04,0,-0.01,
2,0,0.01,-9.99,-0.04,0,-0.01,
2,0,0.01,-9.99,-0.04,0,-0.01,
2,0,0.01,-10.03,-0.08,0,-0.01,
2,0,0.01,-10.03,-0.08,0,-0.01,
2,0,-0.02,-9.99,-0.1,0,-0.01,
2,0,-0.02,-9.99,-0.1,-0.01,-0.01,
2,0,-0.02,-9.99,-0.1,-0.01,-0.01,
2,0,0.03,-10.02,-0.02,-0.01,-0.01,
2,0,0.03,-10.02,-0.02,0,-0.01,
2,0,0.03,-10.02,-0.02,0,-0.01,
2,0,-0.02,-10.08,-0.08,-0.01,-0.01,
2,0,-0.02,-10.08,-0.08,0,-0.01,
2,0,-0.02,-10.08,-0.08,0,-0.01,
2,0,0,-10.04,-0.08,-0.01,-0.01,
2,0,0,-10.04,-0.08,0,-0.01,
2,0,0,-10.04,-0.08,0,-0.01,
2,0,-0.02,-9.94,-0.06,-0.01,-0.01,
2,0,-0.02,-9.94,-0.06,-0.01,-0.01,
2,0,-0.02,-9.94,-0.06,0,-0.01,
2,0,-0.03,-10.05,-0.13,0,-0.01,
2,0,-0.03,-10.05,-0.13,-0.01,-0.01,
2,0,0.01,-10.04,-0.07,-0.01,-0.01,
2,0,0.01,-10.04,-0.07,-0.01,-0.01,
2,0,0.01,-10.04,-0.07,-0.01,-0.01,
2,0,-0.03,-10,-0.07,-0.01,-0.01,
2,0,-0.03,-10,-0.07,-0.01,-0.01,
2,0,-0.03,-10,-0.07,0,-0.01,
2,0,0,-10.02,-0.1,0,-0.01,
2,0,0,-10.02,-0.1,0,-0.01,
2,0,0,-10.02,-0.1,-0.01,-0.01,
2,0,0.03,-10.03,-0.08,-0.01,-0.01,
2,0,0.03,-10.03,-0.08,0,-0.01,
2,0,0.03,-10.03,-0.08,0,-0.01,
2,0,0.05,-9.99,-0.09,0,-0.01,
2,0,0.05,-9.99,-0.09,-0.01,-0.01,
2,0,0.05,-9.99,-0.09,-0.01,-0.01,
2,0,0.03,-10.03,-0.03,-0.01,-0.01,
2,0,0.03,-10.03,-0.03,-0.01,-0.01,
2,0,0.03,-10.03,-0.03,0,-0.01,
2,0,-0.02,-10.03,-0.09,0,-0.01,
2,0,-0.02,-10.03,-0.09,0,-0.01,
2,0,-0.02,-10.03,-0.09,0,-0.01,
2,0,0,-10.01,-0.1,0,-0.01,
2,0,0,-10.01,-0.1,0,-0.01,
2,0,0,-10.01,-0.1,-0.01,-0.01,
2,0,0,-10.04,-0.09,-0.01,-0.01,
2,0,0,-10.04,-0.09,-0.01,-0.01,
2,0,0,-10.04,-0.09,0,0,
2,0,-0.04,-10.07,-0.08,0,0,
2,0,-0.04,-10.07,-0.08,0,-0.01,
2,0,0.01,-10.03,-0.08,-0.01,-0.01,
2,0,0.01,-10.03,-0.08,-0.01,-0.01,
2,0,0.01,-10.03,-0.08,-0.01,-0.01,
2,0,0,-9.96,-0.04,0,-0.01,
2,0,0,-9.96,-0.04,0,-0.01,
2,0,0,-9.96,-0.04,-0.01,-0.01,
2,0,0.02,-10.06,-0.12,-0.01,-0.01,
2,0,0.02,-10.06,-0.12,-0.01,-0.01,
2,0,0.02,-10.06,-0.12,-0.01,-0.01,
2,0,0.01,-10.01,-0.05,0,-0.01,
2,0,0.01,-10.01,-0.05,0,-0.01,
2,0,0.01,-10.01,-0.05,-0.01,-0.01,
2,0,-0.01,-10.04,-0.03,-0.01,-0.01,
2,0,-0.01,-10.04,-0.03,-0.01,-0.01,
2,0,-0.01,-10.04,-0.03,-0.01,-0.01,
2,0,0.03,-9.95,-0.04,0,-0.01,
2,0,0.03,-9.95,-0.04,0,-0.01,
2,0,0.03,-9.95,-0.04,0,-0.01,
2,0,0.02,-10.04,-0.13,-0.01,-0.01,
2,0,0.02,-10.04,-0.13,-0.01,-0.01,
2,0,0.01,-10.01,-0.1,0,-0.01,
2,0,0.01,-10.01,-0.1,-0.01,-0.01,
2,0,0.01,-10.01,-0.1,-0.01,-0.01,
2,0,0.01,-10.03,-0.06,0,-0.02,
2,0,0.01,-10.03,-0.06,0,-0.01,
2,0,0.01,-10.03,-0.06,0,-0.01,
2,0,0.04,-10.01,-0.06,-0.01,-0.01,
2,0,0.04,-10.01,-0.06,-0.01,-0.01,
2,0,0.04,-10.01,-0.06,-0.01,-0.01,
2,0,0,-10.03,-0.04,-0.01,-0.01,
2,0,0,-10.03,-0.04,-0.01,-0.01,
2,0,0,-10.03,-0.04,-0.01,-0.01,
2,0,0,-10.02,-0.14,-0.01,-0.01,
2,0,0,-10.02,-0.14,-0.01,-0.01,
2,0,0,-10.02,-0.14,-0.01,-0.01,
2,0,-0.02,-10.07,-0.08,0,-0.01,
2,0,-0.02,-10.07,-0.08,0,-0.01,
2,0,-0.02,-10.07,-0.08,0,-0.01,
2,0,0.03,-9.97,-0.08,0,-0.01,
2,0,0.03,-9.97,-0.08,-0.01,0,
2,0,0.03,-9.97,-0.08,-0.01,0,
2,0,-0.02,-10,-0.07,-0.01,-0.01,
2,0,-0.02,-10,-0.07,-0.01,-0.01,
2,0,-0.02,-10.04,-0.02,-0.01,-0.01,
2,0,-0.02,-10.04,-0.02,-0.01,-0.01,
2,0,-0.02,-10.04,-0.02,0,-0.01,
2,0,0.05,-10.08,-0.09,0,-0.01,
2,0,0.05,-10.08,-0.09,-0.01,0,
2,0,0.05,-10.08,-0.09,-0.01,-0.01,
2,0,-0.04,-10.07,-0.07,-0.01,-0.01,
2,0,-0.04,-10.07,-0.07,-0.01,-0.01,
2,0,-0.04,-10.07,-0.07,0,-0.01,
2,0,0.06,-10.02,-0.04,0,-0.01,
2,0,0.06,-10.02,-0.04,-0.01,-0.01,
2,0,0.06,-10.02,-0.04,-0.01,-0.01,
2,0,0.03,-10.02,-0.04,-0.01,-0.01,
2,0,0.03,-10.02,-0.04,-0.01,-0.01,
2,0,0.03,-10.02,-0.04,0,-0.01,
2,0,0.02,-10.06,-0.06,0,-0.01,
2,0,0.02,-10.06,-0.06,-0.01,-0.01,
2,0,0.02,-10.06,-0.06,0,-0.01,
2,0,-0.02,-10.04,0.01,0,-0.01,
2,0,-0.02,-10.04,0.01,-0.01,-0.01,
2,0,-0.02,-10.04,0.01,0,-0.01,
2,0,0.02,-9.98,-0.12,0,-0.01,
2,0,0.02,-9.98,-0.12,0,-0.01,
2,0,0.02,-9.98,-0.12,-0.01,-0.01,
2,0,0.03,-10.02,-0.1,-0.01,-0.01,
2,0,0.03,-10.02,-0.1,-0.01,-0.01,
2,0,0.03,-10.02,-0.1,-0.01,-0.01,
2,0,0,-10.08,-0.07,0,-0.01,
2,0,0,-10.08,-0.07,0,-0.01,
2,0,0,-10.08,-0.07,0,-0.01,
2,0,-0.02,-10.1,-0.08,0,-0.01,
2,0,-0.02,-10.1,-0.08,0,-0.01,
2,0,0.05,-10.06,-0.1,0,-0.01,
2,0,0.05,-10.06,-0.1,0,-0.01,
2,0,0.05,-10.06,-0.1,-0.01,-0.01,
2,0,0,-10.02,-0.06,-0.01,-0.01,
2,0,0,-10.02,-0.06,0,-0.01,
2,0,0,-10.02,-0.06,-0.01,0,
2,0,-0.01,-10.06,-0.11,-0.01,0,
2,0,-0.01,-10.06,-0.11,-0.01,-0.01,
2,0,-0.01,-10.06,-0.11,-0.01,-0.01,
2,0,0.02,-10,-0.1,-0.01,-0.01,
2,0,0.02,-10,-0.1,0,-0.01,
2,0,0.02,-10,-0.1,0,-0.01,
2,0,-0.05,-10.02,-0.12,0,-0.01,
2,0,0,-10.05,-0.12,0,-0.01,
2,0,0,-10.05,-0.12,-0.01,-0.01,
2,0,0,-10.05,-0.12,-0.01,-0.01,
2,0,0,-10.03,-0.11,0,-0.01,
2,0,0,-10.03,-0.11,0,-0.01,
2,0,0,-10.03,-0.11,0,-0.01,
2,0,0.07,-10.04,-0.04,0,-0.01,
2,0,0.07,-10.04,-0.04,0,-0.01,
2,0,0.07,-10.04,-0.04,0,-0.01,
2,0,0.01,-9.99,-0.08,0,-0.01,
2,0,0.01,-9.99,-0.08,0,-0.01,
2,0,0.01,-9.99,-0.08,0,-0.01,
2,0,-0.01,-10.04,-0.08,0,-0.01,
2,0,-0.01,-10.04,-0.08,0,-0.01,
2,0,-0.01,-10.04,-0.08,0,-0.01,
2,0,0.01,-10.02,-0.11,0,-0.01,
2,0,0.01,-10.02,-0.11,0,-0.01,
2,0,0.01,-10.02,-0.11,0,-0.01,
2,0,0.03,-10.04,-0.11,-0.01,-0.01,
2,0,0.03,-10.04,-0.11,-0.01,-0.01,
2,0,0.03,-10.03,-0.09,-0.01,-0.01,
2,0,0.03,-10.03,-0.09,0,-0.01,
2,0,0.03,-10.03,-0.09,0,-0.01,
2,0,-0.04,-10.06,-0.09,0,-0.01,
2,0,-0.04,-10.06,-0.09,0,-0.01,
2,0,-0.04,-10.06,-0.09,0,-0.01,
2,0,-0.04,-10.01,-0.09,0,-0.01,
2,0,-0.04,-10.01,-0.09,0,-0.01,
2,0,-0.04,-10.01,-0.09,0,-0.01,
2,0,0,-9.99,-0.05,0,-0.01,
2,0,0,-9.99,-0.05,0,-0.01,
2,0,0,-9.99,-0.05,0,-0.01,
2,0,0.07,-10.03,-0.08,0,-0.01,
2,0,0.07,-10.03,-0.08,-0.01,-0.01,
2,0,0.07,-10.03,-0.08,-0.01,-0.01,
2,0,0.04,-10.03,-0.03,-0.01,-0.01,
2,0,0.04,-10.03,-0.03,-0.01,-0.01,
2,0,0.04,-10.03,-0.03,0,-0.01,
2,0,0.01,-10.02,-0.09,0,-0.01,
2,0,0.01,-10.02,-0.09,-0.01,-0.01,
2,0,-0.02,-10.03,-0.09,-0.01,-0.01,
2,0,-0.02,-10.03,-0.09,-0.01,-0.01,
2,0,-0.02,-10.03,-0.09,0,-0.01,
2,0,0.02,-10.01,-0.08,0,-0.01,
2,0,0.02,-10.01,-0.08,0,-0.01,
2,0,0.02,-10.01,-0.08,0,-0.01,
2,0,-0.05,-10,-0.06,0,-0.01,
2,0,-0.05,-10,-0.06,0,-0.01,
2,0,-0.05,-10,-0.06,-0.01,-0.01,
2,0,0,-10.01,-0.07,-0.01,-0.01,
2,0,0,-10.01,-0.07,-0.01,-0.01,
2,0,0,-10.01,-0.07,-0.01,0,
2,0,-0.02,-9.99,-0.12,-0.01,0,
2,0,-0.02,-9.99,-0.12,-0.01,-0.01,
2,0,-0.02,-9.99,-0.12,-0.01,-0.01,
2,0,0.03,-10.04,-0.09,-0.01,-0.01,
2,0,0.03,-10.04,-0.09,0,-0.01,
2,0,0.03,-10.04,-0.09,-0.01,-0.01,
2,0,-0.03,-10.07,-0.07,-0.01,-0.01,
2,0,-0.03,-10.07,-0.07,0,-0.01,
2,0,-0.03,-10.07,-0.07,-0.01,-0.01,
2,0,0,-10.02,-0.11,-0.01,-0.01,
2,0,0,-10.02,-0.11,-0.01,-0.01,
2,0,0,-10.02,-0.11,-0.01,-0.01,
2,0,-0.01,-10.04,-0.05,-0.01,-0.01,
2,0,-0.01,-10.04,-0.05,0,-0.01,
2,0,-0.01,-10.04,-0.05,0,-0.01,
2,0,0,-9.97,-0.09,0,-0.01,
2,0,0,-9.97,-0.09,0,-0.01,
2,0,0,-9.97,-0.09,-0.01,-0.01,
2,0,0.01,-10.03,-0.1,-0.01,-0.01,
2,0,0.01,-10.03,-0.1,-0.01,-0.01,
2,0,-0.01,-10.07,-0.1,0,-0.01,
2,0,-0.01,-10.07,-0.1,0,-0.01,
2,0,-0.01,-10.07,-0.1,0,-0.01,
2,0,0.01,-9.97,-0.05,0,-0.01,
2,0,0.01,-9.97,-0.05,-0.01,-0.01,
2,0,0.01,-9.97,-0.05,-0.01,-0.01,
2,0,-0.03,-10.05,-0.1,-0.01,-0.01,
2,0,-0.03,-10.05,-0.1,-0.01,-0.01,
2,0,-0.03,-10.05,-0.1,0,-0.01,
2,0,-0.04,-10.02,-0.07,0,-0.01,
2,0,-0.04,-10.02,-0.07,0,-0.01,
2,0,-0.04,-10.02,-0.07,0,-0.01,
2,0,0.03,-10.09,-0.02,0,-0.01,
2,0,0.03,-10.09,-0.02,-0.01,-0.01,
2,0,0.03,-10.09,-0.02,0,-0.01,
2,0,0.03,-9.98,-0.05,0,-0.01,
2,0,0.03,-9.98,-0.05,-0.01,-0.01,
2,0,0.03,-9.98,-0.05,0,-0.01,
2,0,0,-10.03,-0.1,0,-0.01,
2,0,0,-10.03,-0.1,0,-0.01,
2,0,0,-10.03,-0.1,0,-0.01,
2,0,-0.04,-10.04,-0.09,0,-0.01,
2,0,-0.04,-10.04,-0.09,0,-0.01,
2,0,-0.04,-10.04,-0.09,0,-0.01,
2,0,0,-10.02,-0.06,0,-0.01,
2,0,0,-10.02,-0.06,0,-0.01,
2,0,0.06,-9.96,-0.07,0,-0.01,
2,0,0.06,-9.96,-0.07,0,-0.01,
2,0,0.06,-9.96,-0.07,0,-0.01,
2,0,-0.01,-10.02,-0.09,0,-0.01,
2,0,-0.01,-10.02,-0.09,0,-0.01,
2,0,-0.01,-10.02,-0.09,0,-0.02,
2,0,-0.03,-10.04,-0.08,0,-0.01,
2,0,-0.03,-10.04,-0.08,-0.01,-0.01,
2,0,-0.03,-10.04,-0.08,-0.01,-0.01,
2,0,0.01,-10.03,-0.06,0,-0.01,
2,0,0.01,-10.03,-0.06,0,-0.01,
2,0,0.01,-10.03,-0.06,0,-0.01,
2,0,0.03,-9.99,-0.11,-0.01,-0.01,
2,0,0.03,-9.99,-0.11,0,-0.01,
2,0,0.03,-10.03,-0.08,0,-0.01,
2,0,0.03,-10.03,-0.08,0,-0.01,
2,0,0.03,-10.03,-0.08,-0.01,-0.01,
2,0,-0.05,-10.04,-0.03,-0.01,-0.01,
2,0,-0.05,-10.04,-0.03,0,-0.01,
2,0,-0.05,-10.04,-0.03,0,-0.01,
2,0,0,-10.02,-0.06,0,-0.01,
2,0,0,-10.02,-0.06,-0.01,-0.01,
2,0,0,-10.02,-0.06,0,-0.01,
2,0,-0.01,-10.02,-0.07,0,-0.01,
2,0,-0.01,-10.02,-0.07,0,-0.01,
2,0,-0.01,-10.02,-0.07,0,-0.01,
2,0,0.06,-9.97,-0.15,0,-0.01,
2,0,0.06,-9.97,-0.15,0,-0.01,
2,0,0.06,-9.97,-0.15,-0.01,-0.01,
2,0,0.05,-10.07,-0.11,-0.01,-0.01,
2,0,0.05,-10.07,-0.11,0,-0.01,
2,0,0.01,-10.03,-0.1,0,-0.01,
2,0,0.01,-10.03,-0.1,0,-0.01,
2,0,0.01,-10.03,-0.1,-0.01,-0.01,
2,0,-0.05,-10.07,-0.11,0,-0.01,
2,0,-0.05,-10.07,-0.11,0,-0.01,
2,0,-0.05,-10.07,-0.11,0,-0.01,
2,0,-0.02,-10.02,-0.04,-0.01,-0.01,
2,0,-0.02,-10.02,-0.04,-0.01,-0.01,
2,0,-0.02,-10.02,-0.04,0,-0.01,
2,0,0.03,-10.04,-0.09,-0.01,-0.01,
2,0,0.03,-10.04,-0.09,-0.01,-0.01,
2,0,0.03,-10.04,-0.09,0,-0.01,
2,0,-0.08,-10.04,-0.09,0,-0.01,
2,0,-0.08,-10.04,-0.09,0,-0.01,
2,0,-0.08,-10.04,-0.09,0,-0.01,
2,0,-0.03,-10.01,-0.06,-0.01,-0.01,
2,0,-0.03,-10.01,-0.06,-0.01,-0.01,
2,0,-0.03,-10.01,-0.06,-0.01,-0.01,
2,0,0.01,-10.02,-0.06,0,-0.01,
2,0,0.01,-10.02,-0.06,0,-0.01,
2,0,-0.01,-9.99,-0.1,0,-0.01,
2,0,-0.01,-9.99,-0.1,0,-0.01,
2,0,-0.01,-9.99,-0.1,-0.01,-0.01,
2,0,0,-10.11,-0.09,-0.01,-0.01,
2,0,0,-10.11,-0.09,-0.01,-0.01,
2,0,0,-10.11,-0.09,0,-0.01,
2,0,-0.05,-10.03,-0.07,0,-0.01,
2,0,-0.05,-10.03,-0.07,-0.01,-0.01,
2,0,-0.05,-10.03,-0.07,0,0,
2,0,0.02,-10.08,-0.02,0,0,
2,0,0.02,-10.08,-0.02,-0.01,-0.01,
2,0,0.02,-10.08,-0.02,0,-0.01,
2,0,0,-10,-0.04,0,-0.01,
2,0,0,-10,-0.04,0,-0.01,
2,0,0,-10,-0.04,-0.01,-0.01,
2,0,0.01,-10.01,-0.1,-0.01,-0.01,
2,0,0.01,-10.01,-0.1,0,-0.01,
2,0,0.01,-10.01,-0.1,0,-0.01,
2,0,-0.07,-10.07,-0.09,0,-0.01,
2,0,-0.07,-10.07,-0.09,0,-0.01,
2,0,0.01,-10.03,-0.11,0,-0.01,
2,0,0.01,-10.03,-0.11,0,-0.01,
2,0,0.01,-10.03,-0.11,-0.01,-0.01,
2,0,0.02,-9.98,-0.11,-0.01,-0.01,
2,0,0.02,-9.98,-0.11,0,-0.01,
2,0,0.02,-9.98,-0.11,0,-0.01,
2,0,0.02,-10.02,-0.07,0,-0.01,
2,0,0.02,-10.02,-0.07,0,-0.01,
2,0,0.02,-10.02,-0.07,-0.01,-0.01,
2,0,0.06,-9.96,-0.07,-0.01,-0.01,
2,0,0.06,-9.96,-0.07,0,-0.01,
2,0,0.06,-9.96,-0.07,-0.01,-0.01,
2,0,-0.03,-10.03,-0.04,-0.01,-0.01,
2,0,-0.03,-10.03,-0.04,0,-0.01,
2,0,-0.03,-10.03,-0.04,0,-0.01,
2,0,0.02,-10.08,-0.07,0,-0.01,
2,0,0.02,-10.08,-0.07,-0.01,-0.01,
2,0,0.02,-10.08,-0.07,-0.01,-0.01,
2,0,0.04,-9.99,-0.11,-0.01,-0.01,
2,0,0.04,-9.99,-0.11,-0.01,-0.01,
2,0,0.04,-9.99,-0.11,0,-0.01,
2,0,-0.02,-9.99,-0.04,0,-0.01,
2,0,-0.02,-9.99,-0.04,0,-0.01,
2,0,-0.02,-9.99,-0.04,0,-0.01,
2,0,0,-9.98,-0.08,0,-0.01,
2,0,0,-9.98,-0.08,0,-0.01,
2,0,0,-10.01,-0.06,-0.01,-0.01,
2,0,0,-10.01,-0.06,-0.01,-0.01,
2,0,0,-10.01,-0.06,0,-0.01,
2,0,0.05,-10.04,-0.09,-0.01,-0.01,
2,0,0.05,-10.04,-0.09,-0.01,-0.01,
2,0,0.05,-10.04,-0.09,0,-0.01,
2,0,0,-10.05,-0.1,0,-0.01,
2,0,0,-10.05,-0.1,0,-0.01,
2,0,0,-10.05,-0.1,0,-0.01,
2,0,0.02,-10.09,-0.09,0,-0.01,
2,0,0.02,-10.09,-0.09,0,-0.01,
2,0,0.02,-10.09,-0.09,0,-0.01,
2,0,-0.01,-10.03,-0.1,0,-0.01,
2,0,-0.01,-10.03,-0.1,0,-0.01,
2,0,-0.01,-10.03,-0.1,-0.01,-0.01,
2,0,0.01,-10.05,-0.07,0,-0.01,
2,0,0.01,-10.05,-0.07,0,-0.01,
2,0,0.01,-10.05,-0.07,0,-0.01,
2,0,0.03,-9.98,-0.1,-0.01,-0.01,
2,0,0.03,-9.98,-0.1,-0.01,-0.01,
2,0,0.03,-9.98,-0.1,0,-0.01,
2,0,-0.04,-10.02,-0.11,0,-0.01,
2,0,-0.04,-10.02,-0.11,0,-0.01,
2,0,-0.02,-10.01,-0.03,-0.01,-0.01,
2,0,-0.02,-10.01,-0.03,0,-0.01,
2,0,-0.02,-10.01,-0.03,0,-0.01,
2,0,0,-10.04,-0.07,0,-0.01,
2,0,0,-10.04,-0.07,0,-0.01,
2,0,0,-10.04,-0.07,0,-0.01,
2,0,-0.03,-10.04,-0.05,0,-0.01,
2,0,-0.03,-10.04,-0.05,-0.01,-0.01,
2,0,-0.03,-10.04,-0.05,-0.01,-0.01,
2,0,0.05,-9.99,-0.06,0,-0.01,
2,0,0.05,-9.99,-0.06,-0.01,-0.01,
2,0,0.05,-9.99,-0.06,-0.01,-0.01,
2,0,-0.01,-10.04,-0.06,-0.01,-0.01,
2,0,-0.01,-10.04,-0.06,0,-0.01,
2,0,-0.01,-10.04,-0.06,0,-0.01,
2,0,0,-9.98,-0.09,-0.01,-0.01,
2,0,0,-9.98,-0.09,-0.01,-0.01,
2,0,0,-9.98,-0.09,-0.01,-0.01,
2,0,-0.02,-10.07,-0.12,-0.01,-0.01,
2,0,-0.02,-10.07,-0.12,0,-0.01,
2,0,-0.01,-10.02,-0.08,0,-0.01,
2,0,-0.01,-10.02,-0.08,0,-0.01,
2,0,-0.01,-10.02,-0.08,-0.01,-0.01,
2,0,0.02,-10.01,-0.08,-0.01,-0.01,
2,0,0.02,-10.01,-0.08,-0.01,-0.01,
2,0,0.02,-10.01,-0.08,-0.01,-0.01,
2,0,-0.02,-9.96,-0.1,-0.01,-0.01,
2,0,-0.02,-9.96,-0.1,-0.01,-0.01,
2,0,-0.02,-9.96,-0.1,0,-0.01,
2,0,-0.06,-9.98,-0.06,0,-0.01,
2,0,-0.06,-9.98,-0.06,0,-0.01,
2,0,-0.06,-9.98,-0.06,0,-0.01,
2,0,0.02,-10.01,-0.13,0,-0.01,
2,0,0.02,-10.01,-0.13,0,-0.01,
2,0,0.02,-10.01,-0.13,0,-0.01,
2,0,0,-10.03,-0.08,0,-0.01,
2,0,0,-10.03,-0.08,-0.01,-0.01,
2,0,0.01,-9.98,-0.11,-0.01,-0.01,
2,0,0.01,-9.98,-0.11,-0.01,-0.01,
2,0,0.01,-9.98,-0.11,-0.01,-0.01,
2,0,-0.04,-9.99,-0.06,0,-0.01,
2,0,-0.04,-9.99,-0.06,0,-0.01,
2,0,-0.04,-9.99,-0.06,0,-0.01,
2,0,0.02,-10,-0.05,0,-0.01,
2,0,0.02,-10,-0.05,0,-0.01,
2,0,0.02,-10,-0.05,0,-0.01,
2,0,0.03,-10.05,-0.08,-0.01,-0.01,
2,0,0.03,-10.05,-0.08,-0.01,-0.01,
2,0,0.03,-10.05,-0.08,-0.01,-0.01,
2,0,0.02,-10.09,-0.05,-0.01,-0.01,
2,0,0.02,-10.09,-0.05,0,0,
2,0,0.02,-10.09,-0.05,0,-0.01,
2,0,-0.07,-10.05,-0.04,0,-0.01,
2,0,-0.07,-10.05,-0.04,0,-0.01,
2,0,-0.07,-10.05,-0.04,0,-0.01,
2,0,0.01,-10.07,-0.05,0,-0.01,
2,0,0.01,-10.07,-0.05,-0.01,-0.01,
2,0,0.01,-10.07,-0.05,-0.01,-0.01,
2,0,-0.01,-10.03,-0.07,-0.01,-0.01,
2,0,-0.01,-10.03,-0.07,-0.01,-0.01,
2,0,-0.01,-10.03,-0.07,0,-0.01,
2,0,0,-10.02,-0.07,0,-0.01,
2,0,0,-10.02,-0.07,0,-0.01,
2,0,0,-10.02,-0.07,0,-0.01,
2,0,-0.01,-9.99,-0.05,0,-0.01,
2,0,-0.01,-9.99,-0.05,0,-0.01,
2,0,-0.01,-9.99,-0.05,0,-0.01,
2,0,-0.01,-10.04,-0.08,0,-0.01,
2,0,-0.01,-10.04,-0.08,0,-0.01,
2,0,-0.01,-10.04,-0.08,0,-0.01,
2,0,-0.03,-9.98,-0.06,0,-0.01,
2,0,-0.03,-9.98,-0.06,0,-0.01,
2,0,0,-9.99,-0.07,0,-0.01,
2,0,0,-9.99,-0.07,0,-0.01,
2,0,0,-9.99,-0.07,0,-0.01,
2,0,0.02,-10.03,-0.11,0,-0.01,
2,0,0.02,-10.03,-0.11,0,-0.01,
2,0,0.02,-10.03,-0.11,0,-0.01,
2,0,-0.01,-9.99,-0.05,-0.01,-0.01,
2,0,-0.01,-9.99,-0.05,-0.01,-0.01,
2,0,-0.01,-9.99,-0.05,-0.01,-0.01,
2,0,0.02,-10.03,-0.08,0,-0.01,
2,0,0.02,-10.03,-0.08,0,-0.01,
2,0,0.02,-10.03,-0.08,-0.01,-0.01,
2,0,0,-10.06,-0.07,0,-0.01,
2,0,0,-10.06,-0.07,0,-0.01,
2,0,0,-10.06,-0.07,0,-0.01,
2,0,0.02,-10.02,-0.11,-0.01,-0.01,
2,0,0.02,-10.02,-0.11,-0.01,-0.01,
2,0,0.03,-10.07,-0.15,0,-0.01,
2,0,0.03,-10.07,-0.15,-0.01,-0.01,
2,0,0.03,-10.07,-0.15,-0.01,-0.01,
2,0,-0.03,-10.02,-0.09,0,-0.01,
2,0,-0.03,-10.02,-0.09,-0.01,-0.01,
2,0,-0.03,-10.02,-0.09,-0.01,-0.01,
2,0,-0.01,-10.02,-0.11,-0.01,-0.01,
2,0,-0.01,-10.02,-0.11,0,-0.01,
2,0,-0.01,-10.02,-0.11,0,-0.01,
2,0,0,-10.04,-0.09,0,-0.01,
2,0,0,-10.04,-0.09,-0.01,-0.01,
2,0,0,-10.04,-0.09,0,-0.01,
2,0,0,-10.03,-0.07,0,-0.01,
2,0,0,-10.03,-0.07,0,-0.01,
2,0,0,-10.03,-0.07,0,-0.01,
2,0,-0.01,-10.03,-0.09,0,-0.01,
2,0,-0.01,-10.03,-0.09,0,-0.01,
2,0,-0.01,-10.03,-0.09,0,-0.01,
2,0,-0.03,-10.01,-0.06,-0.01,-0.01,
2,0,-0.03,-10.01,-0.06,0,-0.01,
2,0,-0.04,-10.06,-0.08,0,-0.01,
2,0,-0.04,-10.06,-0.08,0,-0.01,
2,0,-0.04,-10.06,-0.08,0,-0.01,
2,0,0.03,-10.12,-0.07,0,-0.01,
2,0,0.03,-10.12,-0.07,0,-0.01,
2,0,0.03,-10.12,-0.07,0,-0.01,
2,0,-0.01,-10.05,-0.06,0,-0.01,
2,0,-0.01,-10.05,-0.06,0,-0.01,
2,0,-0.01,-10.05,-0.06,0,-0.01,
2,0,0.05,-10.03,-0.06,0,-0.01,
2,0,0.05,-10.03,-0.06,0,-0.01,
2,0,0.05,-10.03,-0.06,-0.01,-0.01,
2,0,0.02,-9.96,-0.02,-0.01,-0.01,
2,0,0.02,-9.96,-0.02,-0.01,-0.01,
2,0,0.02,-9.96,-0.02,-0.01,-0.01,
2,0,0.02,-10.02,-0.14,-0.01,-0.01,
2,0,0.02,-10.02,-0.14,-0.01,-0.01,
2,0,0.02,-10.02,-0.14,-0.01,-0.01,
2,0,-0.01,-10.05,-0.1,-0.01,-0.01,
2,0,-0.01,-10.05,-0.1,0,-0.01,
2,0,0,-10.06,-0.06,0,-0.01,
2,0,0,-10.06,-0.06,0,-0.01,
2,0,0,-10.06,-0.06,-0.01,-0.01,
2,0,0.03,-10.01,-0.08,-0.01,-0.01,
2,0,0.03,-10.01,-0.08,-0.01,-0.01,
2,0,0.03,-10.01,-0.08,-0.01,-0.01,
2,0,0.03,-10.01,-0.1,-0.01,-0.01,
2,0,0.03,-10.01,-0.1,-0.01,-0.01,
2,0,0.03,-10.01,-0.1,0,-0.01,
2,0,0.03,-9.96,-0.09,0,-0.01,
2,0,0.03,-9.96,-0.09,0,-0.01,
2,0,0.03,-9.96,-0.09,-0.01,-0.01,
2,0,0,-10.04,-0.04,-0.01,-0.01,
2,0,0,-10.04,-0.04,-0.01,-0.01,
2,0,0,-10.04,-0.04,0,-0.01,
2,0,-0.04,-10.03,-0.02,-0.01,-0.01,
2,0,-0.04,-10.03,-0.02,-0.01,-0.01,
2,0,-0.04,-10.03,-0.02,0,-0.01,
2,0,0.04,-10.08,-0.12,0,-0.01,
2,0,0.04,-10.08,-0.12,0,-0.01,
2,0,0.04,-10.08,-0.12,-0.01,-0.01,
2,0,0.03,-10.04,-0.13,0,-0.01,
2,0,0.03,-10.04,-0.13,0,-0.01,
2,0,0.03,-10.04,-0.13,0,0,
2,0,0.03,-10.06,-0.07,-0.01,-0.01,
2,0,0.03,-10.06,-0.07,-0.01,-0.01,
2,0,0.03,-10.06,-0.07,0,-0.01,
2,0,-0.07,-10.04,-0.09,0,-0.01,
2,0,-0.07,-10.04,-0.09,0,0,
2,0,-0.07,-10.04,-0.09,-0.01,-0.01,
2,0,0,-10.02,-0.06,-0.01,-0.01,
2,0,0,-10.02,-0.06,-0.01,-0.01,
2,0,0,-10.02,-0.06,0,-0.01,
2,0,0.05,-10.05,-0.07,0,-0.01,
2,0,0.05,-10.05,-0.07,0,-0.01,
2,0,0.05,-10.05,-0.07,0,-0.01,
2,0,0,-10.06,-0.08,0,-0.01,
2,0,0,-10.06,-0.08,0,-0.01,
2,0,0.04,-9.97,-0.08,-0.01,-0.01,
2,0,0.04,-9.97,-0.08,-0.01,-0.01,
2,0,0.04,-9.97,-0.08,-0.01,-0.01,
2,0,0.03,-10.01,-0.09,-0.01,-0.01,
2,0,0.03,-10.01,-0.09,-0.01,-0.01,
2,0,0.03,-10.01,-0.09,-0.01,-0.01,
2,0,0,-10.05,-0.12,0,-0.01,
2,0,0,-10.05,-0.12,0,-0.01,
2,0,0,-10.05,-0.12,0,-0.01,
2,0,0.01,-10,-0.08,0,-0.01,
2,0,0.01,-10,-0.08,0,-0.01,
2,0,0.01,-10,-0.08,0,-0.01,
2,0,0,-9.98,-0.03,-0.01,-0.01,
2,0,0,-9.98,-0.03,-0.01,-0.01,
2,0,0,-9.98,-0.03,0,-0.01,
2,0,-0.01,-10.05,-0.12,0,-0.01,
2,0,-0.01,-10.05,-0.12,0,-0.01,
2,0,-0.01,-10.05,-0.12,-0.01,-0.01,
2,0,0.02,-10.04,-0.07,-0.01,-0.01,
2,0,0.02,-10.04,-0.07,-0.01,-0.01,
2,0,0,-10.06,-0.07,-0.01,-0.01,
2,0,0,-10.06,-0.07,0,-0.01,
2,0,0,-10.06,-0.07,0,-0.01,
2,0,0.04,-10.01,-0.08,-0.01,-0.01,
2,0,0.04,-10.01,-0.08,-0.01,-0.01,
2,0,0.04,-10.01,-0.08,-0.01,-0.01,
2,0,0,-10.03,-0.06,-0.01,-0.01,
2,0,0,-10.03,-0.06,0,-0.01,
2,0,0,-10.03,-0.06,0,-0.01,
2,0,0.04,-10.03,-0.08,-0.01,-0.01,
2,0,0.04,-10.03,-0.08,0,-0.01,
2,0,0.04,-10.03,-0.08,0,-0.01,
2,0,0.07,-10.05,-0.06,-0.01,-0.01,
2,0,0.07,-10.05,-0.06,0,-0.01,
2,0,0.07,-10.05,-0.06,0,-0.01,
2,0,0.08,-10.02,-0.07,-0.01,0,
2,0,0.08,-10.02,-0.07,0,-0.01,
2,0,0.08,-10.02,-0.07,0,-0.01,
2,0,-0.03,-9.99,-0.06,-0.01,-0.01,
2,0,-0.03,-9.99,-0.06,-0.01,-0.01,
2,0,-0.03,-9.99,-0.06,-0.01,-0.01,
2,0,0.02,-10.07,-0.11,-0.01,-0.01,
2,0,0.02,-10.07,-0.11,-0.01,-0.01,
2,0,-0.07,-10.05,-0.09,-0.01,-0.01,
2,0,-0.07,-10.05,-0.09,-0.01,-0.01,
2,0,-0.07,-10.05,-0.09,0,-0.01,
2,0,0.06,-9.97,-0.09,0,-0.01,
2,0,0.06,-9.97,-0.09,0,-0.01,
2,0,0.06,-9.97,-0.09,0,-0.01,
2,0,0.03,-10.08,-0.09,0,-0.01,
2,0,0.03,-10.08,-0.09,-0.01,-0.01,
2,0,0.03,-10.08,-0.09,0,-0.01,
2,0,0.03,-10.01,-0.07,0,-0.01,
2,0,0.03,-10.01,-0.07,0,-0.01,
2,0,0.03,-10.01,-0.07,-0.01,-0.01,
2,0,-0.01,-10.02,-0.07,-0.01,-0.01,
2,0,-0.01,-10.02,-0.07,0,-0.01,
2,0,-0.01,-10.02,-0.07,-0.01,-0.01,
2,0,-0.07,-10.03,-0.08,-0.01,-0.01,
2,0,-0.07,-10.03,-0.08,0,-0.01,
2,0,-0.01,-10.04,-0.11,0,-0.01,
2,0,-0.01,-10.04,-0.11,0,-0.01,
2,0,-0.01,-10.04,-0.11,0,-0.01,
2,0,0.01,-10.01,-0.08,0,-0.01,
2,0,0.01,-10.01,-0.08,0,-0.01,
2,0,0.01,-10.01,-0.08,0,-0.01,
2,0,0.03,-10.01,-0.08,0,0,
2,0,0.03,-10.01,-0.08,0,0,
2,0,0.03,-10.01,-0.08,0,-0.01,
2,0,0,-10.08,-0.12,-0.01,-0.01,
2,0,0,-10.08,-0.12,-0.01,-0.01,
2,0,0,-10.08,-0.12,0,-0.01,
2,0,0.02,-10.02,-0.07,-0.01,-0.01,
2,0,0.02,-10.02,-0.07,-0.01,-0.01,
2,0,0.02,-10.02,-0.07,-0.01,0,
2,0,0.02,-10.02,-0.08,-0.01,0,
2,0,0.02,-10.02,-0.08,-0.01,-0.01,
2,0,0.02,-10.02,-0.08,0,-0.01,
2,0,0.03,-10,-0.11,0,-0.01,
2,0,0.03,-10,-0.11,0,-0.01,
2,0,0.03,-10,-0.11,-0.01,-0.01,
2,0,0.05,-10.06,-0.09,-0.01,-0.01,
2,0,0.05,-10.06,-0.09,-0.01,-0.01,
2,0,0.05,-10.06,-0.09,-0.01,-0.01,
2,0,0,-10.08,-0.1,-0.01,-0.01,
2,0,0,-10.08,-0.1,-0.01,-0.01,
2,0,0,-10.08,-0.1,0,-0.01,
2,0,0.03,-10.01,-0.05,0,-0.01,
2,0,0.03,-10.01,-0.05,0,-0.01,
2,0,0.03,-10.01,-0.05,0,-0.01,
2,0,-0.02,-10.02,-0.09,0,-0.01,
2,0,-0.02,-10.02,-0.09,0,-0.01,
2,0,-0.02,-10.02,-0.09,-0.01,-0.01,
2,0,-0.03,-10.06,-0.08,-0.01,-0.01,
2,0,-0.03,-10.06,-0.08,-0.01,-0.01,
2,0,-0.03,-10.06,-0.08,-0.01,-0.01,
2,0,-0.01,-9.99,-0.11,-0.01,-0.01,
2,0,-0.01,-9.99,-0.11,0,-0.01,
2,0,-0.01,-10,-0.05,0,-0.01,
2,0,-0.01,-10,-0.05,0,-0.01,
2,0,-0.01,-10,-0.05,-0.01,-0.01,
2,0,-0.03,-10.09,-0.09,-0.01,-0.02,
2,0,-0.03,-10.09,-0.09,-0.01,-0.02,
2,0,-0.03,-10.09,-0.09,-0.01,-0.01,
2,0,0.01,-10.02,-0.16,0,-0.01,
2,0,0.01,-10.02,-0.16,0,-0.01,
2,0,0.01,-10.02,-0.16,0,-0.01,
2,0,0.08,-9.99,-0.11,0,-0.01,
2,0,0.08,-9.99,-0.11,0,-0.01,
2,0,0.08,-9.99,-0.11,-0.01,-0.01,
2,0,-0.04,-10.03,-0.13,0,-0.01,
2,0,-0.04,-10.03,-0.13,0,-0.01,
2,0,-0.04,-10.03,-0.13,0,-0.01,
2,0,0.02,-10.07,-0.11,-0.01,-0.01,
2,0,0.02,-10.07,-0.11,-0.01,-0.01,
2,0,0.01,-10.02,-0.07,0,-0.01,
2,0,0.01,-10.02,-0.07,0,-0.01,
2,0,0.01,-10.02,-0.07,0,-0.01,
2,0,0.03,-10.07,-0.09,0,-0.01,
2,0,0.03,-10.07,-0.09,-0.01,-0.01,
2,0,0.03,-10.07,-0.09,-0.01,-0.01,
2,0,-0.03,-10.05,-0.08,0,-0.01,
2,0,-0.03,-10.05,-0.08,0,-0.01,
2,0,-0.03,-10.05,-0.08,0,-0.01,
2,0,0.02,-10.02,-0.07,-0.01,-0.01,
2,0,0.02,-10.02,-0.07,-0.01,-0.01,
2,0,0.02,-10.02,-0.07,-0.01,-0.01,
2,0,0.05,-10.02,-0.08,0,-0.01,
2,0,0.05,-10.02,-0.08,-0.01,-0.01,
2,0,0.05,-10.02,-0.08,-0.01,-0.01,
2,0,0.05,-9.98,-0.09,-0.01,-0.01,
2,0,0.05,-9.98,-0.09,-0.01,-0.01,
2,0,0.05,-9.98,-0.09,-0.01,-0.01,
2,0,0,-10.01,-0.11,0,-0.01,
2,0,0,-10.01,-0.11,0,-0.01,
2,0,0,-10.01,-0.11,0,-0.01,
2,0,0.02,-10.03,-0.02,0,-0.01,
2,0,0.02,-10.03,-0.02,-0.01,-0.01,
2,0,0.04,-9.98,-0.06,-0.01,-0.01,
2,0,0.04,-9.98,-0.06,-0.01,-0.01,
2,0,0.04,-9.98,-0.06,0,-0.01,
2,0,-0.02,-10.02,-0.06,0,-0.01,
2,0,-0.02,-10.02,-0.06,-0.01,-0.01,
2,0,-0.02,-10.02,-0.06,0,-0.01,
2,0,0,-10.07,-0.05,0,-0.01,
2,0,0,-10.07,-0.05,-0.01,-0.01,
2,0,0,-10.07,-0.05,0,-0.01,
2,0,0.05,-9.99,-0.08,0,-0.01,
2,0,0.05,-9.99,-0.08,0,-0.01,
2,0,0.05,-9.99,-0.08,0,-0.01,
2,0,0.06,-10.07,-0.05,0,-0.01,
2,0,0.06,-10.07,-0.05,0,-0.01,
2,0,0.06,-10.07,-0.05,-0.01,-0.01,
2,0,-0.05,-10.06,-0.07,-0.01,-0.01,
2,0,-0.05,-10.06,-0.07,-0.01,-0.01,
2,0,0.05,-10,-0.06,0,-0.01,
2,0,0.05,-10,-0.06,0,-0.01,
2,0,0.05,-10,-0.06,-0.01,-0.01,
2,0,0,-10.07,-0.09,0,-0.01,
2,0,0,-10.07,-0.09,0,-0.01,
2,0,0,-10.07,-0.09,0,-0.01,
2,0,0.03,-10.01,-0.08,-0.01,0,
2,0,0.03,-10.01,-0.08,-0.01,0,
2,0,0.03,-10.01,-0.08,0,-0.01,
2,0,0.03,-9.97,-0.11,-0.01,-0.01,
2,0,0.03,-9.97,-0.11,-0.01,-0.01,
2,0,0.03,-9.97,-0.11,-0.01,-0.01,
2,0,-0.03,-10.06,-0.11,0,-0.01,
2,0,-0.03,-10.06,-0.11,0,-0.01,
2,0,-0.03,-10.06,-0.11,0,-0.01,
2,0,-0.01,-10.01,-0.09,0,-0.01,
2,0,-0.01,-10.01,-0.09,0,-0.01,
2,0,-0.01,-10.01,-0.09,-0.01,-0.01,
2,0,0.01,-10.04,-0.06,0,-0.01,
2,0,0.01,-10.04,-0.06,0,-0.01,
2,0,0.02,-9.97,-0.08,0,-0.01,
2,0,0.02,-9.97,-0.08,-0.01,-0.01,
2,0,0.02,-9.97,-0.08,-0.01,-0.01,
2,0,-0.03,-10.06,-0.11,-0.01,-0.01,
2,0,-0.03,-10.06,-0.11,0,-0.01,
2,0,-0.03,-10.06,-0.11,0,-0.01,
2,0,-0.03,-10.05,-0.14,-0.01,0,
2,0,-0.03,-10.05,-0.14,-0.01,-0.01,
2,0,-0.03,-10.05,-0.14,-0.01,-0.01,
2,0,0.05,-10.05,-0.12,-0.01,-0.01,
2,0,0.05,-10.05,-0.12,-0.01,-0.01,
2,0,0.05,-10.05,-0.12,-0.01,-0.01,
2,0,0.06,-10.04,-0.06,0,-0.01,
2,0,0.06,-10.04,-0.06,0,-0.01,
2,0,0.06,-10.04,-0.06,0,-0.01,
2,0,0.02,-10.02,-0.06,0,-0.01,
2,0,0.02,-10.02,-0.06,0,-0.01,
2,0,0.02,-10.02,-0.06,-0.01,-0.01,
2,0,0,-10.03,-0.01,0,-0.01,
2,0,0,-10.03,-0.01,0,-0.01,
2,0,0,-10.03,-0.01,-0.01,-0.01,
2,0,0.06,-10.03,-0.1,-0.01,-0.01,
2,0,0.06,-10.03,-0.1,0,-0.01,
2,0,0.06,-10.03,-0.1,0,-0.01,
2,0,0.03,-10.07,-0.11,-0.01,-0.01,
2,0,0.03,-10.07,-0.11,-0.01,-0.01,
2,0,0.03,-10.07,-0.11,-0.01,-0.01,
2,0,0,-9.98,-0.04,0,-0.01,
2,0,0,-9.98,-0.04,0,-0.01,
2,0,0.01,-10,-0.1,-0.01,-0.01,
2,0,0.01,-10,-0.1,-0.01,-0.01,
2,0,0.01,-10,-0.1,-0.01,-0.01,
2,0,-0.04,-10.07,-0.11,-0.01,-0.01,
2,0,-0.04,-10.07,-0.11,0,-0.01,
2,0,-0.04,-10.07,-0.11,-0.01,-0.01,
2,0,-0.04,-10.03,-0.09,-0.01,-0.01,
2,0,-0.04,-10.03,-0.09,0,-0.01,
2,0,-0.04,-10.03,-0.09,-0.01,-0.01,
2,0,0,-10.08,-0.08,-0.01,-0.01,
2,0,0,-10.08,-0.08,0,-0.01,
2,0,0,-10.08,-0.08,0,-0.01,
2,0,-0.02,-10.02,-0.05,0,-0.01,
2,0,-0.02,-10.02,-0.05,0,-0.01,
2,0,-0.02,-10.02,-0.05,0,-0.01,
2,0,-0.03,-10.04,-0.09,0,-0.01,
2,0,-0.03,-10.04,-0.09,0,-0.01,
2,0,-0.02,-9.98,-0.09,0,-0.01,
2,0,-0.02,-9.98,-0.09,0,-0.01,
2,0,-0.02,-9.98,-0.09,0,-0.01,
2,0,0.03,-10.02,-0.07,0,-0.01,
2,0,0.03,-10.02,-0.07,0,-0.01,
2,0,0.03,-10.02,-0.07,0,-0.01,
2,0,0,-10.01,-0.1,0,-0.01,
2,0,0,-10.01,-0.1,0,-0.01,
2,0,0,-10.01,-0.1,-0.01,-0.01,
2,0,-0.07,-10.03,-0.08,0,-0.01,
2,0,-0.07,-10.03,-0.08,0,-0.01,
2,0,-0.07,-10.03,-0.08,0,-0.01,
2,0,0.04,-10.03,-0.02,-0.01,-0.01,
2,0,0.04,-10.03,-0.02,-0.01,-0.01,
2,0,0,-9.95,-0.12,-0.01,-0.01,
2,0,0,-9.95,-0.12,0,-0.01,
2,0,0,-9.95,-0.12,0,-0.01,
2,0,0.06,-10.06,-0.08,0,-0.01,
2,0,0.06,-10.06,-0.08,0,-0.01,
2,0,0.06,-10.06,-0.08,-0.01,-0.01,
2,0,-0.05,-9.98,-0.07,-0.01,-0.01,
2,0,-0.05,-9.98,-0.07,0,-0.01,
2,0,-0.05,-9.98,-0.07,0,-0.01,
2,0,0.03,-10.02,-0.04,0,-0.01,
2,0,0.03,-10.02,-0.04,0,-0.01,
2,0,0.03,-10.02,-0.04,-0.01,-0.01,
2,0,-0.03,-10.03,-0.08,-0.01,-0.01,
2,0,-0.03,-10.03,-0.08,0,0,
2,0,-0.01,-9.99,-0.1,0,-0.01,
2,0,-0.01,-9.99,-0.1,0,-0.01,
2,0,-0.01,-9.99,-0.1,0,-0.01,
2,0,0.05,-10.06,-0.06,0,-0.01,
2,0,0.05,-10.06,-0.06,-0.01,-0.01,
2,0,0.05,-10.06,-0.06,-0.01,-0.01,
2,0,-0.01,-10.07,-0.14,0,-0.01,
2,0,-0.01,-10.07,-0.14,0,-0.01,
2,0,-0.01,-10.07,-0.14,0,-0.01,
2,0,-0.02,-10.03,-0.11,-0.01,-0.01,
2,0,-0.02,-10.03,-0.11,0,-0.01,
2,0,0,-10.06,-0.08,0,-0.01,
2,0,0,-10.06,-0.08,0,-0.01,
2,0,0,-10.06,-0.08,0,-0.01,
2,0,0.03,-10.03,-0.11,0,-0.01,
2,0,0.03,-10.03,-0.11,-0.01,-0.01,
2,0,0.03,-10.03,-0.11,-0.01,-0.01,
2,0,-0.03,-10.06,-0.06,-0.01,-0.01,
2,0,-0.03,-10.06,-0.06,0,-0.01,
2,0,-0.03,-10.06,-0.06,-0.01,-0.01,
2,0,-0.06,-10.03,-0.11,-0.01,-0.01,
2,0,-0.06,-10.03,-0.11,-0.01,-0.01,
2,0,-0.06,-10.03,-0.11,0,-0.01,
2,0,0,-10.08,-0.12,0,-0.01,
2,0,0,-10.08,-0.12,0,-0.01,
2,0,0,-10.04,-0.07,-0.01,-0.01,
2,0,0,-10.04,-0.07,-0.01,-0.01,
2,0,0,-10.04,-0.07,-0.01,-0.01,
2,0,0,-10.04,-0.12,0,-0.01,
2,0,0,-10.04,-0.12,0,-0.01,
2,0,0,-10.04,-0.12,0,-0.01,
2,0,-0.11,-10.08,-0.05,0,-0.01,
2,0,-0.11,-10.08,-0.05,0,-0.01,
2,0,-0.11,-10.08,-0.05,0,-0.01,
2,0,0.01,-9.99,-0.11,-0.01,-0.01,
2,0,0.01,-9.99,-0.11,-0.01,-0.01,
2,0,0.01,-9.99,-0.11,0,-0.01,
2,0,-0.02,-10.05,-0.08,0,0,
2,0,-0.02,-10.05,-0.08,0,0,
2,0,-0.02,-10.05,-0.08,0,-0.01,
2,0,-0.03,-10.01,-0.05,0,-0.01,
2,0,-0.03,-10.01,-0.05,0,-0.01,
2,0,-0.03,-10.01,-0.05,0,-0.01,
2,0,0.04,-10.04,-0.06,-0.01,-0.01,
2,0,0.04,-10.04,-0.06,-0.01,-0.01,
2,0,0.04,-10.04,-0.06,-0.01,-0.01,
2,0,0,-9.98,-0.05,0,-0.01,
2,0,0,-9.98,-0.05,0,-0.01,
2,0,0,-9.98,-0.05,-0.01,-0.01,
2,0,-0.01,-9.99,-0.12,0,-0.01,
2,0,-0.01,-9.99,-0.12,0,-0.01,
2,0,0.08,-10.07,-0.11,-0.01,-0.01,
2,0,0.08,-10.07,-0.11,-0.01,-0.01,
2,0,0.08,-10.07,-0.11,-0.01,-0.01,
2,0,0.05,-9.94,-0.07,0,-0.01,
2,0,0.05,-9.94,-0.07,0,-0.01,
2,0,0.05,-9.94,-0.07,0,-0.01,
2,0,-0.09,-10.09,-0.02,0,-0.01,
2,0,-0.09,-10.09,-0.02,-0.01,-0.01,
2,0,-0.09,-10.09,-0.02,0,-0.01,
2,0,0.09,-9.98,-0.11,0,-0.01,
2,0,0.09,-9.98,-0.11,-0.01,-0.01,
2,0,0.09,-9.98,-0.11,-0.01,-0.01,
2,0,-0.07,-10.12,-0.1,-0.01,-0.01,
2,0,-0.07,-10.12,-0.1,0,-0.01,
2,0,-0.07,-10.12,-0.1,0,-0.01,
2,0,-0.02,-9.98,-0.07,0,-0.01,
2,0,-0.02,-9.98,-0.07,-0.01,0,
2,0,0.06,-10.06,-0.1,-0.01,-0.01,
2,0,0.06,-10.06,-0.1,-0.01,-0.01,
2,0,0.06,-10.06,-0.1,-0.01,-0.01,
2,0,0.01,-10.02,-0.1,0,-0.01,
2,0,0.01,-10.02,-0.1,0,-0.01,
2,0,0.01,-10.02,-0.1,0,-0.01,
2,0,0.02,-10.07,-0.11,-0.01,-0.01,
2,0,0.02,-10.07,-0.11,-0.01,-0.01,
2,0,0.02,-10.07,-0.11,-0.01,-0.01,
2,0,0.11,-9.95,-0.04,0,-0.01,
2,0,0.11,-9.95,-0.04,0,-0.01,
2,0,0.11,-9.95,-0.04,0,-0.01,
2,0,-0.1,-10.08,-0.06,0,-0.01,
2,0,-0.1,-10.08,-0.06,0,-0.01,
2,0,0.07,-10.01,-0.07,0,-0.01,
2,0,0.07,-10.01,-0.07,-0.01,-0.01,
2,0,0.07,-10.01,-0.07,-0.01,-0.01,
2,0,0.06,-9.97,-0.05,0,-0.01,
2,0,0.06,-9.97,-0.05,-0.01,-0.01,
2,0,0.06,-9.97,-0.05,-0.01,-0.01,
2,0,0,-10.05,-0.09,0,-0.01,
2,0,0,-10.05,-0.09,0,-0.01,
2,0,0,-10.05,-0.09,0,-0.01,
2,0,0.09,-10,-0.11,0,-0.01,
2,0,0.09,-10,-0.11,0,-0.01,
2,0,0.09,-10,-0.11,0,-0.01,
2,0,0.09,-10.01,-0.11,0,-0.01,
2,0,0.09,-10.01,-0.11,-0.01,-0.01,
2,0,0.09,-10.01,-0.11,0,-0.01,
2,0,0.05,-10.07,-0.06,0,-0.01,
2,0,0.05,-10.07,-0.06,0,-0.01,
2,0,0,-10.05,-0.1,-0.01,-0.01,
2,0,0,-10.05,-0.1,-0.01,-0.01,
2,0,0,-10.05,-0.1,0,-0.01,
2,0,0.01,-10,-0.1,0,-0.01,
2,0,0.01,-10,-0.1,0,-0.01,
2,0,0.01,-10,-0.1,-0.01,-0.01,
2,0,-0.01,-10.03,-0.04,0,-0.01,
2,0,-0.01,-10.03,-0.04,0,-0.01,
2,0,-0.01,-10.03,-0.04,-0.01,-0.01,
2,0,-0.04,-10.04,-0.11,-0.01,-0.01,
2,0,-0.04,-10.04,-0.11,-0.01,-0.01,
2,0,-0.04,-10.04,-0.11,-0.01,-0.01,
2,0,0.02,-10.04,-0.12,0,-0.01,
2,0,0.02,-10.04,-0.12,0,-0.01,
2,0,0.06,-10.04,-0.13,0,-0.01,
2,0,0.06,-10.04,-0.13,0,-0.01,
2,0,0.06,-10.04,-0.13,0,-0.01,
2,0,0.01,-10.01,-0.1,-0.01,-0.01,
2,0,0.01,-10.01,-0.1,-0.01,-0.01,
2,0,0.01,-10.01,-0.1,-0.01,-0.01,
2,0,-0.05,-10.02,-0.08,-0.01,-0.01,
2,0,-0.05,-10.02,-0.08,-0.01,-0.01,
2,0,-0.05,-10.02,-0.08,-0.01,-0.01,
2,0,-0.04,-10.03,-0.05,-0.01,-0.01,
2,0,-0.04,-10.03,-0.05,0,-0.01,
2,0,-0.04,-10.03,-0.05,0,-0.01,
2,0,0,-10,-0.05,0,-0.01,
2,0,0,-10,-0.05,0,-0.01,
2,0,0,-10,-0.05,0,-0.01,
2,0,0.01,-10.03,-0.11,-0.01,-0.01,
2,0,0.01,-10.03,-0.11,-0.01,-0.01,
2,0,0.01,-10.03,-0.11,-0.01,-0.01,
2,0,0.01,-10.05,-0.11,0,-0.01,
2,0,0.01,-10.05,-0.11,-0.01,-0.01,
2,0,0.01,-10.05,-0.11,-0.01,-0.01,
2,0,0,-10.02,-0.1,-0.01,-0.01,
2,0,0,-10.02,-0.1,0,-0.01,
2,0,-0.04,-10,-0.13,0,-0.01,
2,0,-0.04,-10,-0.13,-0.01,-0.01,
2,0,-0.04,-10,-0.13,-0.01,-0.01,
2,0,0.06,-9.99,-0.09,0,-0.01,
2,0,0.06,-9.99,-0.09,0,-0.01,
2,0,0.06,-9.99,-0.09,-0.01,-0.01,
2,0,-0.06,-10.04,-0.05,0,-0.01,
2,0,-0.06,-10.04,-0.05,0,-0.01,
2,0,-0.06,-10.04,-0.05,0,-0.01,
2,0,-0.01,-10,-0.09,0,-0.01,
2,0,-0.01,-10,-0.09,0,-0.01,
2,0,-0.01,-10,-0.09,0,-0.01,
2,0,-0.03,-9.95,-0.01,0,-0.01,
2,0,-0.03,-9.95,-0.01,0,-0.01,
2,0,0.01,-10.09,-0.11,-0.01,-0.01,
2,0,0.01,-10.09,-0.11,0,-0.01,
2,0,0.01,-10.09,-0.11,0,-0.01,
2,0,-0.03,-10.03,-0.16,-0.01,-0.01,
2,0,-0.03,-10.03,-0.16,0,-0.01,
2,0,-0.03,-10.03,-0.16,0,-0.01,
2,0,-0.01,-10.1,-0.14,-0.01,-0.01,
2,0,-0.01,-10.1,-0.14,0,-0.01,
2,0,-0.01,-10.1,-0.14,0,-0.01,
2,0,0.06,-10.01,-0.03,0,-0.01,
2,0,0.06,-10.01,-0.03,0,-0.01,
2,0,0.06,-10.01,-0.03,0,-0.01,
2,0,-0.08,-10.11,-0.07,-0.01,-0.01,
2,0,-0.08,-10.11,-0.07,-0.01,-0.01,
2,0,-0.08,-10.11,-0.07,-0.01,-0.01,
2,0,-0.02,-10.01,-0.11,0,-0.01,
2,0,-0.02,-10.01,-0.11,-0.01,-0.01,
2,0,-0.02,-10.01,-0.11,-0.01,-0.01,
2,0,0,-10.03,-0.11,0,-0.01,
2,0,0,-10.03,-0.11,0,-0.01,
2,0,0.02,-9.97,-0.02,0,-0.01,
2,0,0.02,-9.97,-0.02,-0.01,-0.01,
2,0,0.02,-9.97,-0.02,0,-0.01,
2,0,0,-10.06,-0.06,0,-0.01,
2,0,0,-10.06,-0.06,0,-0.01,
2,0,0,-10.06,-0.06,-0.01,-0.01,
2,0,-0.03,-10.03,-0.11,-0.01,-0.01,
2,0,-0.03,-10.03,-0.11,-0.01,-0.01,
2,0,-0.03,-10.03,-0.11,0,-0.01,
2,0,-0.02,-10.01,-0.06,0,-0.01,
2,0,-0.02,-10.01,-0.06,0,-0.01,
2,0,-0.02,-10.01,-0.06,0,-0.01,
2,0,0.04,-9.99,-0.03,0,-0.01,
2,0,0.04,-9.99,-0.03,0,-0.01,
2,0,0.04,-9.99,-0.03,-0.01,-0.01,
2,0,-0.01,-10.03,-0.15,-0.01,-0.01,
2,0,-0.01,-10.03,-0.15,-0.01,-0.01,
2,0,-0.01,-10.03,-0.15,0,-0.01,
2,0,-0.05,-10.03,-0.13,0,-0.01,
2,0,-0.05,-10.03,-0.13,-0.01,-0.01,
2,0,-0.05,-10.03,-0.13,0,-0.01,
2,0,-0.05,-9.98,-0.09,0,-0.01,
2,0,-0.05,-9.98,-0.09,-0.01,-0.01,
2,0,-0.03,-10.02,-0.06,0,-0.01,
2,0,-0.03,-10.02,-0.06,0,-0.01,
2,0,-0.03,-10.02,-0.06,-0.01,-0.01,
2,0,0,-9.98,-0.09,-0.01,-0.01,
2,0,0,-9.98,-0.09,-0.01,-0.01,
2,0,0,-9.98,-0.09,0,-0.01,
2,0,-0.01,-10.02,-0.11,0,-0.01,
2,0,-0.01,-10.02,-0.11,0,-0.01,
2,0,-0.01,-10.02,-0.11,0,-0.01,
2,0,0,-10.02,-0.1,0,-0.01,
2,0,0,-10.02,-0.1,0,-0.01,
2,0,0,-10.02,-0.1,0,-0.01,
2,0,-0.03,-9.97,-0.08,0,-0.01,
2,0,-0.03,-9.97,-0.08,0,-0.01,
2,0,-0.03,-9.97,-0.08,0,-0.01,
2,0,0.01,-10.01,-0.12,-0.01,-0.01,
2,0,0.01,-10.01,-0.12,-0.01,-0.01,
2,0,0.01,-10.01,-0.12,-0.01,-0.01,
2,0,0.01,-10.06,-0.11,-0.01,-0.01,
2,0,0.01,-10.06,-0.11,0,-0.01,
2,0,0.01,-10.06,-0.11,0,-0.01,
2,0,-0.02,-9.97,-0.04,0,-0.01,
2,0,-0.02,-9.97,-0.04,-0.01,-0.01,
2,0,-0.02,-9.97,-0.04,0,-0.01,
2,0,0,-9.97,-0.11,0,-0.01,
2,0,0,-9.97,-0.11,0,-0.01,
2,0,0,-9.97,-0.11,0,-0.01,
2,0,0.01,-10.01,-0.08,0,-0.01,
2,0,0.01,-10.01,-0.08,-0.01,-0.01,
2,0,0.01,-10.01,-0.08,-0.01,-0.01,
2,0,0,-10.02,-0.07,-0.01,-0.01,
2,0,0,-10.02,-0.07,0,-0.01,
2,0,0,-10.02,-0.07,0,-0.01,
2,0,0.02,-9.98,-0.08,0,-0.01,
2,0,0.02,-9.98,-0.08,0,-0.01,
2,0,0.02,-9.98,-0.08,0,-0.01,
2,0,0.02,-9.99,-0.04,0,-0.01,
2,0,0.02,-9.99,-0.04,0,-0.01,
2,0,0.02,-9.99,-0.04,0,-0.01,
2,0,-0.02,-10.03,-0.13,0,-0.01,
2,0,-0.02,-10.03,-0.13,0,-0.01,
2,0,0.02,-10.02,-0.02,0,-0.01,
2,0,0.02,-10.02,-0.02,-0.01,-0.01,
2,0,0.02,-10.02,-0.02,0,-0.01,
2,0,-0.06,-9.94,0.04,0,-0.01,
2,0,-0.06,-9.94,0.04,-0.01,-0.01,
2,0,-0.06,-9.94,0.04,0,-0.01,
2,0,0,-10.01,0.19,0,-0.01,
2,0,0,-10.01,0.19,-0.01,0,
2,0,0,-10.01,0.19,0,-0.01,
2,0,-0.01,-9.96,-0.07,0,-0.01,
2,0,-0.01,-9.96,-0.07,-0.01,-0.01,
2,0,-0.01,-9.96,-0.07,0,-0.01,
2,0,-0.08,-10.05,-0.1,0,-0.01,
2,0,-0.08,-10.05,-0.1,0,-0.01,
2,0,-0.08,-10.05,-0.1,-0.01,-0.01,
2,0,-0.02,-10.15,-0.23,-0.01,-0.01,
2,0,-0.02,-10.15,-0.23,0,-0.01,
2,0,-0.04,-10,-0.08,0,-0.01,
2,0,-0.04,-10,-0.08,0,-0.01,
2,0,-0.04,-10,-0.08,0,-0.01,
2,0,-0.01,-10.02,-0.15,0,-0.01,
2,0,-0.01,-10.02,-0.15,0,-0.01,
2,0,-0.01,-9.98,-0.1,0,-0.01,
2,0,-0.01,-9.98,-0.1,0,-0.01,
2,0,-0.01,-10.05,-0.08,0,-0.01,
2,0,-0.01,-10.05,-0.08,0,-0.01,
2,0,-0.01,-10.05,-0.08,0,-0.01,
2,0,0.05,-9.97,-0.03,0,-0.01,
2,0,0.05,-9.97,-0.03,-0.01,-0.01,
2,0,0.05,-9.97,-0.03,-0.01,-0.01,
2,0,-0.04,-10.11,-0.13,-0.01,-0.01,
2,0,-0.04,-10.11,-0.13,0,0,
2,0,-0.04,-10.11,-0.13,0,-0.01,
2,0,-0.02,-10.05,-0.14,0,-0.01,
2,0,-0.02,-10.05,-0.14,0,-0.01,
2,0,-0.02,-10.05,-0.14,-0.01,-0.01,
2,0,0.05,-10.03,-0.1,-0.01,-0.01,
2,0,0.05,-10.03,-0.1,0,-0.01,
2,0,0.05,-10.03,-0.1,-0.01,-0.01,
2,0,-0.04,-10.03,-0.08,-0.01,-0.01,
2,0,-0.04,-10.03,-0.08,0,-0.01,
2,0,-0.04,-10.03,-0.08,-0.01,-0.01,
2,0,-0.04,-10.05,-0.11,-0.01,-0.01,
2,0,-0.04,-10.05,-0.11,-0.01,-0.01,
2,0,-0.04,-10.05,-0.11,0,-0.01,
2,0,0.04,-10.01,-0.04,0,-0.01,
2,0,0.04,-10.01,-0.04,0,-0.01,
2,0,-0.01,-10.07,-0.05,0,-0.01,
2,0,-0.01,-10.07,-0.05,0,-0.01,
2,0,-0.01,-10.07,-0.05,0,-0.01,
2,0,0.02,-10.02,-0.08,0,0,
2,0,0.02,-10.02,-0.08,0,0,
2,0,0.02,-10.02,-0.08,0,-0.01,
2,0,0.04,-10.06,-0.14,-0.01,-0.01,
2,0,0.04,-10.06,-0.14,-0.01,-0.01,
2,0,0.04,-10.06,-0.14,0,0,
2,0,-0.06,-10.07,-0.1,-0.01,-0.01,
2,0,-0.06,-10.07,-0.1,-0.01,-0.01,
2,0,-0.06,-10.07,-0.1,0,-0.01,
2,0,0.07,-10,-0.06,0,-0.01,
2,0,0.07,-10,-0.06,0,-0.01,
2,0,0.07,-10,-0.06,0,-0.01,
2,0,0,-9.96,-0.11,-0.01,-0.01,
2,0,0,-9.96,-0.11,-0.01,-0.01,
2,0,0,-9.96,-0.11,-0.01,-0.01,
2,0,0.01,-9.99,-0.12,0,-0.01,
2,0,0.01,-9.99,-0.12,0,-0.01,
2,0,-0.02,-10.03,-0.1,-0.01,-0.01,
2,0,-0.02,-10.03,-0.1,0,-0.01,
2,0,-0.02,-10.03,-0.1,0,-0.01,
2,0,0.02,-9.98,-0.01,-0.01,-0.01,
2,0,0.02,-9.98,-0.01,-0.01,0,
2,0,0.02,-9.98,-0.01,-0.01,0,
2,0,0.03,-10.04,-0.09,-0.01,-0.01,
2,0,0.03,-10.04,-0.09,-0.01,-0.01,
2,0,0.03,-10.04,-0.09,-0.01,-0.01,
2,0,0.01,-9.97,-0.13,0,-0.01,
2,0,0.01,-9.97,-0.13,0,-0.01,
2,0,0.01,-9.97,-0.13,-0.01,-0.01,
2,0,-0.05,-10,-0.06,-0.01,-0.01,
2,0,-0.05,-10,-0.06,-0.01,-0.01,
2,0,-0.05,-10,-0.06,-0.01,-0.01,
2,0,-0.03,-10.01,-0.05,0,-0.01,
2,0,-0.03,-10.01,-0.05,0,-0.01,
2,0,-0.03,-10.01,-0.05,-0.01,0,
2,0,0.01,-10.02,-0.1,0,-0.01,
2,0,0.01,-10.02,-0.1,0,-0.01,
2,0,0.01,-10.02,-0.1,-0.01,-0.01,
2,0,0.01,-10.05,-0.04,-0.01,-0.01,
2,0,0.01,-10.05,-0.04,-0.01,-0.01,
2,0,0.01,-10.05,-0.04,-0.01,-0.01,
2,0,0.03,-10.02,-0.04,0,-0.01,
2,0,0.03,-10.02,-0.04,0,-0.01,
2,0,0.03,-10.02,-0.04,0,-0.01,
2,0,-0.01,-10.07,-0.15,0,-0.01,
2,0,-0.01,-10.07,-0.15,0,-0.01,
2,0,-0.01,-10.07,-0.15,-0.01,-0.01,
2,0,0,-10.07,-0.15,-0.01,-0.01,
2,0,0,-10.07,-0.15,0,-0.01,
2,0,0,-10.07,-0.15,-0.01,-0.01,
2,0,0.03,-10.03,-0.11,-0.01,-0.01,
2,0,0.03,-10.03,-0.11,-0.01,-0.01,
2,0,0.03,-10.03,-0.11,-0.01,-0.01,
2,0,0,-10,0,0,-0.01,
2,0,0,-10,0,0,-0.01,
2,0,0,-10.03,-0.08,0,-0.01,
2,0,0,-10.03,-0.08,0,-0.01,
2,0,0,-10.03,-0.08,0,-0.01,
2,0,-0.04,-9.97,-0.05,0,-0.01,
2,0,-0.04,-9.97,-0.05,0,-0.01,
2,0,-0.04,-9.97,-0.05,0,-0.01,
2,0,0.01,-9.99,-0.09,0,-0.01,
2,0,0.01,-9.99,-0.09,0,-0.01,
2,0,0.01,-9.99,-0.09,0,-0.01,
2,0,-0.04,-10,0,-0.01,-0.01,
2,0,-0.04,-10,0,0,-0.01,
2,0,-0.04,-10,0,0,-0.01,
2,0,0.05,-10.01,-0.04,-0.01,-0.01,
2,0,0.05,-10.01,-0.04,0,-0.01,
2,0,-0.02,-10.1,-0.1,0,-0.01,
2,0,-0.02,-10.1,-0.1,0,-0.01,
2,0,-0.02,-10.1,-0.1,0,-0.01,
2,0,0.03,-10,-0.11,0,-0.01,
2,0,0.03,-10,-0.11,0,-0.01,
2,0,0.03,-10,-0.11,-0.01,-0.01,
2,0,-0.02,-10.07,-0.09,-0.01,-0.01,
2,0,-0.02,-10.07,-0.09,0,-0.01,
2,0,-0.02,-10.07,-0.09,-0.01,-0.01,
2,0,0.05,-10.06,-0.06,-0.01,-0.01,
2,0,0.05,-10.06,-0.06,-0.01,-0.01,
2,0,0.05,-10.06,-0.06,-0.01,-0.01,
2,0,-0.02,-10.12,-0.05,-0.01,-0.01,
2,0,-0.02,-10.12,-0.05,0,-0.01,
2,0,-0.02,-10.12,-0.05,-0.01,0,
2,0,0.02,-10.06,-0.07,-0.01,0,
2,0,0.02,-10.06,-0.07,-0.01,-0.01,
2,0,-0.05,-10.01,-0.06,0,-0.01,
2,0,-0.05,-10.01,-0.06,0,-0.01,
2,0,-0.05,-10.01,-0.06,0,-0.01,
2,0,-0.02,-10.07,-0.11,-0.01,-0.01,
2,0,-0.02,-10.07,-0.11,0,-0.01,
2,0,-0.02,-10.07,-0.11,0,-0.01,
2,0,0.03,-10.07,-0.08,0,-0.01,
2,0,0.03,-10.07,-0.08,0,-0.01,
2,0,0.03,-10.07,-0.08,0,-0.01,
2,0,-0.08,-10.03,-0.04,-0.01,-0.01,
2,0,-0.08,-10.03,-0.04,-0.01,-0.01,
2,0,-0.08,-10.03,-0.04,-0.01,-0.01,
2,0,-0.01,-10.06,-0.08,0,0,
2,0,-0.01,-10.06,-0.08,0,-0.01,
2,0,-0.06,-10.02,-0.09,0,-0.01,
2,0,-0.06,-10.02,-0.09,-0.01,-0.01,
2,0,-0.06,-10.02,-0.09,-0.01,-0.01,
2,0,0.04,-10.03,-0.05,-0.01,-0.01,
2,0,0.04,-10.03,-0.05,-0.01,-0.01,
2,0,0.04,-10.03,-0.05,-0.01,-0.01,
2,0,-0.01,-10.02,-0.1,-0.01,-0.01,
2,0,-0.01,-10.02,-0.1,-0.01,-0.01,
2,0,-0.01,-10.02,-0.1,-0.01,-0.01,
2,0,0.02,-10.03,-0.13,-0.01,-0.01,
2,0,0.02,-10.03,-0.13,0,-0.01,
2,0,0.02,-10.03,-0.13,0,-0.01,
2,0,0.03,-10.07,-0.1,0,-0.01,
2,0,0.03,-10.07,-0.1,0,-0.01,
2,0,0.03,-10.07,-0.1,0,-0.01,
2,0,0.01,-10.05,-0.05,0,-0.01,
2,0,0.01,-10.05,-0.05,-0.01,-0.01,
2,0,0.01,-10.05,-0.05,0,-0.01,
2,0,-0.02,-10.01,-0.08,0,-0.01,
2,0,-0.02,-10.01,-0.08,0,-0.01,
2,0,-0.02,-10.01,-0.08,-0.01,-0.01,
2,0,-0.06,-10.06,-0.1,-0.01,-0.01,
2,0,-0.06,-10.06,-0.1,0,-0.01,
2,0,-0.02,-10,-0.1,-0.01,-0.01,
2,0,-0.02,-10,-0.1,-0.01,-0.01,
2,0,-0.02,-10,-0.1,-0.01,-0.01,
2,0,-0.05,-10.02,-0.15,-0.01,-0.01,
2,0,-0.05,-10.02,-0.15,-0.01,-0.01,
2,0,-0.05,-10.02,-0.15,0,-0.01,
2,0,0,-10.03,-0.12,0,-0.01,
2,0,0,-10.03,-0.12,0,-0.01,
2,0,0,-10.03,-0.12,-0.01,-0.01,
2,0,0.05,-10,-0.13,0,-0.01,
2,0,0.05,-10,-0.13,0,-0.01,
2,0,0.05,-10,-0.13,0,-0.01,
2,0,-0.01,-10.04,-0.13,-0.01,-0.01,
2,0,-0.01,-10.04,-0.13,-0.01,-0.01,
2,0,-0.01,-10.04,-0.13,-0.01,-0.01,
2,0,0,-10.05,-0.04,-0.01,-0.01,
2,0,0,-10.05,-0.04,-0.01,-0.01,
2,0,0,-10.05,-0.04,-0.01,-0.01,
2,0,0.02,-10.01,-0.06,-0.01,-0.01,
2,0,0.02,-10.01,-0.06,0,-0.01,
2,0,0.02,-10.01,-0.06,-0.01,-0.01,
2,0,-0.02,-10,-0.11,-0.01,-0.01,
2,0,-0.02,-10,-0.11,0,-0.01,
2,0,-0.02,-10,-0.11,-0.01,-0.01,
2,0,-0.06,-10.06,-0.06,-0.01,-0.01,
2,0,-0.06,-10.06,-0.06,0,-0.01,
2,0,-0.06,-10.06,-0.06,-0.01,-0.01,
2,0,0,-10.02,-0.1,-0.01,-0.01,
2,0,0,-10.02,-0.1,0,-0.01,
2,0,-0.01,-10.04,-0.08,0,-0.01,
2,0,-0.01,-10.04,-0.08,0,-0.01,
2,0,-0.01,-10.04,-0.08,-0.01,-0.01,
2,0,-0.01,-10.02,-0.06,-0.01,-0.01,
2,0,-0.01,-10.02,-0.06,-0.01,-0.01,
2,0,-0.01,-10.02,-0.06,0,-0.01,
2,0,-0.08,-10.07,-0.11,0,-0.01,
2,0,-0.08,-10.07,-0.11,-0.01,0,
2,0,-0.08,-10.07,-0.11,-0.01,0,
2,0,0.01,-10.02,-0.11,0,-0.01,
2,0,0.01,-10.02,-0.11,0,-0.01,
2,0,0.01,-10.02,-0.11,0,-0.01,
2,0,0.02,-10.06,-0.15,-0.01,-0.01,
2,0,0.02,-10.06,-0.15,-0.01,-0.01,
2,0,0.02,-10.06,-0.15,-0.01,-0.01,
2,0,-0.01,-10,-0.07,-0.01,-0.01,
2,0,-0.01,-10,-0.07,0,-0.02,
2,0,-0.02,-10.03,-0.11,0,-0.02,
2,0,-0.02,-10.03,-0.11,-0.01,-0.01,
2,0,-0.02,-10.03,-0.11,0,-0.01,
2,0,0.03,-10.01,-0.14,0,-0.01,
2,0,0.03,-10.01,-0.14,-0.01,-0.01,
2,0,0.03,-10.01,-0.14,0,-0.01,
2,0,0.08,-10.07,-0.04,0,-0.01,
2,0,0.08,-10.07,-0.04,-0.01,-0.01,
2,0,0.08,-10.07,-0.04,0,-0.01,
2,0,0.03,-10.07,-0.05,0,-0.01,
2,0,0.03,-10.07,-0.05,0,-0.01,
2,0,0.03,-10.07,-0.05,0,-0.01,
2,0,0.08,-10.02,-0.15,0,-0.01,
2,0,0.08,-10.02,-0.15,-0.01,-0.01,
2,0,0.08,-10.02,-0.15,0,-0.01,
2,0,0.03,-10,-0.13,0,-0.01,
2,0,0.03,-10,-0.13,0,-0.01,
2,0,0.03,-10,-0.13,0,-0.01,
2,0,-0.05,-10.04,-0.08,0,-0.01,
2,0,-0.05,-10.04,-0.08,-0.01,-0.01,
2,0,0.05,-10.08,-0.12,-0.01,-0.01,
2,0,0.05,-10.08,-0.12,-0.01,-0.01,
2,0,0.05,-10.08,-0.12,-0.01,-0.01,
2,0,0,-10.05,-0.09,0,-0.01,
2,0,0,-10.05,-0.09,0,-0.01,
2,0,0,-10.05,-0.09,0,-0.01,
2,0,0.01,-10.03,-0.08,-0.01,-0.01,
2,0,0.01,-10.03,-0.08,-0.01,-0.01,
2,0,0.01,-10.03,-0.08,0,-0.01,
2,0,-0.03,-10,-0.05,0,-0.01,
2,0,-0.03,-10,-0.05,0,-0.01,
2,0,-0.03,-10,-0.05,-0.01,-0.01,
2,0,-0.04,-10.07,-0.1,-0.01,-0.01,
2,0,-0.04,-10.07,-0.1,-0.01,-0.01,
2,0,-0.04,-10.07,-0.1,-0.01,-0.01,
2,0,0.02,-10.04,-0.09,-0.01,-0.01,
2,0,0.02,-10.04,-0.09,-0.01,-0.01,
2,0,0.02,-10.04,-0.09,0,-0.01,
2,0,-0.05,-10.05,-0.06,-0.01,-0.01,
2,0,-0.05,-10.05,-0.06,-0.01,-0.01,
2,0,0,-10.06,-0.09,-0.01,-0.01,
2,0,0,-10.06,-0.09,0,-0.01,
2,0,0,-10.06,-0.09,0,-0.01,
2,0,-0.03,-10.01,-0.1,-0.01,-0.01,
2,0,-0.03,-10.01,-0.1,-0.01,-0.01,
2,0,-0.03,-10.01,-0.1,-0.01,-0.01,
2,0,-0.01,-10.01,-0.1,0,-0.01,
2,0,-0.01,-10.01,-0.1,0,-0.01,
2,0,-0.01,-10.01,-0.1,0,-0.01,
2,0,0,-10.04,-0.09,-0.01,-0.01,
2,0,0,-10.04,-0.09,-0.01,-0.01,
2,0,0,-10.04,-0.09,0,-0.01,
2,0,0.04,-10.04,-0.09,-0.01,-0.01,
2,0,0.04,-10.04,-0.09,-0.01,-0.01,
2,0,0.04,-10.04,-0.09,-0.01,-0.01,
2,0,0.01,-10.04,-0.07,-0.01,-0.01,
2,0,0.01,-10.04,-0.07,-0.01,-0.01,
2,0,0.01,-10.04,-0.07,-0.01,-0.01,
2,0,0,-10.04,-0.05,0,0,
2,0,0,-10.04,-0.05,0,0,
2,0,0,-10.04,-0.05,-0.01,-0.01,
2,0,0.03,-10.01,-0.09,0,-0.01,
2,0,0.03,-10.01,-0.09,0,-0.01,
2,0,0.03,-10.01,-0.09,0,-0.01,
2,0,0.03,-10.11,-0.06,0,-0.01,
2,0,0.03,-10.11,-0.06,0,-0.01,
2,0,0.03,-10.11,-0.06,0,-0.01,
2,0,0.02,-10.06,-0.09,0,-0.01,
2,0,0.02,-10.06,-0.09,-0.01,-0.01,
2,0,0.02,-10.06,-0.09,0,-0.01,
2,0,-0.05,-10.02,-0.14,0,-0.01,
2,0,-0.05,-10.02,-0.14,-0.01,-0.01,
2,0,-0.05,-10.02,-0.14,0,-0.01,
2,0,-0.06,-10,-0.09,0,-0.01,
2,0,-0.06,-10,-0.09,0,-0.01,
2,0,-0.04,-10.04,-0.06,-0.01,-0.01,
2,0,-0.04,-10.04,-0.06,-0.01,-0.01,
2,0,-0.04,-10.04,-0.06,-0.01,-0.01,
2,0,0,-10.06,-0.13,0,-0.01,
2,0,0,-10.06,-0.13,-0.01,-0.01,
2,0,0,-10.06,-0.13,-0.01,-0.01,
2,0,-0.02,-10,-0.08,0,-0.01,
2,0,-0.02,-10,-0.08,-0.01,-0.01,
2,0,-0.02,-10,-0.08,-0.01,-0.01,
2,0,-0.01,-10.02,-0.1,0,-0.01,
2,0,-0.01,-10.02,-0.1,0,-0.01,
2,0,-0.01,-10.02,-0.1,0,-0.01,
2,0,-0.03,-10.01,-0.05,0,-0.01,
2,0,-0.03,-10.01,-0.05,0,-0.01,
2,0,-0.03,-10.01,-0.05,0,-0.01,
2,0,-0.01,-10.09,-0.13,0,-0.01,
2,0,-0.01,-10.09,-0.13,0,-0.01,
2,0,-0.03,-10.07,-0.12,0,-0.01,
2,0,-0.03,-10.07,-0.12,0,-0.01,
2,0,-0.03,-10.07,-0.12,-0.01,-0.01,
2,0,0.01,-10.1,-0.08,-0.01,-0.01,
2,0,0.01,-10.1,-0.08,-0.01,0,
2,0,0.01,-10.1,-0.08,-0.01,-0.01,
2,0,0.01,-10.09,-0.05,-0.01,-0.01,
2,0,0.01,-10.09,-0.05,0,-0.01,
2,0,0.01,-10.09,-0.05,-0.01,-0.01,
2,0,0,-10.05,-0.09,-0.01,-0.01,
2,0,0,-10.05,-0.09,0,-0.01,
2,0,0,-10.05,-0.09,0,-0.01,
2,0,0.08,-10.04,-0.09,0,-0.01,
2,0,0.08,-10.04,-0.09,-0.01,-0.01,
2,0,0.08,-10.04,-0.09,-0.01,-0.01,
2,0,0.01,-10.08,-0.11,-0.01,-0.01,
2,0,0.01,-10.08,-0.11,-0.01,-0.01,
2,0,-0.04,-10.04,-0.09,0,-0.01,
2,0,-0.04,-10.04,-0.09,0,-0.01,
2,0,-0.04,-10.04,-0.09,-0.01,-0.01,
2,0,0.04,-9.99,-0.09,0,-0.01,
2,0,0.04,-9.99,-0.09,0,-0.01,
2,0,0.04,-9.99,-0.09,0,-0.01,
2,0,0.01,-10.06,-0.11,-0.01,-0.01,
2,0,0.01,-10.06,-0.11,0,-0.01,
2,0,0.01,-10.06,-0.11,0,-0.01,
2,0,-0.01,-10.01,-0.1,0,-0.01,
2,0,-0.01,-10.01,-0.1,0,-0.01,
2,0,-0.01,-10.01,-0.1,0,-0.01,
2,0,0,-10.08,-0.12,0,-0.01,
2,0,0,-10.08,-0.12,-0.01,-0.01,
2,0,0,-10.08,-0.12,-0.01,-0.01,
2,0,0.04,-9.95,-0.07,0,-0.01,
2,0,0.04,-9.95,-0.07,0,-0.01,
2,0,0,-10.05,-0.07,0,-0.01,
2,0,0,-10.05,-0.07,0,-0.01,
2,0,0,-10.05,-0.07,0,-0.01,
2,0,0,-10.1,-0.13,0,-0.01,
2,0,0,-10.1,-0.13,0,-0.01,
2,0,0,-10.1,-0.13,0,-0.01,
2,0,0.02,-10.08,-0.09,0,-0.01,
2,0,0.02,-10.08,-0.09,0,-0.01,
2,0,0.02,-10.08,-0.09,0,-0.01,
2,0,0.06,-9.99,-0.12,0,-0.01,
2,0,0.06,-9.99,-0.12,0,-0.01,
2,0,0.06,-9.99,-0.12,0,0,
2,0,0,-10,-0.08,0,0,
2,0,0,-10,-0.08,0,-0.01,
2,0,0,-10,-0.08,-0.01,-0.01,
2,0,-0.04,-10.04,-0.08,-0.01,-0.01,
2,0,-0.04,-10.04,-0.08,-0.01,-0.01,
2,0,-0.04,-10.04,-0.08,0,-0.01,
2,0,-0.03,-10.01,-0.04,0,-0.01,
2,0,-0.03,-10.01,-0.04,0,-0.01,
2,0,-0.01,-10.04,-0.07,-0.01,-0.01,
2,0,-0.01,-10.04,-0.07,-0.01,-0.01,
2,0,-0.01,-10.04,-0.07,-0.01,0,
2,0,0.03,-9.97,-0.09,-0.01,0,
2,0,0.03,-9.97,-0.09,0,-0.01,
2,0,0.03,-9.97,-0.09,-0.01,-0.01,
2,0,0,-10.04,-0.1,-0.01,-0.01,
2,0,0,-10.04,-0.1,0,-0.01,
2,0,0,-10.04,-0.1,-0.01,-0.01,
2,0,-0.01,-10.02,-0.11,-0.01,-0.01,
2,0,-0.01,-10.02,-0.11,-0.01,-0.01,
2,0,-0.01,-10.02,-0.11,-0.01,-0.01,
2,0,-0.01,-10.07,-0.1,-0.01,-0.01,
2,0,-0.01,-10.07,-0.1,-0.01,-0.01,
2,0,-0.01,-10.07,-0.1,-0.01,-0.01,
2,0,-0.01,-9.99,-0.06,-0.01,-0.01,
2,0,-0.01,-9.99,-0.06,0,-0.01,
2,0,-0.01,-9.99,-0.06,0,-0.01,
2,0,-0.04,-10.05,-0.11,0,-0.01,
2,0,-0.04,-10.05,-0.11,-0.01,-0.01,
2,0,-0.04,-10.05,-0.11,-0.01,-0.01,
2,0,0,-9.99,-0.08,0,-0.01,
2,0,0,-9.99,-0.08,-0.01,-0.01,
2,0,0,-9.99,-0.08,-0.01,-0.01,
2,0,-0.03,-10.03,-0.08,0,-0.01,
2,0,-0.03,-10.03,-0.08,-0.01,-0.01,
2,0,-0.03,-10.03,-0.08,-0.01,-0.01,
2,0,-0.02,-10.06,-0.09,0,-0.01,
2,0,-0.02,-10.06,-0.09,-0.01,-0.01,
2,0,-0.02,-10.06,-0.09,-0.01,-0.01,
2,0,-0.01,-10.01,-0.12,-0.01,-0.01,
2,0,-0.01,-10.01,-0.12,0,-0.01,
2,0,-0.04,-10.02,-0.12,-0.01,-0.01,
2,0,-0.04,-10.02,-0.12,-0.01,-0.01,
2,0,-0.04,-10.02,-0.12,0,-0.01,
2,0,0.02,-10.01,-0.11,0,-0.01,
2,0,0.02,-10.01,-0.11,0,-0.01,
2,0,0.02,-10.01,-0.11,0,-0.01,
2,0,0,-10.06,-0.14,-0.01,-0.01,
2,0,0,-10.06,-0.14,-0.01,-0.01,
2,0,0,-10.06,-0.14,0,-0.01,
2,0,0.01,-10.03,-0.07,-0.01,-0.01,
2,0,0.01,-10.03,-0.07,-0.01,-0.01,
2,0,0.01,-10.03,-0.07,0,0,
2,0,0.02,-10,-0.09,0,-0.01,
2,0,0.02,-10,-0.09,0,-0.01,
2,0,0.02,-10,-0.09,0,-0.01,
2,0,0.01,-10.07,-0.13,0,-0.01,
2,0,0.01,-10.07,-0.13,0,-0.01,
2,0,0.01,-10.07,-0.13,0,-0.01,
2,0,0.06,-10.04,-0.1,-0.01,-0.01,
2,0,0.06,-10.04,-0.1,-0.01,-0.01,
2,0,0.06,-10.04,-0.1,0,-0.01,
2,0,0.03,-10.02,-0.08,0,-0.01,
2,0,0.03,-10.02,-0.08,0,-0.01,
2,0,0.02,-10.04,-0.09,0,-0.01,
2,0,0.02,-10.04,-0.09,0,-0.01,
2,0,0.02,-10.04,-0.09,0,-0.01,
2,0,-0.02,-10.08,-0.05,-0.01,-0.01,
2,0,-0.02,-10.08,-0.05,0,-0.01,
2,0,-0.02,-10.08,-0.05,0,-0.01,
2,0,0.03,-10,-0.08,0,-0.01,
2,0,0.03,-10,-0.08,0,-0.01,
2,0,0.03,-10,-0.08,0,-0.01,
2,0,0.01,-9.98,-0.11,-0.01,-0.01,
2,0,0.01,-9.98,-0.11,0,-0.01,
2,0,0.01,-9.98,-0.11,0,-0.01,
2,0,0.05,-10.03,-0.03,-0.01,-0.01,
2,0,0.05,-10.03,-0.03,-0.01,-0.01,
2,0,0.05,-10.03,-0.03,-0.01,-0.01,
2,0,0.05,-10.01,-0.09,-0.01,-0.01,
2,0,0.05,-10.01,-0.09,-0.01,-0.01,
2,0,0.05,-10.01,-0.09,-0.01,-0.01,
2,0,0.01,-10.01,-0.11,-0.01,-0.01,
2,0,0.01,-10.01,-0.11,-0.01,-0.01,
2,0,-0.02,-10.03,-0.06,-0.01,-0.01,
2,0,-0.02,-10.03,-0.06,0,-0.01,
2,0,-0.02,-10.03,-0.06,0,0,
2,0,0.02,-10,-0.11,0,0,
2,0,0.02,-10,-0.11,0,-0.01,
2,0,0.02,-10,-0.11,-0.01,-0.01,
2,0,-0.07,-10,-0.13,-0.01,-0.01,
2,0,-0.07,-10,-0.13,-0.01,-0.01,
2,0,-0.07,-10,-0.13,0,-0.01,
2,0,0,-10.04,-0.06,0,-0.01,
2,0,0,-10.04,-0.06,-0.01,-0.01,
2,0,0,-10.04,-0.06,0,-0.01,
2,0,-0.02,-10.02,-0.06,0,-0.01,
2,0,-0.02,-10.02,-0.06,0,-0.01,
2,0,-0.02,-10.02,-0.06,-0.01,-0.01,
2,0,-0.01,-10.04,-0.1,-0.01,-0.01,
2,0,-0.01,-10.04,-0.1,0,-0.01,
2,0,-0.01,-10.04,-0.1,0,-0.01,
2,0,-0.01,-10.01,-0.11,0,-0.01,
2,0,-0.01,-10.01,-0.11,-0.01,0,
2,0,-0.01,-10.01,-0.11,-0.01,0,
2,0,-0.03,-10.05,-0.08,-0.01,-0.01,
2,0,-0.03,-10.05,-0.08,0,-0.01,
2,0,-0.03,-10.05,-0.08,0,-0.01,
2,0,0,-10.06,-0.1,0,-0.01,
2,0,0,-10.06,-0.1,0,-0.01,
2,0,0,-10.06,-0.1,0,-0.01,
2,0,-0.01,-9.98,-0.11,-0.01,-0.01,
2,0,-0.01,-9.98,-0.11,0,-0.01,
2,0,0,-10,-0.1,0,-0.01,
2,0,0,-10,-0.1,-0.01,-0.01,
2,0,0,-10,-0.1,0,-0.01,
2,0,0,-10.04,-0.09,0,-0.01,
2,0,0,-10.04,-0.09,0,-0.01,
2,0,0,-10.04,-0.09,0,-0.01,
2,0,0,-10.05,-0.1,-0.01,-0.01,
2,0,0,-10.05,-0.1,-0.01,0,
2,0,0,-10.05,-0.1,-0.01,0,
2,0,0.03,-10.03,-0.1,0,-0.01,
2,0,0.03,-10.03,-0.1,-0.01,-0.01,
2,0,0.03,-10.03,-0.1,-0.01,-0.01,
2,0,0,-10.05,-0.05,-0.01,-0.01,
2,0,0,-10.05,-0.05,0,-0.01,
2,0,0,-10.05,-0.05,0,-0.01,
2,0,0.02,-10.02,-0.09,-0.01,-0.01,
2,0,0.02,-10.02,-0.09,-0.01,-0.01,
2,0,0.02,-10.02,-0.09,-0.01,-0.01,
2,0,0,-10.03,-0.07,0,-0.01,
2,0,0,-10.03,-0.07,0,-0.01,
2,0,0,-10.03,-0.07,0,-0.01,
2,0,0.03,-10.04,-0.06,0,-0.01,
2,0,0.03,-10.04,-0.06,-0.01,-0.01,
2,0,0.03,-10.04,-0.06,-0.01,-0.01,
2,0,-0.01,-10.06,-0.13,-0.01,-0.01,
2,0,-0.01,-10.06,-0.13,0,-0.01,
2,0,-0.01,-10.03,-0.08,0,-0.01,
2,0,-0.01,-10.03,-0.08,-0.01,-0.01,
2,0,-0.01,-10.03,-0.08,0,-0.01,
2,0,0,-9.99,-0.11,0,-0.01,
2,0,0,-9.99,-0.11,-0.01,-0.01,
2,0,0,-9.99,-0.11,-0.01,-0.01,
2,0,-0.01,-10.03,-0.09,-0.01,-0.01,
2,0,-0.01,-10.03,-0.09,-0.01,-0.01,
2,0,-0.01,-10.03,-0.09,0,-0.01,
2,0,0,-10,-0.12,-0.01,-0.01,
2,0,0,-10,-0.12,-0.01,-0.01,
2,0,0,-10,-0.12,0,-0.01,
2,0,-0.01,-10.07,-0.07,0,-0.01,
2,0,-0.01,-10.07,-0.07,0,-0.01,
2,0,-0.01,-10.07,-0.07,0,-0.01,
2,0,0,-10.04,-0.04,-0.01,-0.01,
2,0,0,-10.04,-0.04,-0.01,-0.01,
2,0,0,-10.04,-0.04,0,-0.01,
2,0,0.01,-10.02,-0.12,-0.01,-0.01,
2,0,0.01,-10.02,-0.12,-0.01,-0.01,
2,0,0.01,-10.06,-0.03,0,-0.01,
2,0,0.01,-10.06,-0.03,-0.01,-0.01,
2,0,0.01,-10.06,-0.03,-0.01,-0.01,
2,0,0,-10.07,-0.07,0,-0.01,
2,0,0,-10.07,-0.07,0,-0.01,
2,0,0,-10.07,-0.07,0,-0.01,
2,0,-0.03,-9.98,-0.09,-0.01,-0.01,
2,0,-0.03,-9.98,-0.09,-0.01,-0.01,
2,0,-0.03,-9.98,-0.09,-0.01,-0.01,
2,0,-0.05,-10.07,-0.11,0,-0.01,
2,0,-0.05,-10.07,-0.11,-0.01,-0.01,
2,0,-0.05,-10.07,-0.11,-0.01,-0.01,
2,0,-0.01,-10.01,-0.02,-0.01,-0.01,
2,0,-0.01,-10.01,-0.02,-0.01,-0.01,
2,0,-0.01,-10.01,-0.02,-0.01,-0.01,
2,0,0.04,-10.05,-0.1,-0.01,-0.01,
2,0,0.04,-10.05,-0.1,0,0,
2,0,-0.02,-10.02,-0.09,0,0,
2,0,-0.02,-10.02,-0.09,0,-0.01,
2,0,-0.02,-10.02,-0.09,0,-0.01,
2,0,-0.02,-10.03,-0.07,0,-0.01,
2,0,-0.02,-10.03,-0.07,-0.01,-0.01,
2,0,-0.02,-10.03,-0.07,0,-0.01,
2,0,0,-9.99,-0.09,0,-0.01,
2,0,0,-9.99,-0.09,-0.01,-0.01,
2,0,0,-9.99,-0.09,0,-0.01,
2,0,0.01,-10,-0.14,0,-0.01,
2,0,0.01,-10,-0.14,-0.01,-0.01,
2,0,0.01,-10,-0.14,0,-0.01,
2,0,0.01,-9.98,-0.05,0,-0.01,
2,0,0.01,-9.98,-0.05,0,-0.01,
2,0,0.01,-9.98,-0.05,-0.01,-0.01,
2,0,0.02,-10.05,-0.09,-0.01,-0.01,
2,0,0.02,-10.05,-0.09,-0.01,-0.01,
2,0,0.04,-10.06,-0.13,-0.01,-0.01,
2,0,0.04,-10.06,-0.13,-0.01,-0.01,
2,0,0.04,-10.06,-0.13,0,-0.01,
2,0,0.02,-10.06,-0.07,-0.01,-0.01,
2,0,0.02,-10.06,-0.07,-0.01,-0.01,
2,0,0.02,-10.06,-0.07,-0.01,0,
2,0,0,-10.07,-0.11,0,-0.01,
2,0,0,-10.07,-0.11,0,-0.01,
2,0,0,-10.07,-0.11,-0.01,-0.01,
2,0,-0.05,-10.01,-0.08,0,-0.01,
2,0,-0.05,-10.01,-0.08,0,-0.01,
2,0,-0.05,-10.01,-0.08,0,-0.01,
2,0,0.03,-10.04,-0.1,-0.01,-0.01,
2,0,0.03,-10.04,-0.1,-0.01,-0.01,
2,0,0.03,-10.04,-0.1,0,0,
2,0,-0.03,-10.03,-0.09,0,-0.01,
2,0,-0.03,-10.03,-0.09,0,-0.01,
2,0,0,-10.04,-0.01,0,-0.01,
2,0,0,-10.04,-0.01,-0.01,-0.01,
2,0,0,-10.04,-0.01,-0.01,-0.01,
2,0,0.03,-10.05,-0.08,-0.01,-0.01,
2,0,0.03,-10.05,-0.08,0,-0.01,
2,0,0.03,-10.05,-0.08,-0.01,-0.01,
2,0,0.05,-10.03,-0.06,-0.01,-0.01,
2,0,0.05,-10.03,-0.06,0,-0.01,
2,0,0.05,-10.03,-0.06,0,-0.01,
2,0,-0.06,-10.06,-0.08,-0.01,-0.01,
2,0,-0.06,-10.06,-0.08,0,-0.01,
2,0,-0.06,-10.06,-0.08,0,-0.01,
2,0,-0.01,-10.06,-0.03,0,-0.01,
2,0,-0.01,-10.06,-0.03,-0.01,-0.01,
2,0,-0.01,-10.06,-0.03,-0.01,-0.01,
2,0,0,-10.05,-0.15,-0.01,-0.01,
2,0,0,-10.05,-0.15,-0.01,-0.01,
2,0,0,-10.05,-0.15,-0.01,-0.01,
2,0,0.01,-10.01,-0.08,-0.01,-0.01,
2,0,0.01,-10.01,-0.08,-0.01,-0.01,
2,0,0.01,-10.01,-0.08,-0.01,-0.01,
2,0,-0.01,-9.98,-0.09,-0.01,-0.01,
2,0,-0.01,-9.98,-0.09,0,-0.01,
2,0,-0.01,-9.98,-0.09,0,-0.01,
2,0,0.03,-10.04,-0.03,0,-0.01,
2,0,0.03,-10.04,-0.03,-0.01,-0.01,
2,0,-0.02,-10.01,-0.08,-0.01,-0.01,
2,0,-0.02,-10.01,-0.08,-0.01,-0.01,
2,0,-0.02,-10.01,-0.08,-0.01,-0.02,
2,0,-0.05,-9.97,-0.1,-0.01,-0.02,
2,0,-0.05,-9.97,-0.1,0,-0.01,
2,0,-0.05,-9.97,-0.1,-0.01,-0.01,
2,0,0.03,-10.04,-0.11,-0.01,-0.01,
2,0,0.03,-10.04,-0.11,0,-0.01,
2,0,0.03,-10.04,-0.11,0,-0.01,
2,0,0.02,-10.01,-0.11,0,-0.01,
2,0,0.02,-10.01,-0.11,0,-0.01,
2,0,0.02,-10.01,-0.11,0,-0.01,
2,0,0.04,-10.03,-0.07,0,-0.01,
2,0,0.04,-10.03,-0.07,-0.01,-0.01,
2,0,0.04,-10.03,-0.07,-0.01,-0.01,
2,0,-0.06,-9.95,-0.09,-0.01,-0.01,
2,0,-0.06,-9.95,-0.09,0,-0.01,
2,0,-0.06,-9.95,-0.09,0,-0.01,
2,0,0.04,-10,-0.07,0,-0.01,
2,0,0.04,-10,-0.07,-0.01,-0.01,
2,0,-0.02,-10,-0.07,0,-0.01,
2,0,-0.02,-10,-0.07,0,-0.01,
2,0,-0.02,-10,-0.07,0,-0.01,
2,0,-0.03,-10.05,-0.08,-0.01,-0.01,
2,0,-0.03,-10.05,-0.08,-0.01,-0.01,
2,0,-0.03,-10.05,-0.08,-0.01,-0.01,
2,0,-0.04,-10.01,-0.11,-0.01,-0.01,
2,0,-0.04,-10.01,-0.11,0,-0.01,
2,0,-0.04,-10.01,-0.11,0,-0.01,
2,0,-0.02,-10.03,-0.14,-0.01,-0.01,
2,0,-0.02,-10.03,-0.14,-0.01,-0.01,
2,0,-0.02,-10.03,-0.14,-0.01,-0.01,
2,0,-0.01,-10,-0.05,0,-0.01,
2,0,-0.01,-10,-0.05,0,-0.01,
2,0,-0.01,-10,-0.05,0,-0.01,
2,0,-0.04,-9.99,-0.07,-0.01,-0.01,
2,0,-0.04,-9.99,-0.07,0,-0.01,
2,0,0.03,-9.99,-0.1,0,-0.01,
2,0,0.03,-9.99,-0.1,-0.01,-0.01,
2,0,0.03,-9.99,-0.1,-0.01,-0.01,
2,0,0,-10.01,-0.08,-0.01,-0.01,
2,0,0,-10.01,-0.08,-0.01,-0.01,
2,0,0,-10.01,-0.08,-0.01,-0.01,
2,0,-0.05,-10.07,-0.1,-0.01,-0.01,
2,0,-0.05,-10.07,-0.1,-0.01,-0.01,
2,0,-0.05,-10.07,-0.1,0,0,
2,0,0.01,-10.02,-0.04,0,0,
2,0,0.01,-10.02,-0.04,0,0,
2,0,0.01,-10.02,-0.04,0,-0.01,
2,0,0.01,-10.04,-0.16,0,-0.01,
2,0,0.01,-10.04,-0.16,0,-0.01,
2,0,-0.02,-10.04,-0.07,-0.01,-0.01,
2,0,-0.02,-10.04,-0.07,-0.01,-0.01,
2,0,-0.02,-10.04,-0.07,0,-0.01,
2,0,-0.01,-10,-0.04,0,-0.01,
2,0,-0.01,-10,-0.04,0,-0.01,
2,0,-0.01,-10,-0.04,0,-0.01,
2,0,0,-10.06,-0.07,-0.01,-0.01,
2,0,0,-10.06,-0.07,-0.01,-0.01,
2,0,0,-10.06,-0.07,-0.01,-0.01,
2,0,0.02,-9.96,-0.09,0,-0.01,
2,0,0.02,-9.96,-0.09,0,-0.01,
2,0,0.02,-9.96,-0.09,0,-0.01,
2,0,-0.03,-10.04,-0.11,0,-0.01,
2,0,-0.03,-10.04,-0.11,0,-0.01,
2,0,-0.03,-10.04,-0.11,0,-0.01,
2,0,0,-10.02,-0.13,0,-0.01,
2,0,0,-10.02,-0.13,0,-0.01,
2,0,0,-10.02,-0.13,0,0,
2,0,-0.03,-10.05,-0.08,-0.01,-0.01,
2,0,-0.03,-10.05,-0.08,-0.01,-0.01,
2,0,0.01,-10.05,-0.09,-0.01,-0.01,
2,0,0.01,-10.05,-0.09,-0.01,-0.01,
2,0,0.01,-10.05,-0.09,-0.01,-0.01,
2,0,0.02,-10.01,-0.1,-0.01,-0.01,
2,0,0.02,-10.01,-0.1,0,-0.01,
2,0,0.02,-10.01,-0.1,0,-0.01,
2,0,0.02,-10.01,-0.09,-0.01,-0.01,
2,0,0.02,-10.01,-0.09,0,-0.01,
2,0,0.02,-10.01,-0.09,0,-0.01,
2,0,0,-10,-0.06,0,-0.01,
2,0,0,-10,-0.06,-0.01,-0.01,
2,0,0,-10,-0.06,-0.01,-0.01,
2,0,-0.01,-10.06,-0.04,0,-0.01,
2,0,-0.01,-10.06,-0.04,-0.01,-0.01,
2,0,-0.01,-10.06,-0.04,-0.01,-0.01,
2,0,0,-10.01,-0.11,0,-0.01,
2,0,0,-10.01,-0.11,-0.01,-0.01,
2,0,0,-10.01,-0.11,-0.01,-0.01,
2,0,0.04,-10.03,-0.07,-0.01,-0.01,
2,0,0.04,-10.03,-0.07,0,-0.01,
2,0,0.02,-10,-0.1,0,-0.01,
2,0,0.02,-10,-0.1,0,-0.01,
2,0,0.02,-10,-0.1,-0.01,-0.01,
2,0,-0.01,-10.03,-0.09,-0.01,-0.01,
2,0,-0.01,-10.03,-0.09,-0.01,-0.01,
2,0,-0.01,-10.03,-0.09,-0.01,-0.01,
2,0,0,-10.06,-0.08,-0.01,-0.01,
2,0,0,-10.06,-0.08,0,-0.01,
2,0,0,-10.06,-0.08,0,-0.01,
2,0,-0.06,-10.03,-0.09,0,-0.01,
2,0,-0.06,-10.03,-0.09,0,-0.01,
2,0,-0.06,-10.03,-0.09,0,-0.01,
2,0,0.01,-9.95,-0.12,-0.01,-0.01,
2,0,0.01,-9.95,-0.12,-0.01,-0.01,
2,0,0.01,-9.95,-0.12,-0.01,-0.01,
2,0,-0.02,-10.04,-0.09,-0.01,-0.01,
2,0,-0.02,-10.04,-0.09,-0.01,-0.01,
2,0,0.06,-10.03,-0.13,0,-0.01,
2,0,0.06,-10.03,-0.13,0,-0.01,
2,0,0.06,-10.03,-0.13,0,-0.01,
2,0,-0.01,-10.01,-0.08,0,-0.01,
2,0,-0.01,-10.01,-0.08,-0.01,-0.01,
2,0,-0.01,-10.01,-0.08,-0.01,-0.01,
2,0,-0.04,-10.05,-0.03,0,-0.01,
2,0,-0.04,-10.05,-0.03,-0.01,0,
2,0,-0.04,-10.05,-0.03,-0.01,0,
2,0,0,-10.02,-0.08,-0.01,-0.01,
2,0,0,-10.02,-0.08,-0.01,-0.01,
2,0,0,-10.02,-0.08,-0.01,-0.01,
2,0,-0.07,-10,-0.07,0,-0.01,
2,0,-0.07,-10,-0.07,0,-0.01,
2,0,-0.07,-10,-0.07,0,-0.01,
2,0,0.05,-10,-0.05,0,-0.01,
2,0,0.05,-10,-0.05,0,-0.01,
2,0,0,-10.04,-0.06,0,-0.01,
2,0,0,-10.04,-0.06,0,-0.01,
2,0,0,-10.04,-0.06,0,-0.01,
2,0,0.01,-10.01,-0.12,0,-0.01,
2,0,0.01,-10.01,-0.12,0,-0.01,
2,0,0.01,-10.01,-0.12,0,-0.01,
2,0,-0.06,-10.01,-0.04,0,-0.01,
2,0,-0.06,-10.01,-0.04,-0.01,-0.01,
2,0,-0.06,-10.01,-0.04,0,-0.01,
2,0,0.02,-10.04,-0.07,0,-0.01,
2,0,0.02,-10.04,-0.07,0,0,
2,0,0.02,-10.04,-0.07,-0.01,-0.01,
2,0,0.06,-10.06,-0.11,-0.01,-0.01,
2,0,0.06,-10.06,-0.11,0,-0.01,
2,0,0.06,-10.06,-0.11,0,-0.01,
2,0,-0.04,-9.98,-0.14,0,-0.01,
2,0,-0.04,-9.98,-0.14,0,-0.01,
2,0,-0.05,-10.01,-0.06,0,-0.01,
2,0,-0.05,-10.01,-0.06,0,-0.01,
2,0,-0.05,-10.01,-0.06,0,-0.01,
2,0,0.01,-10.05,-0.08,0,-0.01,
2,0,0.01,-10.05,-0.08,-0.01,-0.01,
2,0,0.01,-10.05,-0.08,-0.01,-0.01,
2,0,0,-10.06,-0.06,-0.01,-0.01,
2,0,0,-10.06,-0.06,0,-0.01,
2,0,0,-10.06,-0.06,0,-0.01,
2,0,-0.04,-10.06,-0.1,0,-0.01,
2,0,-0.04,-10.06,-0.1,0,-0.01,
2,0,-0.04,-10.06,-0.1,0,-0.01,
2,0,-0.05,-10.05,-0.06,0,-0.01,
2,0,-0.05,-10.05,-0.06,0,-0.01,
2,0,-0.05,-10.05,-0.06,0,-0.01,
2,0,0.01,-10.05,-0.06,0,-0.01,
2,0,0.01,-10.05,-0.06,-0.01,-0.01,
2,0,0.01,-10.05,-0.06,-0.01,-0.01,
2,0,0.05,-10.03,-0.06,-0.01,0,
2,0,0.05,-10.03,-0.06,-0.01,0,
2,0,-0.04,-10.07,-0.1,0,-0.01,
2,0,-0.04,-10.07,-0.1,0,-0.01,
2,0,-0.04,-10.07,-0.1,0,-0.01,
2,0,-0.03,-10.07,-0.09,0,-0.01,
2,0,-0.03,-10.07,-0.09,0,-0.01,
2,0,-0.03,-10.07,-0.09,0,-0.01,
2,0,0.01,-10.06,-0.04,0,-0.01,
2,0,0.01,-10.06,-0.04,0,-0.01,
2,0,0.01,-10.06,-0.04,0,-0.01,
2,0,0.03,-10.07,-0.14,0,-0.01,
2,0,0.03,-10.07,-0.14,-0.01,-0.01,
2,0,0.03,-10.07,-0.14,-0.01,-0.01,
2,0,0.02,-10.06,-0.11,-0.01,-0.01,
2,0,0.02,-10.06,-0.11,-0.01,-0.01,
2,0,0.02,-10.06,-0.11,-0.01,-0.01,
2,0,0.01,-10.07,-0.09,0,-0.01,
2,0,0.01,-10.07,-0.09,0,-0.01,
2,0,0.01,-10.07,-0.09,0,-0.01,
2,0,-0.02,-10.03,-0.04,0,-0.01,
2,0,-0.02,-10.03,-0.04,0,-0.01,
2,0,-0.02,-10.03,-0.04,0,-0.01,
2,0,0,-10.05,-0.06,-0.01,-0.01,
2,0,0,-10.05,-0.06,0,-0.01,
2,0,0,-10.03,-0.07,0,-0.01,
2,0,0,-10.03,-0.07,-0.01,-0.01,
2,0,0,-10.03,-0.07,-0.01,-0.01,
2,0,0.01,-10.01,-0.09,0,-0.01,
2,0,0.01,-10.01,-0.09,0,-0.01,
2,0,0.01,-10.01,-0.09,-0.01,-0.01,
2,0,0.04,-10.02,-0.09,-0.01,-0.01,
2,0,0.04,-10.02,-0.09,-0.01,-0.01,
2,0,0.04,-10.02,-0.09,0,-0.01,
2,0,0.03,-9.97,-0.04,0,-0.01,
2,0,0.03,-9.97,-0.04,0,-0.01,
2,0,0.03,-9.97,-0.04,0,-0.01,
2,0,-0.03,-9.96,-0.05,0,-0.01,
2,0,-0.03,-9.96,-0.05,0,-0.01,
2,0,0.04,-9.96,-0.08,0,-0.01,
2,0,0.04,-9.96,-0.08,0,-0.01,
2,0,0.04,-9.96,-0.08,0,-0.01,
2,0,0.05,-10.01,-0.12,0,-0.01,
2,0,0.05,-10.01,-0.12,-0.01,-0.01,
2,0,0.05,-10.01,-0.12,-0.01,-0.01,
2,0,0.02,-10.05,-0.08,-0.01,-0.01,
2,0,0.02,-10.05,-0.08,-0.01,-0.01,
2,0,0.02,-10.05,-0.08,-0.01,-0.01,
2,0,0.01,-10.05,-0.09,-0.01,-0.01,
2,0,0.01,-10.05,-0.09,-0.01,-0.01,
2,0,0.01,-10.05,-0.09,0,-0.01,
2,0,0.02,-9.99,-0.08,0,-0.01,
2,0,0.02,-9.99,-0.08,0,-0.01,
2,0,0.02,-9.99,-0.08,0,-0.01,
2,0,0.05,-10.06,-0.12,0,-0.01,
2,0,0.05,-10.06,-0.12,0,0,
2,0,-0.02,-10.02,-0.11,0,0,
2,0,-0.02,-10.02,-0.11,-0.01,-0.01,
2,0,-0.02,-10.02,-0.11,0,-0.01,
2,0,0.04,-10.02,-0.07,0,-0.01,
2,0,0.04,-10.02,-0.07,0,-0.01,
2,0,0.04,-10.02,-0.07,-0.01,-0.01,
2,0,0,-9.97,-0.16,-0.01,-0.01,
2,0,0,-9.97,-0.16,-0.01,-0.01,
2,0,0,-9.97,-0.16,-0.01,-0.01,
2,0,0,-10.05,-0.1,-0.01,-0.01,
2,0,0,-10.05,-0.1,0,-0.01,
2,0,0,-10.05,-0.1,0,-0.01,
2,0,0.02,-10.05,-0.06,0,-0.01,
2,0,0.02,-10.05,-0.06,-0.01,-0.01,
2,0,0.02,-10.05,-0.06,0,-0.01,
2,0,0,-10.06,-0.05,0,-0.01,
2,0,0,-10.06,-0.05,0,-0.01,
2,0,0,-10.06,-0.05,0,-0.01,
2,0,-0.05,-10.05,-0.06,0,-0.01,
2,0,-0.05,-10.05,-0.06,0,-0.01,
2,0,-0.03,-10.05,-0.11,0,-0.01,
2,0,-0.03,-10.05,-0.11,0,-0.01,
2,0,-0.03,-10.05,-0.11,-0.01,-0.01,
2,0,0.06,-10.06,-0.15,-0.01,-0.01,
2,0,0.06,-10.06,-0.15,-0.01,-0.01,
2,0,0.06,-10.06,-0.15,-0.01,-0.01,
2,0,0.02,-10,-0.08,0,-0.01,
2,0,0.02,-10,-0.08,0,-0.01,
2,0,0.02,-10,-0.08,0,-0.01,
2,0,-0.02,-10.01,-0.06,-0.01,-0.01,
2,0,-0.02,-10.01,-0.06,-0.01,-0.01,
2,0,-0.02,-10.01,-0.06,0,-0.01,
2,0,0,-10.03,-0.11,-0.01,-0.01,
2,0,0,-10.03,-0.11,-0.01,-0.01,
2,0,0,-10.03,-0.11,0,-0.01,
2,0,0.01,-10.06,-0.03,0,-0.01,
2,0,0.01,-10.06,-0.03,0,-0.01,
2,0,0.01,-10.06,-0.03,-0.01,-0.01,
2,0,0.07,-10.06,-0.1,0,0,
2,0,0.07,-10.06,-0.1,0,0,
2,0,0.07,-10.06,-0.1,0,-0.01,
2,0,0.02,-10.09,-0.07,0,-0.01,
2,0,0.02,-10.09,-0.07,0,-0.01,
2,0,0.02,-10.09,-0.07,-0.01,-0.01,
2,0,0.01,-9.99,-0.1,0,-0.01,
2,0,0.01,-9.99,-0.1,0,-0.01,
2,0,0.01,-9.99,-0.1,0,-0.01,
2,0,-0.03,-10.02,-0.09,0,-0.01,
2,0,-0.03,-10.02,-0.09,0,-0.01,
2,0,-0.03,-10.02,-0.09,0,0,
2,0,0,-10.02,-0.08,0,0,
2,0,0,-10.02,-0.08,0,-0.01,
2,0,0,-10.02,-0.08,-0.01,-0.01,
2,0,0.05,-10,-0.07,-0.01,-0.01,
2,0,0.05,-10,-0.07,-0.01,-0.01,
2,0,0.05,-10,-0.07,0,-0.01,
2,0,0.01,-10.03,-0.03,0,-0.01,
2,0,0.01,-10.03,-0.03,0,-0.01,
2,0,0.01,-10.03,-0.03,0,-0.01,
2,0,0.01,-10.07,-0.13,0,-0.01,
2,0,0.01,-10.07,-0.13,-0.01,-0.01,
2,0,0.01,-10.07,-0.13,-0.01,-0.01,
2,0,0,-10.1,-0.06,-0.01,-0.01,
2,0,0,-10.1,-0.06,-0.01,-0.01,
2,0,-0.03,-10.05,-0.04,-0.01,-0.01,
2,0,-0.03,-10.05,-0.04,-0.01,-0.01,
2,0,-0.03,-10.05,-0.04,0,-0.01,
2,0,0,-10.06,-0.06,0,-0.01,
2,0,0,-10.06,-0.06,-0.01,-0.01,
2,0,0,-10.06,-0.06,0,-0.01,
2,0,0,-10.03,-0.11,0,-0.01,
2,0,0,-10.03,-0.11,-0.01,-0.01,
2,0,0,-10.03,-0.11,-0.01,-0.01,
2,0,-0.03,-10.04,-0.11,-0.01,-0.01,
2,0,-0.03,-10.04,-0.11,0,-0.01,
2,0,-0.03,-10.04,-0.11,0,-0.01,
2,0,0,-10.03,-0.09,0,-0.01,
2,0,0,-10.03,-0.09,-0.01,-0.01,
2,0,0,-10.03,-0.09,-0.01,-0.01,
2,0,-0.03,-9.98,-0.12,-0.01,-0.01,
2,0,-0.03,-9.98,-0.12,-0.01,-0.01,
2,0,-0.03,-9.98,-0.12,0,-0.01,
2,0,0.04,-10.04,-0.1,0,-0.01,
2,0,0.04,-10.04,-0.1,-0.01,-0.01,
2,0,0.04,-10.01,-0.07,0,-0.01,
2,0,0.04,-10.01,-0.07,0,-0.01,
2,0,0.04,-10.01,-0.07,-0.01,-0.01,
2,0,0.09,-10,-0.12,0,-0.01,
2,0,0.09,-10,-0.12,0,-0.01,
2,0,0.09,-10,-0.12,0,-0.01,
2,0,-0.01,-10.04,-0.13,-0.01,-0.01,
2,0,-0.01,-10.04,-0.13,-0.01,-0.01,
2,0,-0.01,-10.04,-0.13,0,0,
2,0,-0.05,-10.01,-0.06,-0.01,-0.01,
2,0,-0.05,-10.01,-0.06,-0.01,-0.01,
2,0,-0.05,-10.01,-0.06,0,-0.01,
2,0,-0.02,-10.05,-0.04,0,-0.01,
2,0,-0.02,-10.05,-0.04,0,-0.01,
2,0,-0.02,-10.05,-0.04,0,-0.01,
2,0,-0.03,-10.03,-0.09,0,-0.01,
2,0,-0.03,-10.03,-0.09,0,-0.01,
2,0,-0.03,-10.03,-0.09,-0.01,-0.01,
2,0,-0.03,-10.03,-0.14,-0.01,-0.01,
2,0,-0.03,-10.03,-0.14,-0.01,-0.01,
2,0,-0.03,-10.03,-0.14,-0.01,-0.01,
2,0,0.05,-10.05,-0.06,0,-0.01,
2,0,0,-10.03,-0.06,0,-0.01,
2,0,0.04,-9.98,-0.1,-0.01,-0.01,
2,0,0.02,-10.07,-0.09,-0.01,-0.01,
2,0,0.02,-10.08,-0.14,-0.01,-0.01,
2,0,0,-9.98,-0.11,0,-0.01,
2,0,0,-9.98,-0.11,0,-0.01,
2,0,0.05,-9.99,-0.12,-0.01,-0.01,
2,0,0.05,-9.99,-0.12,-0.01,-0.01,
2,0,0.05,-9.99,-0.12,-0.01,-0.01,
2,0,-0.06,-10.06,-0.05,-0.01,-0.01,
2,0,-0.06,-10.06,-0.05,-0.01,-0.01,
2,0,-0.06,-10.06,-0.05,-0.01,-0.01,
2,0,-0.08,-10.06,-0.08,-0.01,0,
2,0,-0.08,-10.06,-0.08,0,-0.01,
2,0,-0.08,-10.06,-0.08,0,-0.01,
2,0,-0.01,-10,-0.1,-0.01,-0.01,
2,0,-0.01,-10,-0.1,-0.01,-0.01,
2,0,-0.01,-10,-0.1,-0.01,-0.01,
2,0,-0.03,-10.05,-0.01,0,-0.01,
2,0,-0.03,-10.05,-0.01,-0.01,-0.01,
2,0,0,-10.06,-0.1,-0.01,-0.01,
2,0,0,-10.06,-0.1,0,-0.01,
2,0,0,-10.06,-0.1,0,-0.01,
2,0,-0.01,-10.04,-0.13,0,-0.01,
2,0,-0.01,-10.04,-0.13,-0.01,-0.01,
2,0,-0.01,-10.04,-0.13,0,-0.01,
2,0,-0.02,-10.04,-0.1,0,-0.01,
2,0,-0.02,-10.04,-0.1,-0.01,-0.01,
2,0,-0.02,-10.04,-0.1,-0.01,-0.01,
2,0,0,-9.99,-0.11,-0.01,-0.01,
2,0,0,-9.99,-0.11,0,-0.01,
2,0,0,-9.99,-0.11,0,-0.01,
2,0,-0.04,-10.06,-0.08,0,-0.01,
2,0,-0.04,-10.06,-0.08,-0.01,-0.01,
2,0,-0.04,-10.06,-0.08,0,-0.01,
2,0,-0.01,-10.05,-0.14,0,-0.01,
2,0,-0.01,-10.05,-0.14,0,-0.01,
2,0,-0.01,-10.05,-0.14,-0.01,-0.01,
2,0,0.01,-10.02,-0.11,-0.01,-0.01,
2,0,0.01,-10.02,-0.11,0,-0.01,
2,0,0.01,-10.02,-0.11,0,-0.01,
2,0,-0.05,-9.98,-0.07,0,-0.01,
2,0,-0.05,-9.98,-0.07,0,0,
2,0,-0.05,-9.98,-0.07,0,0,
2,0,-0.03,-10.03,-0.12,0,0,
2,0,-0.03,-10.03,-0.12,0,-0.01,
2,0,-0.03,-10.03,-0.12,0,-0.01,
2,0,0.03,-10,-0.12,0,-0.01,
2,0,0.03,-10,-0.12,-0.01,-0.01,
2,0,0.03,-10,-0.12,-0.01,-0.01,
2,0,-0.02,-10.02,-0.05,-0.01,-0.01,
2,0,-0.02,-10.02,-0.05,0,-0.01,
2,0,-0.02,-10.02,-0.05,0,-0.01,
2,0,0.01,-9.96,-0.08,0,-0.01,
2,0,0.01,-9.96,-0.08,-0.01,-0.01,
2,0,0.01,-9.96,-0.08,-0.01,-0.01,
2,0,0.03,-9.98,-0.12,-0.01,-0.01,
2,0,0.03,-9.98,-0.12,0,-0.01,
2,0,0.03,-9.98,-0.12,0,-0.01,
2,0,0.02,-10.12,-0.11,0,-0.01,
2,0,0.02,-10.12,-0.11,-0.01,-0.01,
2,0,0.02,-10.06,-0.05,-0.01,-0.01,
2,0,0.02,-10.06,-0.05,-0.01,-0.01,
2,0,0.02,-10.06,-0.05,-0.01,-0.01,
2,0,0.01,-10.09,-0.1,-0.01,-0.01,
2,0,0.01,-10.09,-0.1,0,-0.01,
2,0,0.01,-10.09,-0.1,-0.01,-0.01,
2,0,-0.02,-10.01,-0.06,-0.01,-0.01,
2,0,-0.02,-10.01,-0.06,0,-0.01,
2,0,-0.02,-10.01,-0.06,0,-0.01,
2,0,-0.01,-10.06,-0.13,0,-0.01,
2,0,-0.01,-10.06,-0.13,0,-0.01,
2,0,-0.01,-10.06,-0.13,-0.01,-0.01,
2,0,0.01,-10.07,-0.09,-0.01,-0.01,
2,0,0.01,-10.07,-0.09,-0.01,-0.01,
2,0,0.01,-10.07,-0.09,0,-0.01,
2,0,0,-10.02,0.04,0,-0.01,
2,0,0,-10.02,0.04,-0.01,-0.01,
2,0,0.02,-9.98,-0.13,0,0,
2,0,0.02,-9.98,-0.13,0,0,
2,0,0.02,-9.98,-0.13,0,-0.01,
2,0,0.01,-10.03,-0.11,-0.01,-0.01,
2,0,0.01,-10.03,-0.11,-0.01,-0.01,
2,0,0.01,-10.03,-0.11,0,-0.01,
2,0,-0.02,-10.04,-0.11,-0.01,-0.01,
2,0,-0.02,-10.04,-0.11,-0.01,-0.01,
2,0,-0.02,-10.04,-0.11,-0.01,-0.01,
2,0,0,-10.02,-0.14,-0.01,-0.01,
2,0,0,-10.02,-0.14,-0.01,-0.01,
2,0,0,-10.02,-0.14,-0.01,-0.01,
2,0,0,-10.03,-0.12,-0.01,-0.01,
2,0,0,-10.03,-0.12,-0.01,-0.01,
2,0,0,-10.03,-0.12,0,-0.01,
2,0,-0.05,-10.07,-0.13,0,-0.01,
2,0,-0.05,-10.07,-0.13,0,-0.01,
2,0,-0.05,-10.07,-0.13,0,-0.01,
2,0,0.01,-10.01,-0.13,0,-0.01,
2,0,0.01,-10.01,-0.13,0,-0.01,
2,0,-0.07,-10.03,-0.11,0,-0.01,
2,0,-0.07,-10.03,-0.11,-0.01,-0.01,
2,0,-0.07,-10.03,-0.11,-0.01,-0.01,
2,0,-0.02,-10,-0.07,0,-0.01,
2,0,-0.02,-10,-0.07,-0.01,-0.01,
2,0,-0.02,-10,-0.07,-0.01,-0.01,
2,0,0.02,-10.01,-0.12,0,-0.01,
2,0,0.02,-10.01,-0.12,0,-0.01,
2,0,0.02,-10.01,-0.12,0,-0.01,
2,0,0,-10.03,-0.12,0,-0.01,
2,0,0,-10.03,-0.12,-0.01,-0.01,
2,0,0,-10.03,-0.12,-0.01,-0.01,
2,0,-0.02,-9.96,-0.06,0,-0.01,
2,0,-0.02,-9.96,-0.06,-0.01,-0.01,
2,0,-0.02,-9.96,-0.06,0,-0.01,
2,0,-0.02,-10.03,-0.04,0,-0.01,
2,0,-0.02,-10.03,-0.04,0,-0.01,
2,0,0,-10.04,-0.09,-0.01,-0.01,
2,0,0,-10.04,-0.09,-0.01,-0.01,
2,0,0,-10.04,-0.09,0,0,
2,0,-0.03,-9.96,-0.1,-0.01,-0.01,
2,0,-0.03,-9.96,-0.1,-0.01,-0.01,
2,0,-0.03,-9.96,-0.1,-0.01,-0.01,
2,0,0.06,-10.02,-0.1,0,-0.01,
2,0,0.06,-10.02,-0.1,0,-0.01,
2,0,0.06,-10.02,-0.1,0,-0.01,
2,0,-0.05,-10.04,-0.08,-0.01,-0.01,
2,0,-0.05,-10.04,-0.08,-0.01,-0.01,
2,0,-0.05,-10.04,-0.08,-0.01,-0.01,
2,0,0.04,-10.05,-0.09,-0.01,-0.01,
2,0,0.04,-10.05,-0.09,-0.01,-0.01,
2,0,0.04,-10.05,-0.09,-0.01,-0.01,
2,0,-0.05,-10.01,-0.11,-0.01,-0.01,
2,0,-0.05,-10.01,-0.11,0,-0.01,
2,0,-0.05,-10.01,-0.11,0,-0.01,
2,0,-0.01,-10.04,-0.13,0,-0.01,
2,0,-0.01,-10.04,-0.13,0,-0.01,
2,0,-0.01,-10.04,-0.13,0,-0.01,
2,0,-0.02,-10.06,-0.09,0,-0.01,
2,0,-0.02,-10.06,-0.09,0,-0.01,
2,0,-0.02,-10.06,-0.09,0,-0.01,
2,0,0.01,-10.02,-0.07,0,-0.01,
2,0,0.01,-10.02,-0.07,0,-0.01,
2,0,0.01,-10.02,-0.07,-0.01,-0.01,
2,0,0.01,-10.02,-0.06,-0.01,-0.01,
2,0,0.01,-10.02,-0.06,0,-0.01,
2,0,0.01,-10.02,-0.06,-0.01,-0.01,
2,0,0.01,-10.02,-0.14,-0.01,-0.01,
2,0,0.01,-10.02,-0.14,0,-0.01,
2,0,0,-10.04,-0.16,0,-0.01,
2,0,0,-10.04,-0.16,-0.01,-0.01,
2,0,0,-10.04,-0.16,0,-0.01,
2,0,-0.02,-10.08,-0.12,0,-0.01,
2,0,-0.02,-10.08,-0.12,-0.01,-0.01,
2,0,-0.02,-10.08,-0.12,0,-0.01,
2,0,0.01,-10.03,-0.11,0,-0.01,
2,0,0.01,-10.03,-0.11,-0.01,-0.01,
2,0,0.01,-10.03,-0.11,-0.01,-0.01,
2,0,0.01,-10.04,-0.14,-0.01,-0.01,
2,0,0.01,-10.04,-0.14,-0.01,-0.01,
2,0,0.01,-10.04,-0.14,0,-0.01,
2,0,-0.01,-10,-0.1,0,-0.01,
2,0,-0.01,-10,-0.1,-0.01,-0.01,
2,0,-0.01,-10,-0.1,-0.01,-0.01,
2,0,-0.02,-10.07,-0.14,-0.01,-0.01,
2,0,-0.02,-10.07,-0.14,-0.01,-0.01,
2,0,-0.02,-10.07,-0.14,-0.01,-0.01,
2,0,0,-10.05,-0.09,-0.01,-0.01,
2,0,0,-10.05,-0.09,-0.01,-0.01,
2,0,0.03,-9.99,-0.16,-0.01,-0.01,
2,0,0.03,-9.99,-0.16,0,-0.01,
2,0,0.03,-9.99,-0.16,0,-0.01,
2,0,-0.02,-10.07,-0.08,-0.01,0,
2,0,-0.02,-10.07,-0.08,0,-0.01,
2,0,-0.02,-10.07,-0.08,0,-0.01,
2,0,-0.03,-10.09,-0.11,0,-0.01,
2,0,-0.03,-10.09,-0.11,0,-0.01,
2,0,-0.03,-10.09,-0.11,0,-0.01,
2,0,0.01,-10.03,-0.12,-0.01,-0.01,
2,0,0.01,-10.03,-0.12,-0.01,-0.01,
2,0,0.01,-10.03,-0.12,0,-0.01,
2,0,0.01,-9.96,-0.06,0,-0.01,
2,0,0.01,-9.96,-0.06,0,-0.01,
2,0,0.01,-9.96,-0.06,0,-0.01,
2,0,-0.01,-10.01,-0.03,-0.01,-0.01,
2,0,-0.01,-10.01,-0.03,0,-0.01,
2,0,-0.01,-10.01,-0.03,0,-0.01,
2,0,-0.03,-10.02,-0.12,0,-0.01,
2,0,-0.03,-10.02,-0.12,-0.01,-0.01,
2,0,-0.02,-10.07,-0.07,-0.01,-0.01,
2,0,-0.02,-10.07,-0.07,-0.01,-0.01,
2,0,-0.02,-10.07,-0.07,-0.01,-0.01,
2,0,0,-10.01,-0.09,0,-0.01,
2,0,0,-10.01,-0.09,0,-0.01,
2,0,0,-10.01,-0.09,0,-0.01,
2,0,-0.04,-10,-0.08,0,-0.01,
2,0,-0.04,-10,-0.08,0,-0.01,
2,0,-0.04,-10,-0.08,-0.01,-0.01,
2,0,0.05,-10,-0.14,-0.01,-0.01,
2,0,0.05,-10,-0.14,0,-0.01,
2,0,0.05,-10,-0.14,0,-0.01,
2,0,0.04,-9.98,-0.06,-0.01,-0.01,
2,0,0.04,-9.98,-0.06,-0.01,-0.01,
2,0,0.04,-9.98,-0.06,-0.01,-0.01,
2,0,0,-10.02,-0.08,-0.01,-0.01,
2,0,0,-10.02,-0.08,0,0,
2,0,0,-10.02,-0.08,0,0,
2,0,0.03,-10.05,-0.13,-0.01,-0.01,
2,0,0.03,-10.05,-0.13,0,-0.01,
2,0,0.03,-10.05,-0.13,0,-0.01,
2,0,-0.02,-10.04,-0.11,-0.01,-0.01,
2,0,-0.02,-10.04,-0.11,0,0,
2,0,-0.02,-10.04,-0.11,0,0,
2,0,-0.02,-10.07,-0.07,0,-0.01,
2,0,-0.02,-10.07,-0.07,-0.01,-0.01,
2,0,-0.01,-9.99,-0.09,-0.01,-0.01,
2,0,-0.01,-9.99,-0.09,0,-0.01,
2,0,-0.01,-9.99,-0.09,-0.01,-0.01,
2,0,0.03,-10.04,-0.12,-0.01,-0.01,
2,0,0.03,-10.04,-0.12,-0.01,-0.01,
2,0,0.03,-10.04,-0.12,0,-0.01,
2,0,0.02,-10.03,-0.12,0,-0.01,
2,0,0.02,-10.03,-0.12,0,-0.01,
2,0,0.02,-10.03,-0.12,0,-0.01,
2,0,0.02,-10.01,-0.15,0,-0.01,
2,0,0.02,-10.01,-0.15,0,-0.01,
2,0,0.02,-10.01,-0.15,0,-0.01,
2,0,0,-10.08,-0.09,0,-0.01,
2,0,0,-10.08,-0.09,0,-0.01,
2,0,0,-10.08,-0.09,0,-0.01,
2,0,0,-10.03,-0.09,0,-0.01,
2,0,0,-10.03,-0.09,0,-0.01,
2,0,0,-10.03,-0.09,-0.01,-0.01,
2,0,0.02,-10.02,-0.06,-0.01,-0.01,
2,0,0.02,-10.02,-0.06,0,-0.01,
2,0,0.02,-10.02,-0.06,-0.01,-0.01,
2,0,-0.04,-10.03,-0.05,-0.01,-0.01,
2,0,-0.04,-10.03,-0.05,0,-0.01,
2,0,-0.04,-10.03,-0.05,0,-0.01,
2,0,-0.03,-10.02,-0.08,0,-0.01,
2,0,-0.03,-10.02,-0.08,0,-0.01,
2,0,-0.03,-10.02,-0.08,0,-0.01,
2,0,0.05,-10.02,-0.06,0,-0.01,
2,0,0.05,-10.02,-0.06,0,-0.01,
2,0,0.05,-10.02,-0.06,0,-0.01,
2,0,-0.01,-10,-0.08,-0.01,-0.01,
2,0,-0.01,-10,-0.08,-0.01,-0.01,
2,0,-0.01,-10,-0.08,-0.01,-0.01,
2,0,-0.07,-10.05,-0.1,0,-0.01,
2,0,-0.07,-10.05,-0.1,-0.01,0,
2,0,0.03,-10.02,-0.08,-0.01,0,
2,0,0.03,-10.02,-0.08,0,-0.01,
2,0,0.03,-10.02,-0.08,0,-0.01,
2,0,-0.01,-9.99,-0.09,0,-0.01,
2,0,-0.01,-9.99,-0.09,0,0,
2,0,-0.01,-9.99,-0.09,0,-0.01,
2,0,-0.03,-10.03,-0.05,0,-0.01,
2,0,-0.03,-10.03,-0.05,-0.01,-0.01,
2,0,-0.03,-10.03,-0.05,0,-0.01,
2,0,0.04,-10.04,-0.1,0,-0.01,
2,0,0.04,-10.04,-0.1,-0.01,-0.01,
2,0,0.04,-10.04,-0.1,0,-0.01,
2,0,-0.04,-10.06,-0.07,0,-0.01,
2,0,-0.04,-10.06,-0.07,0,-0.01,
2,0,-0.04,-10.06,-0.07,0,-0.01,
2,0,0.02,-9.95,-0.11,0,-0.01,
2,0,0.02,-9.95,-0.11,-0.01,-0.01,
2,0,-0.01,-10.04,-0.12,0,-0.01,
2,0,-0.01,-10.04,-0.12,0,-0.01,
2,0,-0.01,-10.04,-0.12,-0.01,-0.01,
2,0,0,-10.01,-0.06,0,-0.01,
2,0,0,-10.01,-0.06,0,-0.01,
2,0,0,-10.01,-0.06,-0.01,-0.01,
2,0,0.01,-10.01,-0.06,-0.01,-0.01,
2,0,0.01,-10.01,-0.06,-0.01,-0.01,
2,0,0.01,-10.01,-0.06,0,-0.01,
2,0,0.02,-10.01,-0.06,-0.01,-0.01,
2,0,0.02,-10.01,-0.06,-0.01,-0.01,
2,0,0.02,-10.01,-0.06,0,-0.01,
2,0,0.02,-10,-0.08,0,-0.01,
2,0,0.02,-10,-0.08,0,-0.01,
2,0,0.02,-10,-0.08,0,-0.01,
2,0,0.07,-10,-0.1,-0.01,-0.01,
2,0,0.07,-10,-0.1,-0.01,-0.01,
2,0,0.07,-10,-0.1,-0.01,-0.01,
2,0,-0.05,-10.02,-0.07,0,-0.01,
2,0,-0.05,-10.02,-0.07,0,-0.01,
2,0,-0.02,-10.02,-0.11,0,-0.01,
2,0,-0.02,-10.02,-0.11,0,-0.01,
2,0,-0.02,-10.02,-0.11,0,-0.01,
2,0,0,-10.07,-0.09,0,0,
2,0,0,-10.07,-0.09,0,0,
2,0,0,-10.07,-0.09,0,0,
2,0,-0.02,-10.02,-0.06,-0.01,-0.01,
2,0,-0.02,-10.02,-0.06,0,-0.01,
2,0,-0.02,-10.02,-0.06,0,-0.01,
2,0,0.02,-10.06,-0.12,0,-0.01,
2,0,0.02,-10.06,-0.12,0,-0.01,
2,0,0.02,-10.06,-0.12,0,-0.01,
2,0,-0.03,-9.99,-0.09,0,-0.01,
2,0,-0.03,-9.99,-0.09,0,-0.01,
2,0,-0.03,-9.99,-0.09,0,-0.01,
2,0,0.06,-10.04,-0.12,0,-0.01,
2,0,0.06,-10.04,-0.12,0,-0.01,
2,0,0.03,-10.01,-0.09,0,-0.01,
2,0,0.03,-10.01,-0.09,0,-0.01,
2,0,0.03,-10.01,-0.09,0,-0.01,
2,0,0.03,-10.02,-0.11,0,-0.01,
2,0,0.03,-10.02,-0.11,0,-0.01,
2,0,0.03,-10.02,-0.11,-0.01,-0.01,
2,0,0,-10.01,-0.15,-0.01,-0.01,
2,0,0,-10.01,-0.15,-0.01,-0.01,
2,0,0,-10.01,-0.15,0,-0.01,
2,0,0.03,-10.04,-0.13,0,-0.01,
2,0,0.03,-10.04,-0.13,0,-0.01,
2,0,0.03,-10.04,-0.13,0,-0.01,
2,0,0.04,-10.07,-0.09,0,-0.01,
2,0,0.04,-10.07,-0.09,0,-0.01,
2,0,0.04,-10.07,-0.09,0,-0.01,
2,0,0.03,-10.04,-0.1,0,-0.01,
2,0,0.03,-10.04,-0.1,0,-0.01,
2,0,-0.04,-10.06,-0.06,-0.01,-0.01,
2,0,-0.04,-10.06,-0.06,-0.01,-0.01,
2,0,-0.04,-10.06,-0.06,-0.01,-0.01,
2,0,0,-10.02,-0.09,0,-0.01,
2,0,0,-10.02,-0.09,0,-0.01,
2,0,0,-10.02,-0.09,0,-0.01,
2,0,0,-10.02,-0.09,0,-0.01,
2,0,-0.01,-10.05,-0.09,0,-0.01,
2,0,-0.01,-10.05,-0.09,-0.01,-0.01,
2,0,0.06,-10.01,-0.11,0,-0.01,
2,0,0.06,-10.01,-0.11,0,-0.01,
2,0,0.06,-10.01,-0.11,0,-0.01,
2,0,0.01,-10.07,-0.12,0,-0.01,
2,0,0.01,-10.07,-0.12,0,-0.01,
2,0,0.01,-10.07,-0.12,0,-0.01,
2,0,0,-9.99,-0.1,-0.01,-0.01,
2,0,0,-9.99,-0.1,-0.01,-0.01,
2,0,0,-9.99,-0.1,0,-0.01,
2,0,0.01,-10.05,-0.11,0,-0.01,
2,0,0.01,-10.05,-0.11,0,-0.01,
2,0,0.01,-10.05,-0.11,-0.01,-0.01,
2,0,0,-10.06,-0.1,-0.01,-0.01,
2,0,0,-10.06,-0.1,-0.01,-0.01,
2,0,0,-10.06,-0.1,0,-0.01,
2,0,-0.02,-10.02,-0.09,0,-0.01,
2,0,-0.02,-10.02,-0.09,-0.01,-0.01,
2,0,-0.02,-10.02,-0.09,0,-0.01,
2,0,-0.01,-10.03,-0.12,0,-0.01,
2,0,-0.01,-10.03,-0.12,-0.01,-0.01,
2,0,-0.01,-10.03,-0.12,-0.01,-0.01,
2,0,0.03,-10.04,-0.11,-0.01,-0.01,
2,0,0.03,-10.04,-0.11,0,-0.01,
2,0,0.03,-10.04,-0.11,-0.01,-0.01,
2,0,-0.04,-9.99,-0.13,-0.01,-0.01,
2,0,-0.04,-9.99,-0.13,-0.01,-0.01,
2,0,-0.04,-9.99,-0.13,-0.01,-0.01,
2,0,-0.03,-10.02,-0.15,-0.01,-0.01,
2,0,-0.03,-10.02,-0.15,0,-0.01,
2,0,-0.03,-10.02,-0.15,-0.01,-0.01,
2,0,0.04,-10.01,-0.09,-0.01,-0.01,
2,0,0.04,-10.01,-0.09,-0.01,-0.01,
2,0,0.04,-10.01,-0.09,-0.01,-0.01,
2,0,0.06,-9.96,-0.12,-0.01,-0.01,
2,0,0.06,-9.96,-0.12,0,-0.01,
2,0,-0.02,-10,-0.08,-0.01,-0.01,
2,0,-0.02,-10,-0.08,-0.01,-0.01,
2,0,-0.02,-10,-0.08,0,-0.01,
2,0,-0.01,-10.01,-0.14,-0.01,0,
2,0,-0.01,-10.01,-0.14,-0.01,0,
2,0,-0.01,-10.01,-0.14,0,-0.01,
2,0,0.03,-10.07,-0.1,0,-0.01,
2,0,0.03,-10.07,-0.1,0,-0.01,
2,0,0.03,-10.07,-0.1,-0.01,-0.01,
2,0,0.02,-10.04,-0.06,0,-0.01,
2,0,0.02,-10.04,-0.06,0,-0.01,
2,0,0.02,-10.04,-0.06,0,-0.01,
2,0,-0.06,-10.02,-0.11,-0.01,-0.01,
2,0,-0.06,-10.02,-0.11,-0.01,-0.01,
2,0,-0.06,-10.02,-0.11,0,-0.01,
2,0,0,-9.99,-0.07,0,0,
2,0,0,-9.99,-0.07,0,0,
2,0,0,-9.99,-0.07,-0.01,-0.01,
2,0,0.01,-10.1,-0.13,-0.01,-0.01,
2,0,0.01,-10.1,-0.13,-0.01,-0.01,
2,0,0.01,-10.1,-0.13,0,-0.01,
2,0,0.01,-10.05,-0.08,0,-0.01,
2,0,0.01,-10.05,-0.08,0,-0.01,
2,0,-0.02,-10,-0.07,0,-0.01,
2,0,-0.02,-10,-0.07,0,-0.01,
2,0,-0.02,-10,-0.07,0,-0.01,
2,0,-0.04,-10.02,-0.1,0,-0.01,
2,0,-0.04,-10.02,-0.1,0,-0.01,
2,0,-0.04,-10.02,-0.1,0,-0.01,
2,0,-0.01,-10.06,-0.1,-0.01,-0.01,
2,0,-0.01,-10.06,-0.1,-0.01,-0.01,
2,0,-0.01,-10.06,-0.1,-0.01,-0.01,
2,0,-0.02,-10,-0.12,0,-0.01,
2,0,-0.02,-10,-0.12,-0.01,-0.01,
2,0,-0.02,-10,-0.12,-0.01,-0.01,
2,0,0.01,-10.08,-0.1,0,-0.01,
2,0,0.01,-10.08,-0.1,-0.01,-0.01,
2,0,0.01,-10.08,-0.1,-0.01,-0.01,
2,0,0.04,-10.02,-0.06,0,-0.01,
2,0,0.04,-10.02,-0.06,0,-0.01,
2,0,0.04,-10.02,-0.06,0,-0.01,
2,0,0.02,-10.07,-0.07,0,-0.01,
2,0,0.02,-10.07,-0.07,0,-0.01,
2,0,0.02,-10.07,-0.07,0,-0.01,
2,0,0.01,-9.98,-0.07,0,-0.01,
2,0,0.01,-9.98,-0.07,0,-0.01,
2,0,0.03,-10.03,-0.08,0,-0.01,
2,0,0.03,-10.03,-0.08,-0.01,-0.01,
2,0,0.03,-10.03,-0.08,0,-0.01,
2,0,0,-10.06,-0.11,0,-0.01,
2,0,0,-10.06,-0.11,0,-0.01,
2,0,0,-10.06,-0.11,-0.01,-0.01,
2,0,0,-10.04,-0.12,-0.01,-0.01,
2,0,0,-10.04,-0.12,0,-0.01,
2,0,0,-10.04,-0.12,-0.01,-0.01,
2,0,0.01,-10.04,-0.09,-0.01,-0.01,
2,0,0.01,-10.04,-0.09,0,-0.01,
2,0,0.01,-10.04,-0.09,0,-0.01,
2,0,-0.03,-10,-0.14,0,-0.01,
2,0,-0.03,-10,-0.14,0,-0.01,
2,0,-0.03,-10,-0.14,0,-0.01,
2,0,0.07,-9.97,-0.07,0,-0.01,
2,0,0.07,-9.97,-0.07,-0.01,-0.01,
2,0,0.07,-9.97,-0.07,-0.01,-0.01,
2,0,-0.01,-10,-0.14,0,-0.01,
2,0,-0.01,-10,-0.14,0,-0.01,
2,0,0,-10.02,-0.05,0,-0.01,
2,0,0,-10.02,-0.05,0,-0.01,
2,0,0,-10.02,-0.05,0,-0.01,
2,0,0.02,-9.99,-0.12,-0.01,-0.01,
2,0,0.02,-9.99,-0.12,-0.01,-0.01,
2,0,0.02,-9.99,-0.12,-0.01,-0.01,
2,0,0,-10,-0.07,-0.01,-0.01,
2,0,0,-10,-0.07,0,0,
2,0,0,-10,-0.07,0,-0.01,
2,0,0.04,-9.99,-0.09,0,-0.01,
2,0,0.04,-9.99,-0.09,0,-0.01,
2,0,0.04,-9.99,-0.09,0,-0.01,
2,0,-0.05,-10.06,-0.08,0,-0.01,
2,0,-0.05,-10.06,-0.08,0,-0.01,
2,0,-0.05,-10.06,-0.08,-0.01,-0.01,
2,0,0,-10.09,-0.11,-0.01,-0.01,
2,0,0,-10.09,-0.11,-0.01,-0.01,
2,0,0,-10.09,-0.11,-0.01,-0.01,
2,0,0.03,-10.05,-0.15,-0.01,-0.01,
2,0,0.03,-10.05,-0.15,0,-0.01,
2,0,0.03,-10.05,-0.15,0,-0.01,
2,0,0.05,-10,-0.07,0,-0.01,
2,0,0.05,-10,-0.07,0,-0.01,
2,0,0.05,-10,-0.07,0,-0.01,
2,0,0.04,-9.97,-0.1,0,-0.01,
2,0,0.04,-9.97,-0.1,-0.01,-0.01,
2,0,0.04,-9.97,-0.1,-0.01,-0.01,
2,0,0.03,-10.07,-0.11,-0.01,-0.01,
2,0,0.03,-10.07,-0.11,0,-0.01,
2,0,0.03,-10.03,-0.09,-0.01,-0.01,
2,0,0.03,-10.03,-0.09,-0.01,-0.01,
2,0,0.03,-10.03,-0.09,0,-0.01,
2,0,0,-9.99,-0.1,0,-0.01,
2,0,0,-9.99,-0.1,0,-0.01,
2,0,0,-9.99,-0.1,0,-0.01,
2,0,-0.03,-9.98,-0.12,0,0,
2,0,-0.03,-9.98,-0.12,0,0,
2,0,-0.03,-9.98,-0.12,-0.01,0,
2,0,0.02,-10,-0.05,0,-0.01,
2,0,0.02,-10,-0.05,0,-0.01,
2,0,0.02,-10,-0.05,0,-0.01,
2,0,0.04,-10,-0.05,0,-0.01,
2,0,0.04,-10,-0.05,0,-0.01,
2,0,0.04,-10,-0.05,0,-0.01,
2,0,0.02,-10,-0.12,-0.01,-0.01,
2,0,0.02,-10,-0.12,-0.01,-0.01,
2,0,0.02,-10,-0.12,-0.01,-0.01,
2,0,0.04,-10,-0.07,0,-0.01,
2,0,0.04,-10,-0.07,0,-0.01,
2,0,-0.08,-10.04,-0.1,-0.01,0,
2,0,-0.08,-10.04,-0.1,0,-0.01,
2,0,-0.08,-10.04,-0.1,0,-0.01,
2,0,-0.03,-10.04,-0.06,-0.01,-0.01,
2,0,-0.03,-10.04,-0.06,0,-0.01,
2,0,-0.03,-10.04,-0.06,0,-0.01,
2,0,0.05,-10.01,-0.11,-0.01,-0.01,
2,0,0.05,-10.01,-0.11,0,-0.01,
2,0,0.05,-10.01,-0.11,0,-0.01,
2,0,-0.01,-10.01,-0.08,0,-0.01,
2,0,-0.01,-10.01,-0.08,-0.01,-0.01,
2,0,-0.01,-10.01,-0.08,-0.01,-0.01,
2,0,0.05,-10.05,-0.1,-0.01,-0.01,
2,0,0.05,-10.05,-0.1,-0.01,-0.01,
2,0,0.05,-10.05,-0.1,-0.01,-0.01,
2,0,-0.01,-10.01,-0.12,0,-0.01,
2,0,-0.01,-10.01,-0.12,-0.01,-0.01,
2,0,-0.01,-10.01,-0.12,-0.01,-0.01,
2,0,0,-10.05,-0.04,0,0,
2,0,0,-10.05,-0.04,0,-0.01,
2,0,0.06,-9.98,-0.13,0,-0.01,
2,0,0.06,-9.98,-0.13,-0.01,-0.01,
2,0,0.06,-9.98,-0.13,-0.01,-0.01,
2,0,-0.02,-10.01,-0.1,-0.01,-0.01,
2,0,-0.02,-10.01,-0.1,0,-0.01,
2,0,-0.02,-10.01,-0.1,-0.01,-0.01,
2,0,0.03,-10,-0.1,-0.01,-0.01,
2,0,0.03,-10,-0.1,-0.01,-0.01,
2,0,0.03,-10,-0.1,0,-0.01,
2,0,0,-10.04,-0.08,0,-0.01,
2,0,0,-10.04,-0.08,-0.01,-0.01,
2,0,0,-10.04,-0.08,-0.01,-0.01,
2,0,0.06,-10.03,-0.09,-0.01,-0.01,
2,0,0.06,-10.03,-0.09,0,-0.01,
2,0,0.06,-10.03,-0.09,-0.01,-0.01,
2,0,0,-10.02,-0.11,-0.01,-0.01,
2,0,0,-10.02,-0.11,0,-0.01,
2,0,0,-10.02,-0.11,0,-0.01,
2,0,0,-10,-0.07,0,-0.01,
2,0,0,-10,-0.07,0,0,
2,0,0,-10,-0.07,0,-0.01,
2,0,0.01,-10.05,-0.11,0,-0.01,
2,0,0.01,-10.05,-0.11,0,-0.01,
2,0,0.01,-10.05,-0.11,0,-0.01,
2,0,0,-10,-0.14,0,-0.01,
2,0,0,-10,-0.14,0,-0.01,
2,0,0,-10,-0.14,0,-0.01,
2,0,-0.01,-9.99,-0.15,-0.01,-0.01,
2,0,-0.01,-9.99,-0.15,-0.01,-0.01,
2,0,-0.01,-9.99,-0.15,-0.01,-0.01,
2,0,0,-10,-0.08,0,-0.01,
2,0,0,-10,-0.08,-0.01,-0.01,
2,0,0,-10,-0.08,-0.01,-0.01,
2,0,-0.01,-10.04,0,0,-0.01,
2,0,-0.01,-10.04,0,0,-0.01,
2,0,-0.01,-10.04,0,0,-0.01,
2,0,0.02,-10.03,-0.11,-0.01,-0.01,
2,0,0.02,-10.03,-0.11,0,-0.01,
2,0,0,-9.97,-0.1,0,-0.01,
2,0,0,-9.97,-0.1,0,-0.01,
2,0,0,-9.97,-0.1,0,-0.01,
2,0,0.01,-9.99,-0.06,0,0,
2,0,0.01,-9.99,-0.06,0,-0.01,
2,0,0.01,-9.99,-0.06,0,-0.01,
2,0,0.02,-9.97,-0.11,0,-0.01,
2,0,0.02,-9.97,-0.11,-0.01,-0.01,
2,0,0.02,-9.97,-0.11,-0.01,-0.01,
2,0,0,-10.03,-0.07,0,-0.01,
2,0,0,-10.03,-0.07,0,-0.01,
2,0,0,-10.03,-0.07,0,-0.01,
2,0,0,-10.02,-0.1,-0.01,-0.01,
2,0,0,-10.02,-0.1,0,-0.01,
2,0,0,-10.02,-0.1,0,-0.01,
2,0,0,-10.02,-0.09,-0.01,-0.01,
2,0,0,-10.02,-0.09,0,-0.01,
2,0,0,-10.02,-0.09,0,-0.01,
2,0,0.03,-10.03,-0.11,-0.01,-0.01,
2,0,0.03,-10.03,-0.11,-0.01,-0.01,
2,0,0.03,-10.03,-0.11,-0.01,-0.01,
2,0,0,-9.98,-0.06,0,-0.01,
2,0,0,-9.98,-0.06,0,-0.01,
2,0,0,-10.01,-0.04,0,-0.01,
2,0,0,-10.01,-0.04,0,-0.01,
2,0,0,-10.01,-0.04,0,-0.01,
2,0,-0.02,-10.05,-0.08,0,-0.01,
2,0,-0.02,-10.05,-0.08,0,-0.01,
2,0,-0.02,-10.05,-0.08,0,-0.01,
2,0,0,-9.98,-0.07,-0.01,0,
2,0,0,-9.98,-0.07,-0.01,0,
2,0,0,-9.98,-0.07,0,-0.01,
2,0,-0.01,-10.07,-0.09,0,-0.01,
2,0,-0.01,-10.07,-0.09,0,-0.01,
2,0,-0.01,-10.07,-0.09,0,-0.01,
2,0,0,-10.07,-0.05,0,-0.01,
2,0,0,-10.07,-0.05,0,-0.01,
2,0,0,-10.07,-0.05,-0.01,-0.01,
2,0,0.02,-10.03,-0.06,-0.01,-0.01,
2,0,0.02,-10.03,-0.06,0,-0.01,
2,0,0.02,-10.03,-0.06,-0.01,0,
2,0,0.05,-9.99,-0.07,0,-0.01,
2,0,0.05,-9.99,-0.07,0,-0.01,
2,0,-0.05,-10.02,-0.06,-0.01,-0.01,
2,0,-0.05,-10.02,-0.06,0,-0.01,
2,0,-0.05,-10.02,-0.06,0,-0.01,
2,0,0.02,-10.02,-0.1,-0.01,-0.01,
2,0,0.02,-10.02,-0.1,-0.01,-0.01,
2,0,0.02,-10.02,-0.1,0,-0.01,
2,0,-0.01,-10.03,-0.06,0,-0.01,
2,0,-0.01,-10.03,-0.06,0,-0.01,
2,0,-0.01,-10.03,-0.06,-0.01,-0.01,
2,0,-0.03,-9.99,-0.04,0,0,
2,0,-0.03,-9.99,-0.04,0,0,
2,0,-0.03,-9.99,-0.04,-0.01,-0.01,
2,0,-0.05,-10.03,-0.11,0,-0.02,
2,0,-0.05,-10.03,-0.11,0,-0.01,
2,0,-0.05,-10.03,-0.11,0,-0.01,
2,0,0,-10.08,-0.09,-0.01,-0.01,
2,0,0,-10.08,-0.09,-0.01,-0.01,
2,0,0,-10.06,-0.09,-0.01,-0.01,
2,0,0,-10.06,-0.09,0,-0.01,
2,0,0,-10.06,-0.09,-0.01,-0.01,
2,0,0,-10.04,-0.1,-0.01,-0.01,
2,0,0,-10.04,-0.1,0,-0.01,
2,0,0,-10.04,-0.1,-0.01,-0.01,
2,0,-0.05,-10.03,-0.12,-0.01,-0.01,
2,0,-0.05,-10.03,-0.12,-0.01,-0.01,
2,0,-0.05,-10.03,-0.12,0,-0.01,
2,0,-0.09,-10.03,-0.08,0,-0.01,
2,0,-0.09,-10.03,-0.08,0,-0.01,
2,0,-0.09,-10.03,-0.08,-0.01,0,
2,0,-0.01,-10.05,-0.11,-0.01,0,
2,0,-0.01,-10.05,-0.11,0,-0.01,
2,0,0.02,-10.05,-0.04,0,-0.01,
2,0,0.02,-10.05,-0.04,0,-0.01,
2,0,0.02,-10.05,-0.04,0,-0.01,
2,0,-0.04,-10.05,-0.09,-0.01,-0.01,
2,0,-0.04,-10.05,-0.09,-0.01,-0.01,
2,0,-0.04,-10.05,-0.09,-0.01,0,
2,0,0.03,-10.04,-0.13,0,-0.01,
2,0,0.03,-10.04,-0.13,0,-0.01,
2,0,0.03,-10.04,-0.13,0,-0.01,
2,0,0.06,-10.04,-0.06,0,-0.01,
2,0,0.06,-10.04,-0.06,0,-0.01,
2,0,0.06,-10.04,-0.06,0,0,
2,0,-0.01,-10.07,-0.13,-0.01,-0.01,
2,0,-0.01,-10.07,-0.13,-0.01,-0.01,
2,0,-0.01,-10.07,-0.13,-0.01,-0.01,
2,0,0.03,-10.06,-0.12,0,-0.01,
2,0,0.03,-10.06,-0.12,0,-0.01,
2,0,0.03,-10.06,-0.12,0,-0.01,
2,0,-0.04,-10.06,-0.09,-0.01,-0.01,
2,0,-0.04,-10.06,-0.09,-0.01,-0.01,
2,0,-0.04,-10.06,-0.09,-0.01,-0.01,
2,0,0,-10.08,-0.11,0,0,
2,0,0,-10.08,-0.11,0,0,
2,0,0,-10.08,-0.11,0,-0.01,
2,0,-0.02,-10.04,-0.11,0,-0.01,
2,0,-0.02,-10.04,-0.11,0,-0.01,
2,0,-0.02,-10.04,-0.11,0,-0.01,
2,0,-0.02,-10,-0.07,0,-0.01,
2,0,-0.02,-10,-0.07,0,-0.01,
2,0,0,-9.98,-0.12,0,-0.01,
2,0,0,-9.98,-0.12,0,-0.01,
2,0,0,-9.98,-0.12,0,-0.01,
2,0,0.02,-10.07,-0.12,0,-0.01,
2,0,0.02,-10.07,-0.12,-0.01,-0.01,
2,0,0.02,-10.07,-0.12,-0.01,-0.01,
2,0,0.01,-10.06,-0.09,0,-0.01,
2,0,0.01,-10.06,-0.09,0,0,
2,0,0.01,-10.06,-0.09,0,0,
2,0,-0.02,-10.08,-0.09,-0.01,0,
2,0,-0.02,-10.08,-0.09,0,-0.01,
2,0,-0.02,-10.08,-0.09,0,-0.01,
2,0,-0.02,-9.99,-0.06,0,-0.01,
2,0,-0.02,-9.99,-0.06,0,-0.01,
2,0,0,-10.01,-0.09,0,-0.01,
2,0,0,-10.01,-0.09,0,-0.01,
2,0,0,-10.01,-0.09,-0.01,-0.01,
2,0,-0.02,-10.04,-0.06,0,-0.01,
2,0,-0.02,-10.04,-0.06,0,-0.01,
2,0,-0.02,-10.04,-0.06,0,-0.01,
2,0,-0.04,-10.02,-0.12,-0.01,-0.01,
2,0,-0.04,-10.02,-0.12,-0.01,-0.01,
2,0,-0.04,-10.02,-0.12,-0.01,-0.01,
2,0,-0.01,-10.05,-0.09,0,-0.01,
2,0,-0.01,-10.05,-0.09,0,-0.01,
2,0,-0.01,-10.05,-0.09,-0.01,-0.01,
2,0,0,-10,-0.07,-0.01,-0.01,
2,0,0,-10,-0.07,-0.01,-0.01,
2,0,0,-10,-0.07,-0.01,-0.01,
2,0,0.03,-10.02,-0.13,0,-0.01,
2,0,0.03,-10.02,-0.13,0,-0.01,
2,0,0.03,-10.02,-0.13,-0.01,-0.01,
2,0,0.01,-10.04,-0.08,-0.01,-0.01,
2,0,0.01,-10.04,-0.08,-0.01,-0.01,
2,0,-0.02,-10.01,-0.08,0,-0.01,
2,0,-0.02,-10.01,-0.08,0,-0.01,
2,0,-0.02,-10.01,-0.08,0,-0.01,
2,0,-0.05,-10.01,-0.09,-0.01,-0.01,
2,0,-0.05,-10.01,-0.09,0,-0.01,
2,0,-0.05,-10.01,-0.09,0,-0.01,
2,0,-0.01,-10.03,-0.07,-0.01,-0.01,
2,0,-0.01,-10.03,-0.07,-0.01,-0.01,
2,0,-0.01,-10.03,-0.07,-0.01,-0.01,
2,0,0,-10.05,-0.1,0,-0.01,
2,0,0,-10.05,-0.1,0,-0.01,
2,0,0,-10.05,-0.1,0,-0.01,
2,0,0,-10.07,-0.09,-0.01,-0.01,
2,0,0,-10.07,-0.09,-0.01,-0.01,
2,0,0,-10.07,-0.09,-0.01,-0.01,
2,0,0.04,-10.02,-0.06,-0.01,-0.01,
2,0,0.04,-10.02,-0.06,-0.01,-0.01,
2,0,0.04,-10.02,-0.06,-0.01,-0.01,
2,0,0.01,-10.03,-0.07,0,-0.01,
2,0,0.01,-10.03,-0.07,-0.01,-0.01,
2,0,0.03,-10.04,-0.04,-0.01,-0.01,
2,0,0.03,-10.04,-0.04,0,-0.01,
2,0,0.03,-10.04,-0.04,0,-0.01,
2,0,0.04,-10.02,-0.08,0,-0.01,
2,0,0.04,-10.02,-0.08,0,-0.01,
2,0,0.04,-10.02,-0.08,-0.01,-0.01,
2,0,0.01,-10.04,-0.04,-0.01,-0.01,
2,0,0.01,-10.04,-0.04,-0.01,-0.01,
2,0,0.01,-10.04,-0.04,0,-0.01,
2,0,0.02,-10.07,-0.08,0,-0.01,
2,0,0.02,-10.07,-0.08,-0.01,-0.01,
2,0,0.02,-10.07,-0.08,0,-0.01,
2,0,0.03,-10.01,-0.04,0,-0.01,
2,0,0.03,-10.01,-0.04,0,-0.01,
2,0,0.03,-10.01,-0.04,-0.01,-0.01,
2,0,-0.01,-10.05,-0.07,-0.01,-0.01,
2,0,-0.01,-10.05,-0.07,0,-0.01,
2,0,0.02,-10.1,-0.1,0,-0.01,
2,0,0.02,-10.1,-0.1,0,-0.01,
2,0,0.02,-10.1,-0.1,-0.01,-0.01,
2,0,-0.01,-10,-0.08,0,-0.01,
2,0,-0.01,-10,-0.08,0,-0.01,
2,0,-0.01,-10,-0.08,0,-0.01,
2,0,0.01,-10.01,-0.09,-0.01,-0.01,
2,0,0.01,-10.01,-0.09,-0.01,-0.01,
2,0,0.01,-10.01,-0.09,0,-0.01,
2,0,-0.03,-10.04,-0.11,-0.01,-0.01,
2,0,-0.03,-10.04,-0.11,-0.01,-0.01,
2,0,-0.03,-10.04,-0.11,0,-0.01,
2,0,0.04,-10.02,-0.11,-0.01,-0.01,
2,0,0.04,-10.02,-0.11,-0.01,-0.01,
2,0,0.04,-10.02,-0.11,0,-0.01,
2,0,-0.06,-10.08,-0.15,0,-0.01,
2,0,-0.06,-10.08,-0.15,0,-0.01,
2,0,-0.06,-10.08,-0.15,0,-0.01,
2,0,0,-10,-0.15,0,-0.01,
2,0,0,-10,-0.15,0,-0.01,
2,0,0,-10,-0.15,-0.01,-0.01,
2,0,0.07,-10.03,-0.09,-0.01,-0.01,
2,0,0.07,-10.03,-0.09,-0.01,-0.01,
2,0,0.07,-10.03,-0.09,0,-0.01,
2,0,0.08,-10.04,-0.11,0,-0.01,
2,0,0.08,-10.04,-0.11,0,-0.01,
2,0,0.08,-10.04,-0.11,0,-0.01,
2,0,0,-10.07,-0.08,0,-0.01,
2,0,0,-10.07,-0.08,-0.01,-0.01,
2,0,0.03,-10.04,-0.07,-0.01,-0.01,
2,0,0.03,-10.04,-0.07,-0.01,-0.01,
2,0,0.03,-10.04,-0.07,-0.01,-0.01,
2,0,-0.01,-10.01,-0.11,-0.01,-0.01,
2,0,-0.01,-10.01,-0.11,-0.01,-0.01,
2,0,-0.01,-10.01,-0.11,0,-0.01,
2,0,0.01,-10,-0.06,-0.01,-0.01,
2,0,0.01,-10,-0.06,-0.01,-0.01,
2,0,0.01,-10,-0.06,-0.01,-0.01,
2,0,0.04,-10.02,-0.1,-0.01,-0.01,
2,0,0.04,-10.02,-0.1,0,-0.01,
2,0,0.04,-10.02,-0.1,0,-0.01,
2,0,-0.08,-10.03,-0.11,0,-0.01,
2,0,-0.08,-10.03,-0.11,-0.01,-0.01,
2,0,-0.02,-9.99,-0.05,-0.01,-0.01,
2,0,-0.02,-9.99,-0.05,0,-0.01,
2,0,-0.02,-9.99,-0.05,0,-0.01,
2,0,0.01,-10.02,-0.04,0,-0.01,
2,0,0.01,-10.02,-0.04,0,-0.01,
2,0,0.01,-10.02,-0.04,0,0,
2,0,-0.02,-10.05,-0.08,0,0,
2,0,-0.02,-10.05,-0.08,0,-0.01,
2,0,-0.02,-10.05,-0.08,-0.01,-0.01,
2,0,-0.01,-10.03,-0.09,-0.01,-0.01,
2,0,-0.01,-10.03,-0.09,0,-0.01,
2,0,-0.01,-10.03,-0.09,0,-0.01,
2,0,0.03,-10.06,-0.08,0,-0.01,
2,0,0.03,-10.06,-0.08,-0.01,-0.01,
2,0,0.03,-10.06,-0.08,-0.01,0,
2,0,-0.04,-10.09,-0.06,-0.01,0,
2,0,-0.04,-10.09,-0.06,0,-0.01,
2,0,-0.01,-10.03,-0.09,-0.01,-0.01,
2,0,-0.01,-10.03,-0.09,-0.01,-0.01,
2,0,-0.01,-10.03,-0.09,0,-0.01,
2,0,0,-10,-0.1,-0.01,-0.01,
2,0,0,-10,-0.1,-0.01,-0.01,
2,0,0,-10,-0.1,-0.01,-0.01,
2,0,-0.06,-10.04,-0.11,0,-0.01,
2,0,-0.06,-10.04,-0.11,0,-0.01,
2,0,-0.06,-10.04,-0.11,0,-0.01,
2,0,0,-10.07,-0.12,-0.01,-0.01,
2,0,0,-10.07,-0.12,0,-0.01,
2,0,0,-10.07,-0.12,0,-0.01,
2,0,0.1,-10.05,-0.08,0,-0.01,
2,0,0.1,-10.05,-0.08,0,-0.01,
2,0,0.1,-10.05,-0.08,0,-0.01,
2,0,-0.04,-10.03,-0.15,-0.01,-0.01,
2,0,-0.04,-10.03,-0.15,0,-0.01,
2,0,0,-10.04,-0.07,0,-0.01,
2,0,0,-10.04,-0.07,0,-0.01,
2,0,0,-10.04,-0.07,0,-0.01,
2,0,-0.03,-10.05,-0.08,0,-0.01,
2,0,-0.03,-10.05,-0.08,0,-0.01,
2,0,-0.03,-10.05,-0.08,0,-0.01,
2,0,0,-10.02,-0.12,0,-0.01,
2,0,0,-10.02,-0.12,0,-0.01,
2,0,0,-10.02,-0.12,-0.01,-0.01,
2,0,0.01,-10.07,-0.08,-0.01,-0.01,
2,0,0.01,-10.07,-0.08,-0.01,-0.01,
2,0,0.01,-10.07,-0.08,-0.01,-0.01,
2,0,-0.03,-10.02,-0.09,-0.01,-0.01,
2,0,-0.03,-10.02,-0.09,-0.01,-0.01,
2,0,-0.03,-10.02,-0.09,-0.01,-0.01,
2,0,-0.04,-10.06,-0.11,-0.01,0,
2,0,-0.04,-10.06,-0.11,0,-0.01,
2,0,-0.04,-10.06,-0.11,0,-0.01,
2,0,0.02,-10,-0.07,0,-0.01,
2,0,0.02,-10,-0.07,-0.01,-0.01,
2,0,0.02,-10,-0.07,-0.01,-0.01,
2,0,0.02,-10.03,-0.07,0,-0.01,
2,0,0.02,-10.03,-0.07,-0.01,-0.01,
2,0,0.02,-10.03,-0.07,-0.01,-0.01,
2,0,-0.04,-9.97,-0.08,-0.01,-0.01,
2,0,-0.04,-9.97,-0.08,-0.01,-0.01,
2,0,-0.04,-9.97,-0.08,-0.01,-0.01,
2,0,0,-10.01,-0.08,-0.01,-0.01,
2,0,0,-10.01,-0.08,0,-0.01,
2,0,0,-10.01,-0.08,0,-0.01,
2,0,0.02,-10.07,-0.06,-0.01,-0.01,
2,0,0.02,-10.07,-0.06,-0.01,-0.01,
2,0,0.02,-10.07,-0.06,0,-0.01,
2,0,0,-10.09,-0.11,0,-0.01,
2,0,0,-10.09,-0.11,0,-0.01,
2,0,0,-10.09,-0.11,0,-0.01,
2,0,0.03,-10.02,-0.09,0,-0.01,
2,0,0.03,-10.02,-0.09,0,-0.01,
2,0,0.03,-10.02,-0.09,-0.01,-0.01,
2,0,-0.01,-10.01,-0.09,-0.01,-0.01,
2,0,-0.01,-10.01,-0.09,-0.01,-0.01,
2,0,-0.01,-10.01,-0.09,-0.01,-0.01,
2,0,0,-10,-0.09,-0.01,-0.01,
2,0,0,-10,-0.09,-0.01,-0.01,
2,0,0.02,-9.98,-0.08,-0.01,-0.01,
2,0,0.02,-9.98,-0.08,-0.01,-0.01,
2,0,0.02,-9.98,-0.08,-0.01,-0.01,
2,0,-0.02,-10.04,-0.07,0,-0.01,
2,0,-0.02,-10.04,-0.07,0,-0.01,
2,0,-0.02,-10.04,-0.07,0,-0.01,
2,0,-0.02,-10,-0.11,0,-0.01,
2,0,-0.02,-10,-0.11,0,-0.01,
2,0,-0.02,-10,-0.11,-0.01,-0.01,
2,0,0.01,-10.02,-0.08,-0.01,-0.01,
2,0,0.01,-10.02,-0.08,-0.01,-0.01,
2,0,0.01,-10.02,-0.08,0,-0.01,
2,0,0.02,-10,-0.08,0,-0.01,
2,0,0.02,-10,-0.08,0,-0.01,
2,0,0.02,-10,-0.08,0,-0.01,
2,0,0.02,-10,-0.11,0,-0.01,
2,0,0.02,-10,-0.11,0,-0.01,
2,0,0.02,-10,-0.11,0,-0.01,
2,0,0.03,-10.03,-0.12,0,-0.01,
2,0,0.03,-10.03,-0.12,0,-0.01,
2,0,0.03,-10.03,-0.12,0,-0.01,
2,0,0.01,-10.02,-0.09,0,-0.01,
2,0,0.01,-10.02,-0.09,0,-0.01,
2,0,0,-10.09,-0.1,0,-0.01,
2,0,0,-10.09,-0.1,-0.01,-0.01,
2,0,0,-10.09,-0.1,-0.01,-0.01,
2,0,0.05,-10.02,-0.08,0,-0.01,
2,0,0.05,-10.02,-0.08,0,-0.01,
2,0,0.05,-10.02,-0.08,0,-0.01,
2,0,0.05,-10.06,-0.13,0,-0.01,
2,0,0.05,-10.06,-0.13,0,0,
2,0,0.05,-10.06,-0.13,0,0,
2,0,0,-10.04,-0.11,0,-0.01,
2,0,0,-10.04,-0.11,0,-0.01,
2,0,0,-10.04,-0.11,0,-0.01,
2,0,0.08,-10,-0.06,0,-0.01,
2,0,0.08,-10,-0.06,0,-0.01,
2,0,0.08,-10,-0.06,0,-0.01,
2,0,-0.02,-9.97,-0.06,-0.01,-0.01,
2,0,-0.02,-9.97,-0.06,-0.01,-0.01,
2,0,-0.02,-9.97,-0.06,-0.01,-0.01,
2,0,-0.02,-10.06,-0.12,0,-0.01,
2,0,-0.02,-10.06,-0.12,0,-0.01,
2,0,-0.02,-10.06,-0.12,0,-0.01,
2,0,-0.01,-10.05,-0.11,-0.01,-0.01,
2,0,-0.01,-10.05,-0.11,0,-0.01,
2,0,0.03,-10.02,-0.06,0,-0.01,
2,0,0.03,-10.02,-0.06,0,-0.01,
2,0,0.03,-10.02,-0.06,0,0,
2,0,0.02,-10.02,0,0,0,
2,0,0.02,-10.02,0,-0.01,-0.01,
2,0,0.02,-10.02,0,0,-0.01,
2,0,-0.01,-9.94,-0.09,0,-0.01,
2,0,-0.01,-9.94,-0.09,0,-0.01,
2,0,-0.01,-9.94,-0.09,0,-0.01,
2,0,0.04,-10.01,-0.07,0,-0.01,
2,0,0.04,-10.01,-0.07,-0.01,-0.01,
2,0,0.04,-10.01,-0.07,0,-0.01,
2,0,-0.01,-10.02,-0.09,0,-0.01,
2,0,0.04,-9.97,-0.11,-0.01,-0.01,
2,0,0.04,-9.97,-0.11,0,-0.01,
2,0,0.04,-9.97,-0.11,0,-0.01,
2,0,-0.05,-10.03,-0.08,0,-0.01,
2,0,-0.05,-10.03,-0.08,0,-0.01,
2,0,-0.05,-10.03,-0.08,0,-0.01,
2,0,-0.01,-10.03,-0.06,0,-0.01,
2,0,-0.01,-10.03,-0.06,0,-0.01,
2,0,-0.01,-10.03,-0.06,0,-0.01,
2,0,0.01,-10,-0.09,0,-0.01,
2,0,0.01,-10,-0.09,0,-0.01,
2,0,-0.03,-9.99,-0.06,0,-0.01,
2,0,-0.03,-9.99,-0.06,0,0,
2,0,-0.03,-9.99,-0.06,0,-0.01,
2,0,-0.08,-10.03,-0.11,0,-0.01,
2,0,-0.08,-10.03,-0.11,-0.01,-0.01,
2,0,-0.08,-10.03,-0.11,0,-0.01,
2,0,-0.01,-10.01,-0.07,0,-0.01,
2,0,-0.01,-10.01,-0.07,0,-0.01,
2,0,-0.01,-10.01,-0.07,-0.01,-0.01,
2,0,0,-9.99,-0.14,-0.01,-0.01,
2,0,0,-9.99,-0.14,0,-0.01,
2,0,0,-9.99,-0.14,-0.01,-0.01,
2,0,0.06,-10,-0.12,-0.01,-0.01,
2,0,0.06,-10,-0.12,0,-0.01,
2,0,0.06,-10,-0.12,-0.01,-0.01,
2,0,-0.01,-10.04,-0.13,-0.01,-0.01,
2,0,-0.01,-10.04,-0.13,0,-0.01,
2,0,-0.01,-10.04,-0.13,0,-0.01,
2,0,0,-10.02,-0.11,0,-0.01,
2,0,0,-10.02,-0.11,0,-0.01,
2,0,0,-10.02,-0.11,0,-0.01,
2,0,-0.03,-10.02,-0.07,0,-0.01,
2,0,-0.03,-10.02,-0.07,0,-0.01,
2,0,-0.03,-10.02,-0.07,0,-0.01,
2,0,0.04,-10,-0.09,0,-0.01,
2,0,0.04,-10,-0.09,-0.01,-0.01,
2,0,0.04,-10,-0.09,-0.01,-0.01,
2,0,0.04,-9.98,-0.1,0,-0.01,
2,0,0.04,-9.98,-0.1,-0.01,-0.01,
2,0,0.04,-9.98,-0.1,-0.01,-0.01,
2,0,-0.04,-10.04,-0.11,-0.01,-0.01,
2,0,-0.04,-10.04,-0.11,0,-0.01,
2,0,-0.04,-10.04,-0.11,0,-0.01,
2,0,0.04,-10.09,-0.12,0,-0.01,
2,0,0.04,-10.09,-0.12,0,-0.01,
2,0,0.04,-10.09,-0.12,0,-0.01,
2,0,0.03,-10.05,-0.09,0,-0.01,
2,0,0.03,-10.05,-0.09,0,-0.01,
2,0,0,-10.02,-0.12,0,-0.01,
2,0,0,-10.02,-0.12,-0.01,-0.01,
2,0,0,-10.02,-0.12,-0.01,-0.01,
2,0,0.04,-10,-0.11,-0.01,-0.01,
2,0,0.04,-10,-0.11,0,-0.01,
2,0,0.04,-10,-0.11,-0.01,-0.01,
2,0,0.05,-10.05,-0.11,-0.01,-0.01,
2,0,0.05,-10.05,-0.11,0,-0.01,
2,0,0.05,-10.05,-0.11,0,-0.01,
2,0,0.04,-10.07,-0.11,0,-0.01,
2,0,0.04,-10.07,-0.11,0,-0.01,
2,0,0.04,-10.07,-0.11,0,-0.01,
2,0,0.04,-9.99,-0.09,0,-0.01,
2,0,0.04,-9.99,-0.09,0,-0.01,
2,0,0.04,-9.99,-0.09,0,-0.01,
2,0,0.03,-10.01,-0.09,0,-0.01,
2,0,0.03,-10.01,-0.09,0,-0.01,
2,0,0.03,-10.01,-0.09,0,-0.01,
2,0,0.07,-10.01,-0.1,0,-0.01,
2,0,0.07,-10.01,-0.1,0,-0.01,
2,0,0.07,-10.01,-0.1,-0.01,-0.01,
2,0,-0.03,-9.98,-0.11,-0.01,-0.01,
2,0,-0.03,-9.98,-0.11,-0.01,-0.01,
2,0,0,-10.06,-0.09,0,-0.01,
2,0,0,-10.06,-0.09,0,-0.01,
2,0,0,-10.06,-0.09,-0.01,-0.01,
2,0,0.02,-10.04,-0.12,0,-0.01,
2,0,0.02,-10.04,-0.12,0,-0.01,
2,0,0.02,-10.04,-0.12,0,-0.01,
2,0,-0.01,-9.96,-0.15,0,-0.01,
2,0,-0.01,-9.96,-0.15,0,-0.01,
2,0,-0.01,-9.96,-0.15,0,-0.01,
2,0,0.04,-10.05,-0.07,-0.01,-0.01,
2,0,0.04,-10.05,-0.07,-0.01,-0.01,
2,0,0.04,-10.05,-0.07,0,-0.01,
2,0,-0.03,-10.03,-0.11,-0.01,-0.01,
2,0,-0.03,-10.03,-0.11,-0.01,-0.01,
2,0,-0.03,-10.03,-0.11,0,-0.01,
2,0,0,-10.06,-0.02,0,-0.01,
2,0,0,-10.06,-0.02,-0.01,-0.01,
2,0,0,-10.06,-0.02,-0.01,-0.01,
2,0,-0.06,-9.99,-0.06,-0.01,-0.01,
2,0,-0.06,-9.99,-0.06,-0.01,-0.01,
2,0,-0.06,-9.99,-0.06,-0.01,-0.01,
2,0,-0.03,-10.04,-0.09,0,-0.01,
2,0,-0.03,-10.04,-0.09,0,-0.01,
2,0,0.04,-10.04,-0.11,-0.01,-0.01,
2,0,0.04,-10.04,-0.11,-0.01,-0.01,
2,0,0.04,-10.04,-0.11,-0.01,-0.01,
2,0,-0.03,-9.96,-0.1,0,-0.01,
2,0,-0.03,-9.96,-0.1,-0.01,-0.01,
2,0,-0.03,-9.96,-0.1,-0.01,-0.01,
2,0,-0.01,-10.05,-0.07,-0.01,-0.01,
2,0,-0.01,-10.05,-0.07,0,-0.01,
2,0,-0.01,-10.05,-0.07,0,-0.01,
2,0,0.04,-10.02,-0.04,-0.01,-0.01,
2,0,0.04,-10.02,-0.04,0,-0.01,
2,0,0.04,-10.02,-0.04,0,-0.01,
2,0,-0.04,-10.03,-0.09,0,-0.01,
2,0,-0.04,-10.03,-0.09,0,-0.01,
2,0,-0.04,-10.03,-0.09,0,-0.01,
2,0,0,-10.05,-0.08,0,-0.01,
2,0,0,-10.05,-0.08,0,-0.01,
2,0,0,-10.05,-0.08,0,-0.01,
2,0,0,-10,-0.12,-0.01,-0.01,
2,0,0,-10,-0.12,0,-0.01,
2,0,-0.03,-9.99,-0.11,0,-0.01,
2,0,-0.03,-9.99,-0.11,-0.01,-0.01,
2,0,-0.03,-9.99,-0.11,-0.01,-0.01,
2,0,-0.03,-9.99,-0.11,-0.01,-0.01,
2,0,0.04,-10,-0.1,0,-0.01,
2,0,0.04,-10,-0.1,0,-0.01,
2,0,0.01,-10.03,-0.11,0,-0.01,
2,0,0.01,-10.03,-0.11,-0.01,-0.01,
2,0,0.01,-10.03,-0.11,-0.01,-0.01,
2,0,-0.01,-10.05,-0.12,0,-0.01,
2,0,-0.01,-10.05,-0.12,-0.01,-0.01,
2,0,-0.01,-10.05,-0.12,-0.01,-0.01,
2,0,-0.01,-9.99,-0.07,0,-0.01,
2,0,-0.01,-9.99,-0.07,0,-0.01,
2,0,-0.01,-9.99,-0.07,0,-0.01,
2,0,0,-10.01,-0.13,0,-0.01,
2,0,0,-10.01,-0.13,0,-0.01,
2,0,0,-10.01,-0.13,0,-0.01,
2,0,-0.02,-10.03,-0.11,-0.01,-0.01,
2,0,-0.02,-10.03,-0.11,-0.01,-0.01,
2,0,-0.02,-10.03,-0.11,0,0,
2,0,-0.02,-10.02,-0.07,0,-0.01,
2,0,-0.02,-10.02,-0.07,0,-0.01,
2,0,-0.02,-10.02,-0.07,0,-0.01,
2,0,0.01,-10,-0.09,-0.01,-0.01,
2,0,0.01,-10,-0.09,0,-0.01,
2,0,0.01,-10,-0.09,0,-0.01,
2,0,0.01,-10.01,-0.1,0,-0.01,
2,0,0.01,-10.01,-0.1,-0.01,-0.01,
2,0,0.01,-10.01,-0.1,-0.01,-0.01,
2,0,0.01,-10.05,-0.1,-0.01,-0.01,
2,0,0.01,-10.05,-0.1,0,-0.01,
2,0,-0.02,-10.04,-0.13,0,-0.01,
2,0,-0.02,-10.04,-0.13,0,-0.01,
2,0,-0.02,-10.04,-0.13,0,-0.01,
2,0,0.05,-10.07,-0.1,0,-0.01,
2,0,0.05,-10.07,-0.1,-0.01,-0.01,
2,0,0.05,-10.07,-0.1,0,-0.01,
2,0,-0.02,-9.97,-0.07,0,-0.01,
2,0,-0.02,-9.97,-0.07,0,-0.01,
2,0,-0.02,-9.97,-0.07,-0.01,-0.01,
2,0,0.01,-10.07,-0.08,-0.01,-0.01,
2,0,0.01,-10.07,-0.08,0,-0.01,
2,0,0.01,-10.07,-0.08,-0.01,-0.01,
2,0,0.02,-10.02,-0.11,-0.01,-0.01,
2,0,0.02,-10.02,-0.11,-0.01,-0.01,
2,0,0.02,-10.02,-0.11,0,-0.01,
2,0,0,-10.02,-0.07,0,-0.01,
2,0,0,-10.02,-0.07,0,-0.01,
2,0,0.01,-10.02,-0.12,0,-0.01,
2,0,0.01,-10.02,-0.12,0,-0.01,
2,0,0.01,-10.02,-0.12,0,-0.01,
2,0,-0.04,-10.01,-0.15,0,-0.01,
2,0,-0.04,-10.01,-0.15,0,-0.01,
2,0,-0.04,-10.01,-0.15,0,-0.01,
2,0,-0.01,-10.02,-0.12,0,-0.01,
2,0,-0.01,-10.02,-0.12,0,-0.01,
2,0,-0.01,-10.02,-0.12,0,-0.01,
2,0,-0.01,-10.02,-0.08,-0.01,-0.01,
2,0,-0.01,-10.02,-0.08,-0.01,-0.01,
2,0,-0.01,-10.02,-0.08,0,-0.01,
2,0,0,-10.07,-0.11,-0.01,-0.01,
2,0,0,-10.07,-0.11,-0.01,-0.01,
2,0,0,-10.07,-0.11,-0.01,-0.01,
2,0,-0.02,-10.07,-0.07,-0.01,-0.01,
2,0,-0.02,-10.07,-0.07,-0.01,-0.01,
2,0,-0.02,-10.07,-0.07,-0.01,-0.01,
2,0,0.01,-10.04,-0.11,-0.01,-0.01,
2,0,0.01,-10.04,-0.11,-0.01,-0.01,
2,0,0,-10.01,-0.06,0,-0.01,
2,0,0,-10.01,-0.06,0,-0.01,
2,0,0,-10.01,-0.06,0,-0.01,
2,0,-0.01,-10.02,-0.11,0,-0.01,
2,0,-0.01,-10.02,-0.11,-0.01,-0.01,
2,0,-0.01,-10.02,-0.11,-0.01,-0.01,
2,0,0.06,-10.02,-0.12,-0.01,-0.01,
2,0,0.06,-10.02,-0.12,0,-0.01,
2,0,0.06,-10.02,-0.12,0,-0.01,
2,0,0.03,-9.99,-0.05,0,-0.01,
2,0,0.03,-9.99,-0.05,-0.01,0,
2,0,0.03,-9.99,-0.05,-0.01,0,
2,0,0.04,-10.04,-0.11,0,-0.01,
2,0,0.04,-10.04,-0.11,-0.01,-0.01,
2,0,0.04,-10.04,-0.11,-0.01,-0.01,
2,0,0.03,-10.03,-0.1,0,-0.01,
2,0,0.03,-10.03,-0.1,0,-0.01,
2,0,0.03,-10,-0.09,0,-0.01,
2,0,0.03,-10,-0.09,0,-0.01,
2,0,0.03,-10,-0.09,-0.01,-0.01,
2,0,-0.02,-9.98,-0.05,-0.01,-0.01,
2,0,-0.02,-9.98,-0.05,0,-0.01,
2,0,-0.02,-9.98,-0.05,0,-0.01,
2,0,-0.03,-10,-0.06,0,-0.01,
2,0,-0.03,-10,-0.06,0,-0.01,
2,0,-0.03,-10,-0.06,0,-0.01,
2,0,0.04,-10.01,-0.08,0,-0.01,
2,0,0.04,-10.01,-0.08,0,-0.01,
2,0,0.04,-10.01,-0.08,0,-0.01,
2,0,0.04,-10.08,-0.1,0,-0.01,
2,0,0.04,-10.08,-0.1,-0.01,-0.01,
2,0,0.04,-10.08,-0.1,0,-0.01,
2,0,-0.03,-10.01,-0.09,0,-0.01,
2,0,-0.03,-10.01,-0.09,-0.01,-0.01,
2,0,-0.03,-10.01,-0.09,-0.01,-0.01,
2,0,0.04,-10.07,-0.1,-0.01,-0.01,
2,0,0.04,-10.07,-0.1,-0.01,-0.01,
2,0,0.04,-10.07,-0.1,-0.01,-0.01,
2,0,-0.01,-10.05,-0.08,-0.01,-0.01,
2,0,-0.01,-10.05,-0.08,0,-0.01,
2,0,-0.01,-10.05,-0.08,0,-0.01,
2,0,-0.03,-9.99,-0.16,0,-0.01,
2,0,-0.03,-9.99,-0.16,0,-0.01,
2,0,-0.03,-9.99,-0.16,0,-0.01,
2,0,-0.05,-10.07,-0.08,0,-0.01,
2,0,-0.05,-10.07,-0.08,0,-0.01,
2,0,-0.05,-10.07,-0.08,0,-0.01,
2,0,-0.03,-10.05,-0.09,0,-0.01,
2,0,-0.03,-10.05,-0.09,0,-0.01,
2,0,-0.03,-10.05,-0.09,0,-0.01,
2,0,0,-10.04,-0.15,-0.01,-0.01,
2,0,0,-10.04,-0.15,-0.01,-0.01,
2,0,-0.01,-10.02,-0.07,-0.01,-0.01,
2,0,-0.01,-10.02,-0.07,0,-0.01,
2,0,-0.01,-10.02,-0.07,-0.01,-0.01,
2,0,-0.06,-10.01,-0.05,-0.01,-0.01,
2,0,-0.06,-10.01,-0.05,0,-0.01,
2,0,-0.06,-10.01,-0.05,-0.01,-0.01,
2,0,-0.03,-10.04,-0.14,-0.01,-0.01,
2,0,-0.03,-10.04,-0.14,0,-0.01,
2,0,-0.03,-10.04,-0.14,-0.01,-0.01,
2,0,0.03,-9.97,-0.06,-0.01,-0.01,
2,0,0.03,-9.97,-0.06,0,-0.01,
2,0,0.03,-9.97,-0.06,0,-0.01,
2,0,0.01,-9.96,-0.12,0,-0.01,
2,0,0.01,-9.96,-0.12,0,-0.01,
2,0,0.01,-9.96,-0.12,0,-0.01,
2,0,0.02,-10,-0.14,0,-0.01,
2,0,0.02,-10,-0.14,-0.01,-0.01,
2,0,-0.03,-10.07,-0.06,0,-0.01,
2,0,-0.03,-10.07,-0.06,0,-0.01,
2,0,-0.03,-10.07,-0.06,-0.01,-0.01,
2,0,0,-10.06,-0.1,0,-0.01,
2,0,0,-10.06,-0.1,0,-0.01,
2,0,0,-10.06,-0.1,0,-0.01,
2,0,-0.02,-10.01,-0.09,-0.01,-0.01,
2,0,-0.02,-10.01,-0.09,-0.01,-0.01,
2,0,-0.02,-10.01,-0.09,-0.01,-0.01,
2,0,0.01,-9.99,-0.1,0,-0.01,
2,0,0.01,-9.99,-0.1,0,-0.01,
2,0,0.01,-9.99,-0.1,0,-0.01,
2,0,0.07,-10.03,-0.07,0,-0.01,
2,0,0.07,-10.03,-0.07,-0.01,-0.01,
2,0,0.07,-10.03,-0.07,-0.01,-0.01,
2,0,-0.03,-10,-0.11,0,-0.01,
2,0,-0.03,-10,-0.11,-0.01,-0.01,
2,0,-0.03,-10,-0.11,-0.01,-0.01,
2,0,0.01,-9.99,-0.07,0,-0.01,
2,0,0.01,-9.99,-0.07,0,-0.01,
2,0,0.03,-10.05,-0.07,0,-0.01,
2,0,0.03,-10.05,-0.07,-0.01,-0.01,
2,0,0.03,-10.05,-0.07,0,-0.01,
2,0,0.02,-10.07,-0.11,0,-0.01,
2,0,0.02,-10.07,-0.11,0,-0.01,
2,0,0.02,-10.07,-0.11,0,-0.01,
2,0,-0.03,-10.04,-0.04,0,-0.01,
2,0,-0.03,-10.04,-0.04,-0.01,-0.01,
2,0,-0.03,-10.04,-0.04,-0.01,-0.01,
2,0,0.04,-10.05,-0.09,-0.01,-0.01,
2,0,0.04,-10.05,-0.09,0,-0.01,
2,0,0.04,-10.05,-0.09,0,-0.01,
2,0,0.03,-10.02,-0.15,0,-0.01,
2,0,0.03,-10.02,-0.15,-0.01,-0.01,
2,0,0.03,-10.02,-0.15,-0.01,-0.01,
2,0,0.01,-10.01,-0.08,-0.01,-0.01,
2,0,0.01,-10.01,-0.08,0,-0.01,
2,0,0,-10.02,-0.14,0,-0.01,
2,0,0,-10.02,-0.14,0,-0.01,
2,0,0,-10.02,-0.14,-0.01,-0.01,
2,0,0,-9.99,-0.17,0,-0.01,
2,0,0,-9.99,-0.17,0,-0.01,
2,0,0,-9.99,-0.17,0,-0.01,
2,0,0,-9.98,-0.03,0,-0.01,
2,0,0,-9.98,-0.03,0,-0.01,
2,0,0,-9.98,-0.03,-0.01,-0.01,
2,0,0.01,-10.07,-0.12,0,-0.01,
2,0,0.01,-10.07,-0.12,0,-0.01,
2,0,0.01,-10.07,-0.12,0,-0.01,
2,0,0.08,-10.03,-0.11,-0.01,-0.01,
2,0,0.08,-10.03,-0.11,-0.01,-0.01,
2,0,0.08,-10.03,-0.11,0,-0.01,
2,0,-0.04,-10.06,-0.1,-0.01,-0.01,
2,0,-0.04,-10.06,-0.1,-0.01,-0.01,
2,0,-0.04,-10.06,-0.1,-0.01,-0.01,
2,0,0.02,-9.97,-0.11,-0.01,-0.01,
2,0,0.02,-9.97,-0.11,-0.01,-0.01,
2,0,0.05,-10.05,-0.09,0,-0.01,
2,0,0.05,-10.05,-0.09,0,-0.01,
2,0,0.05,-10.05,-0.09,0,-0.01,
2,0,0,-10.05,-0.11,0,-0.01,
2,0,0,-10.05,-0.11,-0.01,-0.01,
2,0,0,-10.05,-0.11,-0.01,-0.01,
2,0,-0.05,-10.04,-0.11,-0.01,-0.01,
2,0,-0.05,-10.04,-0.11,0,-0.01,
2,0,-0.05,-10.04,-0.11,0,-0.01,
2,0,-0.02,-10.02,-0.06,0,-0.01,
2,0,-0.02,-10.02,-0.06,0,-0.01,
2,0,-0.02,-10.02,-0.06,0,-0.01,
2,0,0.01,-9.99,-0.11,-0.01,-0.01,
2,0,0.01,-9.99,-0.11,0,-0.01,
2,0,0.01,-9.99,-0.11,0,-0.01,
2,0,-0.02,-10.03,-0.12,-0.01,-0.01,
2,0,-0.02,-10.03,-0.12,0,-0.01,
2,0,-0.02,-10.03,-0.12,0,-0.01,
2,0,0.01,-10.02,-0.13,0,-0.01,
2,0,0.01,-10.02,-0.13,-0.01,-0.01,
2,0,0.01,-10.02,-0.13,-0.01,-0.01,
2,0,0.01,-10.05,-0.09,-0.01,-0.01,
2,0,0.01,-10.05,-0.09,0,-0.01,
2,0,0.01,-10.05,-0.09,0,-0.01,
2,0,-0.03,-10,-0.08,0,-0.01,
2,0,-0.03,-10,-0.08,0,-0.01,
2,0,0,-10,-0.11,0,-0.01,
2,0,0,-10,-0.11,-0.01,-0.01,
2,0,0,-10,-0.11,0,-0.01,
2,0,-0.01,-10.06,-0.11,0,-0.01,
2,0,-0.01,-10.06,-0.11,0,-0.01,
2,0,-0.01,-10.06,-0.11,-0.01,-0.01,
2,0,0.02,-9.99,-0.09,-0.01,-0.01,
2,0,0.02,-9.99,-0.09,-0.01,-0.01,
2,0,0.02,-9.99,-0.09,0,0,
2,0,0.01,-9.93,-0.06,0,0,
2,0,0.01,-9.93,-0.06,-0.01,-0.01,
2,0,0.01,-9.93,-0.06,0,-0.01,
2,0,0.03,-10.04,-0.11,0,-0.01,
2,0,0.03,-10.04,-0.11,0,-0.01,
2,0,0.03,-10.04,-0.11,-0.01,-0.01,
2,0,0.03,-9.99,-0.1,-0.01,-0.01,
2,0,0.03,-9.99,-0.1,0,-0.01,
2,0,0.03,-9.99,-0.1,-0.01,-0.01,
2,0,0,-10.03,-0.05,-0.01,-0.01,
2,0,0,-10.03,-0.05,0,-0.01,
2,0,-0.03,-9.98,-0.04,-0.01,-0.01,
2,0,-0.03,-9.98,-0.04,-0.01,-0.01,
2,0,-0.03,-9.98,-0.04,-0.01,-0.01,
2,0,0.02,-10.06,-0.04,0,-0.01,
2,0,0.02,-10.06,-0.04,0,-0.01,
2,0,0.02,-10.06,-0.04,0,0,
2,0,-0.01,-10.03,-0.08,0,-0.01,
2,0,-0.01,-10.03,-0.08,0,-0.01,
2,0,-0.01,-10.03,-0.08,-0.01,-0.01,
2,0,0,-10.03,-0.08,-0.01,-0.01,
2,0,0,-10.03,-0.08,-0.01,-0.01,
2,0,0,-10.03,-0.08,-0.01,-0.01,
2,0,0.05,-9.98,-0.06,0,-0.01,
2,0,0.05,-9.98,-0.06,0,-0.01,
2,0,0.05,-9.98,-0.06,-0.01,-0.01,
2,0,0.06,-9.97,-0.13,0,-0.01,
2,0,0.06,-9.97,-0.13,0,-0.01,
2,0,0.06,-9.97,-0.13,-0.01,-0.01,
2,0,0.04,-10.09,-0.1,0,-0.01,
2,0,0.04,-10.09,-0.1,0,-0.01,
2,0,-0.03,-9.98,-0.09,-0.01,-0.01,
2,0,-0.03,-9.98,-0.09,-0.01,-0.01,
2,0,-0.03,-9.98,-0.09,-0.01,-0.01,
2,0,-0.01,-10.06,-0.09,0,-0.01,
2,0,-0.01,-10.06,-0.09,-0.01,-0.01,
2,0,-0.01,-10.06,-0.09,-0.01,-0.01,
2,0,-0.03,-10.02,-0.09,0,-0.01,
2,0,-0.03,-10.02,-0.09,-0.01,-0.01,
2,0,-0.03,-10.02,-0.09,-0.01,-0.01,
2,0,0.02,-10.02,-0.08,-0.01,-0.01,
2,0,0.02,-10.02,-0.08,-0.01,-0.01,
2,0,0.02,-10.02,-0.08,-0.01,-0.01,
2,0,-0.08,-10.07,-0.08,-0.01,-0.01,
2,0,-0.08,-10.07,-0.08,-0.01,-0.01,
2,0,-0.08,-10.07,-0.08,-0.01,-0.01,
2,0,0.02,-10.02,-0.05,0,-0.01,
2,0,0.02,-10.02,-0.05,0,-0.01,
2,0,0.02,-10.02,-0.05,0,-0.01,
2,0,0,-10.06,-0.09,-0.01,-0.01,
2,0,0,-10.06,-0.09,-0.01,-0.01,
2,0,0,-10.06,-0.09,-0.01,-0.01,
2,0,-0.01,-10,-0.07,-0.01,-0.01,
2,0,-0.01,-10,-0.07,-0.01,-0.01,
2,0,0,-10,-0.11,-0.01,-0.01,
2,0,0,-10,-0.11,-0.01,-0.01,
2,0,0,-10,-0.11,-0.01,-0.01,
2,0,0,-10.07,-0.1,-0.01,-0.01,
2,0,0,-10.07,-0.1,-0.01,-0.01,
2,0,0,-10.07,-0.1,0,-0.01,
2,0,0.02,-9.97,-0.06,0,-0.01,
2,0,0.02,-9.97,-0.06,-0.01,-0.01,
2,0,0.02,-9.97,-0.06,0,-0.01,
2,0,-0.05,-10.01,-0.12,0,-0.01,
2,0,-0.05,-10.01,-0.12,0,-0.01,
2,0,-0.05,-10.01,-0.12,0,-0.01,
2,0,-0.06,-9.99,-0.09,0,-0.01,
2,0,-0.06,-9.99,-0.09,0,-0.01,
2,0,-0.06,-9.99,-0.09,0,-0.01,
2,0,-0.03,-10,-0.09,-0.01,-0.01,
2,0,-0.03,-10,-0.09,0,-0.01,
2,0,-0.03,-10,-0.09,0,-0.01,
2,0,0,-10.07,-0.07,0,-0.01,
2,0,0,-10.07,-0.07,-0.01,-0.01,
2,0,0,-10.07,-0.07,-0.01,-0.01,
2,0,0.04,-10.01,-0.09,-0.01,-0.01,
2,0,0.04,-10.01,-0.09,0,-0.01,
2,0,0.04,-10.01,-0.09,0,-0.01,
2,0,-0.03,-9.99,-0.08,-0.01,-0.01,
2,0,-0.03,-9.99,-0.08,-0.01,-0.01,
2,0,-0.03,-9.99,-0.08,-0.01,-0.01,
2,0,0,-10.03,-0.1,-0.01,-0.01,
2,0,0,-10.03,-0.1,-0.01,-0.01,
2,0,0,-10.03,-0.1,-0.01,-0.01,
2,0,0.02,-10.01,-0.15,-0.01,-0.01,
2,0,0.02,-10.01,-0.15,-0.01,-0.01,
2,0,0.02,-10.01,-0.12,0,-0.01,
2,0,0.02,-10.01,-0.12,-0.01,-0.01,
2,0,0.02,-10.01,-0.12,-0.01,-0.01,
2,0,0,-10,-0.08,-0.01,-0.01,
2,0,0,-10,-0.08,0,-0.01,
2,0,0,-10,-0.08,0,-0.01,
2,0,0.04,-10,-0.09,0,-0.01,
2,0,0.04,-10,-0.09,-0.01,-0.01,
2,0,0.04,-10,-0.09,0,-0.01,
2,0,0,-9.98,-0.08,0,-0.01,
2,0,0,-9.98,-0.08,0,-0.01,
2,0,0,-9.98,-0.08,0,-0.01,
2,0,0.06,-10.01,-0.05,0,-0.01,
2,0,0.06,-10.01,-0.05,-0.01,-0.01,
2,0,0.06,-10.01,-0.05,0,-0.01,
2,0,-0.07,-10.01,-0.09,0,-0.01,
2,0,-0.07,-10.01,-0.09,-0.01,-0.01,
2,0,-0.07,-10.01,-0.09,-0.01,-0.01,
2,0,-0.1,-10.02,-0.13,-0.01,-0.01,
2,0,-0.1,-10.02,-0.13,0,-0.01,
2,0,0.06,-9.98,-0.13,-0.01,-0.01,
2,0,0.06,-9.98,-0.13,-0.01,-0.01,
2,0,0.06,-9.98,-0.13,-0.01,-0.01,
2,0,0,-10.01,-0.08,0,-0.01,
2,0,0,-10.01,-0.08,0,-0.01,
2,0,0,-10.01,-0.08,0,-0.01,
2,0,0,-10.04,-0.07,0,-0.01,
2,0,0,-10.04,-0.07,0,-0.01,
2,0,0,-10.04,-0.07,0,-0.01,
2,0,-0.01,-10.01,-0.07,0,-0.01,
2,0,-0.01,-10.01,-0.07,0,-0.01,
2,0,-0.01,-10.01,-0.07,0,-0.01,
2,0,-0.02,-10.02,-0.11,0,-0.01,
2,0,-0.02,-10.02,-0.11,0,-0.01,
2,0,-0.02,-10.02,-0.11,0,-0.01,
2,0,-0.01,-10.04,-0.15,0,-0.01,
2,0,-0.01,-10.04,-0.15,0,-0.01,
2,0,-0.01,-10.04,-0.15,0,-0.01,
2,0,-0.02,-10.05,-0.04,-0.01,-0.01,
2,0,-0.02,-10.05,-0.04,-0.01,-0.01,
2,0,0.01,-9.97,-0.13,0,-0.01,
2,0,0.01,-9.97,-0.13,-0.01,-0.01,
2,0,0.01,-9.97,-0.13,-0.01,-0.01,
2,0,0.01,-10.05,-0.11,0,-0.01,
2,0,0.01,-10.05,-0.11,0,0,
2,0,0.01,-10.05,-0.11,0,0,
2,0,0.02,-10.02,-0.06,0,-0.01,
2,0,0.02,-10.02,-0.06,0,-0.01,
2,0,0.02,-10.02,-0.06,0,-0.01,
2,0,-0.01,-9.96,-0.07,0,-0.01,
2,0,-0.01,-9.96,-0.07,0,-0.01,
2,0,-0.01,-9.96,-0.07,0,-0.01,
2,0,0.04,-10.06,-0.1,-0.01,-0.01,
2,0,0.04,-10.06,-0.1,0,-0.01,
2,0,0.04,-10.06,-0.1,0,-0.01,
2,0,0.04,-10.02,-0.06,0,-0.01,
2,0,0.04,-10.02,-0.06,0,-0.01,
2,0,0.04,-10.02,-0.06,0,-0.01,
2,0,0.01,-10.01,-0.1,0,-0.01,
2,0,0.01,-10.01,-0.1,0,-0.01,
2,0,0,-10.05,-0.09,0,-0.01,
2,0,0,-10.05,-0.09,0,-0.01,
2,0,0,-10.05,-0.09,-0.01,-0.01,
2,0,-0.03,-10.05,-0.08,-0.01,-0.01,
2,0,-0.03,-10.05,-0.08,0,-0.01,
2,0,-0.03,-10.05,-0.08,-0.01,-0.01,
2,0,-0.05,-9.99,-0.11,-0.01,-0.01,
2,0,-0.05,-9.99,-0.11,0,-0.01,
2,0,-0.05,-9.99,-0.11,0,-0.01,
2,0,0.01,-10.01,-0.1,0,-0.01,
2,0,0.01,-10.01,-0.1,0,-0.01,
2,0,0.01,-10.01,-0.1,0,-0.01,
2,0,0,-10.01,-0.09,0,-0.01,
2,0,0,-10.01,-0.09,-0.01,-0.01,
2,0,0,-10.01,-0.09,0,-0.01,
2,0,0.03,-10.04,-0.13,0,-0.01,
2,0,0.03,-10.04,-0.13,-0.01,-0.01,
2,0,0.03,-10.04,-0.13,-0.01,-0.01,
2,0,0.04,-10.01,-0.06,-0.01,-0.01,
2,0,0.04,-10.01,-0.06,0,-0.01,
2,0,0.04,-10.01,-0.06,0,-0.01,
2,0,0.01,-10.02,-0.09,0,-0.01,
2,0,0.01,-10.02,-0.09,0,-0.01,
2,0,0.01,-10.02,-0.09,0,-0.01,
2,0,0,-10,-0.11,0,-0.01,
2,0,0,-10,-0.11,-0.01,-0.01,
2,0,0,-10,-0.11,-0.01,-0.01,
2,0,-0.04,-10.02,-0.1,0,-0.01,
2,0,-0.04,-10.02,-0.1,-0.01,-0.01,
2,0,-0.04,-10.02,-0.1,-0.01,-0.01,
2,0,-0.01,-10.06,-0.11,0,-0.01,
2,0,-0.01,-10.06,-0.11,-0.01,-0.01,
2,0,0,-9.98,-0.06,-0.01,-0.01,
2,0,0,-9.98,-0.06,0,-0.01,
2,0,0,-9.98,-0.06,0,-0.01,
2,0,0,-10.02,-0.02,0,-0.01,
2,0,0,-10.02,-0.02,-0.01,-0.01,
2,0,0,-10.02,-0.02,0,-0.01,
2,0,0.03,-10.04,-0.09,0,-0.01,
2,0,0.03,-10.04,-0.09,-0.01,-0.01,
2,0,0.03,-10.04,-0.09,-0.01,-0.01,
2,0,0.22,-9.96,-0.16,-0.01,-0.01,
2,0,0.22,-9.96,-0.16,0,-0.01,
2,0,0.22,-9.96,-0.16,0,-0.01,
2,0,-0.16,-10.04,-0.16,0,-0.01,
2,0,-0.16,-10.04,-0.16,0,-0.01,
2,0,-0.16,-10.04,-0.16,0,-0.01,
2,0,0.26,-9.96,-0.29,0,-0.01,
2,0,0.26,-9.96,-0.29,0,-0.01,
2,0,0.26,-9.96,-0.29,0,-0.01,
2,0,-0.15,-10.05,0.04,0,-0.01,
2,0,-0.15,-10.05,0.04,0.01,-0.01,
2,0,0.36,-9.89,-0.08,-0.01,-0.01,
2,0,0.36,-9.89,-0.08,-0.01,-0.01,
2,0,0.36,-9.89,-0.08,-0.01,-0.01,
2,0,-0.15,-10.14,-0.2,-0.01,-0.01,
2,0,-0.15,-10.14,-0.2,-0.01,-0.01,
2,0,-0.15,-10.14,-0.2,0,-0.01,
2,0,0.51,-9.92,-0.11,0,-0.01,
2,0,0.51,-9.92,-0.11,0,-0.01,
2,0,0.51,-9.92,-0.11,-0.01,-0.01,
2,0,-0.15,-10.04,-0.14,0,-0.01,
2,0,-0.15,-10.04,-0.14,0,-0.01,
2,0,-0.15,-10.04,-0.14,0,-0.01,
2,0,0.32,-10.13,-0.11,-0.01,-0.01,
2,0,0.32,-10.13,-0.11,-0.01,-0.01,
2,0,0.32,-10.13,-0.11,0,-0.01,
2,0,-0.19,-10.09,-0.19,0,-0.01,
2,0,-0.19,-10.09,-0.19,0,-0.01,
2,0,0.11,-10.05,-0.12,-0.01,-0.01,
2,0,0.11,-10.05,-0.12,0,-0.01,
2,0,0.11,-10.05,-0.12,0,-0.01,
2,0,-0.11,-9.99,-0.14,-0.01,-0.01,
2,0,-0.11,-9.99,-0.14,-0.01,-0.01,
2,0,-0.11,-9.99,-0.14,-0.01,-0.01,
2,0,0,-10.02,-0.11,0,-0.01,
2,0,0,-10.02,-0.11,0,-0.01,
2,0,0,-10.02,-0.11,0,-0.01,
2,0,0,-9.98,-0.07,0,-0.01,
2,0,0,-9.98,-0.07,-0.01,-0.01,
2,0,0,-9.98,-0.07,-0.01,-0.01,
2,0,0.01,-10.05,0.02,0,-0.01,
2,0,0.01,-10.05,0.02,-0.01,-0.01,
2,0,0.01,-10.05,0.02,-0.01,-0.01,
2,0,0.12,-9.97,0.03,-0.01,-0.01,
2,0,0.12,-9.97,0.03,-0.01,-0.01,
2,0,0.12,-9.97,0.03,-0.01,-0.01,
2,0,-0.05,-10.04,-0.15,0,-0.01,
2,0,-0.05,-10.04,-0.15,0,-0.01,
2,0,-0.07,-10.06,-0.1,-0.01,-0.01,
2,0,-0.07,-10.06,-0.1,-0.01,-0.01,
2,0,-0.07,-10.06,-0.1,0,0,
2,0,-0.01,-10.11,-0.15,0,0,
2,0,-0.01,-10.11,-0.15,-0.01,-0.01,
2,0,-0.01,-10.11,-0.15,-0.01,0,
2,0,0,-10.06,-0.16,0,-0.02,
2,0,0,-10.06,-0.16,0,-0.02,
2,0,0,-10.06,-0.16,-0.01,-0.01,
2,0,0.1,-9.97,-0.1,0,-0.01,
2,0,0.1,-9.97,-0.1,0,-0.01,
2,0,0.1,-9.97,-0.1,0,-0.01,
2,0,0,-9.99,-0.1,-0.01,-0.01,
2,0,0,-9.99,-0.1,-0.01,-0.01,
2,0,-0.05,-10.01,-0.04,-0.01,-0.01,
2,0,-0.05,-10.01,-0.04,0,-0.01,
2,0,-0.05,-10.01,-0.04,0,-0.01,
2,0,0,-10.02,-0.08,0,-0.01,
2,0,0,-10.02,-0.08,-0.01,-0.01,
2,0,0,-10.02,-0.08,-0.01,-0.01,
2,0,0.03,-10.05,-0.09,0,-0.01,
2,0,0.03,-10.05,-0.09,0,-0.01,
2,0,0.03,-10.05,-0.09,0,-0.01,
2,0,-0.03,-10.06,-0.13,0,-0.01,
2,0,-0.03,-10.06,-0.13,-0.01,-0.01,
2,0,-0.03,-10.06,-0.13,-0.01,-0.01,
2,0,0.01,-10.07,-0.11,0,-0.01,
2,0,0.01,-10.07,-0.11,0,-0.01,
2,0,0.01,-10.07,-0.11,0,-0.01,
2,0,-0.07,-10,-0.08,0,-0.01,
2,0,-0.07,-10,-0.08,0,-0.01,
2,0,-0.07,-10,-0.08,0,-0.01,
2,0,0.06,-10.04,-0.14,-0.01,-0.01,
2,0,0.06,-10.04,-0.14,0,-0.01,
2,0,0.06,-10.04,-0.14,0,-0.01,
2,0,-0.03,-10.07,-0.05,-0.01,-0.01,
2,0,-0.03,-10.07,-0.05,-0.01,-0.01,
2,0,-0.06,-9.98,-0.07,-0.01,-0.01,
2,0,-0.06,-9.98,-0.07,-0.01,-0.01,
2,0,-0.06,-9.98,-0.07,-0.01,-0.01,
2,0,-0.03,-10.07,-0.1,-0.01,-0.01,
2,0,-0.03,-10.07,-0.1,0,-0.01,
2,0,-0.03,-10.07,-0.1,0,-0.01,
2,0,-0.02,-9.99,-0.11,0,-0.01,
2,0,-0.02,-9.99,-0.11,0,-0.01,
2,0,-0.02,-9.99,-0.11,-0.01,-0.01,
2,0,0.06,-10.06,-0.03,-0.01,-0.01,
2,0,0.06,-10.06,-0.03,-0.01,-0.01,
2,0,0.06,-10.06,-0.03,0,-0.01,
2,0,0.02,-10.07,-0.07,0,-0.01,
2,0,0.02,-10.07,-0.07,0,-0.01,
2,0,0.01,-10.03,-0.08,0,-0.01,
2,0,0.01,-10.03,-0.08,0,-0.01,
2,0,0.01,-10.03,-0.08,0,-0.01,
2,0,0.03,-10.07,-0.13,-0.01,-0.01,
2,0,0.03,-10.07,-0.13,-0.01,-0.01,
2,0,0.03,-10.07,-0.13,-0.01,-0.01,
2,0,0.07,-10,-0.11,-0.01,0,
2,0,0.07,-10,-0.11,0,-0.01,
2,0,0.07,-10,-0.11,0,-0.01,
2,0,-0.04,-10.01,-0.09,-0.01,-0.01,
2,0,-0.04,-10.01,-0.09,0,-0.01,
2,0,0,-10.07,-0.06,0,-0.01,
2,0,0,-10.07,-0.06,-0.01,-0.01,
2,0,0,-10.07,-0.06,0,-0.01,
2,0,-0.01,-10.06,-0.13,0,-0.01,
2,0,-0.01,-10.06,-0.13,0,-0.01,
2,0,-0.01,-10.06,-0.13,-0.01,-0.01,
2,0,0.02,-10.05,-0.11,0,-0.01,
2,0,0.02,-10.05,-0.11,0,-0.01,
2,0,0.02,-10.05,-0.11,0,0,
2,0,0.03,-10.04,-0.08,-0.01,-0.01,
2,0,0.03,-10.04,-0.08,-0.01,-0.01,
2,0,0.03,-10.04,-0.08,-0.01,-0.01,
2,0,0.03,-9.99,-0.06,0,-0.01,
2,0,0.03,-9.99,-0.06,0,-0.01,
2,0,0,-10.02,-0.12,0,-0.01,
2,0,0,-10.02,-0.12,0,-0.02,
2,0,0,-10.02,-0.12,0,-0.02,
2,0,0.04,-10.05,-0.05,0,-0.01,
2,0,0.04,-10.05,-0.05,0,-0.01,
2,0,0.04,-10.05,-0.05,0,-0.01,
2,0,-0.04,-10.01,-0.1,0,-0.01,
2,0,-0.04,-10.01,-0.1,0,-0.01,
2,0,-0.04,-10.01,-0.1,0,-0.01,
2,0,-0.01,-10.09,-0.08,0,-0.01,
2,0,-0.01,-10.09,-0.08,-0.01,-0.01,
2,0,-0.01,-10.09,-0.08,-0.01,-0.01,
2,0,-0.06,-10.05,-0.07,0,-0.01,
2,0,-0.06,-10.05,-0.07,0,-0.01,
2,0,-0.06,-10.05,-0.07,0,-0.01,
2,0,0.01,-10.05,-0.13,0,-0.01,
2,0,0.01,-10.05,-0.13,0,-0.01,
2,0,0,-10.03,-0.09,0,-0.01,
2,0,0,-10.03,-0.09,0,-0.01,
2,0,0,-10.03,-0.09,-0.01,-0.01,
2,0,-0.02,-10.01,-0.09,0,-0.01,
2,0,-0.02,-10.01,-0.09,0,-0.01,
2,0,-0.02,-10.01,-0.09,0,-0.01,
2,0,0,-10.03,-0.1,-0.01,-0.01,
2,0,0,-10.03,-0.1,-0.01,-0.01,
2,0,0,-10.03,-0.1,-0.01,-0.01,
2,0,0.05,-10.04,-0.1,0,-0.01,
2,0,0.05,-10.04,-0.1,0,-0.01,
2,0,0.05,-10.04,-0.1,0,-0.01,
2,0,0.03,-10.03,-0.14,0,-0.01,
2,0,0.03,-10.03,-0.14,0,-0.01,
2,0,0.04,-10.04,-0.06,-0.01,-0.01,
2,0,0.04,-10.04,-0.06,0,-0.01,
2,0,0.04,-10.04,-0.06,0,-0.01,
2,0,0,-10,-0.1,0,-0.01,
2,0,0,-10,-0.1,-0.01,-0.01,
2,0,0,-10,-0.1,-0.01,-0.01,
2,0,-0.02,-10,-0.09,-0.01,-0.01,
2,0,-0.02,-10,-0.09,-0.01,-0.01,
2,0,-0.02,-10,-0.09,-0.01,-0.01,
2,0,0.02,-10.07,-0.1,0,-0.01,
2,0,0.02,-10.07,-0.1,0,-0.01,
2,0,0.02,-10.07,-0.1,0,-0.01,
2,0,0.05,-10.05,-0.08,-0.01,-0.01,
2,0,0.05,-10.05,-0.08,0,-0.01,
2,0,0.05,-10.05,-0.08,0,-0.01,
2,0,0.02,-9.99,-0.1,0,-0.01,
2,0,0.02,-9.99,-0.1,0,-0.01,
2,0,0.02,-9.99,-0.1,0,-0.01,
2,0,0.04,-10.02,-0.04,-0.01,-0.01,
2,0,0.04,-10.02,-0.04,0,-0.01,
2,0,0.04,-10.02,-0.04,0,-0.01,
2,0,0,-10.06,-0.1,-0.01,-0.01,
2,0,0,-10.06,-0.1,-0.01,-0.01,
2,0,0,-10.06,-0.1,0,-0.01,
2,0,0.04,-10.02,-0.16,-0.01,-0.01,
2,0,0.04,-10.02,-0.16,-0.01,-0.01,
2,0,0.04,-10.02,-0.16,0,-0.01,
2,0,0.04,-10,-0.05,0,-0.01,
2,0,0.04,-10,-0.05,0,-0.01,
2,0,0,-9.97,-0.04,0,-0.01,
2,0,0,-9.97,-0.04,0,-0.01,
2,0,0,-9.97,-0.04,0,-0.01,
2,0,-0.01,-10.03,-0.08,0,-0.01,
2,0,-0.01,-10.03,-0.08,0,-0.01,
2,0,-0.01,-10.03,-0.08,0,-0.01,
2,0,0.03,-10.04,-0.11,0,-0.01,
2,0,0.03,-10.04,-0.11,0,-0.01,
2,0,0.03,-10.04,-0.11,0,-0.01,
2,0,0,-10.02,-0.12,0,-0.01,
2,0,0,-10.02,-0.12,0,-0.01,
2,0,0,-10.02,-0.12,0,-0.01,
2,0,0,-10.06,-0.12,0,-0.01,
2,0,0,-10.06,-0.12,0,-0.01,
2,0,0,-10.06,-0.12,0,-0.01,
2,0,0.01,-10.01,-0.11,0,-0.01,
2,0,0.01,-10.01,-0.11,0,-0.01,
2,0,-0.01,-10.04,-0.06,0,-0.01,
2,0,-0.01,-10.04,-0.06,0,-0.01,
2,0,-0.01,-10.04,-0.06,0,0,
2,0,0.04,-9.99,-0.11,0,-0.01,
2,0,0.04,-9.99,-0.11,0,-0.01,
2,0,0.04,-9.99,-0.11,-0.01,-0.01,
2,0,-0.02,-10.02,-0.06,0,-0.01,
2,0,-0.02,-10.02,-0.06,0,-0.01,
2,0,-0.02,-10.02,-0.06,0,-0.01,
2,0,-0.03,-10.01,-0.08,-0.01,-0.01,
2,0,-0.03,-10.01,-0.08,-0.01,-0.01,
2,0,-0.03,-10.01,-0.08,0,-0.01,
2,0,-0.01,-10.02,-0.12,0,-0.01,
2,0,-0.01,-10.02,-0.12,0,-0.01,
2,0,-0.02,-10.08,-0.13,0,-0.01,
2,0,-0.02,-10.08,-0.13,-0.01,-0.01,
2,0,-0.02,-10.08,-0.13,-0.01,-0.01,
2,0,-0.04,-10.07,-0.1,0,-0.01,
2,0,-0.04,-10.07,-0.1,0,-0.01,
2,0,-0.04,-10.07,-0.1,0,-0.01,
2,0,-0.02,-10.07,-0.12,-0.01,0,
2,0,-0.02,-10.07,-0.12,-0.01,-0.01,
2,0,-0.02,-10.07,-0.12,0,-0.01,
2,0,-0.02,-10.06,-0.1,0,-0.01,
2,0,-0.02,-10.06,-0.1,-0.01,-0.01,
2,0,-0.02,-10.06,-0.1,-0.01,-0.01,
2,0,0.02,-10.07,-0.16,-0.01,-0.01,
2,0,0.02,-10.07,-0.16,0,-0.01,
2,0,0.02,-10.07,-0.16,0,-0.01,
2,0,-0.02,-10.05,-0.06,0,-0.01,
2,0,-0.02,-10.05,-0.06,0,-0.01,
2,0,-0.04,-10.04,-0.1,0,-0.01,
2,0,-0.04,-10.04,-0.1,0,-0.01,
2,0,-0.04,-10.04,-0.1,-0.01,-0.01,
2,0,-0.04,-10.04,-0.08,0,-0.01,
2,0,-0.04,-10.04,-0.08,0,-0.01,
2,0,-0.04,-10.04,-0.08,0,-0.01,
2,0,-0.05,-10.08,-0.1,0,-0.01,
2,0,-0.05,-10.08,-0.1,0,-0.01,
2,0,-0.05,-10.08,-0.1,-0.01,0,
2,0,0.04,-10.02,-0.07,0,-0.01,
2,0,0.04,-10.02,-0.07,0,-0.01,
2,0,0.04,-10.02,-0.07,0,-0.01,
2,0,-0.04,-10,-0.08,-0.01,-0.01,
2,0,-0.04,-10,-0.08,-0.01,-0.01,
2,0,0,-10.01,-0.12,-0.01,-0.01,
2,0,0,-10.01,-0.12,-0.01,-0.01,
2,0,0,-10.01,-0.12,0,-0.01,
2,0,0.01,-9.97,-0.14,0,-0.01,
2,0,0.01,-9.97,-0.14,0,-0.01,
2,0,0.01,-9.97,-0.14,-0.01,-0.01,
2,0,0.03,-10.05,-0.1,-0.01,-0.01,
2,0,0.03,-10.05,-0.1,-0.01,-0.01,
2,0,0.03,-10.05,-0.1,0,-0.01,
2,0,0.03,-10.05,-0.1,0,-0.01,
2,0,0.03,-10.05,-0.1,-0.01,-0.01,
2,0,0.03,-10.05,-0.1,0,-0.01,
2,0,-0.02,-10.01,-0.08,0,-0.01,
2,0,-0.02,-10.01,-0.08,0,-0.01,
2,0,-0.02,-10.01,-0.08,0,-0.01,
2,0,0,-10.03,-0.12,0,-0.01,
2,0,0,-10.03,-0.12,-0.01,-0.01,
2,0,0,-10.03,-0.12,-0.01,-0.01,
2,0,0,-10.01,-0.08,0,-0.01,
2,0,0,-10.01,-0.08,0,-0.01,
2,0,0,-10.01,-0.08,0,-0.01,
2,0,0.01,-10.06,-0.1,0.01,-0.01,
2,0,0.01,-10.06,-0.1,0,-0.01,
2,0,0,-10.07,-0.06,0,-0.01,
2,0,0,-10.07,-0.06,0,-0.01,
2,0,0,-10.07,-0.06,0,-0.01,
2,0,0,-10.06,-0.08,0,-0.01,
2,0,0,-10.06,-0.08,-0.01,-0.01,
2,0,0,-10.06,-0.08,0,-0.01,
2,0,-0.04,-9.99,-0.1,0,-0.01,
2,0,-0.04,-9.99,-0.1,0,0,
2,0,-0.04,-9.99,-0.1,0,-0.01,
2,0,-0.04,-10.05,-0.1,0,-0.01,
2,0,-0.04,-10.05,-0.1,-0.01,-0.01,
2,0,-0.04,-10.05,-0.1,-0.01,-0.01,
2,0,0.02,-10.05,-0.07,-0.01,-0.02,
2,0,0.02,-10.05,-0.07,0,-0.01,
2,0,0.02,-10.05,-0.07,0,-0.01,
2,0,0.06,-10.05,-0.11,-0.01,-0.01,
2,0,0.06,-10.05,-0.11,-0.01,-0.01,
2,0,0.06,-10.05,-0.11,-0.01,-0.01,
2,0,0.06,-10.07,-0.12,0,-0.01,
2,0,0.06,-10.07,-0.12,0,-0.01,
2,0,0.06,-10.07,-0.12,0,-0.01,
2,0,-0.04,-10.02,-0.1,0,-0.01,
2,0,-0.04,-10.02,-0.1,-0.01,-0.01,
2,0,-0.04,-10.02,-0.1,-0.01,-0.01,
2,0,0.04,-9.96,-0.08,0,-0.01,
2,0,0.04,-9.96,-0.08,0,-0.01,
2,0,0.04,-9.96,-0.08,0,-0.01,
2,0,-0.01,-10.07,-0.11,-0.01,-0.01,
2,0,-0.01,-10.07,-0.11,0,-0.01,
2,0,-0.01,-10.07,-0.11,0,-0.01,
2,0,-0.03,-10.07,-0.11,0,-0.01,
2,0,-0.03,-10.07,-0.11,0,-0.01,
2,0,-0.01,-10.01,-0.09,0,-0.01,
2,0,-0.01,-10.01,-0.09,-0.01,-0.01,
2,0,-0.01,-10.01,-0.09,-0.01,-0.01,
2,0,0.02,-10.04,-0.12,-0.01,-0.01,
2,0,0.02,-10.04,-0.12,0,-0.01,
2,0,0.02,-10.04,-0.12,0,-0.01,
2,0,0.03,-10.03,-0.07,0,-0.01,
2,0,0.03,-10.03,-0.07,0,-0.01,
2,0,0.03,-10.03,-0.07,-0.01,-0.01,
2,0,0.05,-10.02,-0.08,-0.01,-0.01,
2,0,0.05,-10.02,-0.08,0,-0.01,
2,0,0.05,-10.02,-0.08,0,-0.01,
2,0,-0.04,-10.02,-0.02,0,-0.01,
2,0,-0.04,-10.02,-0.02,0,-0.01,
2,0,-0.04,-10.02,-0.02,0,-0.01,
2,0,-0.06,-9.97,-0.13,0,-0.01,
2,0,-0.06,-9.97,-0.13,0,-0.01,
2,0,-0.06,-9.97,-0.13,-0.01,-0.01,
2,0,-0.02,-10,-0.1,-0.01,-0.01,
2,0,-0.02,-10,-0.1,0,-0.01,
2,0,-0.07,-10.07,-0.12,0,-0.01,
2,0,-0.07,-10.07,-0.12,0,-0.01,
2,0,-0.07,-10.07,-0.12,0,-0.01,
2,0,0.03,-10.04,-0.08,0,-0.01,
2,0,0.03,-10.04,-0.08,0,-0.01,
2,0,0.03,-10.04,-0.08,0,-0.01,
2,0,-0.03,-9.97,-0.14,0,-0.01,
2,0,-0.03,-9.97,-0.14,0,-0.01,
2,0,-0.03,-9.97,-0.14,0,-0.01,
2,0,0.1,-10.02,-0.04,-0.01,-0.01,
2,0,0.1,-10.02,-0.04,-0.01,-0.01,
2,0,0.1,-10.02,-0.04,-0.01,-0.01,
2,0,0.01,-10.08,-0.08,-0.01,-0.01,
2,0,0.01,-10.08,-0.08,-0.01,-0.01,
2,0,0.01,-10.08,-0.08,0,-0.01,
2,0,-0.01,-10.07,-0.12,-0.01,-0.01,
2,0,-0.01,-10.07,-0.12,-0.01,-0.01,
2,0,-0.01,-10.07,-0.12,0,-0.01,
2,0,-0.01,-10.02,-0.11,0,-0.01,
2,0,-0.01,-10.02,-0.11,0,-0.01,
2,0,0.02,-10.06,-0.07,0,-0.01,
2,0,0.02,-10.06,-0.07,-0.01,-0.01,
2,0,0.02,-10.06,-0.07,-0.01,-0.01,
2,0,-0.04,-10.03,-0.08,0,-0.01,
2,0,-0.04,-10.03,-0.08,-0.01,-0.01,
2,0,-0.04,-10.03,-0.08,-0.01,-0.01,
2,0,-0.02,-10.06,-0.13,0,-0.01,
2,0,-0.02,-10.06,-0.13,0,-0.01,
2,0,-0.02,-10.06,-0.13,0,-0.01,
2,0,-0.01,-10,-0.09,0,-0.01,
2,0,-0.01,-10,-0.09,-0.01,-0.01,
2,0,-0.01,-10,-0.09,-0.01,-0.01,
2,0,0.06,-10.03,-0.12,-0.01,-0.01,
2,0,0.06,-10.03,-0.12,0,-0.01,
2,0,0.06,-10.03,-0.12,0,-0.01,
2,0,0.03,-10.02,-0.06,0,-0.01,
2,0,0.03,-10.02,-0.06,0,-0.01,
2,0,0,-10.07,-0.11,0,0,
2,0,0,-10.07,-0.11,0,-0.01,
2,0,0.01,-10.03,-0.02,0,-0.01,
2,0,0.01,-10.03,-0.02,0,-0.01,
2,0,0.01,-10.03,-0.02,0,-0.01,
2,0,-0.04,-10.03,-0.02,-0.01,-0.01,
2,0,-0.04,-10.03,-0.02,-0.01,-0.01,
2,0,-0.04,-10.03,-0.02,0,-0.01,
2,0,0,-10.01,-0.05,0,-0.01,
2,0,0,-10.01,-0.05,0,-0.01,
2,0,0,-10.01,-0.05,-0.01,-0.01,
2,0,-0.01,-10.07,-0.13,-0.01,-0.01,
2,0,-0.01,-10.07,-0.13,0,-0.01,
2,0,-0.01,-10.07,-0.13,0,-0.01,
2,0,0.03,-9.96,-0.11,0,-0.01,
2,0,0.03,-9.96,-0.11,0,-0.01,
2,0,0.03,-9.96,-0.11,0,-0.01,
2,0,0.02,-10.05,-0.09,0,-0.01,
2,0,0.02,-10.05,-0.09,0,-0.01,
2,0,0.02,-10.05,-0.09,0,-0.01,
2,0,-0.01,-9.98,-0.06,0,-0.01,
2,0,-0.01,-9.98,-0.06,0,-0.01,
2,0,-0.01,-9.98,-0.06,0,-0.01,
2,0,-0.02,-10.02,-0.08,0,-0.01,
2,0,-0.02,-10.02,-0.08,0,0,
2,0,-0.02,-10.02,-0.08,0,0,
2,0,0.01,-10.05,-0.09,-0.01,-0.02,
2,0,0.01,-10.05,-0.09,0,-0.01,
2,0,0.01,-10.05,-0.09,0,-0.01,
2,0,0.01,-10.05,-0.08,-0.01,-0.01,
2,0,0.01,-10.05,-0.08,0,-0.01,
2,0,-0.01,-10.02,-0.07,-0.01,-0.01,
2,0,-0.01,-10.02,-0.07,-0.01,-0.01,
2,0,-0.01,-10.02,-0.07,0,0,
2,0,-0.03,-10.07,-0.12,-0.01,-0.01,
2,0,-0.03,-10.07,-0.12,-0.01,-0.01,
2,0,-0.03,-10.07,-0.12,-0.01,-0.01,
2,0,0,-10.06,-0.09,0,-0.01,
2,0,0,-10.06,-0.09,0,-0.01,
2,0,0,-10.06,-0.09,0,-0.01,
2,0,0.02,-10.03,-0.1,-0.01,-0.01,
2,0,0.02,-10.03,-0.1,-0.01,-0.01,
2,0,0.02,-10.03,-0.1,0,-0.01,
2,0,0,-10.02,-0.03,-0.01,-0.01,
2,0,0,-10.02,-0.03,-0.01,-0.01,
2,0,0,-10.02,-0.03,-0.01,-0.01,
2,0,0,-9.97,-0.09,-0.01,-0.01,
2,0,0,-9.97,-0.09,-0.01,-0.01,
2,0,0,-9.97,-0.09,0,-0.01,
2,0,-0.01,-9.98,-0.12,0,-0.01,
2,0,-0.01,-9.98,-0.12,0,-0.01,
2,0,0.01,-10.04,-0.08,0,-0.01,
2,0,0.01,-10.04,-0.08,0,-0.01,
2,0,0.01,-10.04,-0.08,0,-0.01,
2,0,0.01,-10,-0.18,0,-0.01,
2,0,0.01,-10,-0.18,-0.01,-0.01,
2,0,0.01,-10,-0.18,-0.01,-0.01,
2,0,-0.08,-10.06,-0.09,0,-0.01,
2,0,-0.08,-10.06,-0.09,-0.01,0,
2,0,-0.08,-10.06,-0.09,-0.01,0,
2,0,0.03,-10.04,-0.13,0,-0.01,
2,0,0.03,-10.04,-0.13,0,-0.01,
2,0,0.03,-10.04,-0.13,0,-0.01,
2,0,-0.03,-10.09,-0.09,-0.01,-0.01,
2,0,-0.03,-10.09,-0.09,0,-0.01,
2,0,-0.03,-10.09,-0.09,0,-0.01,
2,0,0.05,-10.01,-0.14,0,-0.01,
2,0,0.05,-10.01,-0.14,0,-0.01,
2,0,0.02,-10.03,-0.04,0,-0.01,
2,0,0.02,-10.03,-0.04,0,-0.01,
2,0,0.02,-10.03,-0.04,0,-0.01,
2,0,0.06,-9.97,-0.11,0,-0.01,
2,0,0.06,-9.97,-0.11,0,-0.01,
2,0,0.06,-9.97,-0.11,0,-0.01,
2,0,-0.08,-10,-0.08,0,-0.01,
2,0,-0.08,-10,-0.08,0,-0.01,
2,0,-0.08,-10,-0.08,0,-0.01,
2,0,0.03,-9.96,0.07,0,-0.01,
2,0,0.03,-9.96,0.07,0,-0.01,
2,0,0.03,-9.96,0.07,0,-0.01,
2,0,-0.07,-10.04,-0.04,0,-0.01,
2,0,-0.07,-10.04,-0.04,0,-0.01,
2,0,-0.07,-10.04,-0.04,0,-0.01,
2,0,-0.07,-10.06,-0.18,0,-0.01,
2,0,-0.07,-10.06,-0.18,0,-0.01,
2,0,-0.01,-10.15,-0.28,-0.01,-0.01,
2,0,-0.01,-10.15,-0.28,-0.01,-0.01,
2,0,-0.01,-10.15,-0.28,0,-0.01,
2,0,-0.06,-9.99,-0.06,0,-0.01,
2,0,-0.06,-9.99,-0.06,0,-0.01,
2,0,-0.06,-9.99,-0.06,0,-0.01,
2,0,0.06,-10.06,-0.13,-0.01,-0.01,
2,0,0.06,-10.06,-0.13,-0.01,-0.01,
2,0,0.06,-10.06,-0.13,-0.01,-0.01,
2,0,0.02,-9.95,-0.1,-0.01,-0.01,
2,0,0.02,-9.95,-0.1,-0.01,-0.01,
2,0,0.02,-9.95,-0.1,-0.01,-0.01,
2,0,-0.09,-10.06,-0.11,-0.01,-0.01,
2,0,-0.09,-10.06,-0.11,-0.01,-0.01,
2,0,-0.09,-10.06,-0.11,-0.01,-0.01,
2,0,0.02,-9.87,-0.09,0,-0.01,
2,0,0.02,-9.87,-0.09,-0.01,-0.01,
2,0,0.02,-10.03,-0.06,-0.01,-0.01,
2,0,0.02,-10.03,-0.06,0,-0.01,
2,0,0.02,-10.03,-0.06,0,-0.01,
2,0,0.06,-9.94,-0.1,0,-0.01,
2,0,0.06,-9.94,-0.1,-0.01,-0.01,
2,0,0.06,-9.94,-0.1,-0.01,-0.01,
2,0,-0.08,-10.18,-0.18,-0.01,-0.01,
2,0,-0.08,-10.18,-0.18,0,-0.01,
2,0,-0.08,-10.18,-0.18,0,-0.01,
2,0,0.04,-9.95,-0.07,0,-0.01,
2,0,0.04,-9.95,-0.07,0,-0.01,
2,0,0.04,-9.95,-0.07,0,-0.01,
2,0,0,-10.06,-0.12,0,-0.01,
2,0,0,-10.06,-0.12,0,-0.01,
2,0,0,-10.06,-0.12,0,-0.01,
2,0,0.02,-9.91,-0.01,0,-0.01,
2,0,0.02,-9.91,-0.01,0,-0.01,
2,0,0.02,-9.91,-0.01,0,-0.01,
2,0,-0.02,-10.11,-0.16,0,0,
2,0,-0.02,-10.11,-0.16,-0.01,-0.01,
2,0,-0.02,-10.11,-0.16,-0.01,-0.01,
2,0,0,-9.99,-0.11,0,0,
2,0,0,-9.99,-0.11,0,-0.01,
2,0,0.01,-10.08,-0.05,0,-0.01,
2,0,0.01,-10.08,-0.05,0,-0.01,
2,0,0.01,-10.08,-0.05,0,-0.01,
2,0,0.05,-10.01,-0.06,0,-0.01,
2,0,0.05,-10.01,-0.06,0,-0.01,
2,0,0.05,-10.01,-0.06,0,-0.01,
2,0,0.01,-9.95,0.06,-0.01,-0.01,
2,0,0.01,-9.95,0.06,-0.01,-0.01,
2,0,0.01,-9.95,0.06,0,-0.01,
2,0,0.09,-10.11,-0.26,0,-0.01,
2,0,0.09,-10.11,-0.26,0,-0.01,
2,0,0.09,-10.11,-0.26,0,-0.01,
2,0,-0.01,-10.02,0.03,0,-0.01,
2,0,-0.01,-10.02,0.03,0,-0.01,
2,0,-0.01,-10.02,0.03,0,-0.01,
2,0,0,-10.04,-0.22,0,-0.01,
2,0,0,-10.04,-0.22,0,-0.01,
2,0,-0.03,-10.04,-0.06,0,-0.01,
2,0,-0.03,-10.04,-0.06,0,-0.01,
2,0,-0.03,-10.04,-0.06,0,-0.01,
2,0,-0.06,-10.05,-0.18,-0.01,-0.01,
2,0,-0.06,-10.05,-0.18,0,-0.01,
2,0,-0.06,-10.05,-0.18,0,-0.01,
2,0,0.05,-10.07,-0.03,0,-0.01,
2,0,0.05,-10.07,-0.03,0,-0.01,
2,0,0.05,-10.07,-0.03,0,-0.01,
2,0,-0.08,-10.04,-0.15,0,-0.01,
2,0,-0.08,-10.04,-0.15,-0.01,-0.01,
2,0,-0.08,-10.04,-0.15,-0.01,-0.01,
2,0,0.03,-10.1,-0.13,-0.01,-0.01,
2,0,0.03,-10.1,-0.13,-0.01,0,
2,0,0.03,-10.1,-0.13,-0.01,0,
2,0,0.11,-10.11,-0.15,0,-0.01,
2,0,0.11,-10.11,-0.15,-0.01,-0.01,
2,0,0,-10.05,0,-0.01,-0.01,
2,0,0,-10.05,0,-0.01,0,
2,0,0,-10.05,0,0,-0.01,
2,0,0.06,-10.05,-0.07,0,-0.01,
2,0,0.06,-10.05,-0.07,-0.01,-0.01,
2,0,0.06,-10.05,-0.07,-0.01,-0.01,
2,0,-0.11,-10.05,-0.16,-0.01,-0.01,
2,0,-0.11,-10.05,-0.16,-0.01,-0.01,
2,0,-0.11,-10.05,-0.16,-0.01,-0.01,
2,0,-0.04,-10.05,-0.21,-0.01,-0.01,
2,0,-0.04,-10.05,-0.21,0,-0.01,
2,0,-0.04,-10.05,-0.21,0,-0.01,
2,0,0.02,-9.92,-0.01,0,-0.01,
2,0,0.02,-9.92,-0.01,0,0,
2,0,0.02,-9.92,-0.01,0,-0.01,
2,0,-0.23,-9.38,0.2,0,-0.01,
2,0,-0.23,-9.38,0.2,-0.01,0,
2,0,-0.23,-9.38,0.2,0,-0.01,
2,0,0.28,-9.91,-0.01,0,-0.01,
2,0,0.28,-9.91,-0.01,-0.01,0,
2,0,0.01,-10.03,0.49,0.01,-0.01,
2,0,0.01,-10.03,0.49,0.01,-0.01,
2,0,0.01,-10.03,0.49,-0.01,0,
2,0,0.07,-10.25,-0.29,-0.01,-0.01,
2,0,0.07,-10.25,-0.29,-0.01,-0.01,
2,0,0.07,-10.25,-0.29,-0.01,-0.01,
2,0,-0.09,-10.06,0.12,-0.01,-0.01,
2,0,-0.09,-10.06,0.12,-0.01,-0.01,
2,0,-0.09,-10.06,0.12,0,-0.01,
2,0,0.21,-10.05,-0.44,-0.01,-0.01,
2,0,0.21,-10.05,-0.44,0,-0.01,
2,0,0.21,-10.05,-0.44,0,-0.01,
2,0,-0.06,-10.15,0.05,0,-0.01,
2,0,-0.06,-10.15,0.05,0,-0.01,
2,0,-0.06,-10.15,0.05,0,-0.01,
2,0,0.02,-10.08,-0.2,-0.01,-0.01,
2,0,0.02,-10.08,-0.2,-0.01,-0.01,
2,0,0.02,-10.08,-0.2,0,-0.01,
2,0,-0.04,-10.02,-0.12,-0.01,-0.01,
2,0,-0.04,-10.02,-0.12,-0.01,-0.01,
2,0,-0.04,-10.02,-0.12,-0.01,-0.01,
2,0,0.02,-10.04,-0.28,-0.01,-0.01,
2,0,0.02,-10.04,-0.28,-0.01,-0.01,
2,0,0.02,-10.04,-0.28,-0.01,0,
2,0,-0.03,-10.01,-0.06,-0.01,0,
2,0,-0.03,-10.01,-0.06,-0.01,-0.01,
2,0,0.04,-10.04,-0.06,0,-0.01,
2,0,0.04,-10.04,-0.06,0,-0.01,
2,0,0.04,-10.04,-0.06,0,-0.01,
2,0,0.02,-9.9,0.09,-0.01,-0.01,
2,0,0.02,-9.9,0.09,-0.01,-0.01,
2,0,0.02,-9.9,0.09,-0.01,-0.01,
2,0,0.54,-9.18,-0.67,-0.02,0,
2,0,0.54,-9.18,-0.67,0,-0.02,
2,0,0.54,-9.18,-0.67,0,-0.02,
2,0,-0.11,-9.26,-0.37,0,-0.01,
2,0,-0.11,-9.26,-0.37,0,-0.01,
2,0,-0.11,-9.26,-0.37,-0.01,-0.01,
2,0,0.23,-10.31,-0.35,0.01,-0.01,
2,0,0.23,-10.31,-0.35,0.01,-0.01,
2,0,0.23,-10.31,-0.35,-0.01,-0.01,
2,0,-0.06,-9.4,0.42,0,-0.01,
2,0,-0.06,-9.4,0.42,0,-0.01,
2,0,-0.06,-9.4,0.42,-0.01,-0.01,
2,0,0.06,-9.94,0.1,0,-0.01,
2,0,0.06,-9.94,0.1,0,-0.01,
2,0,0.06,-9.94,0.1,0.01,-0.01,
2,0,-0.05,-9.87,-0.14,-0.01,-0.01,
2,0,-0.05,-9.87,-0.14,-0.01,-0.01,
2,0,-0.05,-9.87,-0.14,0,-0.01,
2,0,-0.23,-9.95,0.44,-0.01,-0.01,
2,0,-0.23,-9.95,0.44,-0.01,-0.01,
2,0,0.09,-10,0.01,0,-0.01,
2,0,0.09,-10,0.01,-0.01,-0.01,
2,0,0.09,-10,0.01,-0.01,-0.01,
2,0,-0.17,-9.89,-0.12,-0.01,-0.01,
2,0,-0.17,-9.89,-0.12,-0.01,-0.01,
2,0,-0.17,-9.89,-0.12,-0.01,-0.01,
2,0,0.06,-10.04,-0.36,0,-0.01,
2,0,0.06,-10.04,-0.36,0.01,-0.01,
2,0,0.06,-10.04,-0.36,0.01,-0.01,
2,0,-0.11,-9.99,-0.16,-0.01,-0.01,
2,0,-0.11,-9.99,-0.16,0,-0.01,
2,0,-0.11,-9.99,-0.16,0,-0.01,
2,0,0.23,-9.95,-0.03,0,-0.01,
2,0,0.23,-9.95,-0.03,-0.01,-0.01,
2,0,0.23,-9.95,-0.03,-0.01,-0.01,
2,0,-0.04,-10.02,0.11,0,-0.01,
2,0,-0.04,-10.02,0.11,0,-0.01,
2,0,0.13,-9.95,0,-0.01,-0.01,
2,0,0.13,-9.95,0,-0.01,-0.01,
2,0,0.13,-9.95,0,0,-0.01,
2,0,-0.01,-10,-0.05,0,-0.01,
2,0,-0.01,-10,-0.05,0,-0.01,
2,0,-0.01,-10,-0.05,0,-0.01,
2,0,0.03,-10.08,-0.09,0,-0.01,
2,0,0.03,-10.08,-0.09,0,-0.01,
2,0,0.03,-10.08,-0.09,-0.01,-0.01,
2,0,0.1,-10.07,-0.04,-0.01,-0.01,
2,0,0.1,-10.07,-0.04,0,-0.01,
2,0,0.1,-10.07,-0.04,-0.01,0,
2,0,-0.02,-10.07,-0.2,-0.01,0,
2,0,-0.02,-10.07,-0.2,-0.01,-0.01,
2,0,-0.02,-10.07,-0.2,0,-0.01,
2,0,-0.04,-10.02,-0.14,0,-0.01,
2,0,-0.04,-10.02,-0.14,-0.01,-0.01,
2,0,-0.04,-10.02,-0.14,-0.01,-0.01,
2,0,-0.05,-10.01,0.01,-0.01,-0.01,
2,0,-0.05,-10.01,0.01,-0.01,-0.01,
2,0,-0.05,-10.01,0.01,-0.01,-0.01,
2,0,0,-10.08,-0.05,-0.01,-0.01,
2,0,0,-10.08,-0.05,0,-0.01,
2,0,0.04,-10.06,-0.09,0,-0.01,
2,0,0.04,-10.06,-0.09,0,-0.01,
2,0,0.04,-10.06,-0.09,0,-0.01,
2,0,0.01,-10.02,-0.07,-0.01,-0.01,
2,0,0.01,-10.02,-0.07,0,-0.01,
2,0,0.01,-10.02,-0.07,0,-0.01,
2,0,0.02,-10.03,-0.08,-0.01,-0.01,
2,0,0.02,-10.03,-0.08,0,0,
2,0,0.02,-10.03,-0.08,0,0,
2,0,-0.03,-10.07,-0.08,-0.01,-0.01,
2,0,-0.03,-10.07,-0.08,0,-0.01,
2,0,-0.03,-10.07,-0.08,0,-0.01,
2,0,0.01,-10.08,-0.12,-0.01,-0.01,
2,0,0.01,-10.08,-0.12,0,-0.01,
2,0,0.01,-10.08,-0.12,0,-0.01,
2,0,-0.01,-10.02,-0.05,0,-0.01,
2,0,-0.01,-10.02,-0.05,-0.01,-0.01,
2,0,0.07,-9.97,0.06,-0.01,-0.01,
2,0,0.07,-9.97,0.06,0,-0.01,
2,0,0.07,-9.97,0.06,-0.01,-0.01,
2,0,0,-10.05,-0.11,-0.01,-0.01,
2,0,0,-10.05,-0.11,-0.01,0,
2,0,0,-10.05,-0.11,0,-0.01,
2,0,0.03,-10.03,-0.15,0,-0.01,
2,0,0.03,-10.03,-0.15,-0.01,-0.01,
2,0,0.03,-10.03,-0.15,0,-0.01,
2,0,-0.06,-10.07,-0.21,0,-0.01,
2,0,-0.06,-10.07,-0.21,0,-0.01,
2,0,-0.06,-10.07,-0.21,0,-0.01,
2,0,0,-10.03,-0.09,0,-0.01,
2,0,0,-10.03,-0.09,-0.01,-0.01,
2,0,0,-10.03,-0.09,0,-0.01,
2,0,-0.02,-10.08,-0.09,0,-0.01,
2,0,-0.02,-10.08,-0.09,0,-0.01,
2,0,-0.02,-10.08,-0.09,0,-0.01,
2,0,-0.04,-9.99,-0.08,0,-0.01,
2,0,-0.04,-9.99,-0.08,0,-0.01,
2,0,-0.04,-9.99,-0.08,0,-0.01,
2,0,-0.03,-9.98,-0.04,-0.01,-0.01,
2,0,-0.03,-9.98,-0.04,-0.01,-0.01,
2,0,-0.03,-9.98,-0.04,-0.01,-0.01,
2,0,-0.04,-10.07,-0.12,-0.01,-0.01,
2,0,-0.04,-10.07,-0.12,0,-0.01,
2,0,-0.04,-10.07,-0.12,0,-0.01,
2,0,-0.02,-10.06,-0.11,0,-0.01,
2,0,-0.02,-10.06,-0.11,-0.01,-0.01,
2,0,0.07,-10.05,-0.07,-0.01,-0.01,
2,0,0.07,-10.05,-0.07,0,-0.01,
2,0,0.07,-10.05,-0.07,0,-0.01,
2,0,0.03,-10.03,-0.05,0,-0.01,
2,0,0.03,-10.03,-0.05,0,-0.01,
2,0,0.03,-10.03,-0.05,0,-0.01,
2,0,0.05,-10.05,-0.1,0,-0.01,
2,0,0.05,-10.05,-0.1,-0.01,-0.01,
2,0,0.05,-10.05,-0.1,-0.01,-0.01,
2,0,-0.02,-10.03,-0.08,-0.01,-0.01,
2,0,-0.02,-10.03,-0.08,0,-0.01,
2,0,-0.02,-10.03,-0.08,0,-0.01,
2,0,-0.01,-10.01,-0.07,0,-0.01,
2,0,-0.01,-10.01,-0.07,-0.01,0,
2,0,-0.01,-10.01,-0.07,-0.01,-0.01,
2,0,-0.03,-10.05,-0.12,-0.01,-0.01,
2,0,-0.03,-10.05,-0.12,0,-0.01,
2,0,-0.03,-10.05,-0.12,0,-0.01,
2,0,0.04,-10.06,-0.1,0,-0.01,
2,0,0.04,-10.06,-0.1,0,-0.01,
2,0,-0.02,-10.06,-0.09,0,-0.01,
2,0,-0.02,-10.06,-0.09,0,-0.01,
2,0,-0.02,-10.06,-0.09,0,-0.01,
2,0,0.04,-9.97,-0.01,0,-0.01,
2,0,0.04,-9.97,-0.01,0,-0.01,
2,0,0.04,-9.97,-0.01,-0.01,-0.01,
2,0,0.04,-9.99,-0.09,-0.01,-0.01,
2,0,0.04,-9.99,-0.09,-0.01,-0.01,
2,0,0.04,-9.99,-0.09,0,-0.01,
2,0,0.02,-10.02,-0.13,-0.01,-0.01,
2,0,0.02,-10.02,-0.13,-0.01,-0.01,
2,0,0.02,-10.02,-0.13,0,-0.01,
2,0,-0.04,-10.02,-0.08,0,-0.01,
2,0,-0.04,-10.02,-0.08,0,-0.01,
2,0,-0.04,-10.02,-0.08,0,-0.01,
2,0,0.01,-10.07,-0.06,0,-0.01,
2,0,0.01,-10.07,-0.06,0,-0.01,
2,0,0.01,-10.07,-0.06,0,-0.01,
2,0,0.02,-10.05,-0.15,0,-0.01,
2,0,0.02,-10.05,-0.15,0,-0.01,
2,0,0.02,-10.05,-0.15,-0.01,-0.01,
2,0,-0.01,-10.06,-0.04,0,-0.01,
2,0,-0.01,-10.06,-0.04,0,-0.01,
2,0,0,-10.01,-0.11,0,-0.01,
2,0,0,-10.01,-0.11,-0.01,-0.01,
2,0,0,-10.01,-0.11,-0.01,-0.01,
2,0,-0.01,-10.01,-0.08,-0.01,-0.01,
2,0,-0.01,-10.01,-0.08,-0.01,-0.01,
2,0,-0.01,-10.01,-0.08,-0.01,-0.01,
2,0,0.01,-10.03,-0.11,0,-0.01,
2,0,0.01,-10.03,-0.11,-0.01,-0.01,
2,0,0.01,-10.03,-0.11,-0.01,-0.01,
2,0,0.03,-10.01,-0.04,0,-0.01,
2,0,0.03,-10.01,-0.04,0,-0.01,
2,0,0.03,-10.01,-0.04,0,-0.01,
2,0,-0.01,-10.08,-0.07,0,-0.01,
2,0,-0.01,-10.08,-0.07,-0.01,-0.01,
2,0,-0.01,-10.08,-0.07,-0.01,-0.01,
2,0,-0.03,-10.02,-0.13,0,-0.01,
2,0,-0.03,-10.02,-0.13,-0.01,-0.01,
2,0,-0.03,-10.02,-0.13,-0.01,-0.01,
2,0,-0.06,-10.04,-0.11,-0.01,-0.01,
2,0,-0.06,-10.04,-0.11,-0.01,-0.01,
2,0,-0.01,-10.02,-0.13,-0.01,-0.01,
2,0,-0.01,-10.02,-0.13,0,-0.01,
2,0,-0.01,-10.02,-0.13,0,-0.01,
2,0,0,-10.06,-0.07,0,-0.01,
2,0,0,-10.06,-0.07,0,-0.01,
2,0,0,-10.06,-0.07,0,-0.01,
2,0,-0.01,-10.03,-0.08,0,-0.01,
2,0,-0.01,-10.03,-0.08,0,-0.01,
2,0,-0.01,-10.03,-0.08,-0.01,-0.01,
2,0,-0.04,-10.04,-0.07,-0.01,-0.01,
2,0,-0.04,-10.04,-0.07,-0.01,-0.01,
2,0,-0.04,-10.04,-0.07,0,-0.01,
2,0,0.02,-10.03,-0.12,0,-0.01,
3,0,0.02,-10.03,-0.12,-0.01,-0.01,
3,0,0.02,-10.03,-0.12,-0.01,-0.01,
3,0,-0.04,-10.04,-0.05,0,-0.01,
3,0,-0.04,-10.04,-0.05,-0.01,-0.01,
3,0,-0.04,-10.04,-0.05,-0.01,-0.01,
3,0,-0.09,-10.05,-0.07,0,-0.01,
3,0,-0.09,-10.05,-0.07,-0.01,-0.01,
3,0,-0.09,-10.05,-0.07,-0.01,-0.01,
3,0,0.01,-10.01,-0.1,0,-0.01,
3,0,0.01,-10.01,-0.1,0,-0.01,
3,0,0.01,-10.01,-0.1,0,-0.01,
3,0,0.03,-9.98,-0.08,0,-0.01,
3,0,0.03,-9.98,-0.08,-0.01,-0.01,
3,0,0.03,-9.98,-0.08,-0.01,-0.01,
3,0,-0.06,-10.06,-0.1,-0.01,-0.01,
3,0,-0.06,-10.06,-0.1,-0.01,-0.01,
3,0,-0.06,-10.06,-0.1,-0.01,-0.01,
3,0,0.04,-10.07,-0.08,-0.01,-0.01,
3,0,0.04,-10.07,-0.08,-0.01,-0.01,
3,0,0.04,-10.07,-0.08,-0.01,-0.01,
3,0,0,-10.05,-0.11,-0.01,0,
3,0,0,-10.05,-0.11,-0.01,0,
3,0,0,-10.05,-0.11,0,-0.01,
3,0,0.04,-10.07,-0.16,-0.01,-0.01,
3,0,0.04,-10.07,-0.16,-0.01,-0.01,
3,0,0.04,-10.07,-0.16,0,-0.01,
3,0,-0.01,-10,-0.05,0,-0.01,
3,0,-0.01,-10,-0.05,0,-0.01,
3,0,-0.01,-10,-0.05,0,-0.01,
3,0,-0.03,-10,-0.1,0,-0.01,
3,0,-0.03,-10,-0.1,0,-0.01,
3,0,0,-10.03,-0.11,0,-0.01,
3,0,0,-10.03,-0.11,-0.01,-0.01,
3,0,0,-10.03,-0.11,-0.01,-0.01,
3,0,0.01,-10.04,-0.07,-0.01,-0.01,
3,0,0.01,-10.04,-0.07,0,-0.01,
3,0,0.01,-10.04,-0.07,0,-0.01,
3,0,0.02,-10.04,-0.15,-0.01,0,
3,0,0.02,-10.04,-0.15,0,0,
3,0,0.02,-10.04,-0.15,0,0,
3,0,0.01,-10.03,-0.12,0,-0.01,
3,0,0.01,-10.03,-0.12,0,-0.01,
3,0,0.01,-10.03,-0.12,0,-0.01,
3,0,0.04,-10.06,-0.11,0,-0.01,
3,0,0.04,-10.06,-0.11,0,-0.01,
3,0,0.04,-10.06,-0.11,0,-0.01,
3,0,0.01,-9.99,-0.06,0,-0.01,
3,0,0.01,-9.99,-0.06,0,-0.01,
3,0,0.01,-9.99,-0.06,0,-0.01,
3,0,0.01,-9.99,-0.1,0,-0.01,
3,0,0.01,-9.99,-0.1,-0.01,-0.01,
3,0,0.01,-9.99,-0.1,-0.01,-0.01,
3,0,0.02,-10.08,-0.09,-0.01,-0.01,
3,0,0.02,-10.08,-0.09,0,-0.01,
3,0,-0.06,-10.05,-0.12,0,-0.01,
3,0,-0.06,-10.05,-0.12,0,-0.01,
3,0,-0.06,-10.05,-0.12,0,-0.01,
3,0,-0.09,-10.01,-0.1,0,-0.01,
3,0,-0.09,-10.01,-0.1,0,-0.01,
3,0,-0.09,-10.01,-0.1,0,-0.01,
3,0,0.03,-10.04,-0.15,0,-0.01,
3,0,0.03,-10.04,-0.15,-0.01,-0.01,
3,0,0.03,-10.04,-0.15,-0.01,-0.01,
3,0,0,-9.96,-0.09,-0.01,-0.01,
3,0,0,-9.96,-0.09,-0.01,-0.01,
3,0,0,-9.96,-0.09,0,-0.01,
3,0,-0.02,-10.09,-0.09,0,-0.01,
3,0,-0.02,-10.09,-0.09,0,-0.01,
3,0,-0.02,-10.09,-0.09,0,-0.01,
3,0,0.05,-10.05,-0.07,0,-0.01,
3,0,0.05,-10.05,-0.07,0,-0.01,
3,0,0.05,-10.05,-0.07,0,-0.02,
3,0,-0.02,-10.05,-0.11,0,-0.02,
3,0,-0.02,-10.05,-0.11,0,-0.01,
3,0,-0.03,-10.06,-0.11,0,-0.01,
3,0,-0.03,-10.06,-0.11,0,-0.01,
3,0,-0.03,-10.06,-0.11,-0.01,-0.01,
3,0,-0.03,-10.01,-0.12,-0.01,0,
3,0,-0.03,-10.01,-0.12,-0.01,0,
3,0,-0.03,-10.01,-0.12,-0.01,-0.01,
3,0,0.03,-10.03,-0.06,0,-0.01,
3,0,0.03,-10.03,-0.06,0,-0.01,
3,0,0.03,-10.03,-0.06,0,-0.01,
3,0,-0.02,-10.05,-0.11,0,-0.01,
3,0,-0.02,-10.05,-0.11,0,-0.01,
3,0,-0.02,-10.05,-0.11,0,-0.01,
3,0,0,-10.05,-0.09,0,-0.01,
3,0,0,-10.05,-0.09,0,-0.01,
3,0,0,-10.05,-0.09,0,-0.01,
3,0,0.01,-10.1,-0.14,0,-0.01,
3,0,0.01,-10.1,-0.14,0,-0.01,
3,0,0.01,-10.1,-0.14,-0.01,-0.01,
3,0,0.03,-10.01,-0.12,0,-0.01,
3,0,0.03,-10.01,-0.12,0,-0.01,
3,0,0.03,-10.01,-0.12,0,0,
3,0,0.03,-9.94,-0.14,0,-0.01,
3,0,0.03,-9.94,-0.14,0,-0.01,
3,0,0.02,-10.02,-0.09,0,-0.01,
3,0,0.02,-10.02,-0.09,0,-0.01,
3,0,0.02,-10.02,-0.09,0,-0.01,
3,0,0.05,-9.99,-0.1,-0.01,-0.01,
3,0,0.05,-9.99,-0.1,0,-0.01,
3,0,0.05,-9.99,-0.1,0,-0.01,
3,0,-0.03,-9.97,-0.11,0,-0.01,
3,0,-0.03,-9.97,-0.11,-0.01,-0.01,
3,0,-0.03,-9.97,-0.11,-0.01,-0.01,
3,0,0.03,-10.02,-0.11,-0.01,-0.01,
3,0,0.03,-10.02,-0.11,-0.01,-0.01,
3,0,0.03,-10.02,-0.11,-0.01,-0.01,
3,0,0.02,-10.02,-0.08,-0.01,-0.01,
3,0,0.02,-10.02,-0.08,-0.01,-0.01,
3,0,0.02,-10.02,-0.08,-0.01,-0.01,
3,0,0.04,-9.95,-0.13,0,-0.01,
3,0,0.04,-9.95,-0.13,0,-0.01,
3,0,0.04,-9.95,-0.13,0,-0.01,
3,0,-0.05,-10.04,-0.11,-0.01,-0.01,
3,0,-0.05,-10.04,-0.11,-0.01,-0.01,
3,0,-0.05,-10.04,-0.11,-0.01,-0.01,
3,0,0.04,-10.07,-0.13,0,-0.01,
3,0,0.04,-10.07,-0.13,0,-0.01,
3,0,0.04,-10.07,-0.13,0,-0.01,
3,0,-0.03,-10,-0.06,0,-0.01,
3,0,-0.03,-10,-0.06,0,-0.01,
3,0,-0.03,-10,-0.06,-0.01,-0.01,
3,0,-0.04,-10.06,-0.02,-0.01,-0.01,
3,0,-0.04,-10.06,-0.02,-0.01,-0.01,
3,0,-0.04,-10.06,-0.02,0,-0.01,
3,0,-0.01,-10.06,-0.07,0,-0.01,
3,0,-0.01,-10.06,-0.07,0,-0.01,
3,0,-0.04,-10.06,-0.05,0,-0.01,
3,0,-0.04,-10.06,-0.05,0,-0.01,
3,0,-0.04,-10.06,-0.05,0,-0.01,
3,0,-0.02,-10.07,-0.16,0,-0.01,
3,0,-0.02,-10.07,-0.16,0,-0.01,
3,0,-0.02,-10.07,-0.16,0,-0.01,
3,0,0.02,-10.06,-0.08,-0.01,-0.01,
3,0,0.02,-10.06,-0.08,0,-0.01,
3,0,0.02,-10.06,-0.08,0,-0.01,
3,0,0.02,-10.03,-0.12,0,-0.01,
3,0,0.02,-10.03,-0.12,0,-0.01,
3,0,0.02,-10.03,-0.12,0,-0.01,
3,0,0.02,-10.06,-0.08,-0.01,-0.01,
3,0,0.02,-10.06,-0.08,0,-0.01,
3,0,0.02,-10.06,-0.08,0,-0.01,
3,0,-0.01,-10.1,-0.12,0,-0.01,
3,0,-0.01,-10.1,-0.12,-0.01,-0.01,
3,0,0,-10.01,-0.06,-0.01,-0.01,
3,0,0,-10.01,-0.06,0,-0.01,
3,0,0,-10.01,-0.06,0,-0.01,
3,0,0,-10.07,-0.13,0,-0.01,
3,0,0,-10.07,-0.13,0,-0.01,
3,0,0,-10.07,-0.13,0,-0.01,
3,0,0.05,-10,-0.09,0,-0.01,
3,0,0.05,-10,-0.09,0,-0.01,
3,0,0.05,-10,-0.09,0,-0.01,
3,0,-0.05,-10.03,-0.09,0,-0.01,
3,0,-0.05,-10.03,-0.09,0,-0.01,
3,0,-0.05,-10.03,-0.09,-0.01,-0.01,
3,0,-0.02,-10.04,-0.07,-0.01,-0.01,
3,0,-0.02,-10.04,-0.07,0,-0.01,
3,0,-0.02,-10.04,-0.07,-0.01,-0.01,
3,0,-0.01,-10.05,-0.08,-0.01,-0.01,
3,0,-0.01,-10.05,-0.08,0,-0.01,
3,0,-0.01,-10.05,-0.08,0,-0.01,
3,0,0.01,-10.08,-0.17,0,-0.01,
3,0,0.01,-10.08,-0.17,-0.01,-0.01,
3,0,0.01,-10.08,-0.17,0,-0.01,
3,0,0.06,-10.09,-0.14,0,-0.01,
3,0,0.06,-10.09,-0.14,0,-0.01,
3,0,0.03,-9.98,-0.04,0,-0.01,
3,0,0.03,-9.98,-0.04,0,-0.01,
3,0,0.03,-9.98,-0.04,0,-0.01,
3,0,-0.06,-10.05,-0.09,0,-0.01,
3,0,-0.06,-10.05,-0.09,0,-0.01,
3,0,-0.06,-10.05,-0.09,0,-0.01,
3,0,0,-9.99,-0.1,0,-0.01,
3,0,0,-9.99,-0.1,0,-0.01,
3,0,0,-9.99,-0.1,-0.01,-0.01,
3,0,0,-10.02,-0.14,0,-0.01,
3,0,0,-10.02,-0.14,0,-0.01,
3,0,0,-10.02,-0.14,-0.01,-0.01,
3,0,-0.02,-10.05,-0.07,0,-0.02,
3,0,-0.02,-10.05,-0.07,0,-0.02,
3,0,-0.02,-10.05,-0.07,0,-0.01,
3,0,-0.01,-10,-0.13,-0.01,-0.01,
3,0,-0.01,-10,-0.13,-0.01,-0.01,
3,0,0.06,-10.05,-0.11,0,-0.01,
3,0,0.06,-10.05,-0.11,0,-0.01,
3,0,0.06,-10.05,-0.11,0,-0.01,
3,0,0.01,-10.01,-0.09,0,-0.01,
3,0,0.01,-10.01,-0.09,-0.01,-0.01,
3,0,0.01,-10.01,-0.09,-0.01,-0.01,
3,0,-0.04,-10.03,-0.08,0,-0.01,
3,0,-0.04,-10.03,-0.08,-0.01,-0.01,
3,0,-0.04,-10.03,-0.08,-0.01,-0.01,
3,0,-0.01,-10.03,-0.11,0,-0.01,
3,0,-0.01,-10.03,-0.11,0,0,
3,0,-0.01,-10.03,-0.11,0,0,
3,0,0.02,-10.07,-0.08,0,-0.01,
3,0,0.02,-10.07,-0.08,0,-0.01,
3,0,0.02,-10.07,-0.08,0,-0.01,
3,0,-0.01,-10,-0.05,-0.01,-0.01,
3,0,-0.01,-10,-0.05,-0.01,-0.01,
3,0,-0.01,-10,-0.05,0,-0.01,
3,0,-0.02,-9.97,-0.1,0,-0.01,
3,0,-0.02,-9.97,-0.1,0,-0.01,
3,0,-0.02,-9.97,-0.1,-0.01,-0.01,
3,0,0,-10.03,-0.14,-0.01,-0.01,
3,0,0,-10.03,-0.14,-0.01,-0.01,
3,0,0,-10.03,-0.14,-0.01,-0.01,
3,0,0.01,-10.07,-0.11,0,-0.01,
3,0,0.01,-10.07,-0.11,0,-0.01,
3,0,0.01,-10.07,-0.11,-0.01,-0.01,
3,0,0,-9.99,-0.12,0,-0.01,
3,0,0,-9.99,-0.12,0,-0.01,
3,0,0,-9.99,-0.12,-0.01,-0.01,
3,0,-0.02,-10.02,-0.09,0,-0.01,
3,0,-0.02,-10.02,-0.09,0,-0.01,
3,0,-0.02,-10.02,-0.09,-0.01,-0.01,
3,0,0.01,-9.97,-0.07,-0.01,-0.01,
3,0,0.01,-9.97,-0.07,-0.01,-0.01,
3,0,0.01,-10.04,-0.07,0,-0.01,
3,0,0.01,-10.04,-0.07,-0.01,-0.01,
3,0,0.01,-10.04,-0.07,-0.01,-0.01,
3,0,0.04,-10.14,-0.1,-0.01,-0.01,
3,0,0.04,-10.14,-0.1,0,-0.01,
3,0,0.04,-10.14,-0.1,0,-0.01,
3,0,-0.01,-10,-0.12,-0.01,-0.01,
3,0,-0.01,-10,-0.12,0,-0.01,
3,0,-0.01,-10,-0.12,-0.01,-0.01,
3,0,0,-10.05,-0.09,-0.01,-0.01,
3,0,0,-10.05,-0.09,0,-0.01,
3,0,0,-10.05,-0.09,0,-0.01,
3,0,-0.01,-10.04,-0.11,0,-0.01,
3,0,-0.01,-10.04,-0.11,-0.01,0,
3,0,0.04,-10.03,-0.05,-0.01,0,
3,0,0.04,-10.03,-0.05,-0.01,0,
3,0,0.04,-10.03,-0.05,-0.01,-0.01,
3,0,0.01,-10,-0.15,0,-0.01,
3,0,0.01,-10,-0.15,0,-0.01,
3,0,0.01,-10,-0.15,-0.01,-0.01,
3,0,-0.02,-10.04,-0.11,0,-0.01,
3,0,-0.02,-10.04,-0.11,0,-0.01,
3,0,-0.02,-10.04,-0.11,-0.01,-0.01,
3,0,-0.04,-10.02,-0.04,0,-0.01,
3,0,-0.04,-10.02,-0.04,0,-0.01,
3,0,-0.04,-10.02,-0.04,0,-0.01,
3,0,-0.02,-10.07,-0.04,0,-0.01,
3,0,-0.02,-10.07,-0.04,-0.01,-0.01,
3,0,0.03,-10.16,-0.08,-0.01,-0.01,
3,0,0.03,-10.16,-0.08,0,-0.01,
3,0,0.03,-10.16,-0.08,-0.01,-0.02,
3,0,-0.02,-10.06,-0.07,-0.01,-0.02,
3,0,-0.02,-10.06,-0.07,0,-0.01,
3,0,-0.02,-10.06,-0.07,0,0,
3,0,0.04,-10.07,-0.15,0,0,
3,0,0.04,-10.07,-0.15,0,-0.01,
3,0,0.04,-10.07,-0.15,-0.01,-0.01,
3,0,0,-10.06,-0.12,-0.01,-0.01,
3,0,0,-10.06,-0.12,-0.01,-0.01,
3,0,0,-10.06,-0.12,0,-0.01,
3,0,0.05,-10.06,-0.05,0,-0.01,
3,0,0.05,-10.06,-0.05,-0.01,-0.01,
3,0,0.01,-10.06,-0.11,0,-0.01,
3,0,0.01,-10.06,-0.11,0,-0.01,
3,0,0.01,-10.06,-0.11,0,-0.01,
3,0,-0.01,-10,-0.1,-0.01,-0.01,
3,0,-0.01,-10,-0.1,-0.01,-0.01,
3,0,-0.01,-10,-0.1,0,-0.01,
3,0,-0.04,-10.01,-0.12,0,-0.01,
3,0,-0.04,-10.01,-0.12,0,-0.01,
3,0,-0.04,-10.01,-0.12,0,-0.01,
3,0,-0.01,-9.97,-0.15,-0.01,-0.01,
3,0,-0.01,-9.97,-0.15,-0.01,-0.01,
3,0,-0.01,-9.97,-0.15,-0.01,-0.01,
3,0,-0.01,-10.04,-0.12,0,-0.01,
3,0,-0.01,-10.04,-0.12,0,-0.01,
3,0,-0.01,-10.04,-0.12,-0.01,-0.01,
3,0,-0.04,-9.98,-0.04,-0.01,-0.01,
3,0,-0.04,-9.98,-0.04,-0.01,-0.01,
3,0,0.06,-10.03,-0.08,0,-0.01,
3,0,0.06,-10.03,-0.08,0,-0.01,
3,0,0.06,-10.03,-0.08,0,-0.01,
3,0,0.03,-10.04,-0.11,-0.01,-0.01,
3,0,0.03,-10.04,-0.11,-0.01,-0.01,
3,0,0.03,-10.04,-0.11,-0.01,-0.01,
3,0,-0.05,-9.98,-0.06,-0.01,-0.01,
3,0,-0.05,-9.98,-0.06,0,-0.01,
3,0,-0.05,-9.98,-0.06,0,-0.01,
3,0,-0.01,-10.06,-0.03,0,-0.01,
3,0,-0.01,-10.06,-0.03,0,-0.01,
3,0,-0.01,-10.06,-0.03,0,-0.01,
3,0,0.05,-10.03,-0.07,-0.01,-0.01,
3,0,0.05,-10.03,-0.07,-0.01,-0.01,
3,0,0.05,-10.03,-0.07,-0.01,-0.01,
3,0,-0.04,-10.02,-0.15,-0.01,-0.01,
3,0,-0.04,-10.02,-0.15,0,-0.01,
3,0,-0.04,-10.02,-0.15,0,-0.01,
3,0,0.02,-10.02,-0.09,0,-0.01,
3,0,0.02,-10.02,-0.09,0,-0.01,
3,0,0.02,-10.02,-0.09,0,-0.01,
3,0,0.06,-10.08,-0.1,0,-0.01,
3,0,0.06,-10.08,-0.1,-0.01,-0.01,
3,0,0.06,-10.08,-0.1,-0.01,-0.01,
3,0,0,-10.03,-0.08,-0.01,0,
3,0,0,-10.03,-0.08,0,-0.01,
3,0,0,-10.03,-0.08,0,-0.01,
3,0,0.06,-10.01,-0.11,0,-0.01,
3,0,0.06,-10.01,-0.11,0,-0.01,
3,0,0.06,-10.01,-0.11,-0.01,-0.01,
3,0,0.01,-10.01,-0.12,-0.01,-0.01,
3,0,0.01,-10.01,-0.12,-0.01,-0.01,
3,0,-0.01,-9.98,-0.08,0,-0.01,
3,0,-0.01,-9.98,-0.08,0,-0.01,
3,0,-0.01,-9.98,-0.08,0,-0.01,
3,0,0.03,-10,-0.07,0,0,
3,0,0.03,-10,-0.07,-0.01,-0.01,
3,0,0.03,-10,-0.07,-0.01,-0.01,
3,0,0.01,-10.01,-0.12,0,-0.01,
3,0,0.01,-10.01,-0.12,0,-0.01,
3,0,0.01,-10.01,-0.12,0,-0.01,
3,0,-0.01,-9.98,-0.14,0,-0.01,
3,0,-0.01,-9.98,-0.14,-0.01,-0.01,
3,0,-0.01,-9.98,-0.14,0,-0.01,
3,0,-0.01,-10.07,-0.1,0,-0.01,
3,0,-0.01,-10.07,-0.1,0,-0.01,
3,0,-0.02,-9.99,-0.07,0,-0.01,
3,0,-0.02,-9.99,-0.07,0,-0.01,
3,0,-0.02,-9.99,-0.07,0,-0.01,
3,0,0,-10.02,-0.09,-0.01,-0.01,
3,0,0,-10.02,-0.09,-0.01,-0.01,
3,0,0,-10.02,-0.09,0,-0.01,
3,0,0.05,-10,-0.1,0,-0.01,
3,0,0.05,-10,-0.1,0,-0.01,
3,0,0.05,-10,-0.1,0,-0.01,
3,0,0,-10.06,-0.13,-0.01,-0.01,
3,0,0,-10.06,-0.13,-0.01,-0.01,
3,0,0,-10.06,-0.13,-0.01,-0.01,
3,0,-0.01,-10.04,-0.1,-0.01,-0.01,
3,0,-0.01,-10.04,-0.1,-0.01,-0.01,
3,0,-0.01,-10.04,-0.1,0,-0.01,
3,0,-0.01,-10.02,-0.09,-0.01,-0.01,
3,0,-0.01,-10.02,-0.09,-0.01,-0.01,
3,0,-0.01,-9.95,-0.11,0,-0.01,
3,0,-0.01,-9.95,-0.11,-0.01,-0.01,
3,0,-0.01,-9.95,-0.11,-0.01,-0.01,
3,0,-0.03,-10.01,-0.07,0,-0.01,
3,0,-0.03,-10.01,-0.07,0,-0.01,
3,0,-0.03,-10.01,-0.07,0,-0.01,
3,0,0.05,-10.03,-0.07,0,-0.01,
3,0,0.05,-10.03,-0.07,-0.01,0,
3,0,0.05,-10.03,-0.07,0,-0.01,
3,0,-0.01,-9.98,-0.1,0,-0.01,
3,0,-0.01,-9.98,-0.1,-0.01,-0.01,
3,0,-0.01,-9.98,-0.1,0,-0.01,
3,0,-0.06,-10.06,-0.04,0,-0.01,
3,0,-0.06,-10.06,-0.04,-0.01,-0.01,
3,0,-0.06,-10.06,-0.04,0,-0.01,
3,0,0.01,-10,-0.1,0,-0.01,
3,0,0.01,-10,-0.1,-0.01,-0.01,
3,0,0.02,-10.04,-0.05,0,-0.01,
3,0,0.02,-10.04,-0.05,0,-0.01,
3,0,0.02,-10.04,-0.05,0,-0.01,
3,0,-0.03,-10.05,-0.09,0,-0.01,
3,0,-0.03,-10.05,-0.09,0,-0.01,
3,0,-0.03,-10.05,-0.09,0,-0.01,
3,0,-0.01,-10.09,-0.07,0,-0.01,
3,0,-0.01,-10.09,-0.07,0,-0.01,
3,0,-0.01,-10.09,-0.07,0,-0.01,
3,0,0,-10.02,-0.07,-0.01,-0.01,
3,0,0,-10.02,-0.07,-0.01,-0.01,
3,0,0,-10.02,-0.07,0,-0.01,
3,0,0.04,-10.01,-0.13,0,-0.01,
3,0,0.04,-10.01,-0.13,0,-0.01,
3,0,0,-10.04,-0.12,0,-0.01,
3,0,0,-10.04,-0.12,0,-0.01,
3,0,0,-10.04,-0.12,0,-0.01,
3,0,0.01,-10.02,-0.1,0,-0.01,
3,0,0.01,-10.02,-0.1,0,-0.01,
3,0,0.01,-10.02,-0.1,0,-0.01,
3,0,0.03,-9.99,-0.13,0,-0.01,
3,0,0.03,-9.99,-0.13,0,0,
3,0,0.03,-9.99,-0.13,-0.01,0,
3,0,0,-10.07,-0.07,-0.01,0,
3,0,0,-10.07,-0.07,0,-0.01,
3,0,0,-10.07,-0.07,0,-0.01,
3,0,-0.01,-10.01,-0.07,0,-0.01,
3,0,-0.01,-10.01,-0.07,0,-0.01,
3,0,-0.01,-10.01,-0.07,0,-0.01,
3,0,-0.02,-10.07,-0.09,0,-0.01,
3,0,-0.02,-10.07,-0.09,0,-0.01,
3,0,-0.02,-10.07,-0.09,0,-0.01,
3,0,0.01,-10.01,-0.12,-0.01,-0.01,
3,0,0.01,-10.01,-0.12,0,-0.01,
3,0,0.01,-10.01,-0.12,0,-0.01,
3,0,-0.02,-10.01,-0.09,0,-0.01,
3,0,-0.02,-10.01,-0.09,0,-0.01,
3,0,-0.02,-10.01,-0.09,0,-0.01,
3,0,0.01,-10.05,-0.09,-0.01,0,
3,0,0.01,-10.05,-0.09,-0.01,0,
3,0,0.01,-10.05,-0.09,0,-0.01,
3,0,-0.01,-9.98,-0.09,0,-0.01,
3,0,-0.01,-9.98,-0.09,0,-0.01,
3,0,-0.01,-9.98,-0.09,0,-0.01,
3,0,-0.03,-10.02,-0.04,-0.01,-0.01,
3,0,-0.03,-10.02,-0.04,-0.01,-0.01,
3,0,-0.03,-10.02,-0.04,0,-0.01,
3,0,-0.01,-10.05,-0.03,0,-0.01,
3,0,-0.01,-10.05,-0.03,0,-0.01,
3,0,-0.01,-10.05,-0.03,0,-0.01,
3,0,0,-10.03,-0.1,-0.01,-0.01,
3,0,0,-10.03,-0.1,-0.01,-0.01,
3,0,0.05,-10.08,-0.1,0,0,
3,0,0.05,-10.08,-0.1,0,-0.01,
3,0,0.05,-10.08,-0.1,0,-0.01,
3,0,0.01,-10.02,-0.1,-0.01,-0.01,
3,0,0.01,-10.02,-0.1,0,-0.01,
3,0,0.01,-10.02,-0.1,0,-0.01,
3,0,-0.08,-10,-0.1,0,-0.01,
3,0,-0.08,-10,-0.1,0,-0.01,
3,0,-0.08,-10,-0.1,0,-0.01,
3,0,0,-10.04,-0.1,-0.01,0,
3,0,0,-10.04,-0.1,0,-0.01,
3,0,0,-10.04,-0.1,0,-0.01,
3,0,0.05,-9.99,-0.09,0,-0.01,
3,0,0.05,-9.99,-0.09,0,-0.01,
3,0,0.05,-9.99,-0.09,0,-0.01,
3,0,-0.02,-10.02,-0.12,0,-0.01,
3,0,-0.02,-10.02,-0.12,-0.01,-0.01,
3,0,-0.02,-10.02,-0.12,-0.01,-0.01,
3,0,-0.03,-9.98,-0.03,-0.01,-0.01,
3,0,-0.03,-9.98,-0.03,0,-0.01,
3,0,-0.06,-10.04,-0.1,0,-0.01,
3,0,-0.06,-10.04,-0.1,0,-0.01,
3,0,-0.06,-10.04,-0.1,-0.01,-0.01,
3,0,-0.04,-10.07,-0.08,-0.01,-0.01,
3,0,-0.04,-10.07,-0.08,-0.01,-0.01,
3,0,-0.04,-10.07,-0.08,-0.01,-0.01,
3,0,-0.04,-10.04,-0.08,-0.01,-0.01,
3,0,-0.04,-10.04,-0.08,0,-0.01,
3,0,-0.04,-10.04,-0.08,0,-0.01,
3,0,-0.01,-10,-0.06,0,-0.01,
3,0,-0.01,-10,-0.06,0,-0.01,
3,0,-0.01,-10,-0.06,-0.01,-0.01,
3,0,0,-10.04,-0.1,-0.01,-0.01,
3,0,0,-10.04,-0.1,0,-0.01,
3,0,0,-10.04,-0.1,-0.01,-0.01,
3,0,-0.02,-10.05,-0.05,-0.01,-0.01,
3,0,-0.02,-10.05,-0.05,0,-0.01,
3,0,-0.02,-10.05,-0.05,0,-0.01,
3,0,-0.08,-10.03,-0.08,0,-0.01,
3,0,-0.08,-10.03,-0.08,-0.01,-0.01,
3,0,-0.08,-10.03,-0.08,0,-0.01,
3,0,-0.02,-10.03,-0.12,0,-0.01,
3,0,-0.02,-10.03,-0.12,-0.01,-0.01,
3,0,0.01,-10.05,-0.11,-0.01,-0.01,
3,0,0.01,-10.05,-0.11,-0.01,-0.01,
3,0,0.01,-10.05,-0.11,-0.01,-0.01,
3,0,-0.04,-10.06,-0.1,-0.01,-0.01,
3,0,-0.04,-10.06,-0.1,-0.01,-0.01,
3,0,-0.04,-10.06,-0.1,0,-0.01,
3,0,0.02,-10.03,-0.13,-0.01,0,
3,0,0.02,-10.03,-0.13,-0.01,0,
3,0,0.02,-10.03,-0.13,-0.01,-0.01,
3,0,0,-10.02,-0.05,0,-0.01,
3,0,0,-10.02,-0.05,0,-0.01,
3,0,0,-10.02,-0.05,-0.01,-0.01,
3,0,0.01,-10.01,-0.11,-0.01,-0.01,
3,0,0.01,-10.01,-0.11,-0.01,-0.01,
3,0,0.01,-10.01,-0.11,-0.01,0,
3,0,-0.04,-10.01,-0.08,0,-0.01,
3,0,-0.04,-10.01,-0.08,0,-0.01,
3,0,-0.04,-10.01,-0.08,-0.01,-0.01,
3,0,0,-10.07,-0.11,-0.01,-0.01,
3,0,0,-10.07,-0.11,-0.01,-0.01,
3,0,-0.01,-10.03,-0.08,-0.01,-0.01,
3,0,-0.01,-10.03,-0.08,0,-0.01,
3,0,-0.01,-10.03,-0.08,0,-0.01,
3,0,0,-10.01,-0.09,0,-0.01,
3,0,0,-10.01,-0.09,0,-0.01,
3,0,0,-10.01,-0.09,0,-0.01,
3,0,-0.01,-10.02,-0.07,0,-0.01,
3,0,-0.01,-10.02,-0.07,0,-0.01,
3,0,-0.01,-10.02,-0.07,0,-0.01,
3,0,0.02,-10.01,-0.1,0,-0.01,
3,0,0.02,-10.01,-0.1,0,-0.01,
3,0,0.02,-10.01,-0.1,-0.01,-0.01,
3,0,0.04,-10.05,-0.09,-0.01,-0.01,
3,0,0.04,-10.05,-0.09,-0.01,-0.01,
3,0,0.04,-10.05,-0.09,-0.01,-0.01,
3,0,0.01,-10.01,-0.09,0,-0.01,
3,0,0.01,-10.01,-0.09,0,-0.01,
3,0,0.01,-10.01,-0.09,0,-0.01,
3,0,0.01,-10.04,-0.17,0,-0.01,
3,0,0.01,-10.04,-0.17,0,-0.01,
3,0,0.01,-10.04,-0.17,-0.01,-0.01,
3,0,0.02,-9.98,-0.14,-0.01,-0.01,
3,0,0.01,-10.04,-0.06,-0.01,-0.01,
3,0,0.01,-10.04,-0.06,-0.01,-0.01,
3,0,0.01,-10.04,-0.06,0,-0.01,
3,0,-0.01,-9.99,-0.12,0,-0.01,
3,0,-0.01,-9.99,-0.12,-0.01,-0.01,
3,0,-0.01,-9.99,-0.12,0,-0.01,
3,0,0.01,-9.92,-0.08,0,-0.01,
3,0,0.01,-9.92,-0.08,0,-0.01,
3,0,0.01,-9.92,-0.08,0,-0.01,
3,0,0,-10.07,-0.07,0,-0.01,
3,0,0,-10.07,-0.07,-0.01,-0.01,
3,0,0,-10.07,-0.07,-0.01,-0.01,
3,0,-0.04,-9.99,0,0,-0.01,
3,0,-0.04,-9.99,0,-0.01,-0.01,
3,0,-0.04,-9.99,0,-0.01,-0.01,
3,0,-0.06,-10.11,-0.08,-0.01,-0.01,
3,0,-0.06,-10.11,-0.08,0,-0.01,
3,0,-0.06,-10.11,-0.08,0,-0.01,
3,0,-0.04,-9.98,-0.1,-0.01,-0.01,
3,0,-0.04,-9.98,-0.1,-0.01,-0.01,
3,0,-0.04,-10.05,-0.12,-0.01,-0.01,
3,0,-0.04,-10.05,-0.12,0,-0.01,
3,0,-0.04,-10.05,-0.12,-0.01,-0.01,
3,0,0,-9.99,-0.04,-0.01,-0.01,
3,0,0,-9.99,-0.04,0,-0.01,
3,0,0,-9.99,-0.04,-0.01,-0.01,
3,0,-0.04,-10,-0.06,-0.01,-0.01,
3,0,-0.04,-10,-0.06,0,0,
3,0,-0.04,-10,-0.06,0,-0.01,
3,0,0.06,-9.94,-0.08,0,-0.01,
3,0,0.06,-9.94,-0.08,0,-0.01,
3,0,0.06,-9.94,-0.08,0,-0.01,
3,0,0.04,-9.92,-0.14,0,-0.01,
3,0,0.04,-9.92,-0.14,0,-0.01,
3,0,0.04,-9.92,-0.14,-0.01,-0.01,
3,0,-0.02,-10.07,-0.05,-0.01,-0.01,
3,0,-0.02,-10.07,-0.05,0,-0.01,
3,0,-0.02,-10.07,-0.05,-0.01,-0.01,
3,0,0.02,-10.06,-0.14,-0.01,-0.01,
3,0,0.02,-10.06,-0.14,0,-0.01,
3,0,0.02,-10.06,-0.14,-0.01,-0.01,
3,0,-0.07,-10.05,-0.1,-0.01,-0.01,
3,0,-0.07,-10.05,-0.1,0,-0.01,
3,0,0,-10.07,-0.12,0,-0.01,
3,0,0,-10.07,-0.12,0,-0.01,
3,0,0,-10.07,-0.12,-0.01,-0.01,
3,0,-0.04,-10.02,-0.08,-0.01,-0.01,
3,0,-0.04,-10.02,-0.08,-0.01,-0.01,
3,0,-0.04,-10.02,-0.08,0,-0.01,
3,0,0.01,-10.06,-0.11,-0.01,-0.01,
3,0,0.01,-10.06,-0.11,-0.01,-0.01,
3,0,0.01,-10.06,-0.11,-0.01,-0.01,
3,0,0.03,-10.02,-0.08,-0.01,-0.01,
3,0,0.03,-10.02,-0.08,-0.01,-0.01,
3,0,0.03,-10.02,-0.08,0,-0.01,
3,0,-0.03,-9.97,-0.11,-0.01,-0.01,
3,0,-0.03,-9.97,-0.11,-0.01,-0.01,
3,0,-0.03,-9.97,-0.11,0,-0.01,
3,0,-0.06,-10.05,-0.02,0,-0.01,
3,0,-0.06,-10.05,-0.02,0,-0.01,
3,0,-0.06,-10.05,-0.02,0,-0.01,
3,0,0.01,-10.01,-0.11,-0.01,-0.01,
3,0,0.01,-10.01,-0.11,-0.01,-0.01,
3,0,0.01,-10.01,-0.11,-0.01,-0.01,
3,0,-0.07,-10.07,-0.11,0,-0.01,
3,0,-0.07,-10.07,-0.11,0,-0.01,
3,0,0.05,-10.06,-0.12,0,-0.01,
3,0,0.05,-10.06,-0.12,-0.01,-0.01,
3,0,0.05,-10.06,-0.12,-0.01,-0.01,
3,0,0.02,-10.03,-0.09,-0.01,-0.01,
3,0,0.02,-10.03,-0.09,0,-0.01,
3,0,0.02,-10.03,-0.09,0,-0.01,
3,0,-0.07,-10.04,-0.04,0,-0.01,
3,0,-0.07,-10.04,-0.04,-0.01,-0.01,
3,0,-0.07,-10.04,-0.04,-0.01,-0.01,
3,0,-0.02,-10,-0.08,-0.01,-0.01,
3,0,-0.02,-10,-0.08,-0.01,-0.01,
3,0,-0.02,-10,-0.08,-0.01,-0.01,
3,0,0.01,-10,-0.05,-0.01,-0.01,
3,0,0.01,-10,-0.05,0,-0.01,
3,0,0.01,-10,-0.05,0,-0.01,
3,0,-0.03,-10.07,-0.09,-0.01,-0.01,
3,0,-0.03,-10.07,-0.09,0,-0.01,
3,0,-0.03,-10.07,-0.09,0,-0.01,
3,0,0,-10.04,-0.05,-0.01,-0.01,
3,0,0,-10.04,-0.05,0,-0.01,
3,0,0,-10.04,-0.05,0,-0.01,
3,0,-0.04,-10.08,-0.1,0,-0.01,
3,0,-0.04,-10.08,-0.1,0,-0.01,
3,0,-0.04,-10.08,-0.1,-0.01,-0.01,
3,0,0.03,-10.06,-0.07,-0.01,-0.01,
3,0,0.03,-10.06,-0.07,-0.01,-0.01,
3,0,-0.02,-10.08,-0.1,-0.01,-0.01,
3,0,-0.02,-10.08,-0.1,-0.01,-0.01,
3,0,-0.02,-10.08,-0.1,0,-0.01,
3,0,0,-10,-0.09,0,-0.01,
3,0,0,-10,-0.09,-0.01,-0.01,
3,0,0,-10,-0.09,-0.01,-0.01,
3,0,-0.03,-10.05,-0.09,-0.01,-0.01,
3,0,-0.03,-10.05,-0.09,0,-0.01,
3,0,-0.03,-10.05,-0.09,0,-0.01,
3,0,0.01,-10,-0.1,0,-0.01,
3,0,0.01,-10,-0.1,-0.01,-0.01,
3,0,0.01,-10,-0.1,-0.01,-0.01,
3,0,0.05,-10.04,-0.09,0,-0.01,
3,0,0.05,-10.04,-0.09,0,-0.01,
3,0,0.05,-10.04,-0.09,0,-0.01,
3,0,0.04,-10.02,-0.1,-0.01,-0.01,
3,0,0.04,-10.02,-0.1,0,-0.01,
3,0,0.04,-10.02,-0.1,-0.01,0,
3,0,0.02,-10.02,-0.09,-0.01,0,
3,0,0.02,-10.02,-0.09,0,-0.01,
3,0,0.02,-10.02,-0.09,0,-0.01,
3,0,0,-10.09,-0.11,0,-0.01,
3,0,0,-10.09,-0.11,-0.01,-0.01,
3,0,-0.01,-9.99,-0.06,-0.01,0,
3,0,-0.01,-9.99,-0.06,-0.01,0,
3,0,-0.01,-9.99,-0.06,0,-0.01,
3,0,0.03,-10.1,-0.1,-0.01,-0.01,
3,0,0.03,-10.1,-0.1,-0.01,-0.01,
3,0,0.03,-10.1,-0.1,-0.01,-0.01,
3,0,-0.03,-9.98,-0.07,-0.01,-0.01,
3,0,-0.03,-9.98,-0.07,-0.01,-0.01,
3,0,-0.03,-9.98,-0.07,-0.01,-0.01,
3,0,0.02,-10.02,-0.09,0,-0.02,
3,0,0.02,-10.02,-0.09,0,-0.02,
3,0,0.02,-10.02,-0.09,0,0,
3,0,0,-10.08,-0.11,0,0,
3,0,0,-10.08,-0.11,0,0,
3,0,0,-10.08,-0.11,0,-0.01,
3,0,0,-10.06,-0.06,-0.01,-0.01,
3,0,0,-10.06,-0.06,-0.01,-0.01,
3,0,0.03,-10.07,-0.1,-0.01,-0.01,
3,0,0.03,-10.07,-0.1,-0.01,-0.01,
3,0,0.03,-10.07,-0.1,-0.01,-0.01,
3,0,-0.06,-10.04,-0.07,0,-0.01,
3,0,-0.06,-10.04,-0.07,0,-0.01,
3,0,-0.06,-10.04,-0.07,0,-0.01,
3,0,0.06,-10.03,-0.11,-0.01,-0.01,
3,0,0.06,-10.03,-0.11,0,-0.01,
3,0,0.06,-10.03,-0.11,0,-0.01,
3,0,0,-9.98,-0.09,-0.01,-0.01,
3,0,0,-9.98,-0.09,0,-0.01,
3,0,0,-9.98,-0.09,0,-0.01,
3,0,0,-10.08,-0.05,0,-0.01,
3,0,0,-10.08,-0.05,-0.01,-0.01,
3,0,0,-10.08,-0.05,-0.01,-0.01,
3,0,0,-10.05,-0.06,0,-0.01,
3,0,0,-10.05,-0.06,0,-0.01,
3,0,0,-10.05,-0.06,0,-0.01,
3,0,-0.02,-10.07,-0.12,0,-0.01,
3,0,-0.02,-10.07,-0.12,0,-0.01,
3,0,-0.02,-10.07,-0.12,0,-0.01,
3,0,-0.02,-10.07,-0.1,-0.01,-0.01,
3,0,-0.02,-10.07,-0.1,-0.01,-0.01,
3,0,0.01,-9.96,-0.1,-0.01,-0.01,
3,0,0.01,-9.96,-0.1,0,-0.01,
3,0,0.01,-9.96,-0.1,-0.01,-0.01,
3,0,0,-10.06,-0.08,-0.01,-0.01,
3,0,0,-10.06,-0.08,-0.01,-0.01,
3,0,0,-10.06,-0.08,-0.01,-0.01,
3,0,0.02,-9.99,-0.07,-0.01,-0.01,
3,0,0.02,-9.99,-0.07,-0.01,-0.01,
3,0,0.02,-9.99,-0.07,0,-0.01,
3,0,-0.06,-10.07,-0.07,0,-0.01,
3,0,-0.06,-10.07,-0.07,-0.01,-0.01,
3,0,-0.06,-10.07,-0.07,0,-0.01,
3,0,0,-10.02,-0.09,0,-0.01,
3,0,0,-10.02,-0.09,-0.01,-0.01,
3,0,0,-10.02,-0.09,-0.01,-0.01,
3,0,-0.01,-10.05,-0.1,-0.01,-0.01,
3,0,-0.01,-10.05,-0.1,-0.01,-0.01,
3,0,0,-10.07,-0.09,0,-0.01,
3,0,0,-10.07,-0.09,0,-0.01,
3,0,0,-10.07,-0.09,0,-0.01,
3,0,-0.04,-10.03,-0.09,0,-0.01,
3,0,-0.04,-10.03,-0.09,0,-0.01,
3,0,-0.04,-10.03,-0.09,0,-0.01,
3,0,-0.02,-10.02,-0.07,-0.01,-0.01,
3,0,-0.02,-10.02,-0.07,-0.01,-0.01,
3,0,-0.02,-10.02,-0.07,-0.01,-0.01,
3,0,0.02,-10.02,-0.12,0,-0.01,
3,0,0.02,-10.02,-0.12,0,-0.01,
3,0,0.02,-10.02,-0.12,-0.01,-0.01,
3,0,-0.03,-10.04,-0.05,-0.01,-0.01,
3,0,-0.03,-10.04,-0.05,-0.01,-0.01,
3,0,-0.03,-10.04,-0.05,0,-0.01,
3,0,-0.04,-10.01,-0.09,-0.01,-0.01,
3,0,-0.04,-10.01,-0.09,-0.01,-0.01,
3,0,-0.04,-10.01,-0.09,0,-0.01,
3,0,0,-10.07,-0.12,-0.01,-0.01,
3,0,0,-10.07,-0.12,-0.01,-0.01,
3,0,0,-10.07,-0.12,-0.01,-0.01,
3,0,0.02,-10.05,-0.05,-0.01,-0.01,
3,0,0.02,-10.05,-0.05,0,0,
3,0,0.02,-10.05,-0.05,-0.01,0,
3,0,0.03,-10.03,-0.07,-0.01,0,
3,0,0.03,-10.03,-0.07,0,-0.01,
3,0,0.03,-10.03,-0.07,-0.01,-0.01,
3,0,0,-10.01,-0.07,-0.01,-0.01,
3,0,0,-10.01,-0.07,-0.01,-0.01,
3,0,0,-10.01,-0.07,0,-0.01,
3,0,0.06,-10.07,-0.08,0,-0.01,
3,0,0.06,-10.07,-0.08,0,-0.01,
3,0,0.06,-10.07,-0.08,0,-0.01,
3,0,-0.03,-10.04,-0.09,0,-0.01,
3,0,-0.03,-10.04,-0.09,0,-0.01,
3,0,0.04,-10.04,-0.09,0,-0.01,
3,0,0.04,-10.04,-0.09,0,-0.01,
3,0,0.04,-10.04,-0.09,0,0,
3,0,-0.02,-10.04,-0.05,0,-0.01,
3,0,-0.02,-10.04,-0.05,0,-0.01,
3,0,-0.02,-10.04,-0.05,0,-0.01,
3,0,0,-10.01,-0.08,0,-0.01,
3,0,0,-10.01,-0.08,0,-0.01,
3,0,0,-10.01,-0.08,-0.01,-0.01,
3,0,-0.03,-9.91,-0.08,-0.01,-0.01,
3,0,-0.03,-9.91,-0.08,-0.01,-0.01,
3,0,-0.03,-9.91,-0.08,0,-0.01,
3,0,-0.03,-9.99,-0.11,-0.01,-0.01,
3,0,-0.03,-9.99,-0.11,-0.01,-0.01,
3,0,-0.03,-9.99,-0.11,-0.01,-0.01,
3,0,-0.02,-10.02,-0.05,0,-0.01,
3,0,-0.02,-10.02,-0.05,0,-0.01,
3,0,-0.02,-10.02,-0.05,-0.01,-0.01,
3,0,-0.03,-10.03,-0.11,0,-0.01,
3,0,-0.03,-10.03,-0.11,0,-0.01,
3,0,-0.07,-10.07,-0.09,-0.01,-0.01,
3,0,-0.07,-10.07,-0.09,0,-0.01,
3,0,-0.07,-10.07,-0.09,0,-0.01,
3,0,-0.05,-10.05,-0.06,-0.01,-0.01,
3,0,-0.05,-10.05,-0.06,0,-0.01,
3,0,-0.05,-10.05,-0.06,0,-0.01,
3,0,0.01,-10.07,-0.1,-0.01,-0.01,
3,0,0.01,-10.07,-0.1,0,-0.01,
3,0,0.01,-10.07,-0.1,0,-0.01,
3,0,0.05,-10.02,-0.14,0,-0.01,
3,0,0.05,-10.02,-0.14,0,-0.01,
3,0,0.05,-10.02,-0.14,0,-0.01,
3,0,0.01,-10.05,-0.1,-0.01,-0.01,
3,0,0.01,-10.05,-0.1,0,-0.01,
3,0,0.01,-10.05,-0.1,0,-0.01,
3,0,0.04,-10.05,-0.09,-0.01,-0.01,
3,0,0.04,-10.05,-0.09,0,-0.01,
3,0,0.04,-10.05,-0.09,0,-0.01,
3,0,0.03,-9.99,-0.08,0,-0.01,
3,0,0.03,-9.99,-0.08,0,-0.01,
3,0,0.01,-10.05,-0.06,0,-0.01,
3,0,0.01,-10.05,-0.06,-0.01,-0.01,
3,0,0.01,-10.05,-0.06,0,-0.01,
3,0,-0.02,-10.02,-0.09,0,-0.01,
3,0,-0.02,-10.02,-0.09,0,-0.01,
3,0,-0.02,-10.02,-0.09,-0.01,-0.01,
3,0,-0.02,-10.01,-0.11,-0.01,-0.01,
3,0,-0.02,-10.01,-0.11,0,-0.01,
3,0,-0.02,-10.01,-0.11,0,-0.01,
3,0,-0.01,-9.99,-0.11,0,-0.01,
3,0,-0.01,-9.99,-0.11,0,-0.01,
3,0,-0.01,-9.99,-0.11,-0.01,-0.01,
3,0,0,-10.05,-0.08,-0.01,-0.01,
3,0,0,-10.05,-0.08,0,-0.01,
3,0,0,-10.05,-0.08,0,-0.01,
3,0,-0.02,-10.06,-0.1,0,-0.01,
3,0,-0.02,-10.06,-0.1,0,-0.01,
3,0,-0.03,-9.99,-0.05,0,-0.01,
3,0,-0.03,-9.99,-0.05,0,-0.01,
3,0,-0.03,-9.99,-0.05,0,-0.01,
3,0,-0.02,-10.01,-0.07,0,-0.01,
3,0,-0.02,-10.01,-0.07,0,-0.01,
3,0,-0.02,-10.01,-0.07,-0.01,-0.01,
3,0,0.01,-9.97,-0.1,0,-0.01,
3,0,0.01,-9.97,-0.1,0,-0.01,
3,0,0.01,-9.97,-0.1,-0.01,-0.01,
3,0,0.04,-10,-0.11,0,-0.01,
3,0,0.04,-10,-0.11,0,-0.01,
3,0,0.04,-10,-0.11,0,-0.01,
3,0,0.03,-10.01,-0.11,0,-0.01,
3,0,0.03,-10.01,-0.11,0,-0.01,
3,0,0.03,-10.01,-0.11,0,-0.01,
3,0,0.03,-10.01,-0.14,0,-0.01,
3,0,0.03,-10.01,-0.14,0,-0.01,
3,0,0.03,-10.01,-0.14,0,-0.01,
3,0,-0.01,-10.06,-0.08,0,-0.01,
3,0,-0.01,-10.06,-0.08,0,-0.01,
3,0,-0.01,-10.06,-0.08,0,-0.01,
3,0,0.03,-10.01,-0.08,-0.01,-0.01,
3,0,0.03,-10.01,-0.08,-0.01,-0.01,
3,0,0.03,-10.01,-0.08,-0.01,-0.01,
3,0,-0.02,-10.05,-0.05,0,-0.01,
3,0,-0.02,-10.05,-0.05,0,-0.01,
3,0,0.03,-10.06,-0.11,0,-0.01,
3,0,0.03,-10.06,-0.11,-0.01,0,
3,0,0.03,-10.06,-0.11,-0.01,0,
3,0,0,-10.08,-0.11,-0.01,-0.01,
3,0,0,-10.08,-0.11,-0.01,-0.01,
3,0,0,-10.08,-0.11,-0.01,-0.01,
3,0,-0.02,-10,-0.07,-0.01,-0.01,
3,0,-0.02,-10,-0.07,-0.01,-0.01,
3,0,-0.02,-10,-0.07,0,-0.01,
3,0,0,-10,-0.08,0,-0.01,
3,0,0,-10,-0.08,0,-0.01,
3,0,0,-10,-0.08,-0.01,-0.01,
3,0,-0.01,-10,-0.1,0,-0.01,
3,0,-0.01,-10,-0.1,0,-0.01,
3,0,-0.01,-10,-0.1,-0.01,-0.01,
3,0,-0.01,-10.05,-0.11,-0.01,-0.01,
3,0,-0.01,-10.05,-0.11,-0.01,-0.01,
3,0,-0.01,-10.05,-0.11,-0.01,-0.01,
3,0,-0.04,-10.03,-0.09,0,-0.01,
3,0,-0.04,-10.03,-0.09,0,-0.01,
3,0,0.03,-10.04,-0.08,0,-0.01,
3,0,0.03,-10.04,-0.08,0,0,
3,0,0.03,-10.04,-0.08,0,-0.01,
3,0,-0.03,-10.02,-0.12,0,-0.01,
3,0,-0.03,-10.02,-0.12,0,0,
3,0,-0.03,-10.02,-0.12,0,0,
3,0,0,-10.01,-0.12,0,0,
3,0,0,-10.01,-0.12,0,-0.01,
3,0,0,-10.01,-0.12,0,-0.01,
3,0,-0.01,-10.03,-0.11,0,-0.01,
3,0,-0.01,-10.03,-0.11,0,-0.01,
3,0,-0.01,-10.03,-0.11,0,-0.01,
3,0,0.01,-10.08,-0.11,0,-0.01,
3,0,0.01,-10.08,-0.11,0,0,
3,0,0.01,-10.08,-0.11,0,0,
3,0,-0.01,-10.04,-0.07,0,0,
3,0,-0.01,-10.04,-0.07,-0.01,-0.01,
3,0,-0.01,-10.04,-0.07,-0.01,-0.01,
3,0,0.02,-10.04,-0.07,-0.01,-0.01,
3,0,0.02,-10.04,-0.07,0,-0.01,
3,0,0.02,-10.04,-0.07,-0.01,-0.01,
3,0,-0.02,-10.07,-0.11,-0.01,-0.01,
3,0,-0.02,-10.07,-0.11,0,-0.01,
3,0,0.01,-10.04,-0.1,0,-0.01,
3,0,0.01,-10.04,-0.1,0,-0.01,
3,0,0.01,-10.04,-0.1,0,-0.01,
3,0,0.02,-10.05,-0.17,0,-0.01,
3,0,0.02,-10.05,-0.17,0,-0.01,
3,0,0.02,-10.05,-0.17,-0.01,-0.01,
3,0,0,-9.96,-0.06,-0.01,-0.01,
3,0,0,-9.96,-0.06,-0.01,-0.01,
3,0,0,-9.96,-0.06,0,-0.01,
3,0,0.02,-10.01,-0.07,-0.01,-0.01,
3,0,0.02,-10.01,-0.07,-0.01,-0.01,
3,0,0.02,-10.01,-0.07,-0.01,-0.01,
3,0,0.04,-10.03,-0.07,0,-0.01,
3,0,0.04,-10.03,-0.07,0,-0.01,
3,0,0.04,-10.03,-0.07,-0.01,-0.01,
3,0,0.05,-10.02,-0.09,-0.01,-0.01,
3,0,0.05,-10.02,-0.09,-0.01,-0.01,
3,0,0.05,-10.02,-0.09,0,-0.01,
3,0,0.02,-10,-0.05,0,-0.01,
3,0,0.02,-10,-0.05,0,-0.01,
3,0,0.02,-10,-0.05,0,-0.01,
3,0,0.05,-9.98,-0.05,-0.01,-0.01,
3,0,0.05,-9.98,-0.05,-0.01,-0.01,
3,0,-0.03,-10.03,-0.09,0,-0.01,
3,0,-0.03,-10.03,-0.09,-0.01,0,
3,0,-0.03,-10.03,-0.09,-0.01,0,
3,0,-0.01,-9.96,-0.11,-0.01,-0.01,
3,0,-0.01,-9.96,-0.11,0,-0.01,
3,0,-0.01,-9.96,-0.11,0,-0.01,
3,0,-0.02,-9.95,-0.06,-0.01,-0.01,
3,0,-0.02,-9.95,-0.06,-0.01,-0.01,
3,0,-0.02,-9.95,-0.06,-0.01,-0.01,
3,0,-0.01,-10,-0.09,-0.01,-0.01,
3,0,-0.01,-10,-0.09,-0.01,-0.01,
3,0,-0.01,-10,-0.09,-0.01,-0.01,
3,0,-0.03,-10.02,-0.08,-0.01,-0.01,
3,0,-0.03,-10.02,-0.08,0,-0.01,
3,0,-0.03,-10.02,-0.08,0,-0.01,
3,0,0.01,-10.03,-0.06,0,-0.01,
3,0,0.01,-10.03,-0.06,0,-0.01,
3,0,0.01,-10.03,-0.06,0,-0.01,
3,0,0.02,-9.99,-0.03,-0.01,-0.01,
3,0,0.02,-9.99,-0.03,-0.01,-0.01,
3,0,0.02,-9.99,-0.03,0,-0.01,
3,0,0,-10,-0.09,0,-0.01,
3,0,0,-10,-0.09,0,-0.01,
3,0,-0.02,-10.04,-0.07,0,-0.01,
3,0,-0.02,-10.04,-0.07,-0.01,-0.01,
3,0,-0.02,-10.04,-0.07,-0.01,-0.01,
3,0,0.01,-10.02,-0.04,-0.01,-0.01,
3,0,0.01,-10.02,-0.04,-0.01,-0.01,
3,0,0.01,-10.02,-0.04,-0.01,-0.01,
3,0,0.03,-10.09,-0.06,-0.01,-0.01,
3,0,0.03,-10.09,-0.06,0,-0.01,
3,0,0.03,-10.09,-0.06,0,-0.01,
3,0,0,-10.08,-0.15,0,-0.01,
3,0,0,-10.08,-0.15,0,-0.01,
3,0,0,-10.08,-0.15,0,-0.01,
3,0,-0.02,-10.03,-0.14,0,-0.01,
3,0,-0.02,-10.03,-0.14,0,-0.01,
3,0,-0.02,-10.03,-0.14,0,-0.01,
3,0,0.01,-9.97,-0.07,0,-0.01,
3,0,0.01,-9.97,-0.07,0,-0.01,
3,0,0.01,-9.97,-0.07,0,-0.01,
3,0,0.02,-10,-0.11,0,-0.01,
3,0,0.02,-10,-0.11,0,-0.01,
3,0,0.02,-10,-0.11,0,-0.01,
3,0,-0.02,-10.02,-0.08,0,-0.01,
3,0,-0.02,-10.02,-0.08,0,-0.01,
3,0,-0.02,-10.02,-0.08,0,-0.01,
3,0,0.03,-10,-0.08,0,-0.01,
3,0,0.03,-10,-0.08,0,-0.01,
3,0,0.03,-10,-0.08,0,-0.01,
3,0,0.02,-9.96,-0.1,0,-0.01,
3,0,0.02,-9.96,-0.1,0,-0.01,
3,0,0.02,-9.96,-0.1,0,-0.01,
3,0,0.01,-10.04,-0.1,-0.01,-0.01,
3,0,0.01,-10.04,-0.1,-0.01,-0.01,
3,0,-0.01,-9.99,-0.08,0,-0.01,
3,0,-0.01,-9.99,-0.08,0,-0.01,
3,0,-0.01,-9.99,-0.08,0,-0.01,
3,0,-0.07,-10.05,-0.08,0,-0.01,
3,0,-0.07,-10.05,-0.08,0,-0.01,
3,0,-0.07,-10.05,-0.08,0,-0.01,
3,0,0,-9.96,-0.1,0,-0.01,
3,0,0,-9.96,-0.1,-0.01,-0.01,
3,0,0,-9.96,-0.1,-0.01,-0.01,
3,0,-0.01,-10.07,-0.07,-0.01,-0.01,
3,0,-0.01,-10.07,-0.07,0,-0.01,
3,0,-0.01,-10.07,-0.07,0,-0.01,
3,0,-0.02,-10.02,-0.07,0,-0.01,
3,0,-0.02,-10.02,-0.07,0,-0.01,
3,0,-0.02,-10.02,-0.07,0,-0.01,
3,0,-0.01,-9.96,-0.09,0,-0.01,
3,0,-0.01,-9.96,-0.09,-0.01,-0.01,
3,0,-0.01,-9.96,-0.09,-0.01,-0.01,
3,0,0.03,-9.99,-0.11,0,-0.01,
3,0,0.03,-9.99,-0.11,0,-0.01,
3,0,0.03,-9.99,-0.11,0,-0.01,
3,0,0,-10.04,-0.11,0,-0.01,
3,0,0,-10.04,-0.11,-0.01,-0.01,
3,0,0,-10.06,-0.14,-0.01,-0.01,
3,0,0,-10.06,-0.14,0,-0.01,
3,0,0,-10.06,-0.14,-0.01,-0.01,
3,0,-0.02,-10.04,-0.13,-0.01,-0.01,
3,0,-0.02,-10.04,-0.13,-0.01,-0.01,
3,0,-0.02,-10.04,-0.13,-0.01,-0.01,
3,0,0,-10.01,-0.11,-0.01,-0.01,
3,0,0,-10.01,-0.11,0,-0.01,
3,0,0,-10.01,-0.11,0,-0.01,
3,0,-0.01,-10.04,-0.07,0,-0.01,
3,0,-0.01,-10.04,-0.07,-0.01,0,
3,0,-0.01,-10.04,-0.07,0,-0.01,
3,0,0,-10.02,-0.1,0,-0.01,
3,0,0,-10.02,-0.1,0,-0.01,
3,0,0,-10.02,-0.1,-0.01,-0.01,
3,0,0.05,-10.08,-0.12,-0.01,-0.01,
3,0,0.05,-10.08,-0.12,0,-0.01,
3,0,0.05,-10.08,-0.12,0,-0.01,
3,0,0,-9.98,-0.1,0,-0.01,
3,0,0,-9.98,-0.1,0,-0.01,
3,0,0,-9.98,-0.1,-0.01,-0.01,
3,0,0.04,-10.01,-0.09,-0.01,-0.01,
3,0,0.04,-10.01,-0.09,0,-0.01,
3,0,-0.03,-10.01,-0.09,0,-0.01,
3,0,-0.03,-10.01,-0.09,0,-0.01,
3,0,-0.03,-10.01,-0.09,-0.01,-0.01,
3,0,-0.04,-10.06,-0.11,0,-0.01,
3,0,-0.04,-10.06,-0.11,0,-0.01,
3,0,-0.04,-10.06,-0.11,0,-0.01,
3,0,-0.04,-10.02,-0.06,-0.01,-0.01,
3,0,-0.04,-10.02,-0.06,-0.01,-0.01,
3,0,-0.04,-10.02,-0.06,0,-0.01,
3,0,-0.01,-10,-0.08,-0.01,-0.01,
3,0,-0.01,-10,-0.08,-0.01,-0.01,
3,0,-0.01,-10,-0.08,-0.01,-0.01,
3,0,0,-10.05,-0.1,0,-0.01,
3,0,0,-10.05,-0.1,0,-0.01,
3,0,0,-10.05,-0.1,0,-0.01,
3,0,-0.02,-10.03,-0.09,-0.01,-0.01,
3,0,-0.02,-10.03,-0.09,-0.01,-0.01,
3,0,-0.02,-10.03,-0.09,0,-0.01,
3,0,0.01,-10.09,-0.06,0,-0.01,
3,0,0.01,-10.09,-0.06,-0.01,-0.01,
3,0,0.01,-10.09,-0.06,0,-0.01,
3,0,0,-10.01,-0.08,0,-0.01,
3,0,0,-10.01,-0.08,0,-0.01,
3,0,0,-10.01,-0.08,0,-0.01,
3,0,-0.02,-10.01,-0.03,0,-0.01,
3,0,-0.02,-10.01,-0.03,-0.01,-0.01,
3,0,-0.02,-10.01,-0.03,0,-0.01,
3,0,-0.01,-10,-0.07,0,-0.01,
3,0,-0.01,-10,-0.07,-0.01,-0.01,
3,0,-0.01,-10,-0.07,-0.01,-0.01,
3,0,-0.05,-10.01,-0.09,-0.01,-0.01,
3,0,-0.05,-10.01,-0.09,-0.01,-0.01,
3,0,-0.05,-10.01,-0.09,-0.01,0,
3,0,0,-10.04,-0.09,-0.01,0,
3,0,0,-10.04,-0.09,0,-0.02,
3,0,0,-10.04,-0.09,0,-0.02,
3,0,-0.04,-10.04,-0.14,-0.01,-0.01,
3,0,-0.04,-10.04,-0.14,0,-0.01,
3,0,-0.04,-10.02,-0.06,0,-0.01,
3,0,-0.04,-10.02,-0.06,0,-0.01,
3,0,-0.04,-10.02,-0.06,-0.01,-0.01,
3,0,0.05,-10.09,-0.08,-0.01,-0.01,
3,0,0.05,-10.09,-0.08,-0.01,-0.01,
3,0,0.05,-10.09,-0.08,0,-0.01,
3,0,0.01,-10.03,-0.08,-0.01,-0.01,
3,0,0.01,-10.03,-0.08,-0.01,-0.01,
3,0,0.01,-10.03,-0.08,-0.01,-0.01,
3,0,0.01,-9.97,-0.1,0,-0.01,
3,0,0.01,-9.97,-0.1,0,-0.01,
3,0,0.01,-9.97,-0.1,-0.01,-0.01,
3,0,0.04,-10.04,-0.09,0,-0.01,
3,0,0.04,-10.04,-0.09,0,-0.01,
3,0,0.04,-10.04,-0.09,0,-0.01,
3,0,0,-10.06,-0.1,-0.01,-0.01,
3,0,0,-10.06,-0.1,-0.01,-0.01,
3,0,-0.04,-10.01,-0.07,0,-0.01,
3,0,-0.04,-10.01,-0.07,-0.01,-0.01,
3,0,-0.04,-10.01,-0.07,-0.01,-0.01,
3,0,0.06,-10.07,-0.11,-0.01,-0.01,
3,0,0.06,-10.07,-0.11,0,-0.01,
3,0,0.06,-10.07,-0.11,0,-0.01,
3,0,0.01,-10.02,-0.05,0,-0.01,
3,0,0.01,-10.02,-0.05,0,-0.01,
3,0,0.01,-10.02,-0.05,0,-0.01,
3,0,0.01,-9.97,-0.07,0,-0.01,
3,0,0.01,-9.97,-0.07,-0.01,-0.01,
3,0,0.01,-9.97,-0.07,-0.01,-0.01,
3,0,-0.02,-10.07,-0.07,0,-0.01,
3,0,-0.02,-10.07,-0.07,-0.01,-0.01,
3,0,-0.02,-10.07,-0.07,-0.01,-0.01,
3,0,-0.02,-10,-0.09,-0.01,-0.01,
3,0,-0.02,-10,-0.09,-0.01,-0.01,
3,0,0.03,-10.01,-0.1,-0.01,-0.01,
3,0,0.03,-10.01,-0.1,0,-0.01,
3,0,0.03,-10.01,-0.1,0,-0.01,
3,0,-0.01,-10,-0.14,0,-0.01,
3,0,-0.01,-10,-0.14,0,-0.01,
3,0,-0.01,-10,-0.14,-0.01,0,
3,0,-0.02,-10.03,-0.09,-0.01,0,
3,0,-0.02,-10.03,-0.09,-0.01,-0.01,
3,0,-0.02,-10.03,-0.09,0,-0.01,
3,0,0.04,-9.98,-0.05,0,-0.01,
3,0,0.04,-9.98,-0.05,-0.01,-0.01,
3,0,0.04,-9.98,-0.05,-0.01,-0.01,
3,0,-0.04,-10.05,-0.1,-0.01,-0.01,
3,0,-0.04,-10.05,-0.1,0,-0.01,
3,0,-0.04,-10.05,-0.1,-0.01,-0.01,
3,0,0.06,-10.05,-0.09,-0.01,-0.01,
3,0,0.06,-10.05,-0.09,0,-0.01,
3,0,0.06,-10.05,-0.09,0,-0.01,
3,0,0.05,-10.06,-0.04,0,-0.01,
3,0,0.05,-10.06,-0.04,0,-0.01,
3,0,0,-10.02,-0.1,-0.01,-0.01,
3,0,0,-10.02,-0.1,-0.01,-0.01,
3,0,0,-10.02,-0.1,-0.01,-0.01,
3,0,-0.01,-10.02,-0.05,-0.01,-0.01,
3,0,-0.01,-10.02,-0.05,-0.01,-0.01,
3,0,-0.01,-10.02,-0.05,0,-0.01,
3,0,0.03,-10.06,-0.08,-0.01,-0.01,
3,0,0.03,-10.06,-0.08,-0.01,-0.01,
3,0,0.03,-10.06,-0.08,-0.01,-0.01,
3,0,0.01,-10.08,-0.08,0,-0.01,
3,0,0.01,-10.08,-0.08,0,-0.01,
3,0,0.01,-10.08,-0.08,0,-0.01,
3,0,0,-9.99,-0.07,-0.01,-0.01,
3,0,0,-9.99,-0.07,-0.01,-0.01,
3,0,0,-9.99,-0.07,-0.01,-0.01,
3,0,-0.02,-10.01,-0.06,0,-0.01,
3,0,-0.02,-10.01,-0.06,0,-0.01,
3,0,-0.02,-10.01,-0.06,0,-0.01,
3,0,0,-10.03,-0.15,-0.01,-0.01,
3,0,0,-10.03,-0.15,-0.01,-0.01,
3,0,0,-10.03,-0.15,0,-0.01,
3,0,-0.01,-10.05,-0.09,-0.01,0,
3,0,-0.01,-10.05,-0.09,-0.01,0,
3,0,-0.02,-9.99,-0.07,0,-0.01,
3,0,-0.02,-9.99,-0.07,0,-0.01,
3,0,-0.02,-9.99,-0.07,0,-0.01,
3,0,0,-10.01,-0.11,0,-0.01,
3,0,0,-10.01,-0.11,0,-0.01,
3,0,0,-10.01,-0.11,0,-0.01,
3,0,0.04,-10.04,-0.05,0,-0.01,
3,0,0.04,-10.04,-0.05,0,-0.01,
3,0,0.04,-10.04,-0.05,0,-0.01,
3,0,-0.04,-10.01,-0.1,0,-0.01,
3,0,-0.04,-10.01,-0.1,-0.01,-0.01,
3,0,-0.04,-10.01,-0.1,-0.01,-0.01,
3,0,0,-10.04,-0.09,0,-0.01,
3,0,0,-10.04,-0.09,-0.01,-0.01,
3,0,0,-10.04,-0.09,-0.01,-0.01,
3,0,-0.04,-10,-0.14,0,-0.01,
3,0,-0.04,-10,-0.14,-0.01,-0.01,
3,0,-0.04,-10,-0.14,-0.01,-0.01,
3,0,-0.01,-10.01,-0.1,-0.01,-0.01,
3,0,-0.01,-10.01,-0.1,0,-0.01,
3,0,-0.01,-10.01,-0.1,0,-0.01,
3,0,-0.01,-9.95,-0.17,0,-0.01,
3,0,-0.01,-9.95,-0.17,0,-0.01,
3,0,-0.03,-10.06,-0.11,0,-0.01,
3,0,-0.03,-10.06,-0.11,0,-0.01,
3,0,-0.03,-10.06,-0.11,-0.01,-0.01,
3,0,-0.03,-10.02,-0.11,-0.01,-0.01,
3,0,-0.03,-10.02,-0.11,0,0,
3,0,-0.03,-10.02,-0.11,0,-0.01,
3,0,0.03,-10.02,-0.06,0,-0.01,
3,0,0.03,-10.02,-0.06,-0.01,-0.01,
3,0,0.03,-10.02,-0.06,0,-0.01,
3,0,-0.01,-9.98,-0.09,0,-0.01,
3,0,-0.01,-9.98,-0.09,0,-0.01,
3,0,-0.01,-9.98,-0.09,0,-0.01,
3,0,-0.03,-10.02,-0.11,0,-0.01,
3,0,-0.03,-10.02,-0.11,0,-0.01,
3,0,-0.03,-10.02,-0.11,0,-0.01,
3,0,0,-10.07,-0.13,0,-0.01,
3,0,0,-10.07,-0.13,0,0,
3,0,0.02,-9.96,-0.09,0,0,
3,0,0.02,-9.96,-0.09,0,0,
3,0,0.02,-9.96,-0.09,-0.01,-0.01,
3,0,0.01,-10.08,-0.12,0,-0.01,
3,0,0.01,-10.08,-0.12,-0.01,-0.01,
3,0,0.01,-10.08,-0.12,-0.01,-0.01,
3,0,0.03,-10.03,-0.08,-0.01,-0.01,
3,0,0.03,-10.03,-0.08,-0.01,-0.01,
3,0,0.03,-10.03,-0.08,-0.01,-0.01,
3,0,-0.03,-10.04,-0.11,0,-0.01,
3,0,-0.03,-10.04,-0.11,0,0,
3,0,-0.01,-10.04,-0.06,0,0,
3,0,-0.01,-10.04,-0.06,-0.01,-0.01,
3,0,-0.01,-10.04,-0.06,0,-0.01,
3,0,0.03,-10.02,-0.1,0,-0.01,
3,0,0.03,-10.02,-0.1,0,-0.01,
3,0,0.03,-10.02,-0.1,0,-0.01,
3,0,-0.04,-10.05,-0.08,0,-0.01,
3,0,-0.04,-10.05,-0.08,0,-0.01,
3,0,-0.04,-10.05,-0.08,0,-0.01,
3,0,-0.01,-9.98,-0.13,0,-0.01,
3,0,-0.01,-9.98,-0.13,0,-0.01,
3,0,-0.01,-9.98,-0.13,-0.01,-0.01,
3,0,-0.01,-10.07,-0.08,0,-0.01,
3,0,-0.01,-10.07,-0.08,0,-0.01,
3,0,-0.01,-10.04,-0.04,-0.01,-0.01,
3,0,-0.01,-10.04,-0.04,-0.01,-0.01,
3,0,-0.01,-10.04,-0.04,-0.01,-0.01,
3,0,0.02,-10.03,-0.12,-0.01,-0.01,
3,0,0.02,-10.03,-0.12,0,-0.01,
3,0,0.02,-10.03,-0.12,0,-0.01,
3,0,-0.01,-10.08,-0.1,-0.01,-0.01,
3,0,-0.01,-10.08,-0.1,-0.01,-0.01,
3,0,-0.01,-10.08,-0.1,-0.01,-0.01,
3,0,-0.03,-9.98,-0.09,0,-0.01,
3,0,-0.03,-9.98,-0.09,0,-0.01,
3,0,-0.01,-10,-0.11,-0.01,-0.01,
3,0,-0.01,-10,-0.11,-0.01,-0.01,
3,0,-0.01,-10,-0.11,-0.01,-0.01,
3,0,0.01,-10.1,-0.17,0,-0.01,
3,0,0.01,-10.1,-0.17,0,-0.01,
3,0,0.01,-10.1,-0.17,0,-0.01,
3,0,0,-10,-0.09,0,-0.01,
3,0,0,-10,-0.09,0,-0.01,
3,0,0,-10,-0.09,-0.01,-0.01,
3,0,0.03,-9.98,-0.1,-0.01,-0.01,
3,0,0.03,-9.98,-0.1,-0.01,-0.01,
3,0,0.03,-9.98,-0.1,0,-0.01,
3,0,0,-10,-0.12,0,-0.01,
3,0,0,-10,-0.12,0,-0.01,
3,0,0,-10,-0.12,-0.01,-0.01,
3,0,-0.05,-9.99,-0.07,-0.01,-0.01,
3,0,-0.05,-9.99,-0.07,-0.01,-0.01,
3,0,-0.05,-9.99,-0.07,0,-0.01,
3,0,-0.03,-10.01,-0.1,-0.01,-0.01,
3,0,-0.03,-10.01,-0.1,-0.01,-0.01,
3,0,-0.03,-10.01,-0.1,-0.01,-0.01,
3,0,0.02,-10.08,-0.11,-0.01,-0.01,
3,0,0.02,-10.08,-0.11,0,-0.01,
3,0,0.02,-10.08,-0.11,0,-0.01,
3,0,0.01,-10.05,-0.1,0,-0.01,
3,0,0.01,-10.05,-0.1,0,-0.01,
3,0,0.01,-10.05,-0.1,-0.01,-0.01,
3,0,-0.06,-10.07,-0.14,-0.01,-0.01,
3,0,-0.06,-10.07,-0.14,0,-0.01,
3,0,-0.06,-10.07,-0.14,-0.01,-0.01,
3,0,-0.06,-10.01,-0.11,-0.01,-0.01,
3,0,-0.06,-10.01,-0.11,0,-0.01,
3,0,-0.06,-10.01,-0.11,0,-0.01,
3,0,0.06,-9.96,-0.08,0,-0.01,
3,0,0.06,-9.96,-0.08,-0.01,-0.01,
3,0,0,-10.04,-0.07,-0.01,-0.01,
3,0,0,-10.04,-0.07,0,-0.01,
3,0,0,-10.04,-0.07,0,0,
3,0,-0.02,-10,-0.07,0,0,
3,0,-0.02,-10,-0.07,0,-0.01,
3,0,-0.02,-10,-0.07,0,-0.01,
3,0,0,-10.04,-0.12,0,-0.01,
3,0,0,-10.04,-0.12,0,-0.01,
3,0,0,-10.04,-0.12,-0.01,-0.01,
3,0,-0.02,-9.97,-0.08,-0.01,-0.01,
3,0,-0.02,-9.97,-0.08,-0.01,-0.01,
3,0,-0.02,-9.97,-0.08,-0.01,-0.01,
3,0,-0.01,-10.01,-0.12,-0.01,-0.01,
3,0,-0.01,-10.01,-0.12,-0.01,-0.01,
3,0,-0.01,-10.01,-0.12,-0.01,-0.01,
3,0,0,-10.06,-0.13,-0.01,-0.01,
3,0,0,-10.06,-0.13,-0.01,-0.01,
3,0,0,-10.06,-0.13,-0.01,-0.01,
3,0,0.02,-10,-0.11,0,-0.01,
3,0,0.02,-10,-0.11,0,-0.01,
3,0,0,-10.06,-0.06,0,-0.01,
3,0,0,-10.06,-0.06,-0.01,-0.01,
3,0,0,-10.06,-0.06,-0.01,-0.01,
3,0,0.02,-10.01,-0.11,0,-0.01,
3,0,0.02,-10.01,-0.11,0,-0.01,
3,0,0.02,-10.01,-0.11,0,-0.01,
3,0,-0.09,-10.01,-0.14,0,-0.01,
3,0,-0.09,-10.01,-0.14,0,-0.01,
3,0,-0.09,-10.01,-0.14,0,-0.01,
3,0,-0.04,-10.07,-0.08,0,-0.01,
3,0,-0.04,-10.07,-0.08,0,-0.01,
3,0,-0.04,-10.07,-0.08,0,-0.01,
3,0,0.03,-10.13,-0.08,0,-0.01,
3,0,0.03,-10.13,-0.08,0,-0.01,
3,0,0.01,-9.95,-0.13,0,-0.01,
3,0,0.01,-9.95,-0.13,0,-0.01,
3,0,0.01,-9.95,-0.13,0,-0.01,
3,0,-0.04,-10.01,-0.17,0,-0.01,
3,0,-0.04,-10.01,-0.17,-0.01,-0.01,
3,0,-0.04,-10.01,-0.17,0,0,
3,0,0.03,-9.99,-0.1,0,0,
3,0,0.03,-9.99,-0.1,0,-0.01,
3,0,0.03,-9.99,-0.1,0,-0.01,
3,0,0.01,-9.99,-0.06,0,-0.01,
3,0,0.01,-9.99,-0.06,0,-0.01,
3,0,0.01,-9.99,-0.06,-0.01,-0.01,
3,0,0,-9.95,-0.05,-0.01,-0.01,
3,0,0,-9.95,-0.05,-0.01,-0.01,
3,0,0,-9.95,-0.05,0,-0.01,
3,0,0.01,-10.02,-0.12,0,-0.01,
3,0,0.01,-10.02,-0.12,-0.01,-0.01,
3,0,0.01,-10.05,-0.08,0,-0.01,
3,0,0.01,-10.05,-0.08,-0.01,-0.01,
3,0,0.01,-10.05,-0.08,-0.01,-0.01,
3,0,-0.06,-10.04,-0.09,0,-0.01,
3,0,-0.06,-10.04,-0.09,-0.01,-0.01,
3,0,-0.06,-10.04,-0.09,-0.01,-0.01,
3,0,0,-10.03,-0.06,0,-0.01,
3,0,0,-10.03,-0.06,0,-0.01,
3,0,0,-10.03,-0.06,0,-0.01,
3,0,-0.01,-10.01,-0.09,0,-0.01,
3,0,-0.01,-10.01,-0.09,-0.01,-0.01,
3,0,-0.01,-10.01,-0.09,-0.01,-0.01,
3,0,0,-10.03,-0.08,-0.01,-0.01,
3,0,0,-10.03,-0.08,0,-0.01,
3,0,0.05,-9.99,-0.08,0,-0.01,
3,0,0.05,-9.99,-0.08,0,-0.01,
3,0,0.05,-9.99,-0.08,-0.01,-0.01,
3,0,-0.01,-10.08,-0.11,-0.01,-0.01,
3,0,-0.01,-10.08,-0.11,0,-0.01,
3,0,-0.01,-10.08,-0.11,-0.01,0,
3,0,0.01,-10.02,-0.04,-0.01,0,
3,0,0.01,-10.02,-0.04,0,-0.01,
3,0,0.01,-10.02,-0.04,0,-0.01,
3,0,0,-10.03,-0.12,-0.01,-0.01,
3,0,0,-10.03,-0.12,-0.01,-0.01,
3,0,0,-10.03,-0.12,0,-0.01,
3,0,0.07,-10.02,-0.11,0,-0.01,
3,0,0.07,-10.02,-0.11,0,-0.01,
3,0,0.07,-10.02,-0.11,0,-0.01,
3,0,-0.05,-10.03,-0.11,0,-0.01,
3,0,-0.05,-10.03,-0.11,0,0,
3,0,-0.05,-10.03,-0.11,-0.01,-0.01,
3,0,0,-10.03,-0.14,-0.01,-0.01,
3,0,0,-10.03,-0.14,0,-0.01,
3,0,0,-10.03,-0.14,-0.01,-0.01,
3,0,0.11,-9.95,-0.01,-0.01,-0.01,
3,0,0.11,-9.95,-0.01,-0.01,-0.01,
3,0,0.03,-10.07,-0.12,-0.01,-0.01,
3,0,0.03,-10.07,-0.12,-0.01,-0.01,
3,0,0.03,-10.07,-0.12,-0.01,-0.01,
3,0,0.02,-10.05,-0.1,0,-0.01,
3,0,0.02,-10.05,-0.1,0,-0.01,
3,0,0.02,-10.05,-0.1,-0.01,-0.01,
3,0,0.01,-10.07,-0.14,-0.01,-0.01,
3,0,0.01,-10.07,-0.14,-0.01,-0.01,
3,0,0.01,-10.07,-0.14,-0.01,-0.01,
3,0,-0.03,-9.93,-0.01,-0.01,-0.01,
3,0,-0.03,-9.93,-0.01,-0.01,-0.01,
3,0,-0.03,-9.93,-0.01,-0.01,-0.01,
3,0,0.02,-9.98,-0.15,-0.01,-0.01,
3,0,0.02,-9.98,-0.15,-0.01,-0.01,
3,0,0.02,-9.98,-0.15,-0.01,-0.01,
3,0,-0.05,-10.02,-0.08,0,-0.01,
3,0,-0.05,-10.02,-0.08,0,-0.01,
3,0,-0.05,-10.02,-0.08,-0.01,-0.01,
3,0,-0.04,-10.07,-0.17,0,-0.01,
3,0,-0.04,-10.07,-0.17,0,-0.01,
3,0,-0.04,-10.07,-0.17,0,-0.01,
3,0,0.02,-10,-0.03,0,-0.01,
3,0,0.02,-10,-0.03,0,-0.01,
3,0,0.02,-10,-0.03,0,-0.01,
3,0,-0.01,-10.07,-0.13,-0.01,-0.01,
3,0,-0.01,-10.07,-0.13,-0.01,-0.01,
3,0,0.04,-10.03,-0.06,0,-0.01,
3,0,0.04,-10.03,-0.06,-0.01,-0.01,
3,0,0.04,-10.03,-0.06,-0.01,-0.01,
3,0,-0.03,-10.05,-0.11,-0.01,-0.01,
3,0,-0.03,-10.05,-0.11,-0.01,-0.01,
3,0,-0.03,-10.05,-0.11,0,-0.01,
3,0,0.03,-9.96,-0.08,0,-0.01,
3,0,0.03,-9.96,-0.08,0,-0.01,
3,0,0.03,-9.96,-0.08,0,-0.01,
3,0,0.03,-10.07,-0.1,0,-0.01,
3,0,0.03,-10.07,-0.1,0,-0.01,
3,0,0.03,-10.07,-0.1,0,-0.01,
3,0,0.01,-9.95,-0.03,0,-0.01,
3,0,0.01,-9.95,-0.03,-0.01,-0.01,
3,0,0.01,-9.95,-0.03,-0.01,-0.01,
3,0,0,-10.04,-0.11,-0.01,0,
3,0,0,-10.04,-0.11,-0.01,-0.01,
3,0,0,-10.04,-0.11,-0.01,-0.01,
3,0,0,-10.08,-0.12,-0.01,-0.01,
3,0,0,-10.08,-0.12,-0.01,-0.01,
3,0,0.04,-9.99,-0.08,0,-0.01,
3,0,0.04,-9.99,-0.08,0,-0.01,
3,0,0.04,-9.99,-0.08,0,-0.01,
3,0,-0.02,-10.07,-0.06,0,-0.01,
3,0,-0.02,-10.07,-0.06,0,-0.01,
3,0,-0.02,-10.07,-0.06,0,-0.01,
3,0,0.06,-10,-0.08,0,-0.01,
3,0,0.06,-10,-0.08,-0.01,-0.01,
3,0,0.06,-10,-0.08,-0.01,-0.01,
3,0,-0.05,-9.96,-0.11,0,-0.01,
3,0,-0.05,-9.96,-0.11,0,-0.01,
3,0,-0.05,-9.96,-0.11,0,-0.01,
3,0,0,-10.03,-0.12,0,-0.01,
3,0,0,-10.03,-0.12,-0.01,-0.01,
3,0,0,-10.03,-0.12,-0.01,-0.01,
3,0,-0.01,-10.06,-0.15,0,-0.01,
3,0,-0.01,-10.06,-0.15,0,-0.01,
3,0,-0.01,-10.06,-0.15,0,-0.01,
3,0,-0.01,-10.04,-0.06,0,-0.01,
3,0,-0.01,-10.04,-0.06,-0.01,-0.01,
3,0,-0.01,-10.04,-0.06,-0.01,-0.01,
3,0,-0.06,-10.05,-0.09,-0.01,-0.01,
3,0,-0.06,-10.05,-0.09,0,-0.01,
3,0,-0.03,-10.06,-0.04,0,-0.01,
3,0,-0.03,-10.06,-0.04,0,-0.01,
3,0,-0.03,-10.06,-0.04,-0.01,0,
3,0,0.04,-9.97,-0.11,-0.01,0,
3,0,0.04,-9.97,-0.11,0,-0.01,
3,0,0.04,-9.97,-0.11,0,-0.01,
3,0,0.06,-10.04,-0.07,0,-0.01,
3,0,0.06,-10.04,-0.07,0,-0.01,
3,0,0.06,-10.04,-0.07,-0.01,-0.01,
3,0,0.04,-10,-0.13,-0.01,-0.01,
3,0,0.04,-10,-0.13,-0.01,-0.01,
3,0,0.04,-10,-0.13,0,-0.01,
3,0,0.05,-10.02,-0.12,0,-0.01,
3,0,0.05,-10.02,-0.12,0,0,
3,0,0.05,-10.02,-0.12,0,-0.01,
3,0,-0.07,-10.01,-0.07,0,-0.01,
3,0,-0.07,-10.01,-0.07,0,-0.01,
3,0,-0.07,-10.01,-0.07,0,-0.01,
3,0,0.02,-10,-0.11,0,-0.01,
3,0,0.02,-10,-0.11,0,-0.01,
3,0,0.02,-10,-0.11,0,-0.01,
3,0,0,-10.05,-0.06,0,-0.01,
3,0,0,-10.05,-0.06,0,-0.01,
3,0,0,-10.05,-0.06,0,-0.01,
3,0,0.04,-10.05,-0.17,0,-0.01,
3,0,0.04,-10.05,-0.17,0,-0.01,
3,0,0.04,-10.05,-0.17,0,-0.01,
3,0,0.05,-9.99,-0.09,-0.01,-0.01,
3,0,0.05,-9.99,-0.09,-0.01,-0.01,
3,0,0.07,-9.95,-0.11,0,-0.01,
3,0,0.07,-9.95,-0.11,0,-0.01,
3,0,0.07,-9.95,-0.11,-0.01,-0.01,
3,0,0.02,-10.03,-0.03,0,-0.01,
3,0,0.02,-10.03,-0.03,0,-0.01,
3,0,0.02,-10.03,-0.03,0,-0.01,
3,0,0.03,-10,-0.09,0,-0.01,
3,0,0.03,-10,-0.09,0,-0.01,
3,0,0.03,-10,-0.09,-0.01,-0.01,
3,0,0.03,-10.07,-0.07,0,-0.01,
3,0,0.03,-10.07,-0.07,0,-0.01,
3,0,0.03,-10.07,-0.07,0,-0.01,
3,0,0.02,-10.04,-0.11,0,-0.01,
3,0,0.02,-10.04,-0.11,0,-0.01,
3,0,0.02,-10.04,-0.11,0,-0.01,
3,0,-0.01,-10.05,-0.09,0,-0.01,
3,0,-0.01,-10.05,-0.09,0,-0.01,
3,0,-0.01,-10.05,-0.09,0,-0.01,
3,0,0,-10.02,-0.07,0,-0.01,
3,0,0,-10.02,-0.07,0,-0.01,
3,0,0.05,-10.01,-0.14,-0.01,-0.01,
3,0,0.02,-10.01,-0.11,-0.01,-0.01,
3,0,-0.01,-10.1,-0.13,0,-0.01,
3,0,-0.03,-10.04,-0.1,0,-0.01,
3,0,-0.11,-10.03,-0.19,0,-0.01,
3,0,0.03,-10,-0.09,0.01,-0.01,
3,0,0.02,-10.06,-0.12,-0.01,-0.01,
3,0,-0.03,-10.02,-0.07,0,-0.01,
3,0,-0.03,-10.02,-0.07,-0.01,-0.01,
3,0,0,-10.01,-0.04,0,-0.01,
3,0,0,-10.01,-0.04,0,-0.01,
3,0,0,-10.01,-0.04,-0.01,-0.01,
3,0,0.06,-10.02,-0.1,0,-0.01,
3,0,0.06,-10.02,-0.1,0,-0.01,
3,0,0.06,-10.02,-0.1,-0.01,-0.01,
3,0,-0.02,-10.09,-0.08,0,-0.01,
3,0,-0.02,-10.09,-0.08,0,-0.01,
3,0,-0.02,-10.09,-0.08,0,-0.01,
3,0,0.03,-10.01,-0.07,0,-0.01,
3,0,0.03,-10.01,-0.07,0,-0.01,
3,0,-0.02,-10.03,-0.12,0,-0.01,
3,0,-0.02,-10.03,-0.12,0,-0.01,
3,0,-0.02,-10.03,-0.12,-0.01,-0.01,
3,0,0,-10.04,-0.08,0,-0.01,
3,0,0,-10.04,-0.08,0,-0.01,
3,0,0,-10.04,-0.08,0,-0.01,
3,0,0.01,-10.01,-0.09,-0.01,-0.01,
3,0,0.01,-10.01,-0.09,-0.01,-0.01,
3,0,0.01,-10.01,-0.09,0,-0.01,
3,0,0.03,-10.08,-0.06,-0.01,-0.01,
3,0,0.03,-10.08,-0.06,-0.01,-0.01,
3,0,0.03,-10.08,-0.06,0,-0.01,
3,0,0,-10.04,-0.1,0,-0.01,
3,0,0,-10.04,-0.1,0,-0.01,
3,0,0,-10.04,-0.1,0,-0.01,
3,0,0.03,-10.02,-0.11,0,0,
3,0,0.03,-10.02,-0.11,0,0,
3,0,0.03,-10.02,-0.11,-0.01,0,
3,0,-0.04,-10.02,-0.1,-0.01,-0.01,
3,0,-0.04,-10.02,-0.1,-0.01,-0.01,
3,0,-0.04,-10.02,-0.1,-0.01,-0.01,
3,0,-0.06,-10.02,-0.11,0,-0.01,
3,0,-0.06,-10.02,-0.11,0,-0.01,
3,0,0,-10.05,-0.11,0,-0.01,
3,0,0,-10.05,-0.11,0,-0.01,
3,0,0,-10.05,-0.11,0,-0.01,
3,0,-0.04,-10.04,-0.06,-0.01,-0.01,
3,0,-0.04,-10.04,-0.06,-0.01,-0.01,
3,0,-0.04,-10.04,-0.06,-0.01,-0.01,
3,0,0,-9.98,-0.1,0,-0.01,
3,0,0,-9.98,-0.1,0,-0.01,
3,0,0,-9.98,-0.1,0,-0.01,
3,0,0.06,-9.99,-0.12,0,-0.01,
3,0,0.06,-9.99,-0.12,0,-0.01,
3,0,0.06,-9.99,-0.12,0,-0.01,
3,0,0.05,-10.04,-0.11,0,-0.01,
3,0,0.05,-10.04,-0.11,0,-0.01,
3,0,0.05,-10.04,-0.11,0,-0.01,
3,0,-0.01,-10.02,-0.09,-0.01,-0.01,
3,0,-0.01,-10.02,-0.09,-0.01,-0.01,
3,0,-0.01,-10.02,-0.09,-0.01,-0.01,
3,0,-0.03,-10,-0.09,0,-0.01,
3,0,-0.03,-10,-0.09,-0.01,-0.01,
3,0,-0.03,-10,-0.09,-0.01,-0.01,
3,0,0.01,-10.01,-0.1,0,-0.01,
3,0,0.01,-10.01,-0.1,-0.01,-0.01,
3,0,0.01,-10.01,-0.1,-0.01,-0.01,
3,0,-0.02,-10.04,-0.07,0,-0.01,
3,0,-0.02,-10.04,-0.07,-0.01,0,
3,0,-0.02,-10.04,-0.07,-0.01,0,
3,0,0.01,-10.07,-0.05,-0.01,-0.01,
3,0,0.01,-10.07,-0.05,0,-0.01,
3,0,0.08,-10.02,-0.11,0,-0.01,
3,0,0.08,-10.02,-0.11,-0.01,-0.01,
3,0,0.08,-10.02,-0.11,-0.01,-0.01,
3,0,0.01,-10.01,-0.16,-0.01,-0.01,
3,0,0.01,-10.01,-0.16,0,-0.01,
3,0,0.01,-10.01,-0.16,0,-0.01,
3,0,0.04,-10.03,-0.1,0,-0.01,
3,0,0.04,-10.03,-0.1,0,-0.01,
3,0,0.04,-10.03,-0.1,0,-0.01,
3,0,-0.01,-10,-0.11,0,-0.01,
3,0,-0.01,-10,-0.11,0,-0.01,
3,0,-0.01,-10,-0.11,0,-0.01,
3,0,0.01,-9.99,-0.11,0,-0.01,
3,0,0.01,-9.99,-0.11,-0.01,-0.01,
3,0,0.01,-9.99,-0.11,-0.01,-0.01,
3,0,0.03,-10.04,-0.09,0,-0.01,
3,0,0.03,-10.04,-0.09,0,-0.01,
3,0,0.03,-10.04,-0.09,0,-0.01,
3,0,-0.01,-9.95,-0.1,0,0,
3,0,-0.01,-9.95,-0.1,0,-0.01,
3,0,-0.01,-9.95,-0.1,0,-0.01,
3,0,0,-10.08,-0.08,-0.01,-0.01,
3,0,0,-10.08,-0.08,-0.01,-0.01,
3,0,0,-10.08,-0.08,-0.01,-0.01,
3,0,-0.02,-10.07,-0.1,0,-0.01,
3,0,-0.02,-10.07,-0.1,0,-0.01,
3,0,-0.02,-10.07,-0.1,0,-0.01,
3,0,0.01,-9.96,-0.12,-0.01,-0.01,
3,0,0.01,-9.96,-0.12,-0.01,-0.01,
3,0,0,-9.96,-0.1,-0.01,-0.01,
3,0,0,-9.96,-0.1,0,-0.01,
3,0,0,-9.96,-0.1,0,-0.01,
3,0,-0.02,-10.03,-0.15,0,-0.01,
3,0,-0.02,-10.03,-0.15,-0.01,-0.01,
3,0,-0.02,-10.03,-0.15,0,-0.01,
3,0,0.08,-10.05,-0.11,0,-0.01,
3,0,0.08,-10.05,-0.11,0,-0.01,
3,0,0.08,-10.05,-0.11,-0.01,-0.01,
3,0,0.01,-10,-0.12,-0.01,-0.01,
3,0,0.01,-10,-0.12,-0.01,-0.01,
3,0,0.01,-10,-0.12,0,-0.01,
3,0,-0.01,-10.04,-0.12,0,-0.01,
3,0,-0.01,-10.04,-0.12,0,-0.01,
3,0,-0.01,-10.04,-0.12,-0.01,-0.01,
3,0,0.03,-10.05,-0.07,-0.01,-0.01,
3,0,0.03,-10.05,-0.07,0,-0.01,
3,0,-0.03,-10.05,-0.09,0,-0.01,
3,0,-0.03,-10.05,-0.09,0,-0.01,
3,0,-0.03,-10.05,-0.09,-0.01,-0.01,
3,0,-0.01,-9.98,-0.1,-0.01,-0.01,
3,0,-0.01,-9.98,-0.1,-0.01,-0.01,
3,0,-0.01,-9.98,-0.1,0,-0.01,
3,0,0.04,-10.03,-0.09,0,-0.01,
3,0,0.04,-10.03,-0.09,0,-0.01,
3,0,0.04,-10.03,-0.09,0,-0.01,
3,0,0,-10.07,-0.09,-0.01,-0.01,
3,0,0,-10.07,-0.09,0,-0.01,
3,0,0,-10.07,-0.09,0,-0.01,
3,0,0,-10.07,-0.06,0,-0.02,
3,0,0,-10.07,-0.06,0,-0.01,
3,0,0,-10.07,-0.06,0,-0.01,
3,0,0.04,-10.05,-0.09,0,-0.01,
3,0,0.04,-10.05,-0.09,-0.01,-0.01,
3,0,0.01,-10.03,-0.08,-0.01,-0.01,
3,0,0.01,-10.03,-0.08,0,-0.01,
3,0,0.01,-10.03,-0.08,0,-0.01,
3,0,0.01,-10.04,-0.1,0,-0.01,
3,0,0.01,-10.04,-0.1,0,-0.01,
3,0,0.01,-10.04,-0.1,0,-0.01,
3,0,-0.02,-10.03,-0.07,0,-0.01,
3,0,-0.02,-10.03,-0.07,0,0,
3,0,-0.02,-10.03,-0.07,-0.01,-0.01,
3,0,0.04,-10.03,-0.13,-0.01,-0.01,
3,0,0.04,-10.03,-0.13,-0.01,-0.01,
3,0,0.04,-10.03,-0.13,0,-0.01,
3,0,0.04,-10.05,-0.07,0,-0.01,
3,0,0.04,-10.05,-0.07,0,-0.01,
3,0,0.04,-10.05,-0.07,0,-0.01,
3,0,-0.04,-10.01,-0.04,0,-0.01,
3,0,-0.04,-10.01,-0.04,0,-0.01,
3,0,-0.04,-10.01,-0.04,0,-0.01,
3,0,-0.05,-10.03,-0.1,0,-0.01,
3,0,-0.05,-10.03,-0.1,0,-0.01,
3,0,0,-10,-0.08,0,-0.01,
3,0,0,-10,-0.08,0,-0.01,
3,0,0,-10,-0.08,-0.01,-0.01,
3,0,-0.06,-10.07,-0.09,0,-0.01,
3,0,-0.06,-10.07,-0.09,0,-0.01,
3,0,-0.06,-10.07,-0.09,0,-0.01,
3,0,-0.01,-10.04,-0.09,0,-0.01,
3,0,-0.01,-10.04,-0.09,0,-0.01,
3,0,-0.01,-10.04,-0.09,0,-0.01,
3,0,-0.02,-10.07,-0.13,0,-0.01,
3,0,-0.02,-10.07,-0.13,0,-0.01,
3,0,-0.02,-10.07,-0.13,-0.01,-0.01,
3,0,0.05,-10.01,-0.07,-0.01,-0.01,
3,0,0.05,-10.01,-0.07,-0.01,-0.01,
3,0,0.05,-10.01,-0.07,0,-0.01,
3,0,0.05,-10.02,-0.12,0,-0.01,
3,0,0.05,-10.02,-0.12,0,-0.01,
3,0,0.05,-10.02,-0.12,0,-0.01,
3,0,0.02,-10.05,-0.06,0,-0.01,
3,0,0.02,-10.05,-0.06,0,-0.01,
3,0,0.02,-10.05,-0.06,-0.01,-0.01,
3,0,0.02,-10.06,-0.08,-0.01,-0.01,
3,0,0.02,-10.06,-0.08,0,-0.01,
3,0,0.02,-10.06,-0.08,0,0,
3,0,-0.01,-10.05,-0.11,0,0,
3,0,-0.01,-10.05,-0.11,0,-0.01,
3,0,-0.01,-10.05,-0.11,-0.01,-0.01,
3,0,0,-10.02,-0.11,-0.01,-0.01,
3,0,0,-10.02,-0.11,-0.01,-0.01,
3,0,0,-10,-0.07,0,-0.01,
3,0,0,-10,-0.07,0,-0.01,
3,0,0,-10,-0.07,-0.01,-0.01,
3,0,0.04,-9.99,-0.04,0,-0.01,
3,0,0.04,-9.99,-0.04,0,-0.01,
3,0,0.04,-9.99,-0.04,-0.01,-0.01,
3,0,-0.03,-10.04,-0.08,0,-0.01,
3,0,-0.03,-10.04,-0.08,0,-0.01,
3,0,-0.03,-10.04,-0.08,0,-0.01,
3,0,-0.06,-9.99,-0.08,0,-0.01,
3,0,-0.06,-9.99,-0.08,0,-0.01,
3,0,-0.06,-9.99,-0.08,0,-0.01,
3,0,0,-10.06,-0.1,0,-0.01,
3,0,0,-10.06,-0.1,0,-0.01,
3,0,0,-10.06,-0.1,-0.01,-0.01,
3,0,0.03,-10.04,-0.11,0,-0.01,
3,0,0.03,-10.04,-0.11,0,-0.01,
3,0,0.03,-10.04,-0.11,-0.01,-0.01,
3,0,0,-10.06,-0.12,-0.01,-0.01,
3,0,0,-10.06,-0.12,-0.01,-0.01,
3,0,0,-10.06,-0.11,0,-0.01,
3,0,0,-10.06,-0.11,0,-0.01,
3,0,0,-10.06,-0.11,0,-0.01,
3,0,-0.04,-9.99,-0.11,0,-0.01,
3,0,-0.04,-9.99,-0.11,0,-0.01,
3,0,-0.04,-9.99,-0.11,0,-0.01,
3,0,0.01,-9.99,-0.08,0,-0.01,
3,0,0.01,-9.99,-0.08,-0.01,-0.01,
3,0,0.01,-9.99,-0.08,-0.01,-0.01,
3,0,-0.05,-10.03,-0.05,-0.01,-0.01,
3,0,-0.05,-10.03,-0.05,0,-0.01,
3,0,-0.05,-10.03,-0.05,0,-0.01,
3,0,0.07,-10.04,-0.06,0,-0.01,
3,0,0.07,-10.04,-0.06,0,-0.01,
3,0,0.07,-10.04,-0.06,0,-0.01,
3,0,-0.02,-10.05,-0.11,0,-0.01,
3,0,-0.02,-10.05,-0.11,0,-0.01,
3,0,-0.02,-10.05,-0.11,0,-0.01,
3,0,0,-9.98,-0.12,-0.01,-0.01,
3,0,0,-9.98,-0.12,0,-0.01,
3,0,0.03,-10.07,-0.1,0,-0.01,
3,0,0.03,-10.07,-0.1,0,-0.01,
3,0,0.03,-10.07,-0.1,0,-0.01,
3,0,-0.06,-10.04,-0.11,0,-0.01,
3,0,-0.06,-10.04,-0.11,0,0,
3,0,-0.06,-10.04,-0.11,0,-0.01,
3,0,-0.03,-10.07,-0.07,0,-0.01,
3,0,-0.03,-10.07,-0.07,-0.01,-0.01,
3,0,-0.03,-10.07,-0.07,0,-0.01,
3,0,-0.02,-10.02,-0.07,0,-0.01,
3,0,-0.02,-10.02,-0.07,0,0,
3,0,-0.02,-10.02,-0.07,-0.01,-0.01,
3,0,0.01,-10.08,-0.15,-0.01,-0.01,
3,0,0.01,-10.08,-0.15,-0.01,-0.01,
3,0,0.01,-10.08,-0.15,0,-0.01,
3,0,-0.05,-10.05,-0.08,0,-0.01,
3,0,-0.05,-10.05,-0.08,0,-0.01,
3,0,-0.05,-10.05,-0.08,-0.01,-0.01,
3,0,0,-9.97,-0.11,-0.01,-0.01,
3,0,0,-9.97,-0.11,-0.01,-0.01,
3,0,0,-9.97,-0.11,-0.01,-0.01,
3,0,0.04,-10,-0.1,-0.01,-0.01,
3,0,0.04,-10,-0.1,0,-0.01,
3,0,0,-10.04,-0.07,0,-0.01,
3,0,0,-10.04,-0.07,0,-0.01,
3,0,0,-10.04,-0.07,-0.01,-0.01,
3,0,0.01,-10.05,-0.05,0,-0.01,
3,0,0.01,-10.05,-0.05,0,-0.01,
3,0,0.01,-10.05,-0.05,-0.01,-0.01,
3,0,0,-10.04,-0.1,-0.01,0,
3,0,0,-10.04,-0.1,-0.01,0,
3,0,0,-10.04,-0.1,0,-0.01,
3,0,-0.01,-10.03,-0.11,-0.01,-0.01,
3,0,-0.01,-10.03,-0.11,-0.01,-0.01,
3,0,-0.01,-10.03,-0.11,-0.01,-0.01,
3,0,0.02,-10.05,-0.03,-0.01,-0.01,
3,0,0.02,-10.05,-0.03,-0.01,-0.01,
3,0,0.02,-10.05,-0.03,-0.01,-0.01,
3,0,0.01,-10.05,-0.13,-0.01,-0.01,
3,0,0.01,-10.05,-0.13,-0.01,-0.01,
3,0,0.01,-10.05,-0.13,0,-0.01,
3,0,-0.04,-10.07,-0.09,-0.01,-0.01,
3,0,-0.04,-10.07,-0.09,-0.01,-0.01,
3,0,-0.04,-10.07,-0.09,-0.01,-0.01,
3,0,0,-10.06,-0.12,-0.01,-0.01,
3,0,0,-10.06,-0.12,-0.01,-0.01,
3,0,0,-10.06,-0.12,-0.01,-0.01,
3,0,0.06,-9.97,-0.12,-0.01,-0.01,
3,0,0.06,-9.97,-0.12,0,0,
3,0,0.06,-9.97,-0.12,0,-0.01,
3,0,0.02,-10.02,-0.06,0,-0.01,
3,0,0.02,-10.02,-0.06,0,-0.01,
3,0,0.02,-10.02,-0.06,0,-0.01,
3,0,-0.04,-10.02,-0.06,0,-0.01,
3,0,-0.04,-10.02,-0.06,0,-0.01,
3,0,-0.04,-10.02,-0.06,0,-0.01,
3,0,-0.01,-10.03,-0.11,0,-0.01,
3,0,-0.01,-10.03,-0.11,-0.01,-0.01,
3,0,-0.01,-10.03,-0.11,0,-0.01,
3,0,0.03,-10.05,-0.11,0,-0.01,
3,0,0.03,-10.05,-0.11,0,-0.01,
3,0,-0.06,-9.99,-0.12,-0.01,-0.01,
3,0,-0.06,-9.99,-0.12,-0.01,-0.01,
3,0,-0.06,-9.99,-0.12,0,-0.01,
3,0,0.02,-10.05,-0.09,0,-0.01,
3,0,0.02,-10.05,-0.09,0,-0.01,
3,0,0.02,-10.05,-0.09,0,-0.01,
3,0,0.04,-10.05,-0.05,0,-0.01,
3,0,0.04,-10.05,-0.05,0,-0.01,
3,0,0.04,-10.05,-0.05,0,-0.01,
3,0,0,-10,-0.1,0,-0.01,
3,0,0,-10,-0.1,0,-0.01,
3,0,0,-10,-0.1,0,-0.01,
3,0,0.01,-10.06,-0.1,-0.01,-0.01,
3,0,0.01,-10.06,-0.1,-0.01,-0.01,
3,0,0,-10.03,-0.1,0,-0.01,
3,0,0,-10.03,-0.1,-0.01,-0.01,
3,0,0,-10.03,-0.1,-0.01,-0.01,
3,0,-0.02,-10.01,-0.08,0,-0.01,
3,0,-0.02,-10.01,-0.08,0,-0.01,
3,0,-0.02,-10.01,-0.08,0,-0.01,
3,0,0.01,-10.05,-0.05,0,-0.01,
3,0,0.01,-10.05,-0.05,0,0,
3,0,0.01,-10.05,-0.05,0,0,
3,0,0.03,-10.07,-0.05,0,-0.01,
3,0,0.03,-10.07,-0.05,0,-0.01,
3,0,0.03,-10.07,-0.05,0,-0.01,
3,0,0,-10.02,-0.1,-0.01,-0.01,
3,0,0,-10.02,-0.1,0,-0.01,
3,0,0,-10.02,-0.1,-0.01,-0.01,
3,0,0,-10.03,-0.11,-0.01,-0.01,
3,0,0,-10.03,-0.11,0,-0.01,
3,0,0.02,-10.02,-0.1,-0.01,-0.01,
3,0,0.02,-10.02,-0.1,-0.01,-0.01,
3,0,0.02,-10.02,-0.1,0,-0.01,
3,0,-0.01,-10.02,-0.04,-0.01,-0.01,
3,0,-0.01,-10.02,-0.04,-0.01,-0.01,
3,0,-0.01,-10.02,-0.04,-0.01,-0.01,
3,0,-0.07,-10.01,-0.1,-0.01,-0.01,
3,0,-0.07,-10.01,-0.1,-0.01,-0.01,
3,0,-0.07,-10.01,-0.1,0,-0.01,
3,0,0,-10.08,-0.1,-0.01,0,
3,0,0,-10.08,-0.1,-0.01,0,
3,0,0,-10.08,-0.1,0,-0.01,
3,0,0.04,-10.1,-0.09,0,-0.01,
3,0,0.04,-10.1,-0.09,0,-0.01,
3,0,0.04,-10.1,-0.09,-0.01,-0.01,
3,0,0,-10.07,-0.11,0,-0.01,
3,0,0,-10.07,-0.11,0,-0.01,
3,0,0,-10.07,-0.11,0,-0.01,
3,0,-0.01,-9.98,-0.16,0,-0.01,
3,0,-0.01,-9.98,-0.16,0,-0.01,
3,0,-0.02,-10.03,-0.07,0,-0.01,
3,0,-0.02,-10.03,-0.07,-0.01,-0.01,
3,0,-0.02,-10.03,-0.07,-0.01,-0.01,
3,0,-0.01,-9.99,-0.11,-0.01,-0.01,
3,0,-0.01,-9.99,-0.11,0,-0.01,
3,0,-0.01,-9.99,-0.11,0,-0.01,
3,0,-0.01,-10,-0.09,0,-0.01,
3,0,-0.01,-10,-0.09,0,-0.01,
3,0,-0.01,-10,-0.09,0,-0.01,
3,0,-0.01,-10.06,-0.07,0,-0.02,
3,0,-0.01,-10.06,-0.07,0,-0.02,
3,0,-0.01,-10.06,-0.07,0,0,
3,0,0.02,-10,-0.14,0,-0.01,
3,0,0.02,-10,-0.14,0,-0.01,
3,0,0.02,-10,-0.14,0,-0.01,
3,0,0.02,-10.06,-0.12,0,-0.01,
3,0,0.02,-10.06,-0.12,-0.01,-0.01,
3,0,0.02,-10.06,-0.12,-0.01,-0.01,
3,0,-0.06,-9.99,-0.11,0,-0.01,
3,0,-0.06,-9.99,-0.11,0,-0.01,
3,0,0.04,-10.07,-0.06,0,-0.01,
3,0,0.04,-10.07,-0.06,0,-0.01,
3,0,0.04,-10.07,-0.06,0,-0.01,
3,0,0.01,-10.05,-0.19,-0.01,-0.01,
3,0,0.01,-10.05,-0.19,0,-0.01,
3,0,0.01,-10.05,-0.19,0,-0.01,
3,0,-0.03,-10.06,-0.04,0,-0.01,
3,0,-0.03,-10.06,-0.04,0,-0.01,
3,0,-0.03,-10.06,-0.04,0,-0.01,
3,0,-0.03,-10,-0.14,-0.01,-0.01,
3,0,-0.03,-10,-0.14,-0.01,-0.01,
3,0,-0.03,-10,-0.14,-0.01,-0.01,
3,0,0.01,-10.04,-0.06,0,-0.01,
3,0,0.01,-10.04,-0.06,0,-0.01,
3,0,0.01,-10.04,-0.06,0,-0.01,
3,0,0.06,-10.06,-0.08,0,-0.01,
3,0,0.06,-10.06,-0.08,-0.01,-0.01,
3,0,0.06,-10.06,-0.08,-0.01,-0.01,
3,0,0.02,-10.05,-0.11,-0.01,-0.01,
3,0,0.02,-10.05,-0.11,-0.01,-0.01,
3,0,0.02,-10.05,-0.11,0,-0.01,
3,0,-0.03,-10.01,-0.11,0,-0.01,
3,0,-0.03,-10.01,-0.11,0,-0.01,
3,0,-0.03,-10.01,-0.11,-0.01,-0.01,
3,0,-0.01,-10.03,-0.1,0,-0.01,
3,0,-0.01,-10.03,-0.1,0,-0.01,
3,0,-0.01,-10.03,-0.1,0,-0.01,
3,0,-0.02,-10,-0.08,0,-0.01,
3,0,-0.02,-10,-0.08,0,-0.01,
3,0,-0.02,-10,-0.08,-0.01,-0.01,
3,0,0.08,-10.02,-0.1,-0.01,0,
3,0,0.08,-10.02,-0.1,-0.01,0,
3,0,0.08,-10.02,-0.1,-0.01,-0.01,
3,0,0.09,-10.04,-0.11,0,-0.01,
3,0,0.09,-10.04,-0.11,0,-0.01,
3,0,0.09,-10.04,-0.11,-0.01,-0.01,
3,0,0.05,-10.03,-0.13,0,-0.01,
3,0,0.05,-10.03,-0.13,0,-0.01,
3,0,0.03,-10.09,-0.1,0,-0.01,
3,0,0.03,-10.09,-0.1,0,-0.01,
3,0,0.03,-10.09,-0.1,0,-0.01,
3,0,0.03,-10.04,-0.1,0,-0.01,
3,0,0.03,-10.04,-0.1,-0.01,-0.01,
3,0,0.03,-10.04,-0.1,-0.01,-0.01,
3,0,-0.05,-9.97,-0.13,-0.01,-0.01,
3,0,-0.05,-9.97,-0.13,0,-0.01,
3,0,-0.05,-9.97,-0.13,0,-0.01,
3,0,0,-10.07,-0.09,0,-0.01,
3,0,0,-10.07,-0.09,-0.01,-0.01,
3,0,0,-10.07,-0.09,-0.01,-0.01,
3,0,-0.02,-10.03,-0.11,0,-0.01,
3,0,-0.02,-10.03,-0.11,0,-0.01,
3,0,-0.02,-10.03,-0.11,0,-0.01,
3,0,0.05,-10.03,-0.04,-0.01,-0.01,
3,0,0.05,-10.03,-0.04,0,-0.01,
3,0,0.05,-10.03,-0.04,0,-0.01,
3,0,0,-10.06,-0.12,0,-0.01,
3,0,0,-10.06,-0.12,0,-0.01,
3,0,-0.02,-10.1,-0.1,0,-0.01,
3,0,-0.02,-10.1,-0.1,0,-0.01,
3,0,-0.02,-10.1,-0.1,0,-0.01,
3,0,0,-10.06,-0.12,0,-0.01,
3,0,0,-10.06,-0.12,-0.01,-0.01,
3,0,0,-10.06,-0.12,0,0,
3,0,0,-9.98,-0.09,0,0,
3,0,0,-9.98,-0.09,0,-0.01,
3,0,0,-9.98,-0.09,-0.01,-0.01,
3,0,0.02,-10.03,-0.1,-0.01,-0.01,
3,0,0.02,-10.03,-0.1,-0.01,-0.01,
3,0,0.02,-10.03,-0.1,0,-0.01,
3,0,0.04,-10,-0.08,0,-0.01,
3,0,0.04,-10,-0.08,0,-0.01,
3,0,0.04,-10,-0.08,0,-0.01,
3,0,0,-9.99,-0.09,0,-0.01,
3,0,0,-9.99,-0.09,0,-0.01,
3,0,0,-9.99,-0.09,0,-0.01,
3,0,0.02,-10.05,-0.09,0,-0.01,
3,0,0.02,-10.05,-0.09,-0.01,-0.01,
3,0,0.02,-10.05,-0.09,0,-0.01,
3,0,0.01,-10.01,-0.12,0,-0.01,
3,0,0.01,-10.01,-0.12,0,-0.01,
3,0,-0.05,-10.04,-0.11,-0.01,-0.01,
3,0,-0.05,-10.04,-0.11,-0.01,-0.01,
3,0,-0.05,-10.04,-0.11,0,-0.01,
3,0,-0.01,-10.04,-0.08,-0.01,-0.01,
3,0,-0.01,-10.04,-0.08,-0.01,-0.01,
3,0,-0.01,-10.04,-0.08,-0.01,-0.01,
3,0,-0.01,-10.08,-0.1,0,-0.01,
3,0,-0.01,-10.08,-0.1,0,-0.01,
3,0,-0.01,-10.08,-0.1,-0.01,-0.01,
3,0,0,-10.06,-0.15,0,-0.01,
3,0,0,-10.06,-0.15,0,-0.01,
3,0,0,-10.06,-0.15,-0.01,-0.01,
3,0,0,-10.03,-0.11,0,-0.01,
3,0,0,-10.03,-0.11,0,-0.01,
3,0,0,-10.03,-0.11,0,-0.01,
3,0,0,-10.07,-0.13,0,-0.01,
3,0,0,-10.07,-0.13,0,-0.01,
3,0,0,-10.07,-0.13,0,-0.01,
3,0,0.01,-10.05,-0.12,0,-0.01,
3,0,0.01,-10.05,-0.12,0,-0.01,
3,0,0.01,-10.05,-0.12,-0.01,-0.01,
3,0,-0.01,-9.99,-0.04,-0.01,-0.01,
3,0,-0.01,-9.99,-0.04,-0.01,-0.01,
3,0,-0.01,-9.99,-0.04,0,-0.01,
3,0,0.03,-10.01,-0.12,0,-0.01,
3,0,0.03,-10.01,-0.12,-0.01,-0.01,
3,0,0.03,-10.01,-0.12,0,-0.01,
3,0,-0.02,-10.07,-0.07,0,-0.01,
3,0,-0.02,-10.07,-0.07,0,-0.01,
3,0,-0.02,-10.07,-0.07,0,-0.01,
3,0,0,-10.04,-0.14,0,-0.01,
3,0,0,-10.04,-0.14,0.01,-0.01,
3,0,0,-10.04,-0.14,0,-0.01,
3,0,0.07,-10.05,-0.06,0,-0.01,
3,0,0.07,-10.05,-0.06,0,-0.01,
3,0,0.07,-10.05,-0.06,0,-0.01,
3,0,-0.05,-10.06,-0.14,0,-0.01,
3,0,-0.05,-10.06,-0.14,0,-0.01,
3,0,-0.05,-10.06,-0.14,0,-0.01,
3,0,0.05,-10.05,-0.1,-0.01,-0.01,
3,0,0.05,-10.05,-0.1,-0.01,-0.01,
3,0,0.06,-10.04,-0.13,-0.01,-0.01,
3,0,0.06,-10.04,-0.13,0,-0.01,
3,0,0.06,-10.04,-0.13,0,-0.01,
3,0,0,-10.05,-0.07,0,-0.01,
3,0,0,-10.05,-0.07,-0.01,-0.01,
3,0,0,-10.05,-0.07,-0.01,-0.01,
3,0,-0.01,-10,-0.07,-0.01,-0.01,
3,0,-0.01,-10,-0.07,-0.01,-0.01,
3,0,-0.01,-10,-0.07,0,-0.01,
3,0,-0.03,-9.98,-0.12,0,-0.01,
3,0,-0.03,-9.98,-0.12,0,-0.01,
3,0,-0.03,-9.98,-0.12,0,-0.01,
3,0,-0.01,-10.03,-0.09,0,-0.01,
3,0,-0.01,-10.03,-0.09,0,-0.01,
3,0,-0.01,-10.03,-0.09,-0.01,-0.01,
3,0,-0.01,-10.05,-0.12,-0.01,-0.01,
3,0,-0.01,-10.05,-0.12,0,-0.01,
3,0,0,-10.01,-0.12,0,-0.01,
3,0,0,-10.01,-0.12,0,-0.01,
3,0,0,-10.01,-0.12,0,-0.01,
3,0,-0.02,-10.02,-0.09,0,-0.01,
3,0,-0.02,-10.02,-0.09,0,-0.01,
3,0,-0.02,-10.02,-0.09,0,-0.01,
3,0,-0.02,-10.11,-0.08,-0.01,-0.01,
3,0,-0.02,-10.11,-0.08,-0.01,-0.01,
3,0,-0.02,-10.11,-0.08,0,-0.01,
3,0,-0.02,-10.02,-0.09,0,-0.01,
3,0,-0.02,-10.02,-0.09,-0.01,-0.01,
3,0,-0.02,-10.02,-0.09,-0.01,-0.01,
3,0,-0.02,-10.07,-0.06,0,0,
3,0,-0.02,-10.07,-0.06,0,0,
3,0,-0.02,-10.07,-0.06,0,-0.01,
3,0,-0.05,-10.02,-0.07,0,-0.01,
3,0,-0.05,-10.02,-0.07,-0.01,-0.01,
3,0,-0.05,-10.02,-0.07,-0.01,-0.01,
3,0,0.03,-10.03,-0.1,-0.01,-0.01,
3,0,0.03,-10.03,-0.1,-0.01,-0.01,
3,0,0.06,-9.98,-0.08,-0.01,-0.01,
3,0,0.06,-9.98,-0.08,0,-0.01,
3,0,0.06,-9.98,-0.08,0,-0.01,
3,0,0.07,-10.05,-0.09,0,-0.01,
3,0,0.07,-10.05,-0.09,0,-0.01,
3,0,0.07,-10.05,-0.09,-0.01,-0.01,
3,0,-0.02,-10.05,-0.11,-0.01,-0.01,
3,0,-0.02,-10.05,-0.11,-0.01,-0.01,
3,0,-0.02,-10.05,-0.11,0,-0.01,
3,0,0.01,-10.08,-0.12,0,-0.01,
3,0,0.01,-10.08,-0.12,-0.01,-0.01,
3,0,0.01,-10.08,-0.12,0,0,
3,0,0.04,-10.06,-0.1,0,0,
3,0,0.04,-10.06,-0.1,-0.01,-0.01,
3,0,0.04,-10.06,-0.1,0,-0.01,
3,0,-0.02,-10.08,-0.08,0,-0.01,
3,0,-0.02,-10.08,-0.08,0,-0.01,
3,0,-0.02,-10.08,-0.08,0,-0.01,
3,0,0.03,-10.02,-0.1,0,-0.01,
3,0,0.03,-10.02,-0.1,0,-0.01,
3,0,-0.05,-10.07,-0.12,-0.01,-0.01,
3,0,-0.05,-10.07,-0.12,-0.01,-0.01,
3,0,-0.05,-10.07,-0.12,0,-0.01,
3,0,0.02,-10.04,-0.14,0,-0.01,
3,0,0.02,-10.04,-0.14,0,-0.01,
3,0,0.02,-10.04,-0.14,-0.01,-0.01,
3,0,-0.03,-10.03,-0.08,-0.01,-0.01,
3,0,-0.03,-10.03,-0.08,-0.01,-0.01,
3,0,-0.03,-10.03,-0.08,-0.01,-0.01,
3,0,0.02,-10.04,-0.09,0,-0.01,
3,0,0.02,-10.04,-0.09,0,-0.01,
3,0,0.02,-10.04,-0.09,0,-0.01,
3,0,0.01,-10.07,-0.08,0,-0.01,
3,0,0.01,-10.07,-0.08,0,-0.01,
3,0,0.01,-10.07,-0.08,0,-0.01,
3,0,0.1,-10.08,-0.13,-0.01,-0.01,
3,0,0.1,-10.08,-0.13,-0.01,-0.01,
3,0,-0.02,-10.03,-0.11,-0.01,-0.01,
3,0,-0.02,-10.03,-0.11,0,-0.01,
3,0,-0.02,-10.03,-0.11,0,-0.01,
3,0,-0.06,-10.04,-0.07,0,-0.01,
3,0,-0.06,-10.04,-0.07,-0.01,-0.01,
3,0,-0.06,-10.04,-0.07,-0.01,-0.01,
3,0,0.02,-10.08,-0.11,-0.01,-0.01,
3,0,0.02,-10.08,-0.11,-0.01,-0.01,
3,0,0.02,-10.08,-0.11,-0.01,-0.01,
3,0,0,-10,-0.06,0,-0.01,
3,0,0,-10,-0.06,0,-0.01,
3,0,0,-10,-0.06,0,-0.01,
3,0,0.01,-9.97,-0.09,0,-0.01,
3,0,0.01,-9.97,-0.09,-0.01,-0.01,
3,0,0.01,-9.97,-0.09,-0.01,-0.01,
3,0,0.01,-10.03,-0.13,0,-0.01,
3,0,0.01,-10.03,-0.13,0,-0.01,
3,0,0.01,-10.03,-0.13,0,-0.01,
3,0,-0.02,-10.06,-0.11,0,-0.01,
3,0,-0.02,-10.06,-0.11,0,-0.01,
3,0,-0.02,-10.06,-0.11,0,-0.01,
3,0,0.01,-10.07,-0.09,0,-0.01,
3,0,0.01,-10.07,-0.09,0,-0.01,
3,0,0.01,-10.07,-0.09,0,-0.01,
3,0,0.02,-10.01,-0.14,0,-0.01,
3,0,0.02,-10.01,-0.14,0,-0.01,
3,0,0.02,-10.01,-0.14,-0.01,-0.01,
3,0,-0.02,-10.07,-0.1,-0.01,-0.01,
3,0,-0.02,-10.07,-0.1,-0.01,-0.01,
3,0,0.01,-10.07,-0.11,-0.01,-0.01,
3,0,0.01,-10.07,-0.11,-0.01,-0.01,
3,0,0.01,-10.07,-0.11,0,-0.01,
3,0,-0.06,-10.01,-0.12,0,-0.01,
3,0,-0.06,-10.01,-0.12,0,-0.01,
3,0,-0.06,-10.01,-0.12,0,-0.01,
3,0,-0.02,-10.01,-0.1,0,-0.01,
3,0,-0.02,-10.01,-0.1,-0.01,-0.01,
3,0,-0.02,-10.01,-0.1,-0.01,-0.01,
3,0,-0.02,-9.99,-0.07,-0.01,-0.01,
3,0,-0.02,-9.99,-0.07,-0.01,-0.01,
3,0,-0.02,-9.99,-0.07,-0.01,-0.01,
3,0,0.06,-9.96,-0.06,-0.01,-0.01,
3,0,0.06,-9.96,-0.06,-0.01,-0.01,
3,0,0.03,-10.05,-0.05,-0.01,-0.01,
3,0,0.03,-10.05,-0.05,-0.01,-0.01,
3,0,0.03,-10.05,-0.05,0,-0.01,
3,0,0,-10.04,-0.08,0,-0.01,
3,0,0,-10.04,-0.08,0,-0.01,
3,0,0,-10.04,-0.08,-0.01,-0.01,
3,0,-0.02,-10,-0.06,0,-0.01,
3,0,-0.02,-10,-0.06,0,-0.01,
3,0,-0.02,-10,-0.06,0,-0.01,
3,0,0.02,-10.03,-0.08,-0.01,-0.01,
3,0,0.02,-10.03,-0.08,-0.01,-0.01,
3,0,0.02,-10.03,-0.08,-0.01,-0.01,
3,0,0.04,-9.96,-0.11,0,-0.02,
3,0,0.04,-9.96,-0.11,-0.01,-0.01,
3,0,-0.01,-9.99,-0.08,-0.01,-0.01,
3,0,-0.01,-9.99,-0.08,0,-0.01,
3,0,-0.01,-9.99,-0.08,0,-0.01,
3,0,0,-10.04,-0.1,0,-0.01,
3,0,0,-10.04,-0.1,0,-0.01,
3,0,0,-10.04,-0.1,0,-0.01,
3,0,0.01,-10.04,-0.07,0,-0.01,
3,0,0.01,-10.04,-0.07,0,-0.01,
3,0,0.01,-10.04,-0.07,-0.01,-0.01,
3,0,-0.02,-10.05,-0.12,-0.01,-0.01,
3,0,-0.02,-10.05,-0.12,0,-0.01,
3,0,-0.02,-10.05,-0.12,0,-0.01,
3,0,0.02,-10.05,-0.1,0,-0.01,
3,0,0.02,-10.05,-0.1,0,-0.01,
3,0,0,-10.06,-0.09,0,-0.01,
3,0,0,-10.06,-0.09,0,0,
3,0,0,-10.06,-0.09,0,0,
3,0,0.01,-10.03,-0.08,-0.01,-0.01,
3,0,0.01,-10.03,-0.08,-0.01,-0.01,
3,0,0.01,-10.03,-0.08,-0.01,-0.01,
3,0,0,-10.05,-0.09,0,-0.01,
3,0,0,-10.05,-0.09,0,-0.01,
3,0,0,-10.05,-0.09,0,-0.01,
3,0,0,-10.08,-0.11,-0.01,-0.01,
3,0,0,-10.08,-0.11,0,-0.01,
3,0,-0.03,-9.97,-0.11,0,-0.01,
3,0,-0.03,-9.97,-0.11,0,-0.01,
3,0,-0.03,-9.97,-0.11,0,-0.01,
3,0,-0.04,-10.02,-0.05,0,-0.01,
3,0,-0.04,-10.02,-0.05,0,-0.01,
3,0,-0.04,-10.02,-0.05,-0.01,-0.01,
3,0,-0.01,-10.03,-0.09,-0.01,-0.01,
3,0,-0.01,-10.03,-0.09,-0.01,-0.01,
3,0,-0.01,-10.03,-0.09,0,-0.01,
3,0,0,-10,-0.09,0,-0.01,
3,0,0,-10,-0.09,0,-0.01,
3,0,-0.01,-10.04,-0.14,-0.01,-0.01,
3,0,-0.01,-10.04,-0.14,0,-0.01,
3,0,-0.01,-10.04,-0.14,0,-0.01,
3,0,0,-9.96,-0.09,0,-0.01,
3,0,0,-9.96,-0.09,0,-0.01,
3,0,0,-9.96,-0.09,0,-0.01,
3,0,0.03,-10.01,-0.12,-0.01,-0.01,
3,0,0.03,-10.01,-0.12,0,-0.01,
3,0,0.03,-10.01,-0.12,0,-0.01,
3,0,0.01,-10.02,-0.1,0,-0.01,
3,0,0.01,-10.02,-0.1,0,-0.01,
3,0,0.01,-10.02,-0.1,0,-0.01,
3,0,-0.01,-10.04,-0.11,-0.01,-0.01,
3,0,-0.01,-10.04,-0.11,-0.01,-0.01,
3,0,-0.01,-10.04,-0.11,-0.01,-0.01,
3,0,-0.02,-10.06,-0.09,0,-0.01,
3,0,-0.02,-10.06,-0.09,-0.01,-0.01,
3,0,-0.02,-10.06,-0.09,-0.01,-0.01,
3,0,0.02,-10,-0.06,-0.01,-0.01,
3,0,0.02,-10,-0.06,0,-0.01,
3,0,0.02,-10,-0.06,0,-0.01,
3,0,0,-10.06,-0.1,0,-0.01,
3,0,0,-10.06,-0.1,0,-0.01,
3,0,0,-10.06,-0.1,0,-0.01,
3,0,-0.03,-10.04,-0.08,0,-0.01,
3,0,-0.03,-10.04,-0.08,0,-0.01,
3,0,-0.03,-10.04,-0.08,0,-0.01,
3,0,0.03,-10,-0.06,0,-0.01,
3,0,0.03,-10,-0.06,0,-0.01,
3,0,-0.03,-9.97,-0.09,-0.01,-0.01,
3,0,-0.03,-9.97,-0.09,0,-0.01,
3,0,-0.03,-9.97,-0.09,0,0,
3,0,-0.03,-10.02,-0.08,0,0,
3,0,-0.03,-10.02,-0.08,-0.01,-0.01,
3,0,-0.03,-10.02,-0.08,0,-0.01,
3,0,-0.03,-10.05,-0.07,0,-0.01,
3,0,-0.03,-10.05,-0.07,0,-0.01,
3,0,-0.03,-10.05,-0.07,-0.01,-0.01,
3,0,-0.01,-10.03,-0.1,-0.01,-0.01,
3,0,-0.01,-10.03,-0.1,0,-0.01,
3,0,-0.01,-10.03,-0.1,0,-0.01,
3,0,-0.02,-10.02,-0.1,0,-0.01,
3,0,-0.02,-10.02,-0.1,0,-0.01,
3,0,0,-9.96,-0.11,-0.01,-0.01,
3,0,0,-9.96,-0.11,-0.01,-0.01,
3,0,0,-9.96,-0.11,0,-0.01,
3,0,0.05,-10.01,-0.11,-0.01,-0.01,
3,0,0.05,-10.01,-0.11,-0.01,-0.01,
3,0,0.05,-10.01,-0.11,-0.01,-0.01,
3,0,0,-10.04,-0.1,-0.01,-0.01,
3,0,0,-10.04,-0.1,-0.01,-0.01,
3,0,0,-10.04,-0.1,0,-0.01,
3,0,0,-9.99,-0.07,0,-0.01,
3,0,0,-9.99,-0.07,0,-0.01,
3,0,0,-9.99,-0.07,-0.01,-0.01,
3,0,-0.01,-10.04,-0.03,-0.01,-0.01,
3,0,-0.01,-10.04,-0.03,-0.01,-0.01,
3,0,-0.05,-10.06,-0.13,-0.01,-0.01,
3,0,-0.05,-10.06,-0.13,0,-0.01,
3,0,-0.05,-10.06,-0.13,-0.01,-0.01,
3,0,-0.02,-10.07,-0.11,-0.01,-0.01,
3,0,-0.02,-10.07,-0.11,0,-0.01,
3,0,-0.02,-10.07,-0.11,-0.01,-0.01,
3,0,0.03,-10.04,-0.11,-0.01,-0.01,
3,0,0.03,-10.04,-0.11,0,-0.01,
3,0,0.03,-10.04,-0.11,0,-0.01,
3,0,0,-10.04,-0.05,0,-0.01,
3,0,0,-10.04,-0.05,0,-0.01,
3,0,0,-10.04,-0.05,-0.01,-0.01,
3,0,-0.02,-10.06,-0.07,-0.01,-0.01,
3,0,-0.02,-10.06,-0.07,-0.01,-0.01,
3,0,-0.02,-10.06,-0.07,-0.01,-0.01,
3,0,0,-9.98,-0.14,-0.01,-0.01,
3,0,0,-9.98,-0.14,-0.01,-0.01,
3,0,-0.03,-10.08,-0.16,0,-0.01,
3,0,-0.03,-10.08,-0.16,0,-0.01,
3,0,-0.03,-10.08,-0.16,-0.01,-0.01,
3,0,0,-10.03,-0.08,0,-0.01,
3,0,0,-10.03,-0.08,0,-0.01,
3,0,0,-10.03,-0.08,0,-0.01,
3,0,0.02,-10.01,-0.05,0,-0.01,
3,0,0.02,-10.01,-0.05,0,-0.01,
3,0,0.02,-10.01,-0.05,0,-0.01,
3,0,-0.03,-10.05,-0.1,0,-0.01,
3,0,-0.03,-10.05,-0.1,-0.01,-0.01,
3,0,-0.03,-10.05,-0.1,-0.01,-0.01,
3,0,0,-10,-0.06,0,-0.01,
3,0,0,-10,-0.06,0,-0.01,
3,0,0.01,-10,-0.08,0,-0.01,
3,0,0.01,-10,-0.08,0,-0.01,
3,0,0.01,-10,-0.08,-0.01,-0.01,
3,0,0,-10.11,-0.1,-0.01,-0.01,
3,0,0,-10.11,-0.1,0,-0.01,
3,0,0,-10.11,-0.1,-0.01,-0.01,
3,0,0.02,-10.01,-0.11,-0.01,-0.01,
3,0,0.02,-10.01,-0.11,0,-0.01,
3,0,0.02,-10.01,-0.11,0,-0.01,
3,0,-0.01,-10.01,-0.08,0,-0.01,
3,0,-0.01,-10.01,-0.08,0,-0.01,
3,0,-0.01,-10.01,-0.08,0,-0.01,
3,0,-0.01,-10.01,-0.08,0,-0.01,
3,0,-0.01,-10.01,-0.08,0,-0.01,
3,0,-0.01,-10.01,-0.08,0,-0.01,
3,0,0.06,-10.06,-0.1,0,-0.01,
3,0,0.06,-10.06,-0.1,0,0,
3,0,-0.05,-10.02,-0.09,-0.01,-0.01,
3,0,-0.05,-10.02,-0.09,-0.01,-0.01,
3,0,-0.05,-10.02,-0.09,-0.01,-0.01,
3,0,-0.03,-10.02,-0.11,-0.01,-0.01,
3,0,-0.03,-10.02,-0.11,-0.01,0,
3,0,-0.03,-10.02,-0.11,-0.01,0,
3,0,-0.04,-10.26,-0.15,0,0,
3,0,-0.04,-10.26,-0.15,0.01,-0.01,
3,0,0.09,-10.16,-0.07,0.01,-0.01,
3,0,0.09,-10.16,-0.07,-0.01,-0.01,
3,0,0.09,-10.16,-0.07,0,-0.01,
3,0,-0.13,-9.96,-0.1,0,-0.01,
3,0,-0.13,-9.96,-0.1,-0.01,-0.01,
3,0,-0.13,-9.96,-0.1,-0.01,-0.01,
3,0,-0.06,-10.26,-0.45,-0.01,-0.01,
3,0,-0.06,-10.26,-0.45,0,-0.01,
3,0,-0.06,-10.26,-0.45,-0.01,-0.01,
3,0,0.02,-9.91,-0.18,-0.01,-0.01,
3,0,0.02,-9.91,-0.18,0,-0.01,
3,0,0.02,-9.91,-0.18,0,-0.01,
3,0,-0.11,-10.07,0,0,-0.01,
3,0,-0.11,-10.07,0,0,-0.01,
3,0,-0.11,-10.07,0,0,-0.01,
3,0,0.09,-9.92,-0.08,0,-0.01,
3,0,0.09,-9.92,-0.08,-0.01,-0.01,
3,0,0.09,-9.92,-0.08,-0.01,-0.01,
3,0,0.01,-10.18,-0.21,-0.01,-0.01,
3,0,0.01,-10.18,-0.21,0,-0.01,
3,0,0.01,-10.18,-0.21,0,-0.01,
3,0,0.13,-9.97,-0.02,0,-0.01,
3,0,0.13,-9.97,-0.02,0,-0.01,
3,0,0.05,-10.03,0.01,0,-0.02,
3,0,0.05,-10.03,0.01,0,-0.02,
3,0,0.05,-10.03,0.01,0,-0.01,
3,0,0.05,-10.03,-0.11,-0.01,-0.01,
3,0,0.05,-10.03,-0.11,-0.01,-0.01,
3,0,0.05,-10.03,-0.11,0,-0.01,
3,0,-0.07,-10.11,-0.25,0,-0.01,
3,0,-0.07,-10.11,-0.25,0,-0.01,
3,0,-0.07,-10.11,-0.25,-0.01,0,
3,0,-0.03,-9.99,-0.14,0,-0.01,
3,0,-0.03,-9.99,-0.14,0,-0.01,
3,0,-0.03,-9.99,-0.14,0,-0.01,
3,0,-0.01,-9.99,-0.04,0,-0.01,
3,0,-0.01,-9.99,-0.04,0,-0.01,
3,0,-0.01,-9.99,-0.04,-0.01,-0.01,
3,0,0.06,-9.97,-0.03,-0.01,-0.01,
3,0,0.06,-9.97,-0.03,-0.01,-0.01,
3,0,0.06,-9.97,-0.03,0,-0.01,
3,0,0.03,-10.02,-0.08,-0.01,-0.01,
3,0,0.03,-10.02,-0.08,-0.01,-0.01,
3,0,0.07,-10.02,0,0,-0.01,
3,0,0.07,-10.02,0,-0.01,-0.01,
3,0,0.07,-10.02,0,-0.01,-0.01,
3,0,-0.05,-10.1,-0.08,0,-0.01,
3,0,-0.05,-10.1,-0.08,0,-0.01,
3,0,-0.05,-10.1,-0.08,0,-0.01,
3,0,-0.04,-10.08,-0.24,-0.01,-0.01,
3,0,-0.04,-10.08,-0.24,0,-0.02,
3,0,-0.04,-10.08,-0.24,0,-0.02,
3,0,-0.07,-10.02,-0.08,-0.01,-0.01,
3,0,-0.07,-10.02,-0.08,0,-0.01,
3,0,-0.07,-10.02,-0.08,0,-0.01,
3,0,0.01,-10.04,-0.28,0,-0.01,
3,0,0.01,-10.04,-0.28,0,-0.01,
3,0,0.01,-10.04,-0.28,0,-0.01,
3,0,-0.08,-10.02,-0.03,-0.01,-0.01,
3,0,-0.08,-10.02,-0.03,0,-0.01,
3,0,-0.08,-10.02,-0.03,0,-0.01,
3,0,0.04,-10.08,-0.3,-0.01,-0.01,
3,0,0.04,-10.08,-0.3,-0.01,-0.01,
3,0,0.04,-10.08,-0.3,-0.01,-0.01,
3,0,-0.01,-10.06,-0.13,0,-0.01,
3,0,-0.01,-10.06,-0.13,-0.01,-0.01,
3,0,0.09,-10.02,0,-0.01,-0.01,
3,0,0.09,-10.02,0,-0.01,-0.01,
3,0,0.09,-10.02,0,0,-0.01,
3,0,0,-9.98,-0.03,0,-0.01,
3,0,0,-9.98,-0.03,-0.01,-0.01,
3,0,0,-9.98,-0.03,-0.01,-0.01,
3,0,-0.06,-9.95,-0.08,-0.01,-0.01,
3,0,-0.06,-9.95,-0.08,0,-0.01,
3,0,-0.06,-9.95,-0.08,-0.01,-0.01,
3,0,0.06,-10,-0.08,-0.01,-0.01,
3,0,0.06,-10,-0.08,0,-0.01,
3,0,0.06,-10,-0.08,0,-0.01,
3,0,0.04,-9.98,-0.07,0,-0.01,
3,0,0.04,-9.98,-0.07,0,-0.01,
3,0,0.04,-9.98,-0.07,-0.01,-0.01,
3,0,-0.03,-10.18,-0.05,-0.01,-0.01,
3,0,-0.03,-10.18,-0.05,0,0,
3,0,-0.03,-10.18,-0.05,0,0,
3,0,0.05,-9.98,-0.16,0,0,
3,0,0.05,-9.98,-0.16,0,-0.01,
3,0,0.05,-9.98,-0.16,0,-0.01,
3,0,-0.08,-10.05,-0.08,0,-0.01,
3,0,-0.08,-10.05,-0.08,0,-0.01,
3,0,-0.08,-10.05,-0.08,0,-0.01,
3,0,-0.07,-10.12,-0.12,0,-0.01,
3,0,-0.07,-10.12,-0.12,0,-0.01,
3,0,-0.07,-10.12,-0.12,0,-0.01,
3,0,0.03,-9.96,0.01,-0.01,-0.01,
3,0,0.03,-9.96,0.01,-0.01,-0.01,
3,0,0.03,-9.96,0.01,-0.01,-0.01,
3,0,0.02,-10.03,-0.13,0,-0.01,
3,0,0.02,-10.03,-0.13,0,-0.01,
3,0,0.02,-10.03,-0.13,0,-0.01,
3,0,0.03,-10.02,-0.12,0,-0.01,
3,0,0.03,-10.02,-0.12,0,-0.01,
3,0,0.03,-10.02,-0.12,-0.01,-0.01,
3,0,0.04,-10.1,-0.03,0,-0.01,
3,0,0.04,-10.1,-0.03,0,-0.01,
3,0,0.04,-10.1,-0.03,-0.01,-0.01,
3,0,-0.03,-10.06,-0.13,-0.01,-0.01,
3,0,-0.03,-10.06,-0.13,-0.01,-0.01,
3,0,-0.03,-10.06,-0.13,0,-0.01,
3,0,0,-10.08,-0.11,0,-0.01,
3,0,0,-10.08,-0.11,0,-0.01,
3,0,-0.08,-10.11,-0.07,-0.01,-0.01,
3,0,-0.08,-10.11,-0.07,0,-0.01,
3,0,-0.08,-10.11,-0.07,0,-0.01,
3,0,0,-10.03,-0.07,0,-0.01,
3,0,0,-10.03,-0.07,0,-0.01,
3,0,0,-10.03,-0.07,0,-0.01,
3,0,0,-10.04,-0.01,0,-0.01,
3,0,0,-10.04,-0.01,-0.01,-0.01,
3,0,0,-10.04,-0.01,-0.01,-0.01,
3,0,0,-10.02,-0.11,-0.01,-0.01,
3,0,0,-10.02,-0.11,-0.01,-0.01,
3,0,0,-10.02,-0.11,-0.01,-0.01,
3,0,0,-10.01,-0.09,-0.01,-0.01,
3,0,0,-10.01,-0.09,0,-0.01,
3,0,0,-10.01,-0.09,0,-0.01,
3,0,0.02,-10.04,-0.05,0,-0.01,
3,0,0.02,-10.04,-0.05,0,-0.01,
3,0,-0.04,-10,-0.08,0,-0.01,
3,0,-0.04,-10,-0.08,-0.01,-0.01,
3,0,-0.04,-10,-0.08,0,-0.01,
3,0,0.05,-9.8,-0.15,0,-0.01,
3,0,0.05,-9.8,-0.15,0,-0.01,
3,0,0.05,-9.8,-0.15,-0.01,-0.01,
3,0,-0.02,-9.86,0.07,-0.01,-0.01,
3,0,0.06,-9.94,0,-0.01,-0.01,
3,0,0.06,-9.94,0,0,-0.01,
3,0,0.06,-9.94,0,0,-0.01,
3,0,0,-10.07,-0.07,-0.01,-0.01,
3,0,0,-10.07,-0.07,0,-0.01,
3,0,0,-10.07,-0.07,0,-0.01,
3,0,-0.04,-10.08,-0.12,0,-0.01,
3,0,-0.04,-10.08,-0.12,0,-0.01,
3,0,-0.04,-10.08,-0.12,0,-0.01,
3,0,0,-9.99,-0.22,-0.01,-0.01,
3,0,0,-9.99,-0.22,-0.01,-0.01,
3,0,0,-9.99,-0.22,-0.01,-0.01,
3,0,-0.01,-10.01,-0.15,0,-0.01,
3,0,-0.01,-10.01,-0.15,0,-0.01,
3,0,-0.01,-10.01,-0.15,0,-0.01,
3,0,0,-10.05,-0.12,0,-0.01,
3,0,0,-10.05,-0.12,-0.01,-0.01,
3,0,0,-10.05,-0.12,-0.01,-0.01,
3,0,0.03,-10,-0.05,0,-0.01,
3,0,0.03,-10,-0.05,-0.01,-0.01,
3,0,0.03,-10,-0.05,-0.01,-0.01,
3,0,0.02,-10.04,-0.11,0,-0.01,
3,0,0.02,-10.04,-0.11,-0.01,-0.01,
3,0,0.02,-10.04,-0.11,-0.01,-0.01,
3,0,-0.02,-10.03,-0.1,0,-0.01,
3,0,-0.02,-10.03,-0.1,0,-0.01,
3,0,0.01,-9.99,-0.09,0,-0.01,
3,0,0.01,-9.99,-0.09,0,-0.01,
3,0,0.01,-9.99,-0.09,0,-0.01,
3,0,-0.04,-10.02,-0.1,0,-0.01,
3,0,-0.04,-10.02,-0.1,0,-0.01,
3,0,-0.04,-10.02,-0.1,-0.01,-0.01,
3,0,0,-10.06,-0.11,-0.01,-0.01,
3,0,0,-10.06,-0.11,0,-0.01,
3,0,0,-10.06,-0.11,-0.01,-0.01,
3,0,0,-10.02,-0.11,-0.01,-0.01,
3,0,0,-10.02,-0.11,0,-0.01,
3,0,0,-10.02,-0.11,0,-0.01,
3,0,-0.06,-10.05,-0.09,0,-0.01,
3,0,-0.06,-10.05,-0.09,-0.01,-0.01,
3,0,-0.06,-10.05,-0.09,-0.01,-0.01,
3,0,-0.04,-10.02,-0.07,-0.01,-0.01,
3,0,-0.04,-10.02,-0.07,0,-0.01,
3,0,-0.04,-10.02,-0.07,0,-0.01,
3,0,0,-10.01,-0.09,0,-0.01,
3,0,0,-10.01,-0.09,-0.01,-0.01,
3,0,0,-10.01,-0.09,-0.01,-0.01,
3,0,0.07,-10.01,-0.02,0,-0.01,
3,0,0.07,-10.01,-0.02,0,-0.02,
3,0,0.04,-10.08,-0.11,0,-0.02,
3,0,0.04,-10.08,-0.11,0,-0.01,
3,0,0.04,-10.08,-0.11,0,-0.01,
3,0,0.01,-10.03,-0.09,0,-0.01,
3,0,0.01,-10.03,-0.09,0,-0.01,
3,0,0.01,-10.03,-0.09,0,-0.01,
3,0,0,-10.03,-0.08,0,-0.01,
3,0,0,-10.03,-0.08,0,-0.01,
3,0,0,-10.03,-0.08,-0.01,-0.01,
3,0,-0.03,-10.06,-0.09,-0.01,-0.01,
3,0,-0.03,-10.06,-0.09,-0.01,-0.01,
3,0,-0.03,-10.06,-0.09,0,0,
3,0,-0.05,-9.99,-0.1,0,0,
3,0,-0.05,-9.99,-0.1,0,0,
3,0,-0.05,-9.99,-0.1,0,-0.01,
3,0,0.03,-10.05,0,0,-0.01,
3,0,0.03,-10.05,0,-0.01,-0.01,
3,0,0.03,-10.05,0,-0.01,-0.01,
3,0,0.05,-10.28,-0.06,0,-0.01,
3,0,0.05,-10.28,-0.06,-0.01,-0.01,
3,0,0.05,-10.28,-0.06,-0.01,-0.01,
3,0,0.06,-10.05,-0.06,-0.01,-0.01,
3,0,0.06,-10.05,-0.06,0,-0.01,
3,0,0.06,-10.05,-0.06,0,-0.01,
3,0,-0.12,-10.02,-0.07,0,-0.01,
3,0,-0.12,-10.02,-0.07,0,-0.01,
3,0,-0.12,-10.02,-0.07,0,-0.01,
3,0,-0.04,-10.07,-0.14,0,-0.01,
3,0,-0.04,-10.07,-0.14,-0.01,-0.01,
3,0,-0.04,-10.07,-0.14,-0.01,-0.01,
3,0,-0.02,-10.05,-0.06,0,-0.01,
3,0,-0.02,-10.05,-0.06,0,-0.01,
3,0,-0.02,-10.05,-0.06,0,-0.01,
3,0,0.03,-10.03,-0.09,0,-0.01,
3,0,0.03,-10.03,-0.09,0,-0.01,
3,0,0,-10,-0.04,0,-0.01,
3,0,0,-10,-0.04,0,-0.01,
3,0,0,-10,-0.04,0,-0.01,
3,0,0.03,-10.05,-0.02,0,-0.01,
3,0,0.03,-10.05,-0.02,-0.01,-0.01,
3,0,0.03,-10.05,-0.02,0,-0.01,
3,0,0.11,-10.12,-0.1,0,-0.01,
3,0,0.11,-10.12,-0.1,-0.01,-0.01,
3,0,0.11,-10.12,-0.1,0,-0.01,
3,0,-0.01,-10.06,-0.04,0,-0.01,
3,0,-0.01,-10.06,-0.04,0,-0.01,
3,0,-0.01,-10.06,-0.04,-0.01,-0.01,
3,0,0.07,-10.01,-0.14,0,-0.01,
3,0,0.07,-10.01,-0.14,0,-0.01,
3,0,-0.06,-10,-0.14,0,0,
3,0,-0.06,-10,-0.14,-0.01,-0.01,
3,0,-0.06,-10,-0.14,-0.01,-0.01,
3,0,0.04,-10,-0.13,0,-0.01,
3,0,0.04,-10,-0.13,-0.01,-0.01,
3,0,0.04,-10,-0.13,-0.01,-0.01,
3,0,0.01,-10.02,-0.08,0,-0.01,
3,0,0.01,-10.02,-0.08,0,-0.01,
3,0,0.01,-10.02,-0.08,0,-0.01,
3,0,-0.02,-10.05,-0.09,0,-0.01,
3,0,-0.02,-10.05,-0.09,-0.01,-0.01,
3,0,-0.02,-10.05,-0.09,-0.01,-0.01,
3,0,0.02,-10.05,-0.07,0,-0.01,
3,0,0.02,-10.05,-0.07,-0.01,-0.01,
3,0,0.02,-10.05,-0.07,-0.01,-0.01,
3,0,0.03,-10.04,-0.09,0,-0.01,
3,0,0.03,-10.04,-0.09,-0.01,-0.01,
3,0,0.03,-10.04,-0.09,-0.01,-0.01,
3,0,0.03,-10.07,-0.11,0,-0.01,
3,0,0.03,-10.07,-0.11,0,-0.01,
3,0,-0.03,-10.08,-0.12,0,-0.01,
3,0,-0.03,-10.08,-0.12,-0.01,-0.01,
3,0,-0.03,-10.08,-0.12,0,-0.01,
3,0,0.01,-10.05,-0.07,0,-0.01,
3,0,0.01,-10.05,-0.07,0,-0.01,
3,0,0.01,-10.05,-0.07,0,-0.01,
3,0,0.02,-10.05,-0.17,0,-0.01,
3,0,0.02,-10.05,-0.17,0,-0.01,
3,0,0.02,-10.05,-0.17,-0.01,-0.01,
3,0,-0.04,-10.04,-0.09,-0.01,-0.01,
3,0,-0.04,-10.04,-0.09,0,-0.01,
3,0,-0.04,-10.04,-0.09,0,-0.01,
3,0,0.01,-10.06,-0.02,0,-0.01,
3,0,0.01,-10.06,-0.02,0,-0.01,
3,0,0.01,-10.06,-0.02,0,-0.01,
3,0,0.02,-10.02,-0.09,0,-0.01,
3,0,0.02,-10.02,-0.09,0,-0.01,
3,0,0.05,-10.03,-0.09,0,-0.01,
3,0,0.05,-10.03,-0.09,0,-0.01,
3,0,0.05,-10.03,-0.09,0,-0.01,
3,0,0.03,-10.12,-0.11,-0.01,-0.01,
3,0,0.03,-10.12,-0.11,-0.01,-0.01,
3,0,0.03,-10.12,-0.11,0,-0.01,
3,0,0.03,-10.04,-0.07,-0.01,-0.01,
3,0,0.03,-10.04,-0.07,-0.01,-0.01,
3,0,0.03,-10.04,-0.07,0,-0.01,
3,0,-0.01,-10.02,-0.1,-0.01,-0.01,
3,0,-0.01,-10.02,-0.1,-0.01,-0.01,
3,0,-0.01,-10.02,-0.1,0,-0.01,
3,0,0.03,-10.06,-0.08,0,-0.01,
3,0,0.03,-10.06,-0.08,0,-0.01,
3,0,0.03,-10.06,-0.08,0,0,
3,0,-0.06,-10.05,-0.11,-0.01,-0.01,
3,0,-0.06,-10.05,-0.11,-0.01,-0.01,
3,0,-0.06,-10.05,-0.11,0,0,
3,0,0,-10,-0.09,0,0,
3,0,0,-10,-0.09,-0.01,-0.01,
3,0,0,-10,-0.09,0,-0.01,
3,0,0.02,-10.07,-0.06,0,-0.01,
3,0,0.02,-10.07,-0.06,0,-0.01,
3,0,0.02,-10.07,-0.06,-0.01,-0.01,
3,0,-0.03,-10.09,-0.2,-0.01,-0.01,
3,0,-0.03,-10.09,-0.2,0,-0.01,
3,0,-0.03,-10.09,-0.2,0,-0.01,
3,0,-0.01,-10.07,-0.14,0,-0.01,
3,0,-0.01,-10.07,-0.14,0,-0.01,
3,0,-0.01,-10.07,-0.14,-0.01,0,
3,0,-0.01,-10.04,-0.11,-0.01,0,
3,0,-0.01,-10.04,-0.11,-0.01,-0.02,
3,0,-0.01,-10.04,-0.11,0,-0.01,
3,0,-0.03,-10.07,-0.09,0,-0.01,
3,0,-0.03,-10.07,-0.09,0,-0.01,
3,0,-0.03,-10.07,-0.09,0,-0.01,
3,0,0.05,-10.03,0,0,-0.01,
3,0,0.05,-10.03,0,-0.01,-0.01,
3,0,-0.02,-10.01,-0.08,0,-0.01,
3,0,-0.02,-10.01,-0.08,0,-0.01,
3,0,-0.02,-10.01,-0.08,-0.01,-0.01,
3,0,0.07,-10.01,-0.03,0,-0.01,
3,0,0.07,-10.01,-0.03,0,-0.01,
3,0,0.07,-10.01,-0.03,-0.01,-0.01,
3,0,0.04,-10.04,-0.12,0,-0.01,
3,0,0.04,-10.04,-0.12,0,-0.01,
3,0,0.04,-10.04,-0.12,-0.01,-0.01,
3,0,-0.02,-10.02,-0.12,-0.01,-0.01,
3,0,-0.02,-10.02,-0.12,-0.01,-0.01,
3,0,-0.02,-10.02,-0.12,0,-0.01,
3,0,-0.06,-10.04,-0.12,0,-0.01,
3,0,-0.06,-10.04,-0.12,0,-0.01,
3,0,-0.06,-10.04,-0.12,0,-0.01,
3,0,-0.02,-10.05,-0.11,0,-0.01,
3,0,-0.02,-10.05,-0.11,0,-0.01,
3,0,-0.02,-10.05,-0.11,0,-0.01,
3,0,0.04,-9.96,-0.06,0,-0.01,
3,0,0.04,-9.96,-0.06,0,-0.01,
3,0,0.02,-10.07,-0.06,0,-0.01,
3,0,0.02,-10.07,-0.06,-0.01,-0.01,
3,0,0.02,-10.07,-0.06,-0.01,-0.01,
3,0,0.02,-10.02,-0.07,0,-0.01,
3,0,0.02,-10.02,-0.07,0,-0.01,
3,0,0.02,-10.02,-0.07,0,-0.01,
3,0,-0.03,-10.03,-0.06,-0.01,-0.01,
3,0,-0.03,-10.03,-0.06,-0.01,-0.01,
3,0,-0.03,-10.03,-0.06,-0.01,-0.01,
3,0,0.01,-10.05,-0.07,0,-0.01,
3,0,0.01,-10.05,-0.07,-0.01,-0.01,
3,0,0.01,-10.05,-0.07,-0.01,-0.01,
3,0,0.01,-10.06,-0.07,-0.01,-0.01,
3,0,0.01,-10.06,-0.07,0,-0.01,
3,0,0.01,-10.06,-0.07,0,-0.01,
3,0,0.01,-10,-0.05,-0.01,-0.01,
3,0,0.01,-10,-0.05,0,-0.01,
3,0,0.01,-10,-0.05,0,-0.01,
3,0,-0.02,-9.98,-0.09,0,-0.01,
3,0,-0.02,-9.98,-0.09,0,-0.01,
3,0,-0.02,-9.98,-0.09,-0.01,-0.01,
3,0,-0.02,-10.06,-0.11,0,-0.01,
3,0,-0.02,-10.06,-0.11,0,-0.01,
3,0,-0.01,-10.07,-0.15,-0.01,-0.01,
3,0,-0.01,-10.07,-0.15,0,-0.01,
3,0,-0.01,-10.07,-0.15,0,-0.01,
3,0,-0.05,-10.1,-0.13,0,-0.01,
3,0,-0.05,-10.1,-0.13,0,-0.01,
3,0,-0.05,-10.1,-0.13,-0.01,-0.01,
3,0,0.01,-10.06,-0.13,-0.01,-0.01,
3,0,0.01,-10.06,-0.13,0,-0.01,
3,0,0.01,-10.06,-0.13,0,-0.01,
3,0,0.06,-10.02,-0.06,0,-0.01,
3,0,0.06,-10.02,-0.06,-0.01,-0.01,
3,0,0.06,-10.02,-0.06,-0.01,-0.01,
3,0,-0.02,-9.98,-0.09,-0.01,-0.01,
3,0,-0.02,-9.98,-0.09,-0.01,-0.01,
3,0,-0.02,-9.98,-0.09,-0.01,-0.01,
3,0,-0.05,-10.07,-0.08,-0.01,-0.01,
3,0,-0.05,-10.07,-0.08,0,-0.01,
3,0,-0.05,-10.07,-0.08,0,-0.01,
3,0,-0.02,-10.02,-0.11,0,-0.01,
3,0,-0.02,-10.02,-0.11,-0.01,-0.01,
3,0,-0.02,-10.02,-0.11,0,-0.01,
3,0,-0.05,-10.05,-0.07,0,-0.01,
3,0,-0.05,-10.05,-0.07,0,-0.01,
3,0,0.03,-10,-0.12,0,-0.01,
3,0,0.03,-10,-0.12,0,0,
3,0,0.03,-10,-0.12,-0.01,-0.01,
3,0,-0.02,-10.01,-0.1,-0.01,-0.01,
3,0,-0.02,-10.01,-0.1,-0.01,-0.01,
3,0,-0.02,-10.01,-0.1,-0.01,-0.01,
3,0,0.04,-10.01,-0.07,-0.01,-0.01,
3,0,0.04,-10.01,-0.07,0,-0.01,
3,0,0.04,-10.01,-0.07,0,-0.01,
3,0,-0.01,-10.03,-0.05,0,-0.01,
3,0,-0.01,-10.03,-0.05,0,-0.01,
3,0,-0.01,-10.03,-0.05,0,-0.01,
3,0,-0.01,-10.03,-0.06,0,-0.01,
3,0,-0.01,-10.03,-0.06,0,-0.01,
3,0,-0.01,-10.03,-0.06,0,-0.01,
3,0,-0.04,-10.05,-0.11,0,-0.01,
3,0,-0.04,-10.05,-0.11,0,-0.01,
3,0,-0.04,-10.05,-0.11,0,-0.01,
3,0,0.01,-10.09,-0.1,0,-0.01,
3,0,0.01,-10.09,-0.1,-0.01,0,
3,0,0.01,-10.09,-0.1,0,-0.01,
3,0,-0.04,-10.04,-0.14,0,-0.01,
3,0,-0.04,-10.04,-0.14,0,-0.01,
3,0,-0.04,-10.04,-0.14,0,-0.01,
3,0,-0.01,-10.1,-0.07,0,-0.01,
3,0,-0.01,-10.1,-0.07,0,-0.01,
3,0,-0.01,-10.1,-0.07,0,-0.01,
3,0,0.01,-10.02,-0.12,0,-0.01,
3,0,0.01,-10.02,-0.12,0,-0.01,
3,0,0.01,-10.02,-0.12,0,-0.01,
3,0,-0.04,-10.07,-0.12,0,-0.01,
3,0,-0.04,-10.07,-0.12,0,-0.01,
3,0,0.03,-9.98,-0.13,0,-0.01,
3,0,0.03,-9.98,-0.13,0,-0.01,
3,0,0.03,-9.98,-0.13,0,-0.01,
3,0,-0.01,-10.08,-0.11,0,-0.01,
3,0,-0.01,-10.08,-0.11,0,-0.01,
3,0,-0.01,-10.08,-0.11,-0.01,-0.01,
3,0,0.05,-9.99,-0.07,0,-0.01,
3,0,0.05,-9.99,-0.07,0,-0.01,
3,0,0.05,-9.99,-0.07,-0.01,-0.01,
3,0,-0.03,-10.09,-0.09,-0.01,-0.01,
3,0,-0.03,-10.09,-0.09,-0.01,-0.01,
3,0,-0.03,-10.09,-0.09,-0.01,-0.01,
3,0,-0.11,-10.03,-0.11,0,-0.01,
3,0,-0.11,-10.03,-0.11,0,-0.01,
3,0,-0.01,-10.04,-0.13,0,-0.01,
3,0,-0.01,-10.04,-0.13,0,-0.01,
3,0,-0.01,-10.04,-0.13,0,-0.01,
3,0,0,-10.03,-0.02,-0.01,-0.01,
3,0,0,-10.03,-0.02,-0.01,-0.01,
3,0,0,-10.03,-0.02,-0.01,-0.01,
3,0,0,-10.07,-0.07,0,0,
3,0,0,-10.07,-0.07,0,-0.01,
3,0,0,-10.07,-0.07,0,-0.01,
3,0,-0.01,-9.96,-0.06,0,-0.01,
3,0,-0.01,-9.96,-0.06,-0.01,-0.01,
3,0,-0.01,-9.96,-0.06,-0.01,-0.01,
3,0,-0.01,-10.01,-0.07,0,0,
3,0,-0.01,-10.01,-0.07,0,-0.01,
3,0,-0.01,-10.01,-0.07,0,-0.01,
3,0,-0.04,-10,-0.1,-0.01,-0.01,
3,0,-0.04,-10,-0.1,0,-0.01,
3,0,-0.04,-10,-0.1,0,-0.01,
3,0,0.09,-10.05,-0.09,0,-0.01,
3,0,0.09,-10.05,-0.09,0,-0.01,
3,0,0,-10.07,-0.11,0,-0.01,
3,0,0,-10.07,-0.11,0,-0.01,
3,0,0,-10.07,-0.11,0,-0.01,
3,0,-0.02,-10.06,-0.1,0,-0.01,
3,0,-0.02,-10.06,-0.1,0,-0.01,
3,0,-0.02,-10.06,-0.1,0,-0.01,
3,0,-0.01,-10.07,-0.12,-0.01,-0.01,
3,0,-0.01,-10.07,-0.12,-0.01,-0.01,
3,0,-0.01,-10.07,-0.12,0,-0.01,
3,0,0,-10.06,-0.12,0,-0.01,
3,0,0,-10.06,-0.12,0,-0.01,
3,0,0,-10.06,-0.12,0,-0.01,
3,0,0.02,-10.08,-0.1,0,-0.01,
3,0,0.02,-10.08,-0.1,0,-0.01,
3,0,0.01,-10.06,-0.05,0,-0.01,
3,0,0.01,-10.06,-0.05,0,-0.01,
3,0,0.01,-10.06,-0.05,0,-0.01,
3,0,-0.02,-9.98,-0.09,-0.01,-0.01,
3,0,-0.02,-9.98,-0.09,0,-0.01,
3,0,-0.02,-9.98,-0.09,0,-0.01,
3,0,0,-9.98,-0.08,-0.01,-0.01,
3,0,0,-9.98,-0.08,0,-0.01,
3,0,0,-9.98,-0.08,0,-0.01,
3,0,0.03,-10.04,-0.1,0,-0.01,
3,0,0.03,-10.04,-0.1,0,-0.01,
3,0,0.03,-10.04,-0.1,0,-0.01,
3,0,-0.07,-10,-0.08,-0.01,-0.01,
3,0,-0.07,-10,-0.08,0,-0.01,
3,0,-0.07,-10,-0.08,0,-0.01,
3,0,-0.08,-9.99,-0.09,0,-0.01,
3,0,-0.08,-9.99,-0.09,0,-0.01,
3,0,-0.08,-9.99,-0.09,0,-0.01,
3,0,0,-10.04,-0.09,0,-0.01,
3,0,0,-10.04,-0.09,0,-0.01,
3,0,0,-10.04,-0.09,0,-0.01,
3,0,0.01,-10.04,-0.1,-0.01,-0.01,
3,0,0.01,-10.04,-0.1,-0.01,-0.01,
3,0,0.01,-10.04,-0.1,-0.01,-0.01,
3,0,-0.03,-9.98,-0.17,0,-0.01,
3,0,-0.03,-9.98,-0.17,0,-0.01,
3,0,-0.03,-9.98,-0.17,0,-0.01,
3,0,0,-9.99,-0.14,0,-0.01,
3,0,0,-9.99,-0.14,0,-0.01,
3,0,0,-9.99,-0.14,-0.01,-0.01,
3,0,-0.02,-10.02,-0.09,-0.01,-0.01,
3,0,-0.02,-10.02,-0.09,0,-0.01,
3,0,-0.02,-10.02,-0.09,-0.01,-0.01,
3,0,0,-10.01,-0.01,-0.01,-0.01,
3,0,0,-10.01,-0.01,-0.01,-0.01,
3,0,0,-10.01,-0.01,0,-0.01,
3,0,-0.05,-10.04,-0.13,0,-0.01,
3,0,-0.05,-10.04,-0.13,0,-0.01,
3,0,-0.05,-10.04,-0.13,0,-0.01,
3,0,-0.03,-9.99,-0.08,0,-0.01,
3,0,-0.03,-9.99,-0.08,-0.01,-0.01,
3,0,-0.03,-9.99,-0.08,-0.01,-0.01,
3,0,-0.09,-10.12,-0.15,0,-0.01,
3,0,-0.09,-10.12,-0.15,0,-0.01,
3,0,-0.09,-10.12,-0.15,0,-0.01,
3,0,-0.04,-9.99,-0.04,0,-0.01,
3,0,-0.04,-9.99,-0.04,-0.01,-0.01,
3,0,0,-10.04,-0.12,-0.01,-0.01,
3,0,0,-10.04,-0.12,-0.01,-0.01,
3,0,0,-10.04,-0.12,-0.01,-0.01,
3,0,-0.02,-10.08,-0.1,-0.01,-0.01,
3,0,-0.02,-10.08,-0.1,-0.01,-0.01,
3,0,-0.02,-10.08,-0.1,0,0,
3,0,0.05,-10.11,-0.16,0,-0.01,
3,0,0.05,-10.11,-0.16,0,-0.01,
3,0,0.05,-10.11,-0.16,0,-0.01,
3,0,0,-10.05,-0.06,0,-0.01,
3,0,0,-10.05,-0.06,0,-0.01,
3,0,0,-10.05,-0.06,-0.01,-0.01,
3,0,-0.03,-10.08,-0.13,-0.01,-0.01,
3,0,-0.03,-10.08,-0.13,0,-0.01,
3,0,-0.03,-10.08,-0.13,-0.01,-0.01,
3,0,0.05,-10.06,-0.03,-0.01,-0.01,
3,0,0.05,-10.06,-0.03,-0.01,-0.01,
3,0,0.05,-10.06,-0.03,0,-0.01,
3,0,0,-9.99,-0.13,0,-0.01,
3,0,0,-9.99,-0.13,-0.01,-0.01,
3,0,0,-9.99,-0.13,-0.01,-0.01,
3,0,-0.02,-10.03,-0.13,-0.01,-0.01,
3,0,-0.02,-10.03,-0.13,0,-0.01,
3,0,0.02,-10.04,-0.11,0,-0.01,
3,0,0.02,-10.04,-0.11,0,-0.01,
3,0,0.02,-10.04,-0.11,0,-0.01,
3,0,-0.01,-10.06,-0.12,0,-0.01,
3,0,-0.01,-10.06,-0.12,0,-0.01,
3,0,-0.01,-10.06,-0.12,0,-0.01,
3,0,-0.01,-9.97,-0.11,-0.01,-0.01,
3,0,-0.01,-9.97,-0.11,-0.01,-0.01,
3,0,-0.01,-9.97,-0.11,0,-0.01,
3,0,-0.04,-10.07,-0.11,-0.01,-0.01,
3,0,-0.04,-10.07,-0.11,-0.01,-0.01,
3,0,-0.04,-10.07,-0.11,0,-0.01,
3,0,-0.02,-9.98,-0.1,-0.01,-0.01,
3,0,-0.02,-9.98,-0.1,-0.01,-0.01,
3,0,-0.02,-9.98,-0.1,0,-0.01,
3,0,0.06,-10.04,-0.13,0,-0.01,
3,0,0.06,-10.04,-0.13,0,-0.01,
3,0,0.06,-10.04,-0.13,0,-0.01,
3,0,0.02,-10.04,-0.09,0,-0.01,
3,0,0.02,-10.04,-0.09,0,-0.01,
3,0,0.02,-10.04,-0.09,0,-0.01,
3,0,-0.05,-10.03,-0.11,0,-0.01,
3,0,-0.05,-10.03,-0.11,0,-0.01,
3,0,0,-10.05,-0.14,-0.01,-0.01,
3,0,0,-10.05,-0.14,0,-0.01,
3,0,0,-10.05,-0.14,0,-0.01,
3,0,-0.07,-9.98,-0.04,-0.01,-0.01,
3,0,-0.07,-9.98,-0.04,0,-0.01,
3,0,-0.07,-9.98,-0.04,0,-0.01,
3,0,-0.02,-10.06,-0.11,-0.01,-0.01,
3,0,-0.02,-10.06,-0.11,0,-0.01,
3,0,-0.02,-10.06,-0.11,0,-0.01,
3,0,0.01,-9.98,-0.11,0,-0.01,
3,0,0.01,-9.98,-0.11,-0.01,-0.01,
3,0,0.01,-9.98,-0.11,-0.01,-0.01,
3,0,0.01,-10.01,-0.08,0,-0.01,
3,0,0.01,-10.01,-0.08,0,0,
3,0,0.01,-10.01,-0.08,0,0,
3,0,-0.03,-10,-0.07,-0.01,-0.01,
3,0,-0.03,-10,-0.07,0,-0.01,
3,0,-0.03,-10,-0.07,0,-0.01,
3,0,0,-10.07,-0.04,0,-0.01,
3,0,0,-10.07,-0.04,0,-0.01,
3,0,0,-10.07,-0.04,0,-0.01,
3,0,-0.06,-10.01,-0.1,-0.01,-0.01,
3,0,-0.06,-10.01,-0.1,-0.01,-0.01,
3,0,0,-10.01,-0.1,-0.01,-0.01,
3,0,0,-10.01,-0.1,-0.01,-0.01,
3,0,0,-10.01,-0.1,-0.01,-0.01,
3,0,-0.01,-10.08,-0.15,-0.01,-0.01,
3,0,-0.01,-10.08,-0.15,0,-0.01,
3,0,-0.01,-10.08,-0.15,0,-0.01,
3,0,0.04,-10.08,-0.14,0,-0.01,
3,0,0.04,-10.08,-0.14,0,-0.01,
3,0,0.04,-10.08,-0.14,0,-0.01,
3,0,0.01,-9.97,-0.03,0,-0.01,
3,0,0.01,-9.97,-0.03,-0.01,-0.01,
3,0,0.01,-9.97,-0.03,-0.01,-0.01,
3,0,-0.03,-10.01,-0.13,-0.01,-0.01,
3,0,-0.03,-10.01,-0.13,-0.01,-0.01,
3,0,-0.03,-10.01,-0.13,-0.01,-0.01,
3,0,-0.02,-10.09,-0.06,0,-0.01,
3,0,-0.02,-10.09,-0.06,0,-0.01,
3,0,-0.02,-10.09,-0.06,0,-0.01,
3,0,-0.12,-10.04,-0.11,0,0,
3,0,-0.12,-10.04,-0.11,-0.01,-0.01,
3,0,-0.12,-10.04,-0.11,-0.01,-0.01,
3,0,-0.02,-10.01,0.03,0,-0.01,
3,0,-0.02,-10.01,0.03,-0.01,-0.01,
3,0,-0.02,-10.01,0.03,-0.01,-0.01,
3,0,-0.01,-10.07,-0.17,0,-0.01,
3,0,-0.01,-10.07,-0.17,0,-0.01,
3,0,-0.01,-10.07,-0.17,0,-0.01,
3,0,-0.01,-10.02,-0.13,0,-0.01,
3,0,-0.01,-10.02,-0.13,0,-0.01,
3,0,-0.01,-10.02,-0.13,0,-0.01,
3,0,0.02,-10.05,-0.07,0,-0.01,
3,0,0.02,-10.05,-0.07,0,-0.01,
3,0,0.02,-10.05,-0.07,0,-0.01,
3,0,0.03,-10.06,-0.08,-0.01,-0.01,
3,0,0.03,-10.06,-0.08,-0.01,-0.01,
3,0,-0.03,-10.04,-0.09,-0.01,-0.01,
3,0,-0.03,-10.04,-0.09,0,-0.01,
3,0,-0.03,-10.04,-0.09,0,-0.01,
3,0,-0.01,-9.98,-0.06,0,-0.01,
3,0,-0.01,-9.98,-0.06,-0.01,-0.01,
3,0,-0.01,-9.98,-0.06,0,-0.01,
3,0,-0.08,-10.12,-0.1,0,-0.01,
3,0,-0.08,-10.12,-0.1,0,-0.01,
3,0,-0.08,-10.12,-0.1,0,-0.01,
3,0,-0.01,-10.03,-0.11,0,-0.01,
3,0,-0.01,-10.03,-0.11,0,-0.01,
3,0,-0.01,-10.03,-0.11,0,-0.01,
3,0,0.03,-10.01,-0.04,0,-0.01,
3,0,0.03,-10.01,-0.04,0,-0.01,
3,0,0.03,-10.01,-0.04,-0.01,-0.01,
3,0,0.07,-9.95,-0.17,-0.01,-0.01,
3,0,0.07,-9.95,-0.17,0,-0.01,
3,0,0.07,-9.95,-0.17,0,-0.01,
3,0,0,-9.96,-0.07,0,-0.01,
3,0,0,-9.96,-0.07,0,-0.01,
3,0,-0.02,-9.99,0.03,0,-0.01,
3,0,-0.02,-9.99,0.03,0,-0.01,
3,0,-0.02,-9.99,0.03,0,-0.01,
3,0,-0.02,-10.12,-0.08,0,-0.01,
3,0,-0.02,-10.12,-0.08,0,-0.01,
3,0,-0.02,-10.12,-0.08,-0.01,-0.01,
3,0,0,-10.13,-0.13,0,-0.01,
3,0,0,-10.13,-0.13,0,-0.01,
3,0,0,-10.13,-0.13,0,-0.01,
3,0,0,-10.11,-0.34,0,-0.01,
3,0,0,-10.11,-0.34,0,-0.01,
3,0,0,-10.11,-0.34,-0.01,-0.01,
3,0,0.03,-9.96,0,0,-0.01,
3,0,0.03,-9.96,0,0,-0.01,
3,0,0.03,-9.96,0,-0.01,-0.01,
3,0,0.05,-10.05,-0.05,0,-0.01,
3,0,0.05,-10.05,-0.05,0,-0.01,
3,0,0.05,-10.05,-0.05,0,-0.01,
3,0,0.04,-10.09,-0.14,0,-0.01,
3,0,0.04,-10.09,-0.14,0,-0.01,
3,0,-0.1,-10.06,-0.14,0,-0.01,
3,0,-0.1,-10.06,-0.14,0,-0.01,
3,0,-0.1,-10.06,-0.14,0,-0.01,
3,0,-0.06,-10.06,-0.07,0,-0.01,
3,0,-0.06,-10.06,-0.07,0,-0.01,
3,0,-0.06,-10.06,-0.07,0,-0.01,
3,0,0.02,-9.95,-0.02,-0.01,-0.01,
3,0,0.02,-9.95,-0.02,0,-0.01,
3,0,0.02,-9.95,-0.02,0,-0.01,
3,0,0.01,-10.04,-0.14,-0.01,-0.01,
3,0,0.01,-10.04,-0.14,0,-0.01,
3,0,0.01,-10.04,-0.14,0,-0.01,
3,0,-0.06,-10.06,-0.12,0,-0.01,
3,0,-0.06,-10.06,-0.12,0,-0.01,
3,0,-0.06,-10.06,-0.12,0,-0.01,
3,0,0.04,-10.05,-0.05,-0.01,-0.01,
3,0,0.04,-10.05,-0.05,0,-0.01,
3,0,0,-10.03,-0.08,0,-0.01,
3,0,0,-10.03,-0.08,-0.01,-0.01,
3,0,0,-10.03,-0.08,0,-0.01,
3,0,0.04,-10.03,-0.06,0,-0.01,
3,0,0.04,-10.03,-0.06,-0.01,-0.01,
3,0,0.04,-10.03,-0.06,-0.01,-0.01,
3,0,-0.06,-10.04,-0.02,-0.01,-0.01,
3,0,-0.06,-10.04,-0.02,-0.01,-0.01,
3,0,-0.06,-10.04,-0.02,-0.01,-0.01,
3,0,0.01,-10.03,-0.1,-0.01,-0.01,
3,0,0.01,-10.03,-0.1,-0.01,-0.01,
3,0,0.01,-10.03,-0.1,-0.01,-0.01,
3,0,0.05,-10.01,-0.12,0,0,
3,0,0.05,-10.01,-0.12,-0.01,-0.01,
3,0,0.05,-10.01,-0.12,-0.01,-0.01,
3,0,-0.04,-10.1,-0.16,0,-0.01,
3,0,-0.04,-10.1,-0.16,-0.01,-0.01,
3,0,-0.04,-10.1,-0.16,-0.01,-0.01,
3,0,-0.01,-10.07,-0.14,-0.01,-0.01,
3,0,-0.01,-10.07,-0.14,0,-0.01,
3,0,-0.01,-10.07,-0.14,0,-0.01,
3,0,-0.02,-10.02,-0.06,0,-0.01,
3,0,-0.02,-10.02,-0.06,-0.01,-0.01,
3,0,-0.02,-10.02,-0.06,-0.01,-0.01,
3,0,-0.01,-9.97,-0.05,0,-0.01,
3,0,-0.01,-9.97,-0.05,0,-0.01,
3,0,-0.01,-9.97,-0.05,0,-0.01,
3,0,-0.08,-10,-0.12,0,-0.01,
3,0,-0.08,-10,-0.12,0,-0.01,
3,0,-0.08,-10,-0.12,0,-0.01,
3,0,0,-9.97,-0.07,-0.01,-0.01,
3,0,0,-9.97,-0.07,-0.01,-0.01,
3,0,0,-9.97,-0.07,0,-0.01,
3,0,0,-10.04,-0.12,0,-0.01,
3,0,0,-10.04,-0.12,0,-0.01,
3,0,0,-10.04,-0.12,-0.01,-0.01,
3,0,0.02,-10.02,-0.09,-0.01,-0.01,
3,0,0.02,-10.02,-0.09,-0.01,-0.01,
3,0,0,-10.14,-0.18,-0.01,-0.01,
3,0,0,-10.14,-0.18,-0.01,-0.01,
3,0,0,-10.14,-0.18,-0.01,-0.01,
3,0,-0.05,-10.03,-0.02,0,-0.01,
3,0,-0.05,-10.03,-0.02,-0.01,-0.01,
3,0,-0.05,-10.03,-0.02,0,-0.01,
3,0,0,-10.1,-0.18,0,-0.01,
3,0,0,-10.1,-0.18,0,-0.01,
3,0,0,-10.1,-0.18,0,-0.01,
3,0,0,-10.05,-0.05,0,-0.01,
3,0,0,-10.05,-0.05,-0.01,-0.01,
3,0,0,-10.05,-0.05,0,-0.01,
3,0,0.02,-10.07,-0.12,0,-0.01,
3,0,0.02,-10.07,-0.12,0,-0.01,
3,0,0.02,-10.07,-0.12,-0.01,-0.01,
3,0,-0.02,-10.08,-0.09,-0.01,-0.01,
3,0,-0.02,-10.08,-0.09,-0.01,-0.01,
3,0,-0.02,-10.08,-0.09,-0.01,-0.01,
3,0,0,-10.07,-0.14,-0.01,-0.01,
3,0,0,-10.07,-0.14,0,-0.01,
3,0,0.04,-10.03,-0.08,-0.01,-0.01,
3,0,0.04,-10.03,-0.08,-0.01,-0.01,
3,0,0.04,-10.03,-0.08,0,-0.01,
3,0,0,-9.99,-0.08,0,-0.01,
3,0,0,-9.99,-0.08,0,-0.01,
3,0,0,-9.99,-0.08,-0.01,-0.01,
3,0,0,-9.93,0.02,-0.01,-0.01,
3,0,0,-9.93,0.02,-0.01,-0.01,
3,0,0,-9.93,0.02,-0.01,-0.01,
3,0,0.09,-9.84,-0.14,0,-0.01,
3,0,0.09,-9.84,-0.14,0,-0.01,
3,0,0.09,-9.84,-0.14,-0.01,-0.01,
3,0,0.11,-9.97,-0.06,0,-0.01,
3,0,0.11,-9.97,-0.06,0,-0.01,
3,0,0.11,-9.97,-0.06,0,-0.01,
3,0,-0.11,-9.96,0.16,-0.01,-0.01,
3,0,-0.11,-9.96,0.16,-0.01,-0.01,
3,0,0.07,-10.01,-0.01,0,-0.01,
3,0,0.07,-10.01,-0.01,-0.01,-0.01,
3,0,0.07,-10.01,-0.01,-0.01,-0.01,
3,0,-0.02,-9.96,-0.01,0,-0.01,
3,0,-0.02,-9.96,-0.01,-0.01,-0.01,
3,0,-0.02,-9.96,-0.01,-0.01,-0.01,
3,0,0.04,-10.09,-0.23,-0.01,-0.01,
3,0,0.04,-10.09,-0.23,0,-0.01,
3,0,0.04,-10.09,-0.23,0,-0.01,
3,0,-0.03,-9.98,-0.06,0,-0.01,
3,0,-0.03,-9.98,-0.06,0,-0.01,
3,0,-0.03,-9.98,-0.06,0,-0.01,
3,0,0.06,-9.94,-0.05,-0.01,-0.01,
3,0,0.06,-9.94,-0.05,-0.01,-0.01,
3,0,0.06,-9.94,-0.05,-0.01,-0.01,
3,0,-0.07,-10.04,-0.1,-0.01,-0.01,
3,0,-0.07,-10.04,-0.1,0,-0.01,
3,0,0.04,-10.05,-0.09,-0.01,-0.01,
3,0,0.04,-10.05,-0.09,-0.01,-0.01,
3,0,0.04,-10.05,-0.09,0,-0.01,
3,0,-0.04,-9.91,0.01,0,-0.01,
3,0,-0.04,-9.91,0.01,0,-0.01,
3,0,-0.04,-9.91,0.01,0,-0.01,
3,0,0.05,-9.95,-0.02,0,-0.01,
3,0,0.05,-9.95,-0.02,0,-0.01,
3,0,0.05,-9.95,-0.02,-0.01,-0.01,
3,0,-0.11,-9.97,0.01,-0.01,-0.01,
3,0,-0.11,-9.97,0.01,-0.01,-0.01,
3,0,-0.04,-10.02,-0.13,-0.01,-0.01,
3,0,-0.04,-10.02,-0.13,-0.01,-0.01,
3,0,-0.04,-10.02,-0.13,-0.01,-0.01,
3,0,-0.09,-10,-0.06,0,-0.01,
3,0,-0.09,-10,-0.06,0,0,
3,0,-0.09,-10,-0.06,0,0,
3,0,-0.01,-9.96,-0.15,0,-0.01,
3,0,-0.01,-9.96,-0.15,-0.01,-0.01,
3,0,-0.01,-9.96,-0.15,-0.01,-0.01,
3,0,-0.01,-10.06,-0.07,-0.01,-0.01,
3,0,-0.01,-10.06,-0.07,0,-0.01,
3,0,0.02,-10.06,-0.08,0,-0.01,
3,0,0.02,-10.06,-0.08,0,-0.01,
3,0,0.02,-10.06,-0.08,0,-0.01,
3,0,0.04,-10.01,-0.11,-0.01,-0.01,
3,0,0.04,-10.01,-0.11,-0.01,-0.01,
3,0,0.04,-10.01,-0.11,-0.01,-0.01,
3,0,-0.01,-10,-0.06,-0.01,-0.01,
3,0,-0.01,-10,-0.06,-0.01,-0.01,
3,0,-0.01,-10,-0.06,0,-0.01,
3,0,-0.01,-10.05,-0.12,0,-0.01,
3,0,-0.01,-10.05,-0.12,0,-0.01,
3,0,-0.01,-10.05,-0.12,-0.01,-0.01,
3,0,-0.06,-10.08,-0.11,0,-0.01,
3,0,-0.06,-10.08,-0.11,0,-0.01,
3,0,-0.06,-10.08,-0.11,-0.01,-0.01,
3,0,-0.03,-10,-0.05,0,-0.01,
3,0,-0.03,-10,-0.05,0,-0.01,
3,0,-0.03,-10,-0.05,0,-0.01,
3,0,0.06,-10.03,-0.12,-0.01,-0.01,
3,0,0.06,-10.03,-0.12,-0.01,-0.01,
3,0,-0.11,-10,-0.11,0,-0.01,
3,0,-0.11,-10,-0.11,0,-0.01,
3,0,-0.11,-10,-0.11,0,-0.01,
3,0,-0.01,-10.06,-0.15,0,-0.01,
3,0,-0.01,-10.06,-0.15,-0.01,-0.01,
3,0,-0.01,-10.06,-0.15,-0.01,-0.01,
3,0,-0.04,-9.97,-0.08,-0.01,-0.01,
3,0,-0.04,-9.97,-0.08,0,-0.01,
3,0,-0.04,-9.97,-0.08,-0.01,-0.01,
3,0,0,-10.02,-0.13,-0.01,-0.01,
3,0,0,-10.02,-0.13,0,-0.01,
3,0,0,-10.02,-0.13,0,-0.01,
3,0,0.01,-10.05,-0.11,0,-0.01,
3,0,0.01,-10.05,-0.11,0,-0.01,
3,0,0.01,-10.05,-0.11,0,-0.01,
3,0,-0.03,-10.01,-0.12,0,-0.01,
3,0,-0.03,-10.01,-0.12,0,-0.01,
3,0,-0.07,-10.03,-0.13,0,-0.01,
3,0,-0.07,-10.03,-0.13,0,-0.01,
3,0,-0.07,-10.03,-0.13,-0.01,-0.01,
3,0,-0.01,-10.02,-0.1,0,-0.01,
3,0,-0.01,-10.02,-0.1,0,-0.01,
3,0,-0.01,-10.02,-0.1,0,-0.01,
3,0,0.02,-9.98,-0.1,-0.01,-0.01,
3,0,0.02,-9.98,-0.1,-0.01,-0.01,
3,0,0.02,-9.98,-0.1,0,-0.01,
3,0,-0.06,-10.05,-0.04,-0.01,-0.01,
3,0,-0.06,-10.05,-0.04,-0.01,-0.01,
3,0,-0.06,-10.05,-0.04,0,-0.01,
3,0,0,-10.04,-0.08,-0.01,-0.02,
3,0,0,-10.04,-0.08,-0.01,-0.02,
3,0,0.07,-10.04,-0.16,0,-0.01,
3,0,0.07,-10.04,-0.16,0,-0.01,
3,0,0.07,-10.04,-0.16,0,-0.01,
3,0,-0.05,-10.11,-0.13,0,-0.01,
3,0,-0.05,-10.11,-0.13,0,-0.01,
3,0,-0.05,-10.11,-0.13,0,-0.01,
3,0,0.02,-9.99,-0.12,0,-0.01,
3,0,0.02,-9.99,-0.12,0,-0.01,
3,0,0.02,-9.99,-0.12,0,-0.01,
3,0,-0.03,-10.07,-0.06,0,-0.01,
3,0,-0.03,-10.07,-0.06,-0.01,-0.01,
3,0,-0.03,-10.07,-0.06,0,-0.01,
3,0,0.05,-10.08,-0.15,0,-0.01,
3,0,0.05,-10.08,-0.15,0,-0.01,
3,0,0.05,-10.08,-0.15,0,-0.01,
3,0,-0.02,-10.04,-0.1,0,-0.01,
3,0,-0.02,-10.04,-0.1,-0.01,-0.01,
3,0,0,-10.05,-0.08,-0.01,0,
3,0,0,-10.05,-0.08,-0.01,0,
3,0,0,-10.05,-0.08,0,-0.01,
3,0,0.02,-10.01,-0.06,0,-0.01,
3,0,0.02,-10.01,-0.06,0,-0.01,
3,0,0.02,-10.01,-0.06,0,-0.01,
3,0,0,-10.09,-0.11,0,-0.01,
3,0,0,-10.09,-0.11,0,-0.01,
3,0,0,-10.09,-0.11,0,-0.01,
3,0,0.01,-10.03,-0.06,0,-0.01,
3,0,0.01,-10.03,-0.06,0,-0.01,
3,0,0.01,-10.03,-0.06,-0.01,-0.01,
3,0,-0.05,-10.05,-0.08,0,0,
3,0,-0.05,-10.05,-0.08,0,0,
3,0,0.02,-10,0,0,-0.01,
3,0,0.02,-10,0,0,-0.01,
3,0,0.02,-10,0,0,-0.01,
3,0,-0.02,-10.01,-0.09,0,-0.01,
3,0,-0.02,-10.01,-0.09,-0.01,-0.01,
3,0,-0.02,-10.01,-0.09,-0.01,-0.01,
3,0,0.01,-10.1,-0.14,0,-0.01,
3,0,0.01,-10.1,-0.14,0,-0.01,
3,0,0.01,-10.1,-0.14,0,-0.01,
3,0,0.08,-10.23,-0.11,0,-0.01,
3,0,0.08,-10.23,-0.11,0,-0.01,
3,0,0.08,-10.23,-0.11,0,-0.01,
3,0,-0.05,-10.03,-0.15,0,-0.01,
3,0,-0.05,-10.03,-0.15,0,-0.01,
3,0,-0.05,-10.03,-0.15,0,-0.01,
3,0,0.02,-10,-0.19,0,-0.01,
3,0,0.02,-10,-0.19,0,-0.01,
3,0,0.02,-10,-0.19,0,-0.01,
3,0,-0.11,-10.01,-0.03,0,-0.01,
3,0,-0.11,-10.01,-0.03,-0.01,-0.01,
3,0,-0.11,-10.01,-0.03,-0.01,-0.01,
3,0,-0.09,-10.05,-0.15,-0.01,-0.01,
3,0,-0.09,-10.05,-0.15,0,-0.01,
3,0,-0.09,-10.05,-0.15,0,-0.01,
3,0,0.07,-9.93,-0.02,0,-0.01,
3,0,0.07,-9.93,-0.02,-0.01,-0.01,
3,0,0.07,-9.93,-0.02,-0.01,-0.01,
3,0,0,-10.01,-0.08,0,-0.01,
3,0,0,-10.01,-0.08,0,-0.01,
3,0,0.09,-9.98,0.05,0,-0.01,
3,0,0.09,-9.98,0.05,0,-0.01,
3,0,0.09,-9.98,0.05,-0.01,-0.01,
3,0,-0.06,-10.08,-0.08,-0.01,-0.01,
3,0,-0.06,-10.08,-0.08,0,-0.01,
3,0,-0.06,-10.08,-0.08,0.01,-0.01,
3,0,-0.02,-10,-0.25,0.01,-0.01,
3,0,-0.02,-10,-0.25,0,-0.01,
3,0,-0.02,-10,-0.25,0.01,-0.01,
3,0,0.05,-9.94,0,0.01,-0.01,
3,0,0.05,-9.94,0,0,-0.01,
3,0,0.05,-9.94,0,0,-0.01,
3,0,-0.09,-10,-0.03,0,-0.01,
3,0,-0.09,-10,-0.03,0,-0.01,
3,0,-0.04,-10.09,-0.1,-0.01,-0.01,
3,0,-0.04,-10.09,-0.1,-0.01,-0.01,
3,0,-0.04,-10.09,-0.1,-0.01,-0.01,
3,0,0,-9.96,-0.2,0,0,
3,0,0,-9.96,-0.2,0,0,
3,0,0,-9.96,-0.2,0,-0.01,
3,0,-0.07,-10.03,-0.03,0,-0.01,
3,0,-0.07,-10.03,-0.03,0,-0.01,
3,0,-0.07,-10.03,-0.03,-0.01,-0.01,
3,0,0.06,-9.92,-0.04,0,0,
3,0,0.06,-9.92,-0.04,-0.01,-0.01,
3,0,0.06,-9.92,-0.04,-0.01,-0.01,
3,0,0,-10.06,-0.14,0,-0.01,
3,0,0,-10.06,-0.14,-0.01,-0.01,
3,0,0,-10.06,-0.14,-0.01,-0.01,
3,0,0.04,-10.07,-0.18,0,-0.01,
3,0,0.04,-10.07,-0.18,-0.01,-0.01,
3,0,-0.05,-10.07,-0.08,-0.01,-0.01,
3,0,-0.05,-10.07,-0.08,0,-0.01,
3,0,-0.05,-10.07,-0.08,-0.01,-0.01,
3,0,0.08,-9.98,-0.06,-0.01,-0.01,
3,0,0.08,-9.98,-0.06,0,-0.01,
3,0,0.08,-9.98,-0.06,-0.01,-0.01,
3,0,-0.02,-10.11,-0.13,-0.01,-0.01,
3,0,-0.02,-10.11,-0.13,0,-0.01,
3,0,-0.02,-10.11,-0.13,0,-0.01,
3,0,-0.01,-10.07,-0.12,0,-0.01,
3,0,-0.01,-10.07,-0.12,0,-0.01,
3,0,-0.01,-10.07,-0.12,0,-0.01,
3,0,-0.02,-10.01,-0.07,-0.01,-0.01,
3,0,-0.02,-10.01,-0.07,-0.01,-0.01,
3,0,-0.02,-10.01,-0.07,-0.01,-0.01,
3,0,0.05,-9.99,-0.02,-0.01,-0.01,
3,0,0.05,-9.99,-0.02,0,-0.01,
3,0,0.05,-9.99,-0.02,0,-0.01,
3,0,0,-10.11,-0.2,0,-0.01,
3,0,0,-10.11,-0.2,-0.01,-0.01,
3,0,0,-10.11,-0.2,-0.01,-0.01,
3,0,-0.02,-10,-0.12,0,-0.01,
3,0,-0.02,-10,-0.12,0,-0.01,
3,0,0,-10,-0.08,0,-0.01,
3,0,0,-10,-0.08,0,-0.01,
3,0,0,-10,-0.08,-0.01,-0.01,
3,0,0,-10.02,-0.07,-0.01,-0.01,
3,0,0,-10.02,-0.07,-0.01,0,
3,0,0,-10.02,-0.07,0,-0.01,
3,0,0.05,-9.98,-0.15,0,-0.01,
3,0,0.05,-9.98,-0.15,0,-0.01,
3,0,0.05,-9.98,-0.15,0,-0.01,
3,0,-0.02,-9.97,-0.07,0,-0.01,
3,0,-0.02,-9.97,-0.07,0,-0.01,
3,0,-0.02,-9.97,-0.07,0,-0.01,
3,0,-0.04,-10.04,-0.05,0,-0.01,
3,0,-0.04,-10.04,-0.05,-0.01,-0.01,
3,0,-0.04,-10.04,-0.05,-0.01,-0.01,
3,0,0,-9.99,-0.06,-0.01,-0.01,
3,0,0,-9.99,-0.06,-0.01,-0.01,
3,0,0,-9.99,-0.06,-0.01,-0.01,
3,0,-0.02,-10.1,-0.18,-0.01,-0.01,
3,0,-0.02,-10.1,-0.18,0,-0.01,
3,0,-0.02,-10.1,-0.18,0,-0.01,
3,0,-0.02,-10.05,-0.14,0,-0.01,
3,0,-0.02,-10.05,-0.14,0,-0.01,
3,0,-0.02,-10.05,-0.14,0,-0.01,
3,0,0.05,-10,-0.02,0,-0.01,
3,0,0.05,-10,-0.02,0,-0.01,
3,0,0.05,-10,-0.02,-0.01,-0.01,
3,0,0.03,-10.07,-0.08,-0.01,-0.01,
3,0,0.03,-10.07,-0.08,-0.01,0,
3,0,0,-10.08,-0.11,0,-0.01,
3,0,0,-10.08,-0.11,0,-0.01,
3,0,0,-10.08,-0.11,-0.01,-0.01,
3,0,-0.01,-10.05,-0.14,-0.01,-0.01,
3,0,-0.01,-10.05,-0.14,-0.01,-0.01,
3,0,-0.01,-10.05,-0.14,0,-0.01,
3,0,0,-10.02,-0.06,0,-0.01,
3,0,0,-10.02,-0.06,-0.01,-0.01,
3,0,0,-10.02,-0.06,-0.01,-0.01,
3,0,-0.01,-10.08,-0.1,-0.01,-0.01,
3,0,-0.01,-10.08,-0.1,0,-0.01,
3,0,-0.01,-10.08,-0.1,-0.01,-0.01,
3,0,0.02,-10.08,-0.12,-0.01,-0.01,
3,0,0.02,-10.08,-0.12,-0.01,-0.01,
3,0,0.02,-10.08,-0.12,0,-0.01,
3,0,0.01,-10.04,-0.13,0,-0.01,
3,0,0.01,-10.04,-0.13,0,-0.01,
3,0,0.01,-10.04,-0.13,0,-0.01,
3,0,0.02,-9.95,-0.08,0,-0.01,
3,0,0.02,-9.95,-0.08,-0.01,-0.01,
3,0,0.02,-9.95,-0.08,0,-0.01,
3,0,-0.03,-10.07,-0.07,0,-0.01,
3,0,-0.03,-10.07,-0.07,0,-0.01,
3,0,-0.03,-10.07,-0.07,0,-0.01,
3,0,0.01,-10.1,-0.14,0,-0.01,
3,0,0.01,-10.1,-0.14,0,-0.01,
3,0,0.01,-10.1,-0.14,-0.01,-0.01,
3,0,0,-10.04,-0.08,-0.01,-0.01,
3,0,0,-10.04,-0.08,0,-0.01,
3,0,0,-10.04,-0.08,-0.01,-0.01,
3,0,0.03,-10.04,-0.08,-0.01,-0.01,
3,0,0.03,-10.04,-0.08,-0.01,-0.01,
3,0,0.06,-10.02,-0.09,-0.01,-0.01,
3,0,0.06,-10.02,-0.09,-0.01,-0.01,
3,0,0.06,-10.02,-0.09,0,-0.01,
3,0,0.02,-10.03,-0.1,0,-0.01,
3,0,0.02,-10.03,-0.1,0,-0.01,
3,0,0.02,-10.03,-0.1,-0.01,-0.01,
3,0,-0.04,-9.99,-0.06,0,-0.01,
3,0,-0.04,-9.99,-0.06,0,-0.01,
3,0,-0.04,-9.99,-0.06,0,-0.01,
3,0,0.02,-9.99,-0.02,0,-0.01,
3,0,0.02,-9.99,-0.02,0,-0.01,
3,0,0.02,-9.99,-0.02,0,-0.01,
3,0,0,-9.99,-0.12,-0.01,-0.01,
3,0,0,-9.99,-0.12,-0.01,-0.01,
3,0,0,-9.99,-0.12,-0.01,-0.01,
3,0,0.04,-10.05,-0.08,0,-0.01,
3,0,0.04,-10.05,-0.08,0,-0.01,
3,0,0.04,-10.05,-0.08,-0.01,-0.01,
3,0,-0.02,-10.07,-0.13,-0.01,-0.01,
3,0,-0.02,-10.07,-0.13,-0.01,-0.01,
3,0,-0.01,-10.05,-0.06,-0.01,-0.01,
3,0,-0.01,-10.05,-0.06,0,-0.01,
3,0,-0.01,-10.05,-0.06,0,-0.01,
3,0,0,-10.01,-0.09,0,-0.01,
3,0,0,-10.01,-0.09,0,-0.01,
3,0,0,-9.96,-0.08,0,-0.01,
3,0,0,-9.96,-0.08,0,-0.01,
3,0,0.01,-10.03,-0.06,0,-0.01,
3,0,0.01,-10.03,-0.06,0,-0.01,
3,0,0.01,-10.03,-0.06,0,-0.01,
3,0,0.04,-10,-0.09,0,-0.01,
3,0,0.04,-10,-0.09,0,-0.01,
3,0,0.04,-10,-0.09,0,-0.01,
3,0,0.02,-10.04,-0.12,0,-0.01,
3,0,0.02,-10.04,-0.12,0,-0.01,
3,0,0.02,-10.04,-0.12,0,-0.01,
3,0,0.08,-10.05,-0.12,0,-0.01,
3,0,0.08,-10.05,-0.12,0,-0.01,
3,0,0.08,-10.05,-0.12,0,-0.01,
3,0,0.04,-10.04,-0.12,-0.01,-0.01,
3,0,0.04,-10.04,-0.12,-0.01,-0.01,
3,0,0.04,-10.04,-0.12,-0.01,-0.01,
3,0,-0.04,-10.03,-0.07,-0.01,-0.01,
3,0,-0.04,-10.03,-0.07,0,-0.01,
3,0,-0.04,-10.03,-0.07,0,-0.01,
3,0,0,-9.97,-0.1,0,-0.01,
3,0,0,-9.97,-0.1,0,-0.01,
3,0,0,-9.97,-0.1,-0.01,0,
3,0,0,-10.04,-0.06,-0.01,0,
3,0,0,-10.04,-0.06,-0.01,-0.01,
3,0,0,-10.04,-0.07,-0.01,-0.01,
3,0,0,-10.04,-0.07,-0.01,-0.01,
3,0,0,-10.04,-0.07,-0.01,-0.01,
3,0,0.05,-10.02,-0.08,-0.01,-0.02,
3,0,0.05,-10.02,-0.08,-0.01,-0.02,
3,0,0.05,-10.02,-0.08,0,-0.01,
3,0,0,-10.03,-0.12,0,-0.01,
3,0,0,-10.03,-0.12,0,-0.01,
3,0,0,-10.03,-0.12,0,-0.01,
3,0,-0.01,-10.08,-0.07,0,-0.01,
3,0,-0.01,-10.08,-0.07,0,-0.01,
3,0,-0.01,-10.08,-0.07,-0.01,-0.01,
3,0,-0.02,-10.04,-0.08,0,-0.01,
3,0,-0.02,-10.04,-0.08,0,-0.01,
3,0,-0.02,-10.04,-0.08,0,-0.01,
3,0,0.07,-10.04,-0.12,0,0,
3,0,0.07,-10.04,-0.12,0,0,
3,0,0.07,-10.04,-0.12,0,-0.01,
3,0,0.03,-10.03,-0.11,0,-0.01,
3,0,0.03,-10.03,-0.11,-0.01,-0.01,
3,0,0.03,-10.03,-0.11,0,-0.01,
3,0,-0.01,-10.05,-0.05,0,-0.01,
3,0,-0.01,-10.05,-0.05,-0.01,-0.01,
3,0,-0.01,-10.05,-0.05,-0.01,-0.01,
3,0,0.04,-10.06,-0.11,-0.01,-0.01,
3,0,0.04,-10.06,-0.11,-0.01,-0.01,
3,0,0.04,-10.06,-0.11,-0.01,-0.01,
3,0,-0.01,-10.03,-0.12,-0.01,-0.01,
3,0,-0.01,-10.03,-0.12,0,-0.01,
3,0,-0.01,-10.03,-0.12,0,-0.01,
3,0,0.03,-10.05,-0.06,-0.01,-0.01,
3,0,0.03,-10.05,-0.06,0,-0.01,
3,0,0.03,-10.05,-0.06,0,-0.01,
3,0,0,-10.03,-0.07,0,-0.01,
3,0,0,-10.03,-0.07,0,-0.01,
3,0,0,-10.03,-0.07,0,-0.01,
3,0,0.06,-10.01,-0.08,0,-0.01,
3,0,0.06,-10.01,-0.08,-0.01,-0.01,
3,0,0.06,-10.01,-0.08,-0.01,-0.01,
3,0,0,-10.03,-0.19,-0.01,-0.01,
3,0,0,-10.03,-0.19,0,-0.01,
3,0,0,-10.03,-0.19,-0.01,-0.01,
3,0,0.04,-10.11,-0.08,-0.01,-0.01,
3,0,0.04,-10.11,-0.08,0,-0.01,
3,0,0.06,-10,-0.12,0,-0.01,
3,0,0.06,-10,-0.12,-0.01,-0.01,
3,0,0.06,-10,-0.12,0,-0.01,
3,0,-0.02,-10.05,-0.15,0,-0.01,
3,0,-0.02,-10.05,-0.15,0,-0.01,
3,0,-0.02,-10.05,-0.15,-0.01,-0.01,
3,0,-0.06,-10.05,-0.1,0,-0.01,
3,0,-0.06,-10.05,-0.1,0,-0.01,
3,0,-0.06,-10.05,-0.1,-0.01,-0.01,
3,0,0.05,-10.02,-0.02,-0.01,-0.01,
3,0,0.05,-10.02,-0.02,-0.01,-0.01,
3,0,0.05,-10.02,-0.02,-0.01,-0.01,
3,0,-0.02,-10.01,-0.08,-0.01,-0.01,
3,0,-0.02,-10.01,-0.08,-0.01,-0.01,
3,0,-0.02,-10.01,-0.08,0,-0.01,
3,0,-0.02,-9.99,-0.1,0,-0.01,
3,0,-0.02,-9.99,-0.1,0,-0.01,
3,0,0,-10.04,-0.12,0,-0.01,
3,0,0,-10.04,-0.12,0,0,
3,0,0,-10.04,-0.12,0,0,
3,0,0.05,-10.02,-0.13,-0.01,-0.01,
3,0,0.05,-10.02,-0.13,-0.01,-0.01,
3,0,0.05,-10.02,-0.13,-0.01,-0.01,
3,0,0.01,-10.02,-0.16,0,-0.01,
3,0,0.01,-10.02,-0.16,0,-0.01,
3,0,0.01,-10.02,-0.16,0,-0.01,
3,0,0.01,-10.05,-0.12,-0.01,-0.01,
3,0,0.01,-10.05,-0.12,0,-0.01,
3,0,0.01,-10.05,-0.12,0,-0.01,
3,0,0,-10.03,-0.14,0,-0.01,
3,0,0,-10.03,-0.14,-0.01,0,
3,0,0,-10.03,-0.14,-0.01,0,
3,0,0,-10.02,-0.11,-0.01,-0.01,
3,0,0,-10.02,-0.11,0,-0.01,
3,0,-0.02,-10.07,-0.03,0,-0.01,
3,0,-0.02,-10.07,-0.03,0,-0.01,
3,0,-0.02,-10.07,-0.03,0,-0.01,
3,0,0.01,-10.07,-0.12,0,-0.01,
3,0,0.01,-10.07,-0.12,-0.01,0,
3,0,0.01,-10.07,-0.12,-0.01,-0.01,
3,0,0,-10.03,-0.06,-0.01,-0.01,
3,0,0,-10.03,-0.06,-0.01,-0.01,
3,0,0,-10.03,-0.06,0,-0.01,
3,0,-0.01,-10.04,-0.09,0,-0.01,
3,0,-0.01,-10.04,-0.09,0,-0.01,
3,0,-0.01,-10.04,-0.09,-0.01,-0.01,
3,0,-0.05,-9.99,-0.12,-0.01,-0.01,
3,0,-0.05,-9.99,-0.12,-0.01,-0.01,
3,0,-0.05,-9.99,-0.12,-0.01,-0.01,
3,0,-0.01,-10.06,-0.1,-0.01,-0.01,
3,0,-0.01,-10.06,-0.1,-0.01,-0.01,
3,0,-0.02,-10.01,-0.02,-0.01,-0.01,
3,0,-0.02,-10.01,-0.02,-0.01,-0.01,
3,0,-0.02,-10.01,-0.02,0,-0.01,
3,0,-0.07,-9.99,-0.07,0,-0.01,
3,0,-0.07,-9.99,-0.07,0,-0.01,
3,0,-0.07,-9.99,-0.07,0,-0.01,
3,0,0.09,-10.03,-0.08,0,-0.01,
3,0,0.09,-10.03,-0.08,-0.01,-0.01,
3,0,0.09,-10.03,-0.08,-0.01,-0.01,
3,0,0,-10.05,-0.11,0,-0.01,
3,0,0,-10.05,-0.11,0,-0.01,
3,0,0,-10.05,-0.11,-0.01,-0.01,
3,0,0.03,-10.07,-0.1,0,-0.01,
3,0,0.03,-10.07,-0.1,0,-0.01,
3,0,0.03,-10.07,-0.1,0,-0.01,
3,0,-0.07,-10.04,-0.16,0,-0.01,
3,0,-0.07,-10.04,-0.16,0,-0.01,
3,0,-0.07,-10.04,-0.16,0,-0.01,
3,0,0.03,-9.99,-0.13,-0.01,-0.01,
3,0,0.03,-9.99,-0.13,-0.01,-0.01,
3,0,0.03,-9.99,-0.13,0,-0.01,
3,0,-0.01,-10.06,-0.13,0,-0.01,
3,0,-0.01,-10.06,-0.13,0,-0.01,
3,0,-0.01,-10.06,-0.13,0,-0.01,
3,0,0,-10.06,-0.05,-0.01,-0.01,
3,0,0,-10.06,-0.05,-0.01,-0.01,
3,0,0,-10.06,-0.05,-0.01,-0.01,
3,0,0.02,-10.06,-0.1,-0.01,-0.01,
3,0,0.02,-10.06,-0.1,-0.01,-0.01,
3,0,0.02,-10.06,-0.1,-0.01,-0.01,
3,0,-0.03,-10.06,-0.12,-0.01,-0.01,
3,0,-0.03,-10.06,-0.12,0,-0.01,
3,0,-0.03,-10.06,-0.12,0,-0.01,
3,0,-0.02,-9.98,-0.07,0,-0.01,
3,0,-0.02,-9.98,-0.07,-0.01,-0.01,
3,0,-0.07,-10.11,-0.12,-0.01,-0.01,
3,0,-0.07,-10.11,-0.12,-0.01,-0.01,
3,0,-0.07,-10.11,-0.12,-0.01,-0.01,
3,0,0.01,-10.03,-0.07,-0.01,-0.01,
3,0,0.01,-10.03,-0.07,-0.01,-0.01,
3,0,0.01,-10.03,-0.07,-0.01,-0.01,
3,0,0,-10.06,-0.17,-0.01,-0.01,
3,0,0,-10.06,-0.17,-0.01,-0.01,
3,0,0,-10.06,-0.17,0,-0.01,
3,0,-0.02,-10.02,-0.06,0,-0.01,
3,0,-0.02,-10.02,-0.06,0,-0.01,
3,0,-0.02,-10.02,-0.06,0,-0.01,
3,0,-0.04,-10.02,-0.03,0,-0.01,
3,0,-0.04,-10.02,-0.03,0,-0.01,
3,0,-0.04,-10.02,-0.03,0,-0.01,
3,0,0.05,-9.99,-0.1,0,-0.01,
3,0,0.05,-9.99,-0.1,-0.01,-0.01,
3,0,0,-10.02,-0.07,-0.01,-0.01,
3,0,0,-10.02,-0.07,0,-0.01,
3,0,0,-10.02,-0.07,0,-0.01,
3,0,-0.01,-10.03,-0.09,0,-0.01,
3,0,-0.01,-10.03,-0.09,0,-0.01,
3,0,-0.01,-10.03,-0.09,0,-0.01,
3,0,0.03,-10.02,-0.08,0,-0.01,
3,0,0.03,-10.02,-0.08,0,-0.01,
3,0,0.03,-10.02,-0.08,0,-0.01,
3,0,0.02,-10.05,-0.11,0,-0.01,
3,0,0.02,-10.05,-0.11,0,-0.01,
3,0,0.02,-10.05,-0.11,0,-0.01,
3,0,0.01,-10.02,-0.07,0,-0.01,
3,0,0.01,-10.02,-0.07,0,-0.01,
3,0,0.01,-10.02,-0.07,0,-0.01,
3,0,0.03,-9.99,-0.08,0,-0.01,
3,0,0.03,-9.99,-0.08,-0.01,-0.01,
3,0,0.03,-9.99,-0.08,0,-0.01,
3,0,0,-9.99,-0.04,0,-0.01,
3,0,0,-9.99,-0.04,0,-0.01,
3,0,0,-10.02,-0.1,0,-0.01,
3,0,0,-10.02,-0.1,0,-0.01,
3,0,0,-10.02,-0.1,0,-0.01,
3,0,0.02,-10.06,-0.11,0,-0.01,
3,0,0.02,-10.06,-0.11,0,-0.01,
3,0,0.02,-10.06,-0.11,-0.01,-0.01,
3,0,0.01,-10,-0.07,0,-0.01,
3,0,0.01,-10,-0.07,0,-0.01,
3,0,0.01,-10,-0.07,0,-0.01,
3,0,-0.05,-10.04,-0.11,0,-0.01,
3,0,-0.05,-10.04,-0.11,0,-0.01,
3,0,-0.05,-10.04,-0.11,0,-0.01,
3,0,-0.02,-10.03,-0.08,0,-0.01,
3,0,-0.02,-10.03,-0.08,0,-0.01,
3,0,-0.02,-10.03,-0.08,0,-0.01,
3,0,-0.02,-10.04,-0.09,0,-0.01,
3,0,-0.02,-10.04,-0.09,0,-0.01,
3,0,-0.02,-10.04,-0.09,0,-0.01,
3,0,-0.01,-9.98,-0.06,0,-0.01,
3,0,-0.01,-9.98,-0.06,0,-0.01,
3,0,-0.01,-9.98,-0.06,0,-0.01,
3,0,0,-10.02,-0.06,0,-0.01,
3,0,0,-10.02,-0.06,-0.01,-0.01,
3,0,-0.02,-10.04,-0.13,-0.01,-0.01,
3,0,-0.02,-10.04,-0.13,-0.01,-0.01,
3,0,-0.02,-10.04,-0.13,-0.01,-0.01,
3,0,-0.02,-10.06,-0.07,0,-0.01,
3,0,-0.02,-10.06,-0.07,0,-0.01,
3,0,-0.02,-10.06,-0.07,0,-0.01,
3,0,0.01,-9.98,-0.05,-0.01,-0.01,
3,0,0.01,-9.98,-0.05,-0.01,-0.01,
3,0,0.01,-9.98,-0.05,-0.01,-0.01,
3,0,-0.06,-10.04,-0.1,0,-0.01,
3,0,-0.06,-10.04,-0.1,0,-0.01,
3,0,-0.06,-10.04,-0.1,0,-0.01,
3,0,0.02,-9.98,-0.06,0,-0.01,
3,0,0.02,-9.98,-0.06,0,-0.01,
3,0,0.02,-9.98,-0.06,-0.01,-0.01,
3,0,-0.04,-10.03,-0.1,0,-0.01,
3,0,-0.04,-10.03,-0.1,0,-0.01,
3,0,-0.04,-10.03,-0.1,0,-0.01,
3,0,-0.01,-10.05,-0.1,0,-0.01,
3,0,-0.01,-10.05,-0.1,0,-0.01,
3,0,-0.01,-10.05,-0.1,0,-0.02,
3,0,0.01,-10.03,-0.08,0,-0.02,
3,0,0.01,-10.03,-0.08,0,-0.01,
3,0,0.01,-10.03,-0.08,0,-0.01,
3,0,-0.04,-10.02,-0.1,0,-0.01,
3,0,-0.04,-10.02,-0.1,0,-0.01,
3,0,-0.04,-10.02,-0.1,0,-0.01,
3,0,-0.02,-10.01,-0.07,0,-0.01,
3,0,-0.02,-10.01,-0.07,-0.01,-0.01,
3,0,-0.02,-10.01,-0.07,0,-0.01,
3,0,-0.05,-10.05,-0.01,0,-0.01,
3,0,-0.05,-10.05,-0.01,0,0,
3,0,-0.05,-10.05,-0.01,0,-0.01,
3,0,0,-10.06,-0.14,0,-0.01,
3,0,0,-10.06,-0.14,0,-0.01,
3,0,0,-10.06,-0.14,-0.01,-0.01,
3,0,-0.02,-10.01,-0.11,-0.01,-0.01,
3,0,-0.02,-10.01,-0.11,0,-0.01,
3,0,-0.04,-10.03,-0.09,-0.01,-0.01,
3,0,-0.04,-10.03,-0.09,-0.01,-0.01,
3,0,-0.04,-10.03,-0.09,-0.01,-0.01,
3,0,-0.02,-10.02,-0.11,0,0,
3,0,-0.02,-10.02,-0.11,0,0,
3,0,-0.02,-10.02,-0.11,0,-0.01,
3,0,0.04,-10.03,-0.1,0,-0.01,
3,0,0.04,-10.03,-0.1,0,-0.01,
3,0,0.04,-10.03,-0.1,-0.01,-0.01,
3,0,-0.01,-10,-0.1,0,-0.01,
3,0,-0.01,-10,-0.1,0,-0.01,
3,0,-0.01,-10,-0.1,-0.01,-0.01,
3,0,0,-9.99,-0.11,-0.01,-0.01,
3,0,0,-9.99,-0.11,-0.01,-0.01,
3,0,0,-9.99,-0.11,-0.01,-0.01,
3,0,-0.06,-9.99,-0.12,-0.01,-0.01,
3,0,-0.06,-9.99,-0.12,-0.01,-0.01,
3,0,0,-10.03,-0.07,0,-0.01,
3,0,0,-10.03,-0.07,0,-0.01,
3,0,0,-10.03,-0.07,0,-0.01,
3,0,-0.04,-10.04,-0.1,0,0,
3,0,-0.04,-10.04,-0.1,0,-0.01,
3,0,-0.04,-10.04,-0.1,0,-0.01,
3,0,-0.03,-10.03,-0.11,-0.01,-0.01,
3,0,-0.03,-10.03,-0.11,0,-0.01,
3,0,-0.03,-10.03,-0.11,0,-0.01,
3,0,0,-10.03,-0.05,0,-0.01,
3,0,0,-10.03,-0.05,-0.01,-0.01,
3,0,0,-10.03,-0.05,0,-0.01,
3,0,0.03,-10.07,-0.09,0,-0.01,
3,0,0.03,-10.07,-0.09,0,0,
3,0,0.03,-10.07,-0.09,0,-0.01,
3,0,0,-9.99,-0.03,0,-0.01,
3,0,0,-9.99,-0.03,-0.01,-0.01,
3,0,0,-10,-0.08,-0.01,-0.01,
3,0,0,-10,-0.08,-0.01,-0.01,
3,0,0,-10,-0.08,0,-0.01,
3,0,-0.02,-10.03,-0.07,0,-0.01,
3,0,-0.02,-10.03,-0.07,0,-0.01,
3,0,-0.02,-10.03,-0.07,-0.01,-0.02,
3,0,-0.04,-10.07,-0.1,-0.01,-0.01,
3,0,-0.04,-10.07,-0.1,-0.01,-0.01,
3,0,-0.04,-10.07,-0.1,0,-0.01,
3,0,-0.02,-10.04,-0.1,-0.01,-0.01,
3,0,-0.02,-10.04,-0.1,-0.01,-0.01,
3,0,-0.02,-10.04,-0.1,-0.01,-0.01,
3,0,-0.01,-10.04,-0.06,-0.01,-0.01,
3,0,-0.01,-10.04,-0.06,-0.01,-0.01,
3,0,-0.01,-10.04,-0.06,0,0,
3,0,-0.04,-10.03,-0.05,-0.01,-0.01,
3,0,-0.04,-10.03,-0.05,-0.01,-0.01,
3,0,0,-10.06,-0.1,0,-0.01,
3,0,0,-10.06,-0.1,-0.01,-0.01,
3,0,0,-10.06,-0.1,-0.01,-0.01,
3,0,0.03,-10.04,-0.09,0,-0.01,
3,0,0.03,-10.04,-0.09,-0.01,-0.01,
3,0,0.03,-10.04,-0.09,-0.01,-0.01,
3,0,0,-10.06,-0.08,0,-0.01,
3,0,0,-10.06,-0.08,-0.01,-0.02,
3,0,0,-10.06,-0.08,-0.01,-0.02,
3,0,0.03,-10,-0.04,-0.01,-0.01,
3,0,0.03,-10,-0.04,0,-0.01,
3,0,0.03,-10,-0.04,0,-0.01,
3,0,-0.01,-10.03,-0.07,0,-0.01,
3,0,-0.01,-10.03,-0.07,-0.01,-0.01,
3,0,-0.01,-10.03,-0.07,-0.01,-0.01,
3,0,0,-10.06,-0.05,-0.01,-0.01,
3,0,0,-10.06,-0.05,0,-0.01,
3,0,-0.01,-10.07,-0.1,0,-0.01,
3,0,-0.01,-10.07,-0.1,-0.01,-0.01,
3,0,-0.01,-10.07,-0.1,-0.01,-0.01,
3,0,0,-10.06,-0.09,-0.01,-0.01,
3,0,0,-10.06,-0.09,0,-0.01,
3,0,0,-10.06,-0.09,0,-0.01,
3,0,-0.02,-10.04,-0.09,0,-0.01,
3,0,-0.02,-10.04,-0.09,-0.01,-0.01,
3,0,-0.02,-10.04,-0.09,0,-0.01,
3,0,0.04,-10,-0.14,0,-0.01,
3,0,0.04,-10,-0.14,-0.01,-0.01,
3,0,0.04,-10,-0.14,0,0,
3,0,-0.01,-10.05,-0.04,0,0,
3,0,-0.01,-10.05,-0.04,0,-0.01,
3,0,-0.01,-10.05,-0.04,0,-0.01,
3,0,0.06,-10.02,-0.1,0,-0.01,
3,0,0.06,-10.02,-0.1,-0.01,-0.01,
3,0,0.06,-10.02,-0.1,-0.01,-0.01,
3,0,0,-10.01,-0.1,-0.01,-0.01,
3,0,0,-10.01,-0.1,0,-0.01,
3,0,0,-10.01,-0.1,0,-0.01,
3,0,0,-10.09,-0.07,-0.01,-0.01,
3,0,0,-10.09,-0.07,0,-0.01,
3,0,0,-10.09,-0.07,0,-0.01,
3,0,0.03,-9.99,-0.08,-0.01,-0.01,
3,0,0.03,-9.99,-0.08,0,-0.01,
3,0,0.03,-9.99,-0.08,0,-0.01,
3,0,0,-10.02,-0.1,0,-0.01,
3,0,0,-10.02,-0.1,-0.01,-0.01,
3,0,0,-10.02,-0.1,-0.01,-0.01,
3,0,-0.04,-10.03,-0.09,-0.01,-0.01,
3,0,-0.04,-10.03,-0.09,0,-0.01,
3,0,-0.04,-10.03,-0.09,0,-0.01,
3,0,0.01,-10.05,-0.08,0,-0.01,
3,0,0.01,-10.05,-0.08,0,-0.01,
3,0,0.01,-10.05,-0.08,0,-0.01,
3,0,0.03,-10.01,-0.1,-0.01,-0.02,
3,0,0.03,-10.01,-0.1,0,-0.01,
3,0,-0.02,-10.08,-0.1,0,-0.01,
3,0,-0.02,-10.08,-0.1,-0.01,-0.01,
3,0,-0.02,-10.08,-0.1,0,0,
3,0,0.05,-10.03,-0.06,0,0,
3,0,0.05,-10.03,-0.06,-0.01,-0.01,
3,0,0.05,-10.03,-0.06,-0.01,-0.01,
3,0,0,-9.99,-0.06,-0.01,-0.01,
3,0,0,-9.99,-0.06,-0.01,-0.01,
3,0,0,-9.99,-0.06,0,-0.01,
3,0,0.01,-10.06,-0.08,0,-0.01,
3,0,0.01,-10.06,-0.08,0,-0.01,
3,0,0.01,-10.06,-0.08,0,-0.01,
3,0,-0.01,-10.06,-0.11,0,-0.01,
3,0,-0.01,-10.06,-0.11,0,0,
3,0,-0.01,-10.06,-0.11,-0.01,-0.01,
3,0,0.03,-10.07,-0.1,-0.01,-0.01,
3,0,0.03,-10.07,-0.1,-0.01,-0.01,
3,0,0.03,-10.07,-0.1,0,-0.01,
3,0,0,-10.03,-0.11,0,-0.01,
3,0,0,-10.03,-0.11,-0.01,-0.01,
3,0,0,-10.03,-0.11,-0.01,-0.01,
3,0,-0.02,-10.07,-0.08,-0.01,-0.01,
3,0,-0.02,-10.07,-0.08,0,-0.01,
3,0,-0.04,-10.04,-0.1,-0.01,-0.01,
3,0,-0.04,-10.04,-0.1,-0.01,-0.01,
3,0,-0.04,-10.04,-0.1,0,-0.01,
3,0,0.01,-10.04,-0.09,-0.01,-0.01,
3,0,0.01,-10.04,-0.09,-0.01,-0.01,
3,0,0.01,-10.04,-0.09,0,0,
3,0,0.01,-10.09,-0.08,-0.01,-0.01,
3,0,0.01,-10.09,-0.08,-0.01,-0.01,
3,0,0.01,-10.09,-0.08,0,-0.01,
3,0,0.01,-10.03,-0.1,-0.01,-0.01,
3,0,0.01,-10.03,-0.1,-0.01,-0.01,
3,0,0.01,-10.03,-0.1,-0.01,-0.01,
3,0,0.01,-10.04,-0.14,0,-0.01,
3,0,0.01,-10.04,-0.14,0,-0.01,
3,0,0.01,-10.04,-0.14,0,-0.01,
3,0,0.01,-10,-0.08,0,-0.01,
3,0,0.01,-10,-0.08,0,-0.01,
3,0,0.01,-10,-0.08,-0.01,-0.01,
3,0,0.01,-9.97,-0.04,-0.01,-0.01,
3,0,0.01,-9.97,-0.04,-0.01,-0.01,
3,0,0.04,-10.01,-0.09,0,-0.01,
3,0,0.04,-10.01,-0.09,0,-0.01,
3,0,0.04,-10.01,-0.09,0,-0.01,
3,0,-0.01,-10.01,-0.08,0,-0.01,
3,0,-0.01,-10.01,-0.08,0,0,
3,0,-0.01,-10.01,-0.08,0,0,
3,0,0,-10.02,-0.1,0,-0.01,
3,0,0,-10.02,-0.1,0,-0.01,
3,0,0,-10.02,-0.1,0,-0.01,
3,0,-0.03,-10.01,-0.11,0,-0.01,
3,0,-0.03,-10.01,-0.11,0,-0.01,
3,0,-0.03,-10.01,-0.11,0,-0.01,
3,0,0.03,-10.05,-0.11,0,-0.01,
3,0,0.03,-10.05,-0.11,0,-0.01,
3,0,0.03,-10.05,-0.11,0,-0.01,
3,0,0.01,-9.98,-0.09,-0.01,-0.01,
3,0,0.01,-9.98,-0.09,-0.01,-0.01,
3,0,0.01,-9.98,-0.09,0,-0.01,
3,0,-0.05,-10.01,-0.11,-0.01,-0.01,
3,0,-0.05,-10.01,-0.11,-0.01,-0.01,
3,0,-0.05,-10.01,-0.11,-0.01,-0.01,
3,0,0,-10.04,-0.06,0,-0.01,
3,0,0,-10.04,-0.06,0,-0.01,
3,0,0,-10.04,-0.06,0,-0.01,
3,0,0,-10.05,-0.15,-0.01,-0.01,
3,0,0,-10.05,-0.15,-0.01,-0.01,
3,0,0,-10.05,-0.15,0,-0.01,
3,0,-0.01,-10.01,-0.1,0,-0.01,
3,0,-0.01,-10.01,-0.1,0,-0.01,
3,0,-0.01,-10.01,-0.1,0,-0.01,
3,0,0,-10.06,-0.06,0,-0.01,
3,0,0,-10.06,-0.06,0,-0.01,
3,0,0,-10.06,-0.06,0,-0.01,
3,0,0.02,-10.08,-0.12,0,-0.01,
3,0,0.02,-10.08,-0.12,0,-0.01,
3,0,0.02,-10.08,-0.12,-0.01,-0.01,
3,0,0,-10.04,-0.13,-0.01,-0.01,
3,0,0,-10.04,-0.13,0,0,
3,0,0,-10.04,-0.13,0,-0.01,
3,0,0.02,-9.96,-0.11,0,-0.01,
3,0,0.02,-9.96,-0.11,-0.01,-0.01,
3,0,0.02,-9.96,-0.11,-0.01,-0.01,
3,0,0.06,-10.03,-0.08,-0.01,-0.01,
3,0,0.06,-10.03,-0.08,-0.01,-0.01,
3,0,-0.04,-10,-0.11,0,-0.01,
3,0,-0.04,-10,-0.11,0,-0.01,
3,0,-0.04,-10,-0.11,0,-0.01,
3,0,0.01,-10.03,-0.15,-0.01,-0.01,
3,0,0.01,-10.03,-0.15,-0.01,-0.01,
3,0,0.01,-10.03,-0.15,0,-0.01,
3,0,0,-9.98,-0.08,0,-0.01,
3,0,0,-9.98,-0.08,0,-0.01,
3,0,0,-9.98,-0.08,0,-0.01,
3,0,0.04,-10.06,-0.08,0,-0.01,
3,0,0.04,-10.06,-0.08,-0.01,-0.01,
3,0,0.04,-10.06,-0.08,0,-0.01,
3,0,-0.01,-10.02,-0.05,0,-0.01,
3,0,-0.01,-10.02,-0.05,0,-0.01,
3,0,-0.01,-10.02,-0.05,0,-0.01,
3,0,0,-10.02,-0.1,0,-0.01,
3,0,0,-10.02,-0.1,0,-0.01,
3,0,0,-10.02,-0.1,0,-0.01,
3,0,0.02,-10.01,-0.06,0,-0.01,
3,0,0.02,-10.01,-0.06,0,-0.01,
3,0,-0.06,-10.05,-0.08,-0.01,-0.01,
3,0,-0.06,-10.05,-0.08,0,-0.01,
3,0,-0.06,-10.05,-0.08,0,-0.01,
3,0,-0.08,-9.93,-0.1,-0.01,-0.01,
3,0,-0.08,-9.93,-0.1,-0.01,-0.01,
3,0,-0.08,-9.93,-0.1,-0.01,-0.01,
3,0,-0.03,-9.96,-0.05,0,-0.02,
3,0,-0.03,-9.96,-0.05,-0.01,0,
3,0,-0.03,-9.96,-0.05,-0.01,0,
3,0,0.24,-10.17,-0.19,0,-0.01,
3,0,0.24,-10.17,-0.19,-0.01,-0.01,
3,0,0.24,-10.17,-0.19,-0.01,-0.01,
3,0,-0.15,-9.92,0.4,0,-0.01,
3,0,-0.15,-9.92,0.4,0,-0.01,
3,0,-0.15,-9.92,0.4,0.01,-0.01,
3,0,0.21,-10.01,-0.23,-0.01,-0.01,
3,0,0.21,-10.01,-0.23,-0.01,-0.01,
3,0,0.21,-10.01,-0.23,0,-0.01,
3,0,-0.06,-10.08,0.09,-0.01,-0.01,
3,0,-0.06,-10.08,0.09,-0.01,-0.01,
3,0,-0.06,-10.08,0.09,-0.01,-0.01,
3,0,0.01,-10.04,-0.34,0,-0.01,
3,0,0.01,-10.04,-0.34,0,-0.01,
3,0,0.01,-10.04,-0.34,0,-0.01,
3,0,0.06,-10.09,-0.22,-0.01,-0.01,
3,0,0.06,-10.09,-0.22,-0.01,-0.01,
3,0,-0.02,-10.03,-0.13,-0.01,-0.01,
3,0,-0.02,-10.03,-0.13,0,-0.01,
3,0,-0.02,-10.03,-0.13,0,-0.01,
3,0,0.01,-10.01,-0.08,0,0,
3,0,0.01,-10.01,-0.08,0,-0.01,
3,0,0.01,-10.01,-0.08,-0.01,-0.01,
3,0,-0.01,-10.05,-0.06,-0.01,-0.01,
3,0,-0.01,-10.05,-0.06,0,-0.01,
3,0,-0.01,-10.05,-0.06,0,-0.01,
3,0,0.07,-10,-0.07,0,-0.01,
3,0,0.07,-10,-0.07,0,-0.01,
3,0,0.07,-10,-0.07,0,-0.01,
3,0,0.03,-10.01,0,0,-0.01,
3,0,0.03,-10.01,0,0,-0.01,
3,0,0.03,-10.01,0,0,-0.01,
3,0,-0.03,-10.03,-0.09,0,-0.01,
3,0,-0.03,-10.03,-0.09,-0.01,-0.01,
3,0,-0.05,-10.07,-0.21,-0.01,-0.01,
3,0,-0.05,-10.07,-0.21,-0.01,-0.01,
3,0,-0.05,-10.07,-0.21,-0.01,-0.01,
3,0,-0.03,-10.03,-0.11,-0.01,-0.01,
3,0,-0.03,-10.03,-0.11,-0.01,-0.01,
3,0,-0.03,-10.03,-0.11,0,-0.01,
3,0,-0.01,-10.02,-0.04,0,-0.01,
3,0,-0.01,-10.02,-0.04,0,-0.01,
3,0,-0.01,-10.02,-0.04,-0.01,-0.01,
3,0,-0.01,-10,-0.04,-0.01,-0.01,
3,0,-0.01,-10,-0.04,-0.01,-0.01,
3,0,-0.01,-10,-0.04,-0.01,-0.01,
3,0,-0.01,-10.07,-0.1,-0.01,-0.01,
3,0,-0.01,-10.07,-0.1,-0.01,-0.01,
3,0,-0.01,-10.07,-0.1,0,-0.01,
3,0,0.04,-10.05,-0.11,0,-0.01,
3,0,0.04,-10.05,-0.11,0,-0.01,
3,0,0.01,-10.01,-0.09,-0.01,-0.01,
3,0,0.01,-10.01,-0.09,0,-0.01,
3,0,0.01,-10.01,-0.09,0,-0.01,
3,0,-0.04,-10.09,-0.07,0,-0.01,
3,0,-0.04,-10.09,-0.07,0,-0.01,
3,0,-0.04,-10.09,-0.07,0,-0.01,
3,0,0.04,-10.06,-0.13,-0.01,-0.01,
3,0,0.04,-10.06,-0.13,0,-0.01,
3,0,0.04,-10.06,-0.13,0,-0.01,
3,0,0.04,-10.01,-0.07,-0.01,-0.01,
3,0,0.04,-10.01,-0.07,-0.01,-0.01,
3,0,0.04,-10.01,-0.07,0,-0.01,
3,0,0.02,-10.06,-0.07,0,-0.01,
3,0,0.02,-10.06,-0.07,0,-0.01,
3,0,0.02,-10.06,-0.07,0,-0.01,
3,0,0.05,-10.15,-0.1,-0.01,-0.01,
3,0,0.05,-10.15,-0.1,0,-0.01,
3,0,0.05,-10.15,-0.1,0,-0.01,
3,0,-0.06,-10.03,-0.11,-0.01,-0.01,
3,0,-0.06,-10.03,-0.11,0,-0.01,
3,0,-0.06,-10.03,-0.11,0,-0.01,
3,0,0.08,-10.06,-0.02,0,-0.01,
3,0,0.08,-10.06,-0.02,-0.01,-0.01,
3,0,0.08,-10.06,-0.02,-0.01,-0.01,
3,0,0.02,-10.04,-0.11,0,-0.01,
3,0,0.02,-10.04,-0.11,0,-0.01,
3,0,-0.03,-10.06,-0.15,0,-0.01,
3,0,-0.03,-10.06,-0.15,-0.01,-0.01,
3,0,-0.03,-10.06,-0.15,-0.01,-0.01,
3,0,0.01,-10.03,-0.08,-0.01,-0.01,
3,0,0.01,-10.03,-0.08,-0.01,-0.01,
3,0,0.01,-10.03,-0.08,-0.01,-0.01,
3,0,0.02,-10.06,-0.04,-0.01,-0.01,
3,0,0.02,-10.06,-0.04,0,-0.01,
3,0,0.02,-10.06,-0.04,-0.01,-0.01,
3,0,0.02,-10,-0.03,-0.01,-0.01,
3,0,0.02,-10,-0.03,0,-0.01,
3,0,0.02,-10,-0.03,0,-0.01,
3,0,0,-10.06,-0.06,0,-0.01,
3,0,0,-10.06,-0.06,0,-0.01,
3,0,0,-10.06,-0.06,0,-0.01,
3,0,-0.06,-10.03,-0.11,0,-0.01,
3,0,-0.06,-10.03,-0.11,-0.01,-0.01,
3,0,-0.06,-10.03,-0.11,0,-0.01,
3,0,-0.05,-10.08,-0.11,0,-0.01,
3,0,-0.05,-10.08,-0.11,-0.01,-0.01,
3,0,-0.04,-9.98,-0.12,0,-0.01,
3,0,-0.04,-9.98,-0.12,0,-0.01,
3,0,-0.04,-9.98,-0.12,0,0,
3,0,0,-10.03,-0.06,-0.01,-0.01,
3,0,0,-10.03,-0.06,-0.01,-0.01,
3,0,0,-10.03,-0.06,-0.01,-0.01,
3,0,-0.02,-10.04,-0.09,0,-0.01,
3,0,-0.02,-10.04,-0.09,0,-0.01,
3,0,-0.02,-10.04,-0.09,0,-0.01,
3,0,0.01,-10.01,-0.07,-0.01,-0.01,
3,0,0.01,-10.01,-0.07,-0.01,-0.01,
3,0,0.01,-10.01,-0.07,0,-0.01,
3,0,0.04,-10.04,-0.09,0,-0.01,
3,0,0.04,-10.04,-0.09,0,-0.01,
3,0,0.04,-10.04,-0.09,-0.01,-0.01,
3,0,0.02,-10.04,-0.06,0,-0.01,
3,0,0.02,-10.04,-0.06,0,-0.01,
3,0,0.02,-10.04,-0.06,0,-0.01,
3,0,0.01,-10,-0.1,0,-0.01,
3,0,0.01,-10,-0.1,0,-0.01,
3,0,0.05,-10.03,-0.1,0,-0.01,
3,0,0.05,-10.03,-0.1,0,-0.01,
3,0,0.05,-10.03,-0.1,0,-0.01,
3,0,-0.03,-10.02,-0.1,0,-0.01,
3,0,-0.03,-10.02,-0.1,0,-0.01,
3,0,-0.03,-10.02,-0.1,0,-0.01,
3,0,0.01,-9.99,-0.08,0,-0.01,
3,0,0.01,-9.99,-0.08,0,-0.01,
3,0,0.01,-9.99,-0.08,0,-0.01,
3,0,0.01,-10.01,-0.06,-0.01,-0.02,
3,0,0.01,-10.01,-0.06,0,-0.01,
3,0,0.01,-10.01,-0.06,0,-0.01,
3,0,0,-10.02,-0.05,0,-0.01,
3,0,0,-10.02,-0.05,-0.01,-0.01,
3,0,0,-10.02,-0.05,-0.01,-0.01,
3,0,0.02,-10.09,-0.12,0,-0.01,
3,0,0.02,-10.09,-0.12,0,-0.01,
3,0,0.04,-9.99,-0.07,0,-0.01,
3,0,0.04,-9.99,-0.07,-0.01,-0.01,
3,0,0.04,-9.99,-0.07,0,-0.01,
3,0,-0.05,-10.04,-0.04,0,-0.01,
3,0,-0.05,-10.04,-0.04,-0.01,0,
3,0,-0.05,-10.04,-0.04,0,0,
3,0,-0.02,-10.07,-0.07,0,0,
3,0,-0.02,-10.07,-0.07,0,-0.01,
3,0,-0.02,-10.07,-0.07,0,-0.01,
3,0,0.04,-10.16,-0.08,0,-0.01,
3,0,0.04,-10.16,-0.08,0,-0.01,
3,0,0.04,-10.16,-0.08,-0.01,-0.01,
3,0,0.01,-9.97,-0.12,-0.01,-0.01,
3,0,0.01,-9.97,-0.12,0,-0.01,
3,0,0.01,-9.97,-0.12,0,-0.01,
3,0,0,-10.02,-0.09,0,-0.01,
3,0,0,-10.02,-0.09,0,-0.01,
3,0,0,-10.02,-0.09,0,-0.01,
3,0,-0.05,-10.04,-0.06,0,-0.01,
3,0,-0.05,-10.04,-0.06,-0.01,-0.01,
3,0,-0.05,-10.04,-0.06,0,-0.01,
3,0,-0.04,-10.01,-0.03,0,-0.01,
3,0,-0.04,-10.01,-0.03,0,-0.01,
3,0,-0.04,-10.01,-0.03,-0.01,-0.01,
3,0,-0.02,-10.03,-0.13,-0.01,-0.01,
3,0,-0.02,-10.03,-0.13,0,-0.01,
3,0,0,-10.02,-0.08,0,-0.01,
3,0,0,-10.02,-0.08,0,-0.01,
3,0,0,-10.02,-0.08,-0.01,-0.01,
3,0,0.05,-10.01,-0.09,0,-0.01,
3,0,0.05,-10.01,-0.09,0,-0.01,
3,0,0.05,-10.01,-0.09,0,-0.01,
3,0,-0.04,-10.05,-0.09,-0.01,-0.01,
3,0,-0.04,-10.05,-0.09,-0.01,-0.01,
3,0,-0.04,-10.05,-0.09,-0.01,-0.01,
3,0,0.03,-9.98,-0.09,0,-0.01,
3,0,0.03,-9.98,-0.09,0,-0.01,
3,0,0.03,-9.98,-0.09,0,-0.01,
3,0,-0.02,-10.02,-0.08,0,-0.01,
3,0,-0.02,-10.02,-0.08,-0.01,-0.01,
3,0,0.01,-9.96,-0.11,-0.01,-0.01,
3,0,0.01,-9.96,-0.11,-0.01,-0.01,
3,0,0.01,-9.96,-0.11,-0.01,-0.01,
3,0,0.02,-10.04,-0.11,-0.01,-0.01,
3,0,0.02,-10.04,-0.11,0,-0.01,
3,0,0.02,-10.04,-0.11,0,-0.01,
3,0,-0.03,-10.02,-0.09,0,-0.01,
3,0,-0.03,-10.02,-0.09,0,-0.01,
3,0,-0.03,-10.02,-0.09,0,-0.01,
3,0,-0.05,-10.05,-0.08,0,-0.01,
3,0,-0.05,-10.05,-0.08,0,-0.01,
3,0,-0.05,-10.05,-0.08,0,-0.01,
3,0,0,-9.99,-0.12,0,-0.01,
3,0,0,-9.99,-0.12,0,-0.01,
3,0,0,-9.99,-0.12,-0.01,-0.01,
3,0,-0.01,-10.05,-0.06,-0.01,-0.01,
3,0,-0.01,-10.05,-0.06,-0.01,-0.01,
3,0,0.05,-9.98,-0.03,0,0,
3,0,0.05,-9.98,-0.03,0,0,
3,0,0.05,-9.98,-0.03,0,-0.01,
3,0,0.02,-10.06,-0.08,-0.01,-0.01,
3,0,0.02,-10.06,-0.08,-0.01,-0.01,
3,0,0.02,-10.06,-0.08,0,-0.01,
3,0,0,-10.07,-0.12,0,-0.01,
3,0,0,-10.07,-0.12,0,-0.01,
3,0,0,-10.07,-0.12,0,-0.01,
3,0,-0.03,-10.03,-0.1,0,-0.01,
3,0,-0.03,-10.03,-0.1,0,-0.01,
3,0,-0.03,-10.03,-0.1,0,-0.01,
3,0,0.04,-10.03,-0.12,-0.01,-0.01,
3,0,0.04,-10.03,-0.12,-0.01,-0.01,
3,0,0.04,-10.03,-0.12,0,-0.01,
3,0,-0.02,-9.99,-0.08,0,-0.01,
3,0,-0.02,-9.99,-0.08,0,-0.01,
3,0,0.02,-9.97,-0.01,0,-0.01,
3,0,0.02,-9.97,-0.01,-0.01,-0.01,
3,0,0.02,-9.97,-0.01,-0.01,-0.01,
3,0,-0.02,-10.04,-0.1,0,-0.01,
3,0,-0.02,-10.04,-0.1,0,-0.01,
3,0,-0.02,-10.04,-0.1,0,-0.01,
3,0,0.01,-10.01,-0.04,0,-0.01,
3,0,0.01,-10.01,-0.04,-0.01,-0.01,
3,0,0.01,-10.01,-0.04,-0.01,-0.01,
3,0,0.04,-10.07,-0.12,0,-0.01,
3,0,0.04,-10.07,-0.12,-0.01,-0.01,
3,0,0.04,-10.07,-0.12,-0.01,-0.01,
3,0,-0.03,-10,-0.07,0,-0.01,
3,0,-0.03,-10,-0.07,0,-0.01,
3,0,-0.03,-10,-0.07,0,-0.01,
3,0,-0.02,-9.99,-0.09,0,-0.01,
3,0,-0.02,-9.99,-0.09,0,-0.01,
3,0,-0.02,-9.99,-0.09,0,-0.01,
3,0,0,-9.95,-0.12,-0.01,-0.01,
3,0,0,-9.95,-0.12,-0.01,-0.01,
3,0,-0.02,-10.03,-0.09,-0.01,-0.01,
3,0,-0.02,-10.03,-0.09,0,-0.01,
3,0,-0.02,-10.03,-0.09,0,-0.01,
3,0,0,-10.08,-0.12,0,-0.01,
3,0,0,-10.08,-0.12,-0.01,-0.01,
3,0,0,-10.08,-0.12,0,-0.01,
3,0,-0.02,-10.07,-0.14,0,-0.01,
3,0,-0.02,-10.07,-0.14,0,-0.01,
3,0,-0.02,-10.07,-0.14,-0.01,-0.01,
3,0,-0.02,-10.05,-0.11,-0.01,-0.01,
3,0,-0.02,-10.05,-0.11,0,-0.01,
3,0,-0.02,-10.05,-0.11,0,-0.01,
3,0,0,-10.04,-0.06,0,-0.01,
3,0,0,-10.04,-0.06,-0.01,-0.01,
3,0,0,-10.04,-0.06,0,-0.01,
3,0,-0.03,-10.05,-0.06,0,-0.01,
3,0,-0.03,-10.05,-0.06,0,-0.01,
3,0,-0.03,-10.05,-0.06,0,-0.01,
3,0,0.06,-10.07,-0.04,0,-0.01,
3,0,0.06,-10.07,-0.04,0,-0.01,
3,0,0.06,-10.07,-0.04,-0.01,-0.01,
3,0,0.06,-9.96,-0.05,-0.01,-0.01,
3,0,0.06,-9.96,-0.05,-0.01,-0.01,
3,0,0.06,-9.96,-0.05,0,-0.01,
3,0,0,-10.03,-0.12,0,-0.01,
3,0,0,-10.03,-0.12,0,-0.01,
3,0,0,-10.03,-0.12,0,-0.01,
3,0,-0.03,-10.04,-0.12,-0.01,-0.01,
3,0,-0.03,-10.04,-0.12,0,-0.01,
3,0,-0.04,-10.01,-0.18,0,-0.01,
3,0,-0.04,-10.01,-0.18,0,-0.01,
3,0,-0.04,-10.01,-0.18,0,-0.01,
3,0,-0.03,-10.03,-0.1,-0.01,-0.01,
3,0,-0.03,-10.03,-0.1,-0.01,-0.01,
3,0,-0.03,-10.03,-0.1,-0.01,-0.01,
3,0,-0.03,-10.04,-0.08,-0.01,-0.01,
3,0,-0.03,-10.04,-0.08,-0.01,-0.01,
3,0,-0.03,-10.04,-0.08,-0.01,-0.01,
3,0,0.08,-10.01,-0.14,0,-0.01,
3,0,0.08,-10.01,-0.14,0,-0.01,
3,0,0.08,-10.01,-0.14,0,-0.01,
3,0,0.02,-10.12,-0.11,0,-0.01,
3,0,0.02,-10.12,-0.11,0,-0.01,
3,0,0.02,-10.12,-0.11,0,-0.01,
3,0,0.02,-9.97,-0.02,0,-0.01,
3,0,0.02,-9.97,-0.02,0,-0.01,
3,0,-0.05,-9.97,-0.05,-0.01,-0.01,
3,0,-0.05,-9.97,-0.05,-0.01,-0.01,
3,0,-0.05,-9.97,-0.05,-0.01,-0.01,
3,0,-0.05,-10.07,-0.11,-0.01,-0.01,
3,0,-0.05,-10.07,-0.11,-0.01,-0.01,
3,0,-0.05,-10.07,-0.11,-0.01,-0.01,
3,0,-0.02,-10.01,-0.07,-0.01,-0.01,
3,0,-0.02,-10.01,-0.07,-0.01,-0.01,
3,0,-0.02,-10.01,-0.07,-0.01,-0.01,
3,0,0,-9.99,-0.07,-0.01,-0.01,
3,0,0,-9.99,-0.07,-0.01,-0.01,
3,0,0,-9.99,-0.07,-0.01,-0.01,
3,0,0,-10.02,-0.03,0,-0.01,
3,0,0,-10.02,-0.03,-0.01,-0.01,
3,0,-0.02,-10.02,-0.1,0,-0.01,
3,0,-0.02,-10.02,-0.1,0,-0.01,
3,0,-0.02,-10.02,-0.1,0,-0.01,
3,0,0.01,-10.05,-0.06,0,-0.01,
3,0,0.01,-10.05,-0.06,0,-0.01,
3,0,0.01,-10.05,-0.06,0,0,
3,0,-0.03,-10.05,-0.09,0,-0.01,
3,0,-0.03,-10.05,-0.09,0,-0.01,
3,0,-0.03,-10.05,-0.09,-0.01,-0.01,
3,0,-0.02,-10.01,-0.09,0,0,
3,0,-0.02,-10.01,-0.09,0,0,
3,0,-0.02,-10.01,-0.09,0,0,
3,0,0.02,-10.03,-0.07,0,-0.01,
3,0,0.02,-10.03,-0.07,0,-0.01,
3,0,0.03,-10.03,-0.07,-0.01,-0.01,
3,0,0.03,-10.03,-0.07,-0.01,-0.01,
3,0,0.03,-10.03,-0.07,-0.01,-0.01,
3,0,0.03,-10.08,-0.05,0,-0.01,
3,0,0.03,-10.08,-0.05,-0.01,-0.01,
3,0,0.03,-10.08,-0.05,-0.01,-0.01,
3,0,-0.04,-10.08,-0.04,0,-0.01,
3,0,-0.04,-10.08,-0.04,-0.01,-0.01,
3,0,-0.04,-10.08,-0.04,-0.01,-0.01,
3,0,0.02,-10.04,-0.06,-0.01,-0.01,
3,0,0.02,-10.04,-0.06,-0.01,-0.01,
3,0,0.02,-10.04,-0.06,-0.01,-0.01,
3,0,-0.02,-10.05,-0.05,-0.01,-0.01,
3,0,-0.02,-10.05,-0.05,0,-0.01,
3,0,-0.02,-10.05,-0.05,0,-0.01,
3,0,0.01,-9.94,-0.05,-0.01,-0.01,
3,0,0.01,-9.94,-0.05,0,-0.01,
3,0,0.01,-9.94,-0.05,0,-0.01,
3,0,0.02,-9.99,-0.11,0,-0.01,
3,0,0.02,-9.99,-0.11,-0.01,-0.01,
3,0,0.02,-9.99,-0.11,-0.01,-0.01,
3,0,0.02,-10.05,-0.1,0,-0.01,
3,0,0.02,-10.05,-0.1,-0.01,-0.01,
3,0,0.05,-10.01,-0.04,-0.01,-0.01,
3,0,0.05,-10.01,-0.04,-0.01,-0.01,
3,0,0.05,-10.01,-0.04,0,-0.01,
3,0,0.01,-10.04,-0.07,0,-0.01,
3,0,0.01,-10.04,-0.07,-0.01,0,
3,0,0.01,-10.04,-0.07,0,-0.01,
3,0,-0.03,-10.06,-0.1,0,-0.01,
3,0,-0.03,-10.06,-0.1,0,-0.01,
3,0,-0.03,-10.06,-0.1,-0.01,-0.01,
3,0,-0.08,-10.05,-0.12,-0.01,-0.01,
3,0,-0.08,-10.05,-0.12,0,-0.01,
3,0,-0.08,-10.05,-0.12,0,-0.01,
3,0,-0.04,-10.02,-0.12,0,-0.01,
3,0,-0.04,-10.02,-0.12,-0.01,-0.01,
3,0,-0.04,-10.02,-0.12,-0.01,-0.01,
3,0,0,-10.06,-0.08,-0.01,-0.01,
3,0,0,-10.06,-0.08,-0.01,-0.01,
3,0,0,-10.06,-0.08,-0.01,-0.01,
3,0,-0.05,-10.01,-0.07,-0.01,-0.01,
3,0,-0.05,-10.01,-0.07,0,-0.01,
3,0,-0.05,-10.01,-0.07,0,-0.01,
3,0,-0.02,-10.07,-0.11,0,-0.01,
3,0,-0.02,-10.07,-0.11,0,-0.01,
3,0,-0.02,-10.07,-0.11,0,-0.01,
3,0,0.05,-10,-0.07,-0.01,-0.01,
3,0,0.05,-10,-0.07,-0.01,-0.01,
3,0,0.05,-10,-0.07,-0.01,0,
3,0,0,-9.98,-0.07,-0.01,-0.01,
3,0,0,-9.98,-0.07,-0.01,-0.01,
3,0,0,-9.98,-0.07,-0.01,0,
3,0,0.02,-10.03,-0.04,0,-0.01,
3,0,0.02,-10.03,-0.04,0,-0.01,
3,0,0.02,-10.03,-0.04,0,-0.01,
3,0,0.04,-10.01,-0.12,0,-0.01,
3,0,0.04,-10.01,-0.12,0,-0.01,
3,0,0.04,-10.01,-0.12,-0.01,-0.01,
3,0,-0.03,-10.05,-0.13,0,-0.01,
3,0,-0.03,-10.05,-0.13,0,-0.01,
3,0,0.01,-10.02,-0.09,-0.01,-0.01,
3,0,0.01,-10.02,-0.09,0,-0.01,
3,0,0.01,-10.02,-0.09,0,-0.01,
3,0,-0.02,-10.02,-0.04,-0.01,-0.01,
3,0,-0.02,-10.02,-0.04,-0.01,-0.01,
3,0,-0.02,-10.02,-0.04,-0.01,-0.01,
3,0,0.02,-10.03,-0.11,0,-0.01,
3,0,0.02,-10.03,-0.11,-0.01,-0.01,
3,0,0.02,-10.03,-0.11,-0.01,-0.01,
3,0,-0.02,-9.99,-0.09,0,-0.01,
3,0,-0.02,-9.99,-0.09,0,-0.01,
3,0,-0.02,-9.99,-0.09,0,-0.01,
3,0,0,-10.06,-0.07,0,-0.01,
3,0,0,-10.06,-0.07,-0.01,-0.01,
3,0,0,-10.06,-0.07,-0.01,-0.01,
3,0,-0.06,-10.04,-0.07,0,-0.01,
3,0,-0.06,-10.04,-0.07,0,-0.01,
3,0,-0.06,-10.04,-0.07,0,-0.01,
3,0,0,-9.99,-0.1,0,-0.01,
3,0,0,-9.99,-0.1,-0.01,-0.01,
3,0,0,-9.99,-0.1,-0.01,-0.01,
3,0,-0.06,-10,-0.11,-0.01,-0.01,
3,0,-0.06,-10,-0.11,0,-0.01,
3,0,0.03,-10.01,-0.03,0,-0.01,
3,0,0.03,-10.01,-0.03,-0.01,-0.01,
3,0,0.03,-10.01,-0.03,0,-0.01,
3,0,0.01,-9.99,-0.15,0,-0.01,
3,0,0.01,-9.99,-0.15,-0.01,-0.01,
3,0,0.01,-9.99,-0.15,0,-0.01,
3,0,0,-10.03,-0.08,0,-0.01,
3,0,0,-10.03,-0.08,-0.01,-0.01,
3,0,0,-10.03,-0.08,-0.01,-0.01,
3,0,-0.03,-10.02,-0.06,-0.01,-0.01,
3,0,-0.03,-10.02,-0.06,-0.01,-0.01,
3,0,-0.03,-10.02,-0.06,-0.01,-0.01,
3,0,0.02,-10.03,-0.08,-0.01,-0.01,
3,0,0.02,-10.03,-0.08,-0.01,-0.01,
3,0,0.02,-10.03,-0.08,0,-0.01,
3,0,0,-10.06,-0.1,0,-0.01,
3,0,0,-10.06,-0.1,0,-0.01,
3,0,0,-10.06,-0.1,0,-0.01,
3,0,0.04,-10.03,-0.08,0,-0.01,
3,0,0.04,-10.03,-0.08,-0.01,-0.01,
3,0,0,-10.03,-0.13,0,-0.01,
3,0,0,-10.03,-0.13,0,-0.01,
3,0,0,-10.03,-0.13,0,-0.01,
3,0,-0.01,-10.07,-0.11,0,-0.01,
3,0,-0.01,-10.07,-0.11,0,-0.01,
3,0,-0.01,-10.07,-0.11,-0.01,-0.01,
3,0,-0.11,-10.03,-0.08,0,-0.01,
3,0,-0.11,-10.03,-0.08,0,-0.01,
3,0,0,-10.04,-0.09,-0.01,-0.01,
3,0,0,-10.04,-0.09,0,-0.01,
3,0,-0.01,-9.99,-0.09,0,-0.01,
3,0,-0.01,-9.99,-0.09,-0.01,-0.01,
3,0,-0.01,-9.99,-0.09,-0.01,-0.01,
3,0,0.04,-10.05,-0.1,-0.01,-0.01,
3,0,0.04,-10.05,-0.1,0,0,
3,0,0.04,-10.05,-0.1,-0.01,-0.02,
3,0,-0.03,-10.07,-0.07,-0.01,-0.02,
3,0,-0.03,-10.07,-0.07,0,-0.01,
3,0,-0.03,-10.07,-0.07,0,-0.01,
3,0,0.01,-10.04,-0.08,0,-0.01,
3,0,0.01,-10.04,-0.08,0,-0.01,
3,0,0.01,-10.04,-0.08,-0.01,-0.01,
3,0,0.02,-10.04,-0.12,-0.01,-0.01,
3,0,0.02,-10.04,-0.12,-0.01,-0.01,
3,0,0.02,-10.04,-0.12,-0.01,0,
3,0,-0.04,-10.06,-0.07,-0.01,0,
3,0,-0.04,-10.06,-0.07,-0.01,-0.01,
3,0,-0.04,-10.06,-0.07,-0.01,-0.01,
3,0,0,-10.01,-0.08,-0.01,-0.01,
3,0,0,-10.01,-0.08,-0.01,-0.01,
3,0,0,-10.01,-0.08,-0.01,-0.01,
3,0,0.03,-10,-0.1,0,-0.01,
3,0,0.03,-10,-0.1,0,-0.01,
3,0,0.03,-10,-0.1,0,-0.01,
3,0,0.01,-9.99,-0.07,0,-0.01,
3,0,0.01,-9.99,-0.07,-0.01,-0.01,
3,0,0.01,-9.99,-0.07,-0.01,-0.01,
3,0,0.04,-9.97,-0.07,0,-0.01,
3,0,0.04,-9.97,-0.07,-0.01,-0.01,
3,0,0.04,-9.97,-0.07,-0.01,-0.01,
3,0,0.04,-10.01,-0.11,0,-0.01,
3,0,0.04,-10.01,-0.11,0,-0.01,
3,0,0.04,-10.01,-0.11,0,-0.01,
3,0,0.03,-10.09,-0.09,-0.01,-0.01,
3,0,0.03,-10.09,-0.09,-0.01,-0.01,
3,0,-0.03,-10.03,-0.07,-0.01,-0.01,
3,0,-0.03,-10.03,-0.07,-0.01,-0.01,
3,0,-0.03,-10.03,-0.07,-0.01,-0.01,
3,0,0.02,-10.15,-0.06,-0.01,-0.01,
3,0,0.02,-10.15,-0.06,0,-0.01,
3,0,0.02,-10.15,-0.06,0,-0.01,
3,0,0.01,-10.04,-0.11,0,-0.01,
3,0,0.01,-10.04,-0.11,-0.01,-0.01,
3,0,0.01,-10.04,-0.11,-0.01,-0.01,
3,0,0.01,-10.07,-0.06,-0.01,-0.01,
3,0,0.01,-10.07,-0.06,-0.01,-0.01,
3,0,0.01,-10.07,-0.06,-0.01,-0.01,
3,0,0,-10.06,-0.1,-0.01,-0.01,
3,0,0,-10.06,-0.1,-0.01,-0.01,
3,0,0,-10.06,-0.1,-0.01,-0.01,
3,0,0,-9.96,-0.09,0,-0.01,
3,0,0,-9.96,-0.09,0,-0.01,
3,0,0,-9.96,-0.09,0,-0.01,
3,0,0.04,-10.03,-0.07,0,-0.01,
3,0,0.04,-10.03,-0.07,0,-0.01,
3,0,0.04,-10.03,-0.07,0,-0.01,
3,0,0.02,-10.07,-0.06,-0.01,-0.01,
3,0,0.02,-10.07,-0.06,-0.01,-0.01,
3,0,-0.03,-10.02,-0.09,-0.01,-0.01,
3,0,-0.03,-10.02,-0.09,-0.01,-0.01,
3,0,-0.03,-10.02,-0.09,0,-0.01,
3,0,0.01,-9.98,-0.1,0,-0.01,
3,0,0.01,-9.98,-0.1,0,-0.01,
3,0,0.01,-9.98,-0.1,0,-0.01,
3,0,0.04,-10.04,-0.05,0,-0.01,
3,0,0.04,-10.04,-0.05,0,-0.01,
3,0,0.04,-10.04,-0.05,-0.01,-0.01,
3,0,0.07,-10.04,-0.13,-0.01,-0.01,
3,0,0.07,-10.04,-0.13,-0.01,-0.01,
3,0,0.07,-10.04,-0.13,0,0,
3,0,-0.02,-10.03,-0.08,-0.01,-0.01,
3,0,-0.02,-10.03,-0.08,-0.01,-0.01,
3,0,-0.02,-10.03,-0.08,-0.01,-0.01,
3,0,0.04,-10.02,-0.04,0,-0.01,
3,0,0.04,-10.02,-0.04,0,-0.01,
3,0,0,-9.99,-0.11,-0.01,-0.01,
3,0,0,-9.99,-0.11,-0.01,-0.01,
3,0,0,-9.99,-0.11,-0.01,-0.01,
3,0,0,-10.04,-0.09,-0.01,-0.01,
3,0,0,-10.04,-0.09,0,-0.01,
3,0,0,-10.04,-0.09,0,-0.01,
3,0,0,-10,-0.09,0,-0.01,
3,0,0,-10,-0.09,-0.01,-0.01,
3,0,0,-10,-0.09,-0.01,-0.01,
3,0,0.01,-10.05,-0.11,0,-0.01,
3,0,0.01,-10.05,-0.11,-0.01,-0.01,
3,0,0.01,-10.05,-0.11,-0.01,-0.01,
3,0,-0.02,-10,-0.07,-0.01,-0.01,
3,0,-0.02,-10,-0.07,0,-0.01,
3,0,-0.02,-10,-0.07,0,-0.01,
3,0,-0.04,-10,-0.09,0,-0.01,
3,0,-0.04,-10,-0.09,-0.01,-0.01,
3,0,0.02,-10.01,-0.05,-0.01,-0.01,
3,0,0.02,-10.01,-0.05,-0.01,-0.01,
3,0,0.02,-10.01,-0.05,0,-0.01,
3,0,0.01,-9.99,-0.04,0,-0.01,
3,0,0.01,-9.99,-0.04,-0.01,-0.01,
3,0,0.01,-9.99,-0.04,-0.01,-0.01,
3,0,0.05,-10.07,-0.1,-0.01,-0.01,
3,0,0.05,-10.07,-0.1,0,-0.01,
3,0,0.05,-10.07,-0.1,-0.01,-0.01,
3,0,-0.05,-10.04,-0.1,-0.01,-0.01,
3,0,-0.05,-10.04,-0.1,0,-0.01,
3,0,-0.05,-10.04,-0.1,-0.01,0,
3,0,-0.04,-10.05,-0.1,-0.01,0,
3,0,-0.04,-10.05,-0.1,-0.01,-0.02,
3,0,-0.04,-10.05,-0.1,-0.01,-0.01,
3,0,0.02,-10.04,-0.1,-0.01,-0.01,
3,0,0.02,-10.04,-0.1,0,-0.01,
3,0,0.02,-10.04,-0.1,-0.01,-0.01,
3,0,0.04,-10.03,-0.06,-0.01,-0.01,
3,0,0.04,-10.03,-0.06,0,0,
3,0,-0.03,-10.03,-0.1,-0.01,-0.01,
3,0,-0.03,-10.03,-0.1,-0.01,-0.01,
3,0,-0.03,-10.03,-0.1,-0.01,-0.01,
3,0,0.03,-10.04,-0.15,0,-0.01,
3,0,0.03,-10.04,-0.15,0,-0.01,
3,0,0.03,-10.04,-0.15,0,-0.01,
3,0,-0.01,-9.95,-0.06,0,-0.01,
3,0,-0.01,-9.95,-0.06,0,-0.01,
3,0,-0.01,-9.95,-0.06,-0.01,-0.01,
3,0,0.03,-9.98,-0.13,0,-0.01,
3,0,0.03,-9.98,-0.13,0,-0.01,
3,0,0.03,-9.98,-0.13,-0.01,-0.01,
3,0,-0.03,-9.98,-0.06,0,-0.01,
3,0,-0.03,-9.98,-0.06,0,-0.01,
3,0,-0.03,-9.98,-0.06,-0.01,-0.01,
3,0,-0.11,-9.99,-0.12,0,-0.01,
3,0,-0.11,-9.99,-0.12,0,-0.01,
3,0,-0.11,-9.99,-0.12,-0.01,-0.01,
3,0,0.02,-10.18,-0.11,-0.01,-0.01,
3,0,0.02,-10.18,-0.11,0,-0.01,
3,0,0.02,-10.18,-0.11,0,0,
3,0,-0.04,-10.04,-0.07,0,0,
3,0,-0.04,-10.04,-0.07,0,-0.01,
3,0,-0.04,-10.04,-0.07,-0.01,0,
3,0,0.04,-10.04,-0.08,-0.01,0,
3,0,0.04,-10.04,-0.08,-0.01,-0.01,
3,0,0.04,-10.04,-0.08,0,-0.01,
3,0,-0.03,-10.01,-0.07,0,-0.01,
3,0,-0.03,-10.01,-0.07,0,-0.01,
3,0,-0.04,-10.07,-0.1,-0.01,-0.01,
3,0,-0.04,-10.07,-0.1,-0.01,-0.01,
3,0,-0.04,-10.07,-0.1,-0.01,-0.01,
3,0,-0.01,-10.04,-0.08,-0.01,-0.01,
3,0,-0.01,-10.04,-0.08,-0.01,-0.01,
3,0,-0.01,-10.04,-0.08,-0.01,-0.01,
3,0,-0.04,-10.03,-0.03,0,-0.01,
3,0,-0.04,-10.03,-0.03,0,-0.01,
3,0,-0.04,-10.03,-0.03,-0.01,-0.01,
3,0,-0.03,-10.03,-0.08,-0.01,-0.01,
3,0,-0.03,-10.03,-0.08,-0.01,-0.01,
3,0,-0.03,-10.03,-0.08,-0.01,-0.01,
3,0,-0.03,-10.04,-0.09,0,-0.01,
3,0,-0.03,-10.04,-0.09,-0.01,-0.01,
3,0,-0.03,-10.04,-0.09,-0.01,-0.01,
3,0,0.03,-10.02,-0.05,0,-0.01,
3,0,0.03,-10.02,-0.05,0,-0.01,
3,0,0.03,-10.02,-0.05,0,-0.01,
3,0,-0.09,-9.99,-0.09,-0.01,-0.01,
3,0,-0.09,-9.99,-0.09,0,-0.01,
3,0,-0.01,-10.07,-0.09,0,-0.01,
3,0,-0.01,-10.07,-0.09,0,-0.01,
3,0,-0.01,-10.07,-0.09,0,-0.01,
3,0,-0.01,-10.03,-0.08,0,-0.01,
3,0,-0.01,-10.03,-0.08,0,-0.01,
3,0,-0.01,-10.03,-0.08,-0.01,-0.01,
3,0,0.05,-10.08,-0.06,-0.01,-0.01,
3,0,0.05,-10.08,-0.06,0,-0.01,
3,0,0.05,-10.08,-0.06,0,-0.01,
3,0,0.04,-10.03,-0.07,0,-0.01,
3,0,0.04,-10.03,-0.07,0,-0.01,
3,0,0.04,-10.03,-0.07,0,-0.01,
3,0,-0.02,-10.01,-0.13,0,-0.01,
3,0,-0.02,-10.01,-0.13,-0.01,-0.01,
3,0,-0.02,-10.01,-0.13,-0.01,-0.01,
3,0,-0.01,-9.99,-0.1,-0.01,-0.01,
3,0,-0.01,-9.99,-0.1,-0.01,-0.01,
3,0,-0.01,-9.99,-0.1,0,-0.01,
3,0,0,-10.05,-0.11,0,-0.01,
3,0,0,-10.05,-0.11,0,-0.01,
3,0,0,-10.06,-0.1,-0.01,-0.01,
3,0,0,-10.06,-0.1,-0.01,-0.01,
3,0,0,-10.06,-0.1,0,-0.01,
3,0,-0.04,-10.05,-0.07,-0.01,-0.01,
3,0,-0.04,-10.05,-0.07,-0.01,-0.01,
3,0,-0.04,-10.05,-0.07,0,-0.01,
3,0,-0.07,-10.05,-0.07,0,-0.01,
3,0,-0.07,-10.05,-0.07,0,-0.01,
3,0,-0.07,-10.05,-0.07,-0.01,-0.01,
3,0,-0.01,-10.01,-0.06,-0.01,-0.01,
3,0,-0.01,-10.01,-0.06,-0.01,-0.01,
3,0,-0.01,-10.01,-0.06,0,-0.01,
3,0,0.01,-10,-0.08,-0.01,-0.01,
3,0,0.01,-10,-0.08,-0.01,-0.01,
3,0,0.01,-10,-0.08,-0.01,-0.01,
3,0,0.03,-9.99,-0.04,0,-0.01,
3,0,0.03,-9.99,-0.04,0,-0.01,
3,0,-0.03,-10.04,-0.08,0,-0.01,
3,0,-0.03,-10.04,-0.08,0,-0.01,
3,0,-0.03,-10.04,-0.08,0,-0.01,
3,0,0,-10.05,-0.02,0,-0.01,
3,0,0,-10.05,-0.02,-0.01,-0.01,
3,0,0,-10.05,-0.02,-0.01,-0.01,
3,0,0.02,-10.05,-0.04,-0.01,-0.01,
3,0,0.02,-10.05,-0.04,-0.01,-0.01,
3,0,0.02,-10.05,-0.04,-0.01,-0.01,
3,0,0,-10.04,-0.11,-0.01,-0.01,
3,0,0,-10.04,-0.11,0,-0.01,
3,0,0,-10.04,-0.11,0,-0.01,
3,0,0,-10.03,-0.11,0,-0.02,
3,0,0,-10.03,-0.11,-0.01,0,
3,0,0,-10.03,-0.11,-0.01,0,
3,0,-0.05,-10.04,-0.1,-0.01,-0.01,
3,0,-0.05,-10.04,-0.1,-0.01,-0.01,
3,0,-0.05,-10.04,-0.1,-0.01,-0.01,
3,0,-0.02,-10.03,-0.11,0,-0.01,
3,0,-0.02,-10.03,-0.11,0,0,
3,0,-0.02,-10.03,-0.11,0,0,
3,0,0,-10.03,-0.1,0,-0.01,
3,0,0,-10.03,-0.1,0,-0.01,
3,0,0,-10.03,-0.1,-0.01,-0.01,
3,0,-0.01,-10.03,-0.09,0,-0.01,
3,0,-0.01,-10.03,-0.09,0,-0.01,
3,0,-0.01,-10.03,-0.09,0,-0.01,
3,0,0.02,-10.03,-0.08,0,-0.01,
3,0,0.02,-10.03,-0.08,0,-0.01,
3,0,0.02,-10.03,-0.08,-0.01,-0.01,
3,0,0.01,-10.03,-0.06,0,-0.01,
3,0,0.01,-10.03,-0.06,0,-0.01,
3,0,0.01,-10.03,-0.06,0,-0.01,
3,0,-0.02,-10.03,-0.1,0,-0.01,
3,0,-0.02,-10.03,-0.1,0,-0.01,
3,0,0.01,-10.04,-0.12,0,-0.01,
3,0,0.01,-10.04,-0.12,0,0,
3,0,0.01,-10.04,-0.12,0,0,
3,0,-0.04,-10,-0.13,0,-0.01,
3,0,-0.04,-10,-0.13,0,-0.01,
3,0,-0.04,-10,-0.13,0,-0.01,
3,0,0.01,-10.03,-0.07,-0.01,-0.01,
3,0,0.01,-10.03,-0.07,0,-0.01,
3,0,0.01,-10.03,-0.07,0,-0.01,
3,0,-0.01,-9.99,-0.09,-0.01,-0.01,
3,0,-0.01,-9.99,-0.09,0,-0.01,
3,0,-0.01,-9.99,-0.09,0,-0.01,
3,0,-0.02,-10.02,-0.06,-0.01,-0.01,
3,0,-0.02,-10.02,-0.06,0,-0.01,
3,0,-0.02,-10.02,-0.06,0,-0.01,
3,0,0.02,-10.03,-0.1,0,-0.01,
3,0,0.02,-10.03,-0.1,-0.01,-0.01,
3,0,0.02,-10.03,-0.1,-0.01,-0.01,
3,0,-0.02,-10.04,-0.06,-0.01,-0.01,
3,0,-0.02,-10.04,-0.06,-0.01,-0.01,
3,0,-0.01,-10.06,-0.09,-0.01,-0.01,
3,0,-0.01,-10.06,-0.09,0,-0.01,
3,0,-0.01,-10.06,-0.09,0,-0.01,
3,0,0.04,-10.06,-0.06,0,-0.01,
3,0,0.04,-10.06,-0.06,-0.01,0,
3,0,0.04,-10.06,-0.06,-0.01,-0.01,
3,0,0.04,-10,-0.1,-0.01,-0.01,
3,0,0.04,-10,-0.1,0,-0.01,
3,0,0.04,-10,-0.1,-0.01,-0.01,
3,0,0.03,-10,-0.11,-0.01,-0.01,
3,0,0.03,-10,-0.11,0,-0.01,
3,0,0.03,-10,-0.11,0,-0.01,
3,0,0,-10.1,-0.11,0,-0.01,
3,0,0,-10.1,-0.11,-0.01,-0.01,
3,0,0,-10.1,-0.11,0,-0.01,
3,0,0.02,-10.06,-0.05,0,-0.01,
3,0,0.02,-10.06,-0.05,0,-0.01,
3,0,0.02,-10.06,-0.05,-0.01,-0.01,
3,0,0.01,-10.02,-0.11,-0.01,-0.01,
3,0,0.01,-10.02,-0.11,-0.01,-0.01,
3,0,0.03,-9.95,-0.07,-0.01,-0.01,
3,0,0.03,-9.95,-0.07,-0.01,-0.01,
3,0,0.03,-9.95,-0.07,-0.01,-0.01,
3,0,-0.01,-10,-0.09,-0.01,-0.01,
3,0,-0.01,-10,-0.09,-0.01,-0.01,
3,0,-0.01,-10,-0.09,-0.01,-0.01,
3,0,0.01,-10.01,-0.11,0,-0.01,
3,0,0.01,-10.01,-0.11,0,-0.01,
3,0,0.01,-10.01,-0.11,0,0,
3,0,0.01,-10.05,-0.12,0,-0.01,
3,0,0.01,-10.05,-0.12,0,-0.01,
3,0,0.01,-10.05,-0.12,-0.01,-0.01,
3,0,0.04,-10.04,-0.09,-0.01,-0.01,
3,0,0.04,-10.04,-0.09,-0.01,-0.01,
3,0,0.04,-10.04,-0.09,0,-0.01,
3,0,-0.11,-10.05,-0.07,-0.01,-0.01,
3,0,-0.11,-10.05,-0.07,-0.01,-0.01,
3,0,0.07,-9.98,-0.15,-0.01,-0.01,
3,0,0.07,-9.98,-0.15,0,-0.01,
3,0,0.07,-9.98,-0.15,0,-0.01,
3,0,-0.04,-9.97,-0.08,0,-0.01,
3,0,-0.04,-9.97,-0.08,-0.01,-0.01,
3,0,-0.04,-9.97,-0.08,-0.01,-0.01,
3,0,0,-9.98,-0.1,0,-0.01,
3,0,0,-9.98,-0.1,-0.01,-0.01,
3,0,0,-9.98,-0.1,-0.01,-0.01,
3,0,0,-10,-0.11,-0.01,-0.01,
3,0,0,-10,-0.11,-0.01,-0.01,
3,0,0,-10,-0.11,0,-0.01,
3,0,0.01,-10.05,-0.02,0,-0.01,
3,0,0.01,-10.05,-0.02,0,-0.01,
3,0,0.01,-10.05,-0.02,0,-0.01,
3,0,-0.01,-10.04,-0.1,-0.01,-0.01,
3,0,-0.01,-10.04,-0.1,-0.01,-0.01,
3,0,-0.01,-10.04,-0.1,-0.01,-0.01,
3,0,0.02,-9.99,-0.08,0,-0.01,
3,0,0.02,-9.99,-0.08,0,-0.01,
3,0,0.02,-9.99,-0.08,0,-0.01,
3,0,-0.02,-10.02,-0.11,0,-0.01,
3,0,-0.02,-10.02,-0.11,0,0,
3,0,0.01,-9.96,-0.05,0,0,
3,0,0.01,-9.96,-0.05,0,-0.01,
3,0,0.01,-9.96,-0.05,0,-0.01,
3,0,0.07,-10.03,-0.12,0,-0.01,
3,0,0.07,-10.03,-0.12,0,-0.01,
3,0,0.07,-10.03,-0.12,0,-0.01,
3,0,-0.03,-10.04,-0.11,0,-0.01,
3,0,-0.03,-10.04,-0.11,-0.01,-0.01,
3,0,-0.03,-10.04,-0.11,-0.01,-0.01,
3,0,0.01,-10,-0.06,0,-0.01,
3,0,0.01,-10,-0.06,0,-0.01,
3,0,0.01,-10,-0.06,0,-0.01,
3,0,0,-10.03,-0.06,0,-0.01,
3,0,0,-10.03,-0.06,0,-0.01,
3,0,0,-10.03,-0.06,0,-0.01,
3,0,-0.07,-10.05,-0.05,0,-0.01,
3,0,-0.07,-10.05,-0.05,-0.01,-0.01,
3,0,-0.07,-10.05,-0.05,-0.01,-0.01,
3,0,0.02,-10.03,-0.09,0,-0.01,
3,0,0.02,-10.03,-0.09,0,-0.01,
3,0,0.02,-10.03,-0.09,0,-0.01,
3,0,0.01,-10.01,-0.11,0,-0.01,
3,0,0.01,-10.01,-0.11,0,-0.01,
3,0,0.01,-10.01,-0.11,0,-0.01,
3,0,0,-9.99,-0.09,-0.01,-0.01,
3,0,0,-9.99,-0.09,-0.01,-0.01,
3,0,0,-9.99,-0.09,-0.01,-0.01,
3,0,-0.01,-10.05,-0.1,0,-0.01,
3,0,-0.01,-10.05,-0.1,0,-0.01,
3,0,-0.01,-10.05,-0.1,0,-0.01,
3,0,0.02,-9.97,-0.12,0,-0.01,
3,0,0.02,-9.97,-0.12,0,-0.01,
3,0,-0.01,-10.06,-0.11,0,-0.01,
3,0,-0.01,-10.06,-0.11,0,-0.01,
3,0,-0.01,-10.06,-0.11,0,-0.01,
3,0,0.03,-10.02,-0.08,0,-0.01,
3,0,0.03,-10.02,-0.08,-0.01,-0.01,
3,0,0.03,-10.02,-0.08,0,-0.01,
3,0,0.02,-10.02,-0.07,0,-0.01,
3,0,0.02,-10.02,-0.07,0,-0.01,
3,0,0.02,-10.02,-0.07,-0.01,-0.01,
3,0,0,-10.02,-0.08,-0.01,-0.01,
3,0,0,-10.02,-0.08,-0.01,-0.01,
3,0,0,-10.02,-0.08,0,-0.01,
3,0,0.02,-10.04,-0.07,0,-0.01,
3,0,0.02,-10.04,-0.07,-0.01,-0.01,
3,0,0.02,-10.04,-0.07,-0.01,-0.01,
3,0,0,-10.06,-0.06,-0.01,-0.01,
3,0,0,-10.06,-0.06,0,-0.01,
3,0,0,-10.06,-0.06,0,-0.01,
3,0,0.02,-10.01,-0.07,0,-0.01,
3,0,0.02,-10.01,-0.07,-0.01,0,
3,0,0.02,-10.01,-0.07,0,-0.01,
3,0,0.01,-10.03,-0.08,0,-0.01,
3,0,0.01,-10.03,-0.08,0,-0.01,
3,0,-0.03,-10,-0.04,-0.01,-0.01,
3,0,-0.03,-10,-0.04,-0.01,-0.01,
3,0,-0.03,-10,-0.04,0,-0.01,
3,0,-0.03,-10.03,-0.1,0,-0.01,
3,0,-0.03,-10.03,-0.1,0,-0.01,
3,0,-0.03,-10.03,-0.1,0,0,
3,0,-0.04,-10.05,-0.12,-0.01,-0.01,
3,0,-0.04,-10.05,-0.12,-0.01,-0.01,
3,0,-0.04,-10.05,-0.12,0,-0.01,
3,0,-0.02,-10,-0.06,0,-0.01,
3,0,-0.02,-10,-0.06,0,-0.01,
3,0,-0.02,-10,-0.06,0,-0.01,
3,0,0.03,-10.05,-0.08,0,-0.01,
3,0,0.03,-10.05,-0.08,0,-0.01,
3,0,0.03,-10.05,-0.08,0,-0.01,
3,0,0.04,-10.04,-0.08,0,-0.01,
3,0,0.04,-10.04,-0.08,0,-0.01,
3,0,0.04,-10.04,-0.08,0,-0.01,
3,0,-0.05,-9.99,-0.09,0,-0.01,
3,0,-0.05,-9.99,-0.09,0,-0.01,
3,0,0.04,-10.07,-0.13,0,-0.01,
3,0,0.04,-10.07,-0.13,0,-0.01,
3,0,0.04,-10.07,-0.13,0,-0.01,
3,0,0.01,-10.03,-0.1,-0.01,-0.01,
3,0,0.01,-10.03,-0.1,0,-0.01,
3,0,0.01,-10.03,-0.1,0,-0.01,
3,0,0.01,-9.98,-0.06,-0.01,-0.01,
3,0,0.01,-9.98,-0.06,0,-0.01,
3,0,0.01,-9.98,-0.06,0,-0.01,
3,0,-0.02,-10,-0.05,-0.01,-0.01,
3,0,-0.02,-10,-0.05,-0.01,-0.01,
3,0,-0.02,-10,-0.05,-0.01,-0.01,
3,0,0.04,-9.97,-0.11,-0.01,-0.01,
3,0,0.04,-9.97,-0.11,-0.01,-0.01,
3,0,0.04,-9.97,-0.11,-0.01,-0.01,
3,0,-0.02,-10.04,-0.03,0,-0.01,
3,0,-0.02,-10.04,-0.03,0,-0.01,
3,0,-0.02,-10.04,-0.03,0,-0.01,
3,0,0.01,-10.03,-0.05,0,-0.01,
3,0,0.01,-10.03,-0.05,0,-0.01,
3,0,0.01,-10.03,-0.05,0,-0.01,
3,0,-0.02,-10.05,-0.11,0,-0.01,
3,0,-0.02,-10.05,-0.11,0,-0.01,
3,0,-0.03,-10.05,-0.04,0,-0.01,
3,0,-0.03,-10.05,-0.04,0,-0.01,
3,0,-0.03,-10.05,-0.04,0,-0.01,
3,0,0,-10.07,-0.1,0,-0.01,
3,0,0,-10.07,-0.1,-0.01,-0.01,
3,0,0,-10.07,-0.1,-0.01,-0.01,
3,0,0,-10.05,-0.07,-0.01,-0.01,
3,0,0,-10.05,-0.07,-0.01,-0.01,
3,0,0,-10.05,-0.07,-0.01,0,
3,0,0.05,-10.02,-0.09,-0.01,0,
3,0,0.05,-10.02,-0.09,-0.01,-0.01,
3,0,0.05,-10.02,-0.09,-0.01,-0.01,
3,0,0.04,-10.07,-0.1,-0.01,-0.01,
3,0,0.04,-10.07,-0.1,-0.01,-0.01,
3,0,0.04,-10.07,-0.1,-0.01,-0.01,
3,0,0,-10.05,-0.09,-0.01,-0.01,
3,0,0,-10.05,-0.09,0,-0.01,
3,0,0,-10.05,-0.09,0,-0.01,
3,0,-0.05,-10,-0.06,-0.01,-0.01,
3,0,-0.05,-10,-0.06,-0.01,-0.01,
3,0,-0.05,-10,-0.06,-0.01,-0.01,
3,0,0.06,-9.97,-0.07,-0.01,-0.01,
3,0,0.06,-9.97,-0.07,0,-0.01,
3,0,0.06,-9.97,-0.07,0,-0.01,
3,0,-0.04,-10.05,-0.08,0,-0.01,
3,0,-0.04,-10.05,-0.08,-0.01,-0.01,
3,0,0.02,-10.04,-0.1,-0.01,-0.01,
3,0,0.02,-10.04,-0.1,-0.01,-0.01,
3,0,0.02,-10.04,-0.1,-0.01,-0.01,
3,0,0.06,-10,-0.11,-0.01,-0.01,
3,0,0.06,-10,-0.11,0,-0.01,
3,0,0.06,-10,-0.11,0,-0.01,
3,0,-0.01,-9.99,-0.08,0,-0.01,
3,0,-0.01,-9.99,-0.08,0,-0.01,
3,0,-0.01,-9.99,-0.08,-0.01,-0.01,
3,0,-0.05,-10.01,-0.08,-0.01,-0.01,
3,0,-0.05,-10.01,-0.08,-0.01,-0.01,
3,0,-0.05,-10.01,-0.08,0,-0.01,
3,0,-0.02,-10.03,-0.13,0,-0.01,
3,0,-0.02,-10.03,-0.13,-0.01,-0.01,
3,0,-0.02,-10.03,-0.13,0,-0.01,
3,0,0.02,-10.04,-0.08,0,-0.01,
3,0,0.02,-10.04,-0.08,0,-0.01,
3,0,0.02,-10.04,-0.08,0,-0.01,
3,0,-0.04,-9.99,-0.09,0,-0.01,
3,0,-0.04,-9.99,-0.09,-0.01,-0.01,
3,0,-0.04,-9.99,-0.09,0,-0.01,
3,0,-0.01,-10,-0.06,0,-0.01,
3,0,-0.01,-10,-0.06,0,-0.01,
3,0,0.03,-9.97,-0.09,-0.01,-0.01,
3,0,0.03,-9.97,-0.09,-0.01,-0.01,
3,0,0.03,-9.97,-0.09,-0.01,-0.01,
3,0,0.02,-10.02,-0.08,0,-0.01,
3,0,0.02,-10.02,-0.08,0,-0.01,
3,0,0.02,-10.02,-0.08,0,-0.01,
3,0,0,-10.03,-0.12,0,-0.01,
3,0,0,-10.03,-0.12,0,-0.01,
3,0,0,-10.03,-0.12,0,-0.01,
3,0,-0.01,-10.01,-0.08,-0.01,-0.01,
3,0,-0.01,-10.01,-0.08,-0.01,-0.01,
3,0,-0.01,-10.01,-0.08,0,-0.01,
3,0,-0.01,-10.07,-0.09,-0.01,0,
3,0,-0.01,-10.07,-0.09,-0.01,0,
3,0,-0.01,-10.07,-0.09,-0.01,-0.01,
3,0,0.02,-10.01,-0.11,-0.01,-0.01,
3,0,0.02,-10.01,-0.11,-0.01,-0.01,
3,0,0.02,-10.01,-0.11,-0.01,-0.01,
3,0,-0.04,-10.01,-0.11,-0.01,-0.01,
3,0,-0.04,-10.01,-0.11,-0.01,-0.01,
3,0,-0.04,-10.01,-0.11,-0.01,-0.01,
3,0,0.04,-10.05,-0.09,-0.01,0,
3,0,0.04,-10.05,-0.09,-0.01,0,
3,0,0.04,-10.05,-0.12,0,-0.01,
3,0,0.04,-10.05,-0.12,0,-0.01,
3,0,0.04,-10.05,-0.12,0,-0.01,
3,0,0,-10.03,-0.06,0,-0.01,
3,0,0,-10.03,-0.06,-0.01,-0.01,
3,0,0,-10.03,-0.06,-0.01,-0.01,
3,0,-0.02,-10,-0.05,-0.01,-0.01,
3,0,-0.02,-10,-0.05,-0.01,-0.01,
3,0,-0.02,-10,-0.05,-0.01,-0.01,
3,0,-0.01,-10.03,-0.11,0,-0.01,
3,0,-0.01,-10.03,-0.11,-0.01,-0.01,
3,0,-0.01,-10.03,-0.11,-0.01,-0.01,
3,0,-0.01,-10.08,-0.11,0,0,
3,0,-0.01,-10.08,-0.11,0,-0.01,
3,0,-0.01,-10.08,-0.11,0,-0.01,
3,0,-0.01,-10.07,-0.08,0,-0.01,
3,0,-0.01,-10.07,-0.08,0,-0.01,
3,0,-0.01,-10.07,-0.08,0,-0.01,
3,0,-0.03,-10.07,-0.09,0,-0.01,
3,0,-0.03,-10.07,-0.09,-0.01,-0.01,
3,0,-0.03,-10.07,-0.09,-0.01,-0.01,
3,0,0.02,-10.06,-0.08,0,-0.01,
3,0,0.02,-10.06,-0.08,-0.01,-0.01,
3,0,0.02,-10.06,-0.08,-0.01,-0.01,
3,0,-0.01,-10.07,-0.11,0,-0.01,
3,0,-0.01,-10.07,-0.11,-0.01,-0.02,
3,0,-0.01,-10.07,-0.11,-0.01,-0.02,
3,0,-0.01,-10.01,-0.11,-0.01,-0.01,
3,0,-0.01,-10.01,-0.11,-0.01,-0.01,
3,0,0.01,-10.05,-0.03,0,-0.01,
3,0,0.01,-10.05,-0.03,-0.01,-0.01,
3,0,0.01,-10.05,-0.03,-0.01,-0.01,
3,0,0.03,-10.01,-0.08,0,-0.01,
3,0,0.03,-10.01,-0.08,-0.01,-0.01,
3,0,0.03,-10.01,-0.08,-0.01,-0.01,
3,0,0.01,-10.03,-0.08,-0.01,-0.01,
3,0,0.01,-10.03,-0.08,-0.01,-0.01,
3,0,0.01,-10.03,-0.08,-0.01,-0.01,
3,0,0.05,-9.98,-0.11,0,-0.01,
3,0,0.05,-9.98,-0.11,0,-0.01,
3,0,0.05,-9.98,-0.11,0,-0.01,
3,0,0,-10.01,-0.08,-0.01,-0.01,
3,0,0,-10.01,-0.08,0,-0.01,
3,0,0,-10.01,-0.08,0,-0.01,
3,0,0.02,-10.04,-0.15,-0.01,-0.01,
3,0,0.02,-10.04,-0.15,0,-0.01,
3,0,0.02,-10.04,-0.15,0,-0.01,
3,0,0,-10.04,-0.09,-0.01,-0.01,
3,0,0,-10.04,-0.09,0,-0.01,
3,0,0,-10.04,-0.09,0,-0.01,
3,0,0,-10.01,-0.1,0,-0.01,
3,0,0,-10.01,-0.1,0,-0.01,
3,0,0,-10.01,-0.1,0,-0.01,
3,0,-0.02,-10,-0.06,0,-0.01,
3,0,-0.02,-10,-0.06,-0.01,-0.01,
3,0,0.01,-10.03,-0.08,-0.01,-0.01,
3,0,0.01,-10.03,-0.08,-0.01,-0.01,
3,0,0.01,-10.03,-0.08,0,-0.01,
3,0,0.04,-10.03,-0.11,0,-0.01,
3,0,0.04,-10.03,-0.11,0,-0.01,
3,0,0.04,-10.03,-0.11,-0.01,-0.01,
3,0,0.02,-9.98,-0.12,-0.01,-0.01,
3,0,0.02,-9.98,-0.12,0,-0.01,
3,0,0.02,-9.98,-0.12,0,0,
3,0,-0.02,-10.05,-0.1,0,0,
3,0,-0.02,-10.05,-0.1,-0.01,-0.01,
3,0,-0.02,-10.05,-0.1,-0.01,-0.01,
3,0,0.01,-10.07,-0.09,-0.01,-0.01,
3,0,0.01,-10.07,-0.09,0,-0.01,
3,0,0.01,-10.07,-0.09,-0.01,-0.01,
3,0,0.06,-10.05,-0.05,-0.01,-0.01,
3,0,0.06,-10.05,-0.05,0,-0.01,
3,0,0.06,-10.05,-0.05,0,-0.01,
3,0,-0.05,-10.04,-0.16,0,-0.01,
3,0,-0.05,-10.04,-0.16,0,-0.01,
3,0,-0.02,-10.02,-0.17,-0.01,-0.01,
3,0,-0.02,-10.02,-0.17,-0.01,-0.01,
3,0,-0.02,-10.02,-0.17,0,-0.01,
3,0,-0.02,-10.02,-0.12,0,-0.01,
3,0,-0.02,-10.02,-0.12,0,-0.01,
3,0,-0.02,-10.02,-0.12,-0.01,-0.01,
3,0,-0.01,-10.06,-0.11,-0.01,-0.01,
3,0,-0.01,-10.06,-0.11,-0.01,-0.01,
3,0,-0.01,-10.06,-0.11,-0.01,-0.01,
3,0,-0.01,-10.02,-0.13,-0.01,-0.01,
3,0,-0.01,-10.02,-0.13,-0.01,-0.01,
3,0,-0.01,-10.02,-0.13,0,-0.01,
3,0,-0.04,-9.98,-0.11,0,-0.01,
3,0,-0.04,-9.98,-0.11,0,-0.01,
3,0,-0.04,-9.98,-0.11,-0.01,-0.01,
3,0,-0.03,-10.05,-0.08,-0.01,-0.01,
3,0,-0.03,-10.05,-0.08,-0.01,-0.01,
3,0,-0.03,-10.05,-0.08,0,-0.01,
3,0,-0.06,-10.07,-0.11,0,-0.01,
3,0,-0.06,-10.07,-0.11,0,-0.01,
3,0,0.01,-10.02,-0.11,0,-0.01,
3,0,0.01,-10.02,-0.11,0,-0.01,
3,0,0.01,-10.02,-0.11,0,-0.01,
3,0,-0.02,-10,-0.09,-0.01,-0.01,
3,0,-0.02,-10,-0.09,-0.01,-0.01,
3,0,-0.02,-10,-0.09,-0.01,-0.01,
3,0,0.03,-10.04,-0.1,-0.01,-0.01,
3,0,0.03,-10.04,-0.1,-0.01,-0.01,
3,0,0.03,-10.04,-0.1,-0.01,-0.01,
3,0,0.05,-10,-0.09,-0.01,-0.01,
3,0,0.05,-10,-0.09,0,-0.01,
3,0,0.05,-10,-0.09,0,-0.01,
3,0,0.01,-10.02,-0.07,0,-0.01,
3,0,0.01,-10.02,-0.07,0,-0.01,
3,0,0.01,-10.02,-0.07,0,-0.01,
3,0,0,-9.97,-0.13,-0.01,-0.01,
3,0,0,-9.97,-0.13,0,-0.01,
3,0,0,-9.97,-0.13,0,-0.01,
3,0,-0.02,-9.99,-0.11,0,-0.01,
3,0,-0.02,-9.99,-0.11,0,-0.01,
3,0,0,-10.01,-0.1,0,-0.01,
3,0,0,-10.01,-0.1,-0.01,-0.01,
3,0,0,-10.01,-0.1,-0.01,-0.01,
3,0,-0.03,-10.05,-0.09,-0.01,-0.01,
3,0,-0.03,-10.05,-0.09,0,-0.01,
3,0,-0.03,-10.05,-0.09,0,-0.01,
3,0,-0.06,-9.99,-0.08,0,-0.01,
3,0,-0.06,-9.99,-0.08,0,-0.01,
3,0,-0.06,-9.99,-0.08,0,-0.01,
3,0,0.05,-9.99,-0.05,0,-0.01,
3,0,0.05,-9.99,-0.05,0,0,
3,0,0.05,-9.99,-0.05,0,-0.01,
3,0,-0.04,-10.03,-0.11,0,-0.01,
3,0,-0.04,-10.03,-0.11,0,-0.01,
3,0,-0.04,-10.03,-0.11,0,-0.01,
3,0,-0.04,-10.03,-0.1,0,-0.01,
3,0,-0.04,-10.03,-0.1,-0.01,-0.01,
3,0,-0.04,-10.03,-0.1,-0.01,-0.01,
3,0,-0.02,-10.04,-0.07,0,-0.01,
3,0,-0.02,-10.04,-0.07,0,-0.01,
3,0,-0.02,-10.04,-0.07,0,-0.01,
3,0,0.01,-10.03,-0.1,0,-0.01,
3,0,0.01,-10.03,-0.1,0,-0.01,
3,0,0.01,-10.03,-0.1,0,0,
3,0,-0.01,-10,-0.1,0,0,
3,0,-0.01,-10,-0.1,0,0,
3,0,-0.02,-10.06,-0.06,0,-0.01,
3,0,-0.02,-10.06,-0.06,0,-0.01,
3,0,-0.02,-10.06,-0.06,-0.01,-0.01,
3,0,-0.03,-10.03,-0.09,0,0,
3,0,-0.03,-10.03,-0.09,0,0,
3,0,-0.03,-10.03,-0.09,-0.01,-0.01,
3,0,-0.03,-10.03,-0.11,-0.01,-0.01,
3,0,-0.03,-10.03,-0.11,-0.01,-0.01,
3,0,-0.03,-10.03,-0.11,-0.01,-0.01,
3,0,0,-10,-0.09,0,-0.01,
3,0,0,-10,-0.09,0,-0.01,
3,0,0,-10,-0.09,0,-0.01,
3,0,0,-9.99,-0.08,-0.01,-0.01,
3,0,0,-9.99,-0.08,-0.01,-0.01,
3,0,-0.02,-10,-0.03,0,-0.01,
3,0,-0.02,-10,-0.03,0,-0.01,
3,0,-0.02,-10,-0.03,0,-0.01,
3,0,0,-10.07,-0.09,0,-0.01,
3,0,0,-10.07,-0.09,-0.01,-0.01,
3,0,0,-10.07,-0.09,-0.01,-0.01,
3,0,-0.01,-10.04,-0.07,-0.01,-0.01,
3,0,-0.01,-10.04,-0.07,0,-0.01,
3,0,-0.01,-10.04,-0.07,-0.01,-0.01,
3,0,0,-10.02,-0.06,-0.01,-0.01,
3,0,0,-10.02,-0.06,0,-0.01,
3,0,0,-10.02,-0.06,0,-0.01,
3,0,0,-10.01,-0.12,0,-0.01,
3,0,0,-10.01,-0.12,-0.01,-0.01,
3,0,0,-10.01,-0.12,0,-0.01,
3,0,0.01,-10.06,-0.11,0,-0.01,
3,0,0.01,-10.06,-0.11,0,-0.01,
3,0,0,-10.04,-0.09,0,0,
3,0,0,-10.04,-0.09,0,0,
3,0,0,-10.04,-0.09,-0.01,-0.01,
3,0,-0.02,-9.98,-0.12,0,-0.01,
3,0,-0.02,-9.98,-0.12,0,-0.01,
3,0,-0.02,-9.98,-0.12,0,-0.01,
3,0,0.03,-10.01,-0.08,-0.01,-0.01,
3,0,0.03,-10.01,-0.08,-0.01,-0.01,
3,0,0.03,-10.01,-0.08,0,-0.01,
3,0,0.01,-10.05,-0.09,-0.01,-0.01,
3,0,0.01,-10.05,-0.09,-0.01,-0.01,
3,0,0.01,-10.05,-0.09,0,-0.01,
3,0,0.03,-10.06,-0.13,0,-0.01,
3,0,0.03,-10.06,-0.13,0,-0.01,
3,0,0.03,-10.06,-0.13,0,-0.01,
3,0,-0.03,-10.02,-0.08,-0.01,-0.01,
3,0,-0.03,-10.02,-0.08,-0.01,-0.01,
3,0,-0.03,-10.02,-0.08,-0.01,-0.01,
3,0,0.04,-10.03,-0.05,0,-0.01,
3,0,0.04,-10.03,-0.05,0,-0.01,
3,0,-0.03,-9.98,-0.07,0,-0.01,
3,0,-0.03,-9.98,-0.07,0,-0.01,
3,0,-0.03,-9.98,-0.07,0,-0.01,
3,0,-0.1,-9.98,-0.1,0,-0.01,
3,0,-0.1,-9.98,-0.1,0,-0.01,
3,0,-0.1,-9.98,-0.1,0,-0.01,
3,0,-0.01,-10.02,-0.1,0,-0.01,
3,0,-0.01,-10.02,-0.1,-0.01,-0.01,
3,0,-0.01,-10.02,-0.1,-0.01,-0.01,
3,0,0.02,-10.03,-0.11,0,-0.01,
3,0,0.02,-10.03,-0.11,-0.01,-0.01,
3,0,0.02,-10.03,-0.11,-0.01,-0.01,
3,0,-0.02,-10.03,-0.1,-0.01,-0.01,
3,0,-0.02,-10.03,-0.1,-0.01,-0.02,
3,0,-0.02,-10.03,-0.1,-0.01,-0.02,
3,0,0.02,-10.03,-0.13,-0.01,-0.01,
3,0,0.02,-10.03,-0.13,0,0,
3,0,0.02,-10.03,-0.13,0,0,
3,0,0,-10.02,-0.04,-0.01,-0.01,
3,0,0,-10.02,-0.04,-0.01,-0.01,
3,0,0,-10.02,-0.04,-0.01,-0.01,
3,0,0.01,-10,-0.08,0,-0.01,
3,0,0.01,-10,-0.08,0,-0.01,
3,0,0.01,-10,-0.08,0,-0.01,
3,0,0.01,-10.04,-0.09,0,-0.01,
3,0,0.01,-10.04,-0.09,0,-0.01,
3,0,0.01,-10.04,-0.09,-0.01,-0.01,
3,0,-0.04,-10.04,-0.09,-0.01,-0.01,
3,0,-0.04,-10.04,-0.09,-0.01,-0.01,
3,0,-0.04,-10.04,-0.09,0,-0.01,
3,0,0,-10.05,-0.11,0,-0.01,
3,0,0,-10.05,-0.11,0,-0.01,
3,0,0,-10.05,-0.11,0,-0.01,
3,0,0,-10.04,-0.09,0,-0.01,
3,0,0,-10.04,-0.09,0,-0.01,
3,0,0.03,-10.04,-0.1,-0.01,0,
3,0,0.03,-10.04,-0.1,-0.01,0,
3,0,0.03,-10.04,-0.1,0,0,
3,0,-0.04,-10.07,-0.07,0,-0.01,
3,0,-0.04,-10.07,-0.07,0,-0.01,
3,0,-0.04,-10.07,-0.07,-0.01,-0.01,
3,0,0.05,-10.04,-0.07,-0.01,-0.01,
3,0,0.05,-10.04,-0.07,-0.01,-0.01,
3,0,0.05,-10.04,-0.07,0,-0.01,
3,0,-0.07,-10.02,-0.08,0,-0.01,
3,0,-0.07,-10.02,-0.08,0,-0.01,
3,0,-0.07,-10.02,-0.08,0,-0.01,
3,0,0.05,-10,-0.1,-0.01,-0.01,
3,0,0.05,-10,-0.1,-0.01,-0.01,
3,0,0.05,-10,-0.1,-0.01,-0.01,
3,0,0,-10.03,-0.05,-0.01,-0.01,
3,0,0,-10.03,-0.05,0,-0.01,
3,0,0,-10.03,-0.05,0,-0.01,
3,0,-0.02,-10.08,-0.11,-0.01,-0.01,
3,0,-0.02,-10.08,-0.11,-0.01,-0.01,
3,0,0,-10.06,-0.09,-0.01,-0.01,
3,0,0,-10.06,-0.09,-0.01,-0.01,
3,0,0,-10.06,-0.09,0,-0.01,
3,0,0.04,-10.08,-0.09,0,-0.01,
3,0,0.04,-10.08,-0.09,-0.01,0,
3,0,0.04,-10.08,-0.09,-0.01,-0.01,
3,0,0.01,-10.03,-0.1,-0.01,-0.01,
3,0,0.01,-10.03,-0.1,0,-0.01,
3,0,0.01,-10.03,-0.1,0,-0.01,
3,0,0.04,-10.02,-0.13,0,-0.01,
3,0,0.04,-10.02,-0.13,0,-0.01,
3,0,0.04,-10.02,-0.13,-0.01,-0.01,
3,0,0,-10.05,-0.11,-0.01,-0.01,
3,0,0,-10.05,-0.11,0,-0.01,
3,0,0,-10.05,-0.11,0,-0.01,
3,0,-0.02,-10.03,-0.11,0,-0.01,
3,0,-0.02,-10.03,-0.11,0,-0.01,
3,0,0.01,-10.04,-0.1,0,-0.01,
3,0,0.01,-10.04,-0.1,0,-0.01,
3,0,0.01,-10.04,-0.1,0,-0.01,
3,0,0,-10.03,-0.05,0,-0.01,
3,0,0,-10.03,-0.05,0,-0.01,
3,0,0,-10.03,-0.05,-0.01,-0.01,
3,0,-0.02,-10.03,-0.16,-0.01,-0.01,
3,0,-0.02,-10.03,-0.16,-0.01,-0.01,
3,0,-0.02,-10.03,-0.16,0,-0.01,
3,0,-0.04,-9.97,-0.11,-0.01,-0.01,
3,0,-0.04,-9.97,-0.11,-0.01,-0.01,
3,0,-0.04,-9.97,-0.11,0,-0.01,
3,0,-0.02,-10.04,-0.1,0,-0.01,
3,0,-0.02,-10.04,-0.1,0,-0.01,
3,0,-0.02,-10.04,-0.1,-0.01,-0.01,
3,0,-0.03,-10.03,-0.13,0,-0.01,
3,0,-0.03,-10.03,-0.13,0,-0.01,
3,0,-0.01,-9.99,-0.07,-0.01,-0.01,
3,0,-0.01,-9.99,-0.07,-0.01,-0.01,
3,0,-0.01,-9.99,-0.07,0,-0.01,
3,0,-0.03,-9.98,-0.1,0,-0.01,
3,0,-0.03,-9.98,-0.1,-0.01,-0.01,
3,0,-0.03,-9.98,-0.1,-0.01,-0.01,
3,0,0.01,-10,-0.09,-0.01,-0.01,
3,0,0.01,-10,-0.09,-0.01,-0.01,
3,0,0.01,-10,-0.09,-0.01,-0.01,
3,0,-0.02,-10.06,-0.09,-0.01,-0.01,
3,0,-0.02,-10.06,-0.09,0,-0.01,
3,0,-0.02,-10.06,-0.09,-0.01,-0.01,
3,0,-0.03,-10.01,-0.1,-0.01,-0.01,
3,0,-0.03,-10.01,-0.1,0,-0.01,
3,0,-0.01,-10.06,-0.11,0,0,
3,0,-0.01,-10.06,-0.11,0,0,
3,0,-0.01,-10.06,-0.11,-0.01,-0.01,
3,0,0.04,-10.07,-0.1,0,-0.01,
3,0,0.04,-10.07,-0.1,0,-0.01,
3,0,0.04,-10.07,-0.1,0,-0.01,
3,0,0.03,-10.02,-0.08,0,-0.01,
3,0,0.03,-10.02,-0.08,0,-0.01,
3,0,0.03,-10.02,-0.08,0,-0.01,
3,0,-0.06,-10.04,-0.09,0,-0.01,
3,0,-0.06,-10.04,-0.09,0,-0.01,
3,0,-0.06,-10.04,-0.09,-0.01,-0.01,
3,0,-0.03,-10,-0.07,0,-0.01,
3,0,-0.03,-10,-0.07,0,-0.01,
3,0,-0.03,-10,-0.07,0,-0.01,
3,0,-0.01,-10.03,-0.09,0,-0.01,
3,0,-0.01,-10.03,-0.09,0,-0.01,
3,0,-0.01,-10.03,-0.09,0,-0.01,
3,0,0.04,-10,-0.06,0,-0.01,
3,0,0.04,-10,-0.06,-0.01,-0.01,
3,0,0.04,-10,-0.06,-0.01,0,
3,0,0.02,-10.04,-0.08,-0.01,0,
3,0,0.02,-10.04,-0.08,-0.01,-0.01,
3,0,0.02,-10.04,-0.08,-0.01,-0.01,
3,0,0,-10.02,-0.11,-0.01,-0.01,
3,0,0,-10.02,-0.11,0,-0.01,
3,0,0,-10.02,-0.11,-0.01,-0.01,
3,0,-0.04,-10.01,-0.11,-0.01,-0.01,
3,0,-0.04,-10.01,-0.11,0,-0.01,
3,0,-0.04,-10.01,-0.11,-0.01,-0.01,
3,0,0.02,-10.06,-0.06,-0.01,-0.01,
3,0,0.02,-10.06,-0.06,0,-0.01,
3,0,0.02,-10.06,-0.06,0,-0.01,
3,0,0.03,-10.02,-0.11,-0.01,-0.01,
3,0,0.03,-10.02,-0.11,0,-0.01,
3,0,0.03,-10.02,-0.11,0,-0.01,
3,0,0.03,-10.07,-0.08,-0.01,-0.01,
3,0,0.03,-10.07,-0.08,-0.01,-0.01,
3,0,-0.02,-10,-0.14,-0.01,-0.01,
3,0,-0.02,-10,-0.14,-0.01,-0.01,
3,0,-0.02,-10,-0.14,0,-0.01,
3,0,0.05,-10.04,-0.11,0,-0.01,
3,0,0.05,-10.04,-0.11,-0.01,-0.01,
3,0,0.05,-10.04,-0.11,0,-0.01,
3,0,-0.02,-10.02,-0.13,0,-0.01,
3,0,-0.02,-10.02,-0.13,-0.01,-0.01,
3,0,-0.02,-10.02,-0.13,0,-0.01,
3,0,0.03,-9.99,-0.1,0,-0.01,
3,0,0.03,-9.99,-0.1,-0.01,-0.01,
3,0,0.03,-9.99,-0.1,-0.01,-0.01,
3,0,-0.03,-10.11,-0.1,-0.01,-0.01,
3,0,-0.03,-10.11,-0.1,0,-0.01,
3,0,-0.03,-10.11,-0.1,-0.01,-0.01,
3,0,-0.01,-10.09,-0.14,-0.01,-0.01,
3,0,-0.01,-10.09,-0.14,0,-0.01,
3,0,-0.01,-10.09,-0.14,0,-0.01,
3,0,-0.07,-10.02,-0.1,0,-0.01,
3,0,-0.07,-10.02,-0.1,0,-0.01,
3,0,-0.07,-10.02,-0.1,-0.01,-0.01,
3,0,-0.01,-10.01,-0.08,-0.01,-0.01,
3,0,-0.01,-10.01,-0.08,-0.01,-0.01,
3,0,0.03,-10.04,-0.11,0,-0.01,
3,0,0.03,-10.04,-0.11,0,-0.01,
3,0,0.03,-10.04,-0.11,0,-0.01,
3,0,0.03,-10.08,-0.11,-0.01,0,
3,0,0.03,-10.08,-0.11,-0.01,0,
3,0,0.03,-10.08,-0.11,-0.01,-0.01,
3,0,0,-10,-0.1,-0.01,-0.01,
3,0,0,-10,-0.1,-0.01,-0.01,
3,0,0,-10,-0.1,0,0,
3,0,-0.01,-9.96,-0.07,-0.01,-0.01,
3,0,-0.01,-9.96,-0.07,-0.01,-0.01,
3,0,-0.01,-9.96,-0.07,0,-0.01,
3,0,0.01,-9.96,-0.08,0,-0.01,
3,0,0.01,-9.96,-0.08,0,-0.01,
3,0,0.01,-9.96,-0.08,0,0,
3,0,-0.02,-10.01,-0.12,-0.01,-0.01,
3,0,-0.02,-10.01,-0.12,-0.01,-0.01,
3,0,-0.02,-10.01,-0.12,0,-0.01,
3,0,-0.07,-10.04,-0.11,-0.01,-0.02,
3,0,-0.07,-10.04,-0.11,-0.01,-0.02,
3,0,-0.07,-10.04,-0.11,-0.01,-0.01,
3,0,-0.01,-9.96,-0.04,-0.01,-0.01,
3,0,-0.01,-9.96,-0.04,-0.01,-0.01,
3,0,-0.01,-9.96,-0.04,-0.01,-0.01,
3,0,0,-10.07,-0.07,0,-0.01,
3,0,0,-10.07,-0.07,0,-0.01,
3,0,-0.01,-10.03,-0.11,0,0,
3,0,-0.01,-10.03,-0.11,0,-0.01,
3,0,-0.01,-10.03,-0.11,0,-0.01,
3,0,-0.02,-10.01,-0.08,0,-0.01,
3,0,-0.02,-10.01,-0.08,-0.01,-0.01,
3,0,-0.02,-10.01,-0.08,-0.01,-0.01,
3,0,0.02,-10.08,-0.08,0,0,
3,0,0.02,-10.08,-0.08,-0.01,-0.01,
3,0,0.02,-10.08,-0.08,-0.01,-0.01,
3,0,0.04,-10.01,-0.02,-0.01,-0.01,
3,0,0.04,-10.01,-0.02,0,-0.01,
3,0,0.04,-10.01,-0.02,0,-0.01,
3,0,0.01,-10.01,-0.12,-0.01,-0.01,
3,0,0.01,-10.01,-0.12,0,-0.01,
3,0,0.01,-10.01,-0.12,0,-0.01,
3,0,0,-10.02,-0.07,0,-0.01,
3,0,0,-10.02,-0.07,0,-0.01,
3,0,0,-10.02,-0.07,0,-0.01,
3,0,0.04,-10.02,-0.07,0,-0.01,
3,0,0.04,-10.02,-0.07,-0.01,-0.01,
3,0,0.04,-10.02,-0.07,-0.01,-0.01,
3,0,0,-10.03,-0.1,0,-0.01,
3,0,0,-10.03,-0.1,0,-0.01,
3,0,0,-10.04,-0.13,0,-0.01,
3,0,0,-10.02,-0.13,-0.01,-0.01,
3,0,0.02,-10.02,-0.11,0,-0.01,
3,0,0.01,-9.98,-0.08,0,-0.01,
3,0,0,-10.01,-0.09,0,-0.01,
3,0,0,-9.98,-0.09,0,-0.01,
3,0,0.02,-10.03,-0.01,0,-0.01,
3,0,0.02,-10.03,-0.01,-0.01,-0.01,
3,0,0.02,-10.03,-0.01,-0.01,-0.01,
3,0,-0.02,-10.02,-0.06,-0.01,-0.01,
3,0,-0.02,-10.02,-0.06,-0.01,-0.01,
3,0,-0.02,-10.02,-0.06,0,-0.01,
3,0,-0.02,-10.01,-0.05,0,-0.01,
3,0,-0.02,-10.01,-0.05,-0.01,-0.01,
3,0,-0.02,-10.01,-0.05,-0.01,-0.01,
3,0,-0.01,-9.98,-0.11,-0.01,-0.01,
3,0,-0.01,-9.98,-0.11,-0.01,-0.01,
3,0,-0.01,-9.98,-0.11,-0.01,-0.01,
3,0,0.01,-10.07,-0.08,0,-0.01,
3,0,0.01,-10.07,-0.08,-0.01,-0.01,
3,0,0.01,-10.07,-0.08,-0.01,-0.01,
3,0,-0.04,-10.06,-0.03,0,-0.01,
3,0,-0.04,-10.06,-0.03,-0.01,-0.01,
3,0,-0.04,-10.06,-0.03,-0.01,-0.01,
3,0,0.01,-10.07,-0.12,-0.01,-0.01,
3,0,0.01,-10.07,-0.12,0,-0.01,
3,0,0.01,-10.07,-0.12,0,-0.01,
3,0,-0.03,-10.08,-0.11,0,-0.01,
3,0,-0.03,-10.08,-0.11,0,-0.01,
3,0,-0.05,-10.04,-0.11,0,-0.01,
3,0,-0.05,-10.04,-0.11,0,-0.01,
3,0,-0.05,-10.04,-0.11,-0.01,-0.01,
3,0,0.01,-10.05,-0.12,-0.01,-0.01,
3,0,0.01,-10.05,-0.12,0,-0.01,
3,0,0.01,-10.05,-0.12,0,-0.01,
3,0,0,-10,-0.05,0,-0.01,
3,0,0,-10,-0.05,0,-0.01,
3,0,0,-10,-0.05,-0.01,-0.02,
3,0,0,-10,-0.1,-0.01,-0.02,
3,0,0,-10,-0.1,-0.01,-0.01,
3,0,0,-10,-0.1,0,-0.01,
3,0,0.01,-10.06,-0.07,0,-0.01,
3,0,0.01,-10.06,-0.07,0,-0.01,
3,0,0.01,-10.06,-0.07,0,-0.01,
3,0,-0.04,-10.04,-0.11,0,-0.01,
3,0,-0.04,-10.04,-0.11,-0.01,-0.01,
3,0,-0.04,-10.04,-0.11,0,-0.01,
3,0,-0.02,-10.05,-0.05,0,-0.01,
3,0,-0.02,-10.05,-0.05,0,-0.01,
3,0,-0.02,-10.05,-0.05,-0.01,-0.01,
3,0,0,-10.06,-0.1,-0.01,-0.01,
3,0,0,-10.06,-0.1,-0.01,-0.01,
3,0,-0.04,-10.02,-0.1,-0.01,-0.01,
3,0,-0.04,-10.02,-0.1,-0.01,-0.01,
3,0,-0.04,-10.02,-0.1,0,-0.01,
3,0,-0.06,-10.04,-0.07,-0.01,-0.01,
3,0,-0.06,-10.04,-0.07,-0.01,-0.01,
3,0,-0.06,-10.04,-0.07,-0.01,-0.01,
3,0,0.03,-10.06,-0.05,-0.01,-0.01,
3,0,0.03,-10.06,-0.05,-0.01,-0.01,
3,0,0.03,-10.06,-0.05,0,-0.01,
3,0,-0.02,-10.02,-0.1,0,-0.01,
3,0,-0.02,-10.02,-0.1,0,-0.01,
3,0,-0.02,-10.02,-0.1,0,-0.01,
3,0,0.01,-10.04,-0.09,0,-0.01,
3,0,0.01,-10.04,-0.09,-0.01,-0.01,
3,0,0.01,-10.04,-0.09,-0.01,-0.01,
3,0,-0.05,-10.04,-0.14,-0.01,0,
3,0,-0.05,-10.04,-0.14,-0.01,0,
3,0,-0.05,-10.04,-0.14,0,-0.01,
3,0,-0.02,-10.02,-0.07,-0.01,-0.01,
3,0,-0.02,-10.02,-0.07,-0.01,-0.01,
3,0,-0.02,-10.02,-0.07,-0.01,-0.01,
3,0,0.04,-10.05,-0.09,0,-0.01,
3,0,0.04,-10.05,-0.09,0,-0.01,
3,0,0.01,-9.98,-0.08,0,-0.01,
3,0,0.01,-9.98,-0.08,0,-0.01,
3,0,0.01,-9.98,-0.08,0,-0.01,
3,0,0.02,-10,-0.13,0,-0.01,
3,0,0.02,-10,-0.13,0,-0.01,
3,0,0.02,-10,-0.13,-0.01,0,
3,0,0,-10.05,-0.04,-0.01,-0.01,
3,0,0,-10.05,-0.04,-0.01,-0.01,
3,0,0,-10.05,-0.04,-0.01,-0.01,
3,0,-0.04,-10.02,-0.13,0,-0.01,
3,0,-0.04,-10.02,-0.13,0,-0.01,
3,0,-0.04,-10.02,-0.13,0,-0.01,
3,0,0.01,-10.03,-0.06,0,-0.01,
3,0,0.01,-10.03,-0.06,-0.01,-0.01,
3,0,0.01,-10.03,-0.06,-0.01,-0.01,
3,0,0.08,-10.01,-0.11,0,-0.01,
3,0,0.08,-10.01,-0.11,0,-0.01,
3,0,0.08,-10.01,-0.11,0,-0.01,
3,0,0.03,-10.06,-0.09,-0.01,-0.01,
3,0,0.03,-10.06,-0.09,-0.01,-0.01,
3,0,0.03,-10.06,-0.09,0,-0.01,
3,0,0.04,-10.01,-0.06,-0.01,-0.01,
3,0,0.04,-10.01,-0.06,-0.01,-0.01,
3,0,0,-10.06,-0.07,0,-0.01,
3,0,0,-10.06,-0.07,0,-0.01,
3,0,0,-10.06,-0.07,-0.01,-0.01,
3,0,0.03,-10,-0.09,-0.01,-0.01,
3,0,0.03,-10,-0.09,0,-0.01,
3,0,0.03,-10,-0.09,0,-0.01,
3,0,0,-10.05,-0.11,0,-0.01,
3,0,0,-10.05,-0.11,-0.01,-0.01,
3,0,0,-10.05,-0.11,-0.01,-0.01,
3,0,-0.01,-9.99,-0.13,0,0,
3,0,-0.01,-9.99,-0.13,0,-0.01,
3,0,-0.01,-9.99,-0.13,0,-0.01,
3,0,0.01,-9.99,-0.07,0,-0.01,
3,0,0.01,-9.99,-0.07,0,-0.01,
3,0,0.01,-9.99,-0.07,0,-0.01,
3,0,-0.03,-10,-0.05,-0.01,-0.01,
3,0,-0.03,-10,-0.05,0,0,
3,0,-0.03,-10,-0.05,0,0,
3,0,0,-10.02,-0.04,0,-0.01,
3,0,0,-10.02,-0.04,-0.01,-0.01,
3,0,0,-10.02,-0.04,-0.01,-0.01,
3,0,0,-10.05,-0.08,0,-0.01,
3,0,0,-10.05,-0.08,0,-0.01,
3,0,0,-10.05,-0.08,0,-0.01,
3,0,0,-10.07,-0.09,-0.01,-0.01,
3,0,0,-10.07,-0.09,0,-0.01,
3,0,0.05,-10.06,-0.05,0,-0.01,
3,0,0.05,-10.06,-0.05,0,-0.01,
3,0,0.05,-10.06,-0.05,0,-0.01,
3,0,0.02,-10.06,-0.11,0,-0.01,
3,0,0.02,-10.06,-0.11,0,-0.01,
3,0,0.02,-10.06,-0.11,-0.01,-0.01,
3,0,-0.02,-10.07,-0.11,-0.01,-0.01,
3,0,-0.02,-10.07,-0.11,-0.01,-0.01,
3,0,-0.02,-10.07,-0.11,0,-0.01,
3,0,0.06,-10.01,-0.06,0,-0.01,
3,0,0.06,-10.01,-0.06,0,-0.01,
3,0,0.06,-10.01,-0.06,-0.01,-0.01,
3,0,0.01,-10.03,-0.07,-0.01,-0.01,
3,0,0.01,-10.03,-0.07,0,-0.01,
3,0,0.01,-10.03,-0.07,0,-0.01,
3,0,0,-10.01,-0.11,0,-0.01,
3,0,0,-10.01,-0.11,0,-0.01,
3,0,0,-10.01,-0.11,-0.01,-0.01,
3,0,-0.01,-10.06,-0.13,-0.01,-0.01,
3,0,-0.01,-10.06,-0.13,-0.01,-0.01,
3,0,0,-10.04,-0.09,0,0,
3,0,0,-10.04,-0.09,0,0,
3,0,0,-10.04,-0.09,-0.01,-0.01,
3,0,0,-10.02,-0.14,0,-0.01,
3,0,0,-10.02,-0.14,0,-0.01,
3,0,0,-10.02,-0.14,-0.01,-0.01,
3,0,-0.05,-10.04,-0.1,-0.01,-0.01,
3,0,-0.05,-10.04,-0.1,-0.01,-0.01,
3,0,-0.05,-10.04,-0.1,-0.01,-0.01,
3,0,0.01,-10.04,-0.1,0,-0.01,
3,0,0.01,-10.04,-0.1,0,-0.01,
3,0,0.01,-10.04,-0.1,-0.01,-0.01,
3,0,0.03,-10.02,-0.1,0,0,
3,0,0.03,-10.02,-0.1,0,0,
3,0,0.03,-10.02,-0.1,0,-0.01,
3,0,-0.02,-10.03,-0.1,-0.01,-0.01,
3,0,-0.02,-10.03,-0.1,-0.01,-0.01,
3,0,-0.02,-10.03,-0.1,0,-0.01,
3,0,-0.06,-9.98,-0.09,-0.01,-0.01,
3,0,-0.06,-9.98,-0.09,-0.01,-0.01,
3,0,0,-9.99,-0.1,0,-0.01,
3,0,0,-9.99,-0.1,-0.01,-0.01,
3,0,0,-9.99,-0.1,-0.01,-0.01,
3,0,0,-10.05,-0.1,0,-0.01,
3,0,0,-10.05,-0.1,-0.01,-0.01,
3,0,0,-10.05,-0.1,-0.01,-0.01,
3,0,-0.03,-9.98,-0.11,0,-0.01,
3,0,-0.03,-9.98,-0.11,-0.01,-0.01,
3,0,-0.03,-9.98,-0.11,-0.01,-0.01,
3,0,0.03,-10.04,-0.11,-0.01,-0.01,
3,0,0.03,-10.04,-0.11,0,-0.01,
3,0,0.03,-10.04,-0.11,0,-0.01,
3,0,0.01,-10.05,-0.12,-0.01,-0.01,
3,0,0.01,-10.05,-0.12,0,-0.01,
3,0,0.01,-10.05,-0.12,0,-0.01,
3,0,0,-10.02,-0.12,0,-0.01,
3,0,0,-10.02,-0.12,-0.01,-0.01,
3,0,0,-10.02,-0.12,-0.01,-0.01,
3,0,0.08,-10.04,-0.08,0,-0.01,
3,0,0.08,-10.04,-0.08,-0.01,-0.01,
3,0,0.08,-10.04,-0.08,-0.01,-0.01,
3,0,0.04,-10.06,-0.12,0,-0.01,
3,0,0.04,-10.06,-0.12,-0.01,-0.01,
3,0,0.02,-10.04,-0.09,-0.01,-0.01,
3,0,0.02,-10.04,-0.09,0,-0.01,
3,0,0.02,-10.04,-0.09,-0.01,-0.01,
3,0,0.04,-9.98,-0.05,-0.01,-0.01,
3,0,0.04,-9.98,-0.05,0,-0.01,
3,0,0.04,-9.98,-0.05,0,-0.01,
3,0,0,-10.09,-0.06,0,-0.01,
3,0,0,-10.09,-0.06,-0.01,-0.01,
3,0,0,-10.09,-0.06,-0.01,-0.01,
3,0,0.02,-10.02,0.03,0,-0.01,
3,0,0.02,-10.02,0.03,-0.01,-0.01,
3,0,0.02,-10.02,0.03,-0.01,-0.01,
3,0,0.04,-9.97,0,0,0,
3,0,0.04,-9.97,0,0,-0.01,
3,0,0.04,-9.97,0,0,-0.01,
3,0,-0.09,-10.1,-0.09,-0.01,-0.01,
3,0,-0.09,-10.1,-0.09,0,-0.01,
3,0,-0.09,-10.1,-0.09,0,-0.01,
3,0,-0.07,-10.13,-0.22,0,-0.01,
3,0,-0.07,-10.13,-0.22,0,-0.01,
3,0,-0.07,-10.13,-0.22,0,-0.01,
3,0,-0.01,-10.03,-0.13,0,-0.01,
3,0,-0.01,-10.03,-0.13,0,-0.01,
3,0,-0.01,-10.03,-0.13,0,-0.01,
3,0,0.02,-9.94,-0.12,0,-0.01,
3,0,0.02,-9.94,-0.12,0,-0.01,
3,0,0.02,-9.94,-0.12,-0.01,-0.01,
3,0,-0.05,-10.03,-0.05,0,-0.01,
3,0,-0.05,-10.03,-0.05,0,-0.01,
3,0,-0.05,-10.03,-0.05,0,-0.01,
3,0,0.1,-10.08,-0.06,0,-0.01,
3,0,0.1,-10.08,-0.06,0,-0.01,
3,0,0.1,-10.08,-0.06,0,-0.01,
3,0,-0.04,-9.96,-0.04,0,-0.01,
3,0,-0.04,-9.96,-0.04,0,-0.01,
3,0,-0.04,-9.96,-0.04,0,-0.01,
3,0,-0.02,-10.06,-0.07,-0.01,-0.01,
3,0,-0.02,-10.06,-0.07,-0.01,-0.01,
3,0,-0.02,-10.06,-0.07,0,-0.01,
3,0,-0.03,-10.01,-0.2,-0.01,-0.01,
3,0,-0.03,-10.01,-0.2,-0.01,-0.01,
3,0,-0.07,-10,-0.14,0,-0.01,
3,0,-0.07,-10,-0.14,0,0,
3,0,-0.07,-10,-0.14,0,0,
3,0,0.03,-10.08,-0.1,0,-0.01,
3,0,0.03,-10.08,-0.1,-0.01,-0.01,
3,0,0.03,-10.08,-0.1,-0.01,-0.01,
3,0,0.05,-10.06,-0.07,0,-0.01,
3,0,0.05,-10.06,-0.07,0,-0.01,
3,0,0.05,-10.06,-0.07,0,-0.01,
3,0,0,-10.04,-0.06,0,-0.01,
3,0,0,-10.04,-0.06,-0.01,-0.01,
3,0,0,-10.04,-0.06,-0.01,-0.01,
3,0,-0.03,-10,-0.09,-0.01,-0.01,
3,0,-0.03,-10,-0.09,-0.01,-0.01,
3,0,-0.03,-10,-0.09,-0.01,-0.01,
3,0,0.11,-10.04,0,0,0,
3,0,0.11,-10.04,0,0,-0.01,
3,0,0.11,-10.04,0,0,-0.01,
3,0,0.03,-10.04,-0.1,0,-0.01,
3,0,0.03,-10.04,-0.1,-0.01,-0.01,
3,0,0.03,-10.04,-0.1,-0.01,-0.01,
3,0,-0.02,-10.06,-0.15,-0.01,-0.01,
3,0,-0.02,-10.06,-0.15,-0.01,-0.01,
3,0,-0.02,-10.06,-0.15,0,-0.01,
3,0,0.01,-10.01,-0.1,0,-0.01,
3,0,0.01,-10.01,-0.1,-0.01,-0.01,
3,0,-0.02,-10.02,-0.09,-0.01,-0.01,
3,0,-0.02,-10.02,-0.09,0,-0.01,
3,0,-0.02,-10.02,-0.09,0,-0.01,
3,0,0.02,-10.04,-0.09,0,-0.01,
3,0,0.02,-10.04,-0.09,-0.01,-0.01,
3,0,0.02,-10.04,-0.09,0,-0.01,
3,0,0.01,-10.05,-0.05,0,-0.01,
3,0,0.01,-10.05,-0.05,0,-0.01,
3,0,0.01,-10.05,-0.05,0,-0.01,
3,0,-0.03,-10.03,-0.09,-0.01,-0.01,
3,0,-0.03,-10.03,-0.09,-0.01,-0.01,
3,0,-0.03,-10.03,-0.09,0,-0.01,
3,0,0.04,-10.09,-0.12,0,-0.01,
3,0,0.04,-10.09,-0.12,0,-0.01,
3,0,0.04,-10.09,-0.12,0,-0.01,
3,0,0.01,-10.02,-0.11,0,-0.01,
3,0,0.01,-10.02,-0.11,-0.01,-0.01,
3,0,0.01,-10.02,-0.11,0,-0.01,
3,0,0.02,-10.02,-0.11,0,-0.01,
3,0,0.02,-10.02,-0.11,0,-0.01,
3,0,0.02,-10.02,-0.11,0,-0.01,
3,0,-0.01,-10.02,-0.05,0,-0.01,
3,0,-0.01,-10.02,-0.05,0,-0.01,
3,0,-0.04,-10.08,-0.08,0,-0.01,
3,0,-0.04,-10.08,-0.08,0,-0.01,
3,0,-0.04,-10.08,-0.08,0,-0.01,
3,0,0,-10.02,-0.07,0,-0.01,
3,0,0,-10.02,-0.07,0,-0.01,
3,0,0,-10.02,-0.07,0,-0.01,
3,0,0.03,-10.06,-0.08,-0.01,-0.01,
3,0,0.03,-10.06,-0.08,-0.01,-0.01,
3,0,0.03,-10.06,-0.08,0,-0.01,
3,0,0.02,-10.07,-0.08,-0.01,-0.01,
3,0,0.02,-10.07,-0.08,-0.01,-0.01,
3,0,0.02,-10.07,-0.08,0,-0.01,
3,0,0.03,-10.06,-0.08,-0.01,-0.01,
3,0,0.03,-10.06,-0.08,-0.01,-0.01,
3,0,0.03,-10.06,-0.08,-0.01,-0.01,
3,0,0.01,-10.03,-0.14,0,-0.01,
3,0,0.01,-10.03,-0.14,0,-0.01,
3,0,0.01,-10.03,-0.14,0,-0.01,
3,0,-0.02,-10.05,-0.08,0,-0.01,
3,0,-0.02,-10.05,-0.08,-0.01,-0.01,
3,0,0,-10.01,-0.07,0,-0.01,
3,0,0,-10.01,-0.07,-0.01,-0.01,
3,0,0,-10.01,-0.07,-0.01,-0.01,
3,0,0.02,-10.03,-0.07,-0.01,-0.01,
3,0,0.02,-10.03,-0.07,-0.01,-0.01,
3,0,0.02,-10.03,-0.07,-0.01,-0.01,
3,0,0.01,-10.07,-0.06,0,-0.01,
3,0,0.01,-10.07,-0.06,-0.01,-0.01,
3,0,0.01,-10.07,-0.06,-0.01,-0.01,
3,0,0.03,-10.06,-0.11,0,-0.01,
3,0,0.03,-10.06,-0.11,-0.01,-0.01,
3,0,0.03,-10.06,-0.11,-0.01,-0.01,
3,0,-0.02,-10.01,-0.09,0,-0.01,
3,0,-0.02,-10.01,-0.09,0,-0.01,
3,0,-0.02,-10.01,-0.09,0,-0.01,
3,0,-0.09,-10.04,-0.08,-0.01,-0.01,
3,0,-0.09,-10.04,-0.08,0,-0.01,
3,0,0.01,-10.01,-0.09,0,-0.01,
3,0,0.01,-10.01,-0.09,-0.01,-0.01,
3,0,0.01,-10.01,-0.09,0,-0.01,
3,0,-0.08,-10.07,-0.12,0,-0.01,
3,0,-0.08,-10.07,-0.12,0,-0.01,
3,0,-0.08,-10.07,-0.12,-0.01,-0.01,
3,0,-0.04,-10.07,-0.09,-0.01,-0.01,
3,0,-0.04,-10.07,-0.09,0,-0.01,
3,0,-0.04,-10.07,-0.09,-0.01,-0.01,
3,0,0,-10.05,-0.05,-0.01,-0.01,
3,0,0,-10.05,-0.05,0,-0.01,
3,0,0,-10.05,-0.05,0,-0.01,
3,0,0.02,-10.03,-0.12,0,-0.01,
3,0,0.02,-10.03,-0.12,0,-0.01,
3,0,0.02,-10.03,-0.12,-0.01,0,
3,0,0.03,-10.04,-0.11,-0.01,0,
3,0,0.03,-10.04,-0.11,0,-0.01,
3,0,0.03,-10.04,-0.11,0,-0.01,
3,0,0.02,-10.01,-0.07,0,-0.01,
3,0,0.02,-10.01,-0.07,-0.01,-0.01,
3,0,0.02,-10.01,-0.07,0,-0.01,
3,0,0.03,-9.99,-0.09,0,-0.01,
3,0,0.03,-9.99,-0.09,0,-0.01,
3,0,0.03,-9.99,-0.09,0,-0.01,
3,0,-0.02,-10.07,-0.08,0,-0.01,
3,0,-0.02,-10.07,-0.08,-0.01,-0.01,
3,0,-0.01,-10.04,-0.11,-0.01,-0.01,
3,0,-0.01,-10.04,-0.11,0,-0.01,
3,0,-0.01,-10.04,-0.11,0,-0.01,
3,0,-0.04,-10.06,-0.1,0,-0.01,
3,0,-0.04,-10.06,-0.1,0,-0.01,
3,0,-0.04,-10.06,-0.1,0,-0.01,
3,0,0.01,-10.01,-0.12,0,-0.01,
3,0,0.01,-10.01,-0.12,0,-0.01,
3,0,0.01,-10.01,-0.12,-0.01,-0.01,
3,0,0,-10.04,-0.06,-0.01,-0.01,
3,0,0,-10.04,-0.06,-0.01,-0.01,
3,0,0,-10.04,-0.06,-0.01,-0.01,
3,0,-0.01,-10.04,-0.1,-0.01,-0.01,
3,0,-0.01,-10.04,-0.1,-0.01,-0.01,
3,0,-0.01,-10.04,-0.1,0,-0.01,
3,0,0,-10.03,-0.05,0,-0.01,
3,0,0,-10.03,-0.05,0,-0.01,
3,0,0,-10.03,-0.05,-0.01,-0.01,
3,0,0,-10.07,-0.11,-0.01,-0.01,
3,0,0,-10.07,-0.11,0,-0.01,
3,0,0,-10.07,-0.11,-0.01,-0.01,
3,0,0.03,-10,-0.1,-0.01,-0.01,
3,0,0.03,-10,-0.1,-0.01,-0.01,
3,0,-0.04,-10.03,-0.09,-0.01,-0.01,
3,0,-0.04,-10.03,-0.09,-0.01,-0.01,
3,0,-0.04,-10.03,-0.09,0,-0.01,
3,0,0.07,-10.01,-0.03,-0.01,-0.01,
3,0,0.07,-10.01,-0.03,-0.01,-0.01,
3,0,0.07,-10.01,-0.03,0,-0.01,
3,0,0.04,-10.06,-0.07,-0.01,-0.01,
3,0,0.04,-10.06,-0.07,-0.01,-0.01,
3,0,0.04,-10.06,-0.07,-0.01,-0.01,
3,0,0.02,-10.01,-0.15,0,-0.01,
3,0,0.02,-10.01,-0.15,0,-0.01,
3,0,0.02,-10.01,-0.15,0,-0.01,
3,0,-0.03,-10,-0.08,0,-0.01,
3,0,-0.03,-10,-0.08,0,-0.01,
3,0,-0.03,-10,-0.08,-0.01,-0.01,
3,0,0,-10.05,-0.06,0,-0.01,
3,0,0,-10.05,-0.06,0,-0.01,
3,0,0,-10.05,-0.06,-0.01,-0.01,
3,0,0,-10.05,-0.1,-0.01,-0.01,
3,0,0,-10.05,-0.1,-0.01,-0.01,
3,0,0,-10.05,-0.1,0,-0.01,
3,0,0.01,-9.99,-0.08,0,-0.01,
3,0,0.01,-9.99,-0.08,0,-0.01,
3,0,0.01,-9.99,-0.08,-0.01,-0.01,
3,0,-0.08,-10,-0.05,-0.01,-0.01,
3,0,-0.08,-10,-0.05,0,-0.01,
3,0,-0.08,-10,-0.05,0,-0.01,
3,0,-0.06,-10.06,-0.1,0,-0.01,
3,0,-0.06,-10.06,-0.1,0,-0.01,
3,0,-0.06,-10.06,-0.1,0,-0.01,
3,0,-0.07,-9.99,-0.1,0,-0.01,
3,0,-0.07,-9.99,-0.1,-0.01,-0.01,
3,0,-0.07,-9.99,-0.1,0,0,
3,0,0.01,-10,-0.09,0,0,
3,0,0.01,-10,-0.09,-0.01,-0.01,
3,0,0.01,-10,-0.09,0,-0.01,
3,0,0,-10.05,-0.11,0,-0.01,
3,0,0,-10.05,-0.11,-0.01,-0.01,
3,0,0,-10.05,-0.11,-0.01,-0.01,
3,0,0.01,-10.11,-0.13,-0.01,-0.01,
3,0,0.01,-10.11,-0.13,-0.01,-0.01,
3,0,0.01,-10.11,-0.13,-0.01,-0.01,
3,0,0.03,-10.01,-0.06,0,-0.01,
3,0,0.03,-10.01,-0.06,0,-0.01,
3,0,0.03,-10.01,-0.06,0,-0.01,
3,0,0.03,-10.04,-0.11,0,-0.01,
3,0,0.03,-10.04,-0.11,0,-0.01,
3,0,0,-10.01,-0.1,0,-0.01,
3,0,0,-10.01,-0.1,-0.01,-0.01,
3,0,0,-10.01,-0.1,0,-0.01,
3,0,0,-10.05,-0.11,0,-0.01,
3,0,0,-10.05,-0.11,0,-0.01,
3,0,0,-10.05,-0.11,0,0,
3,0,0,-10.03,-0.05,0,0,
3,0,0,-10.03,-0.05,0,-0.01,
3,0,0,-10.03,-0.05,0,-0.01,
3,0,-0.03,-10.05,-0.02,0,-0.01,
3,0,-0.03,-10.05,-0.02,0,-0.01,
3,0,-0.03,-10.05,-0.02,0,-0.01,
3,0,-0.05,-10.01,-0.1,0,-0.01,
3,0,-0.05,-10.01,-0.1,0,-0.01,
3,0,-0.05,-10.01,-0.1,0,-0.01,
3,0,-0.04,-9.97,-0.09,0,-0.01,
3,0,-0.04,-9.97,-0.09,-0.01,-0.01,
3,0,-0.04,-9.97,-0.09,0,-0.01,
3,0,0.05,-10.04,-0.07,0,-0.01,
3,0,0.05,-10.04,-0.07,-0.01,-0.01,
3,0,0.05,-10.04,-0.07,0,-0.01,
3,0,0.07,-10,-0.07,0,-0.01,
3,0,0.07,-10,-0.07,-0.01,-0.01,
3,0,0.07,-10,-0.07,0,-0.01,
3,0,-0.02,-10.01,-0.14,0,-0.01,
3,0,-0.02,-10.01,-0.14,-0.01,-0.01,
3,0,0.02,-10.06,-0.04,-0.01,-0.01,
3,0,0.02,-10.06,-0.04,0,-0.01,
3,0,0.02,-10.06,-0.04,0,-0.01,
3,0,0,-10.07,-0.08,0,-0.01,
3,0,0,-10.07,-0.08,0,-0.01,
3,0,0,-10.07,-0.08,-0.01,-0.01,
3,0,-0.09,-10.02,-0.11,0,-0.01,
3,0,-0.09,-10.02,-0.11,0,-0.01,
3,0,-0.09,-10.02,-0.11,0,-0.01,
3,0,-0.01,-10.02,-0.13,0,-0.01,
3,0,-0.01,-10.02,-0.13,-0.01,-0.01,
3,0,-0.01,-10.02,-0.13,0,-0.01,
3,0,-0.01,-10.03,-0.12,0,-0.01,
3,0,-0.01,-10.03,-0.12,0,-0.01,
3,0,-0.01,-10.03,-0.12,0,-0.01,
3,0,0.02,-10.08,-0.08,0,-0.01,
3,0,0.02,-10.08,-0.08,-0.01,-0.01,
3,0,0.02,-10.08,-0.08,-0.01,-0.01,
3,0,-0.05,-9.97,-0.12,-0.01,-0.01,
3,0,-0.05,-9.97,-0.12,0,-0.01,
3,0,-0.05,-9.97,-0.12,-0.01,-0.01,
3,0,0.02,-10.02,-0.12,-0.01,-0.01,
3,0,0.02,-10.02,-0.12,0,-0.01,
3,0,-0.05,-10.05,-0.08,0,-0.01,
3,0,-0.05,-10.05,-0.08,0,-0.01,
3,0,-0.05,-10.05,-0.08,0,-0.01,
3,0,-0.04,-10.01,-0.05,0,-0.01,
3,0,-0.04,-10.01,-0.05,0,-0.01,
3,0,-0.04,-10.01,-0.05,-0.01,-0.01,
3,0,0,-10.03,-0.05,-0.01,-0.01,
3,0,0,-10.03,-0.05,-0.01,-0.01,
3,0,0,-10.03,-0.05,0,-0.01,
3,0,-0.03,-10.04,-0.1,-0.01,-0.01,
3,0,-0.03,-10.04,-0.1,-0.01,-0.01,
3,0,-0.03,-10.04,-0.1,0,-0.01,
3,0,0,-10.01,-0.11,-0.01,-0.01,
3,0,0,-10.01,-0.11,-0.01,-0.01,
3,0,0,-10.01,-0.11,-0.01,-0.01,
3,0,-0.03,-10.05,-0.12,-0.01,-0.01,
3,0,-0.03,-10.05,-0.12,-0.01,-0.01,
3,0,-0.03,-10.05,-0.12,0,-0.01,
3,0,0,-10.01,-0.09,0,-0.01,
3,0,0,-10.01,-0.09,0,-0.01,
3,0,0.03,-10.01,-0.09,-0.01,-0.01,
3,0,0.03,-10.01,-0.09,-0.01,-0.01,
3,0,0.03,-10.01,-0.09,-0.01,-0.01,
3,0,0.04,-10.06,-0.09,0,-0.01,
3,0,0.04,-10.06,-0.09,0,-0.01,
3,0,0.04,-10.06,-0.09,0,-0.01,
3,0,0,-10.01,-0.1,-0.01,-0.01,
3,0,0,-10.01,-0.1,-0.01,-0.01,
3,0,0,-10.01,-0.1,-0.01,-0.01,
3,0,0.03,-10.05,-0.03,0,-0.01,
3,0,0.03,-10.05,-0.03,0,-0.01,
3,0,0.03,-10.05,-0.03,0,-0.01,
3,0,0,-10.03,-0.09,0,-0.01,
3,0,0,-10.03,-0.09,0,-0.01,
3,0,0,-10.03,-0.09,0,-0.01,
3,0,-0.03,-9.97,-0.11,0,-0.01,
3,0,-0.03,-9.97,-0.11,-0.01,-0.01,
3,0,-0.03,-9.97,-0.11,-0.01,-0.01,
3,0,0,-10.03,-0.09,-0.01,-0.01,
3,0,0,-10.03,-0.09,-0.01,-0.01,
3,0,0,-10.03,-0.09,0,-0.01,
3,0,0.06,-10.05,-0.1,0,-0.01,
3,0,0.06,-10.05,-0.1,0,-0.01,
3,0,0.06,-10.05,-0.1,-0.01,-0.01,
3,0,-0.01,-10.08,-0.11,-0.01,-0.01,
3,0,-0.01,-10.08,-0.11,-0.01,-0.01,
3,0,-0.01,-10.08,-0.11,-0.01,-0.01,
3,0,0.02,-10.04,-0.1,0,-0.01,
3,0,0.02,-10.04,-0.1,0,-0.01,
3,0,0.02,-10.04,-0.1,0,-0.01,
3,0,0,-10.04,-0.08,-0.01,-0.01,
3,0,0,-10.04,-0.08,-0.01,-0.01,
3,0,0,-10.04,-0.08,-0.01,-0.01,
3,0,0.01,-10.03,-0.11,0,-0.01,
3,0,0.01,-10.03,-0.11,0,-0.01,
3,0,0,-10.05,-0.08,-0.01,-0.01,
3,0,0,-10.05,-0.08,-0.01,-0.01,
3,0,0,-10.05,-0.08,-0.01,-0.01,
3,0,0.01,-10.07,-0.1,0,-0.01,
3,0,0.01,-10.07,-0.1,0,-0.01,
3,0,0.01,-10.07,-0.1,0,-0.01,
3,0,-0.01,-10.06,-0.11,-0.01,-0.01,
3,0,-0.01,-10.06,-0.11,0,-0.01,
3,0,-0.01,-10.06,-0.11,0,-0.01,
3,0,0.03,-10.08,-0.11,0,-0.01,
3,0,0.03,-10.08,-0.11,-0.01,-0.01,
3,0,0.03,-10.08,-0.11,-0.01,-0.01,
3,0,0,-10.01,-0.1,0,-0.01,
3,0,0,-10.01,-0.1,0,-0.01,
3,0,0,-10.01,-0.1,0,-0.01,
3,0,-0.01,-10.04,-0.12,-0.01,-0.01,
3,0,-0.01,-10.04,-0.12,-0.01,-0.01,
3,0,-0.01,-10.04,-0.12,-0.01,-0.01,
3,0,0.02,-10.1,-0.09,0,-0.01,
3,0,0.02,-10.1,-0.09,0,-0.01,
3,0,0.03,-10.08,-0.1,0,-0.01,
3,0,0.03,-10.08,-0.1,0,-0.01,
3,0,0.03,-10.08,-0.1,-0.01,-0.01,
3,0,-0.01,-10.01,-0.1,-0.01,-0.01,
3,0,-0.01,-10.01,-0.1,-0.01,-0.01,
3,0,-0.01,-10.01,-0.1,0,-0.01,
3,0,-0.04,-10.04,-0.09,0,-0.01,
3,0,-0.04,-10.04,-0.09,-0.01,-0.01,
3,0,-0.04,-10.04,-0.09,-0.01,-0.01,
3,0,0.02,-10.06,-0.06,-0.01,-0.01,
3,0,0.02,-10.06,-0.06,-0.01,-0.01,
3,0,0.02,-10.06,-0.06,0,-0.01,
3,0,-0.01,-9.99,-0.05,0,-0.01,
3,0,-0.01,-9.99,-0.05,-0.01,-0.01,
3,0,-0.01,-9.99,-0.05,-0.01,-0.01,
3,0,-0.04,-9.95,-0.12,-0.01,-0.01,
3,0,-0.04,-9.95,-0.12,0,-0.01,
3,0,-0.04,-9.95,-0.12,0,-0.01,
3,0,-0.03,-10.02,-0.12,0,-0.01,
3,0,-0.03,-10.02,-0.12,-0.01,-0.01,
3,0,-0.03,-10.02,-0.12,0,-0.01,
3,0,0.03,-9.96,-0.1,0,-0.01,
3,0,0.03,-9.96,-0.1,-0.01,0,
3,0,0,-10.04,-0.12,-0.01,-0.01,
3,0,0,-10.04,-0.12,-0.01,-0.01,
3,0,0,-10.04,-0.12,-0.01,-0.01,
3,0,-0.01,-10.02,-0.08,-0.01,-0.01,
3,0,-0.01,-10.02,-0.08,-0.01,-0.01,
3,0,-0.01,-10.02,-0.08,-0.01,-0.01,
3,0,-0.04,-10,-0.1,-0.01,-0.01,
3,0,-0.04,-10,-0.1,-0.01,-0.01,
3,0,-0.04,-10,-0.1,-0.01,-0.01,
3,0,0.06,-10.03,-0.13,0,-0.01,
3,0,0.06,-10.03,-0.13,0,-0.01,
3,0,0.06,-10.03,-0.13,0,-0.01,
3,0,0.02,-9.97,-0.07,-0.01,-0.01,
3,0,0.02,-9.97,-0.07,-0.01,-0.01,
3,0,0.02,-9.97,-0.07,0,-0.01,
3,0,0.05,-10,-0.08,0,-0.01,
3,0,0.05,-10,-0.08,0,-0.01,
3,0,0.05,-10,-0.08,0,-0.01,
3,0,0,-10.06,-0.13,-0.01,-0.01,
3,0,0,-10.06,-0.13,-0.01,-0.01,
3,0,-0.01,-10.04,-0.09,0,-0.01,
3,0,-0.01,-10.04,-0.09,-0.01,-0.01,
3,0,-0.01,-10.04,-0.09,-0.01,-0.01,
3,0,-0.01,-10.05,-0.06,-0.01,-0.01,
3,0,-0.01,-10.05,-0.06,0,-0.01,
3,0,-0.01,-10.05,-0.06,0,-0.01,
3,0,0,-9.94,-0.08,0,-0.01,
3,0,0,-9.94,-0.08,0,-0.01,
3,0,0,-9.94,-0.08,0,-0.01,
3,0,0.03,-10.09,-0.06,0,-0.01,
3,0,0.03,-10.09,-0.06,0,-0.01,
3,0,0.03,-10.09,-0.06,-0.01,-0.01,
3,0,-0.03,-9.96,-0.1,0,-0.01,
3,0,-0.03,-9.96,-0.1,0,-0.01,
3,0,-0.03,-9.96,-0.1,-0.01,-0.01,
3,0,0.03,-10.02,-0.1,-0.01,0,
3,0,0.03,-10.02,-0.1,-0.01,0,
3,0,0.03,-10.02,-0.1,0,-0.01,
3,0,0.02,-10.06,-0.09,-0.01,-0.01,
3,0,0.02,-10.06,-0.09,-0.01,-0.01,
3,0,0.02,-10.06,-0.09,0,-0.01,
3,0,-0.06,-10,-0.08,0,-0.01,
3,0,-0.06,-10,-0.08,0,-0.01,
3,0,-0.06,-10,-0.08,0,-0.01,
3,0,0.04,-10.08,-0.06,0,-0.01,
3,0,0.04,-10.08,-0.06,0,-0.01,
3,0,0.04,-10.08,-0.06,0,-0.01,
3,0,-0.01,-10.06,-0.07,0,-0.01,
3,0,-0.01,-10.06,-0.07,0,-0.01,
3,0,-0.01,-10.06,-0.07,-0.01,-0.01,
3,0,0.02,-10.07,-0.09,-0.01,-0.01,
3,0,0.02,-10.07,-0.09,-0.01,-0.01,
3,0,0.02,-10.07,-0.09,-0.01,-0.01,
3,0,0.01,-10.06,-0.06,0,-0.01,
3,0,0.01,-10.06,-0.06,0,-0.01,
3,0,0.01,-10.06,-0.06,-0.01,-0.01,
3,0,-0.02,-10.02,-0.1,0,-0.01,
3,0,-0.02,-10.02,-0.1,0,-0.01,
3,0,0,-9.99,-0.05,0,-0.01,
3,0,0,-9.99,-0.05,0,-0.01,
3,0,0,-9.99,-0.05,0,-0.01,
3,0,0,-10.02,-0.07,0,-0.01,
3,0,0,-10.02,-0.07,0,-0.01,
3,0,0,-10.02,-0.07,0,-0.01,
3,0,0.04,-10,-0.08,0,-0.01,
3,0,0.04,-10,-0.08,0,-0.01,
3,0,0.04,-10,-0.08,0,-0.01,
3,0,0.05,-10.02,-0.09,-0.01,-0.01,
3,0,0.05,-10.02,-0.09,-0.01,-0.01,
3,0,0.05,-10.02,-0.09,-0.01,-0.01,
3,0,0,-10.05,-0.07,0,-0.01,
3,0,0,-10.05,-0.07,0,-0.01,
3,0,-0.04,-10.05,-0.11,0,-0.01,
3,0,-0.04,-10.05,-0.11,-0.01,-0.01,
3,0,-0.04,-10.05,-0.11,0,-0.01,
3,0,0,-10.02,-0.06,0,-0.01,
3,0,0,-10.02,-0.06,-0.01,-0.01,
3,0,0,-10.02,-0.06,0,-0.01,
3,0,0.05,-9.98,-0.07,0,-0.01,
3,0,0.05,-9.98,-0.07,0,-0.01,
3,0,0.05,-9.98,-0.07,0,-0.01,
3,0,-0.03,-10.01,-0.11,0,-0.01,
3,0,-0.03,-10.01,-0.11,0,-0.01,
3,0,-0.03,-10.01,-0.11,-0.01,-0.01,
3,0,-0.02,-10.05,-0.06,-0.01,-0.01,
3,0,-0.02,-10.05,-0.06,-0.01,-0.01,
3,0,0.01,-10.03,-0.12,0,0,
3,0,0.01,-10.03,-0.12,0,-0.01,
3,0,0.01,-10.03,-0.12,0,-0.01,
3,0,0.01,-10.04,-0.1,-0.01,-0.01,
3,0,0.01,-10.04,-0.1,0,-0.01,
3,0,0.01,-10.04,-0.1,0,-0.01,
3,0,0.04,-10.06,-0.1,-0.01,-0.01,
3,0,0.04,-10.06,-0.1,0,-0.01,
3,0,0.04,-10.06,-0.1,0,-0.01,
3,0,0.02,-9.99,-0.06,0,-0.01,
3,0,0.02,-9.99,-0.06,0,-0.01,
3,0,0.02,-9.99,-0.06,0,-0.01,
3,0,0.02,-10,-0.12,-0.01,-0.01,
3,0,0.02,-10,-0.12,-0.01,-0.01,
3,0,0.02,-10,-0.12,-0.01,-0.01,
3,0,-0.01,-10.05,-0.11,0,-0.01,
3,0,-0.01,-10.05,-0.11,0,-0.01,
3,0,0,-10.08,-0.13,0,-0.01,
3,0,0,-10.08,-0.13,0,-0.01,
3,0,0,-10.08,-0.13,0,-0.01,
3,0,-0.02,-10.07,-0.1,0,-0.01,
3,0,-0.02,-10.07,-0.1,0,-0.01,
3,0,-0.02,-10.07,-0.1,-0.01,-0.01,
3,0,0,-10,-0.09,-0.01,-0.01,
3,0,0,-10,-0.09,0,-0.01,
3,0,0,-10,-0.09,0,-0.01,
3,0,0.01,-10,-0.09,0,-0.01,
3,0,0.01,-10,-0.09,-0.01,-0.01,
3,0,0.01,-10,-0.09,0,-0.01,
3,0,0.04,-10.04,-0.09,0,-0.01,
3,0,0.04,-10.04,-0.09,-0.01,-0.01,
3,0,0.04,-10.04,-0.09,-0.01,-0.01,
3,0,0.03,-10.03,-0.1,-0.01,-0.01,
3,0,0.03,-10.03,-0.1,-0.01,-0.01,
3,0,0.03,-10.03,-0.1,0,-0.01,
3,0,-0.06,-10.01,-0.11,0,-0.01,
3,0,-0.06,-10.01,-0.11,0,-0.01,
3,0,-0.06,-10.01,-0.11,0,-0.01,
3,0,0.03,-10.03,-0.12,0,-0.01,
3,0,0.03,-10.03,-0.12,0,-0.01,
3,0,0.03,-10.03,-0.12,-0.01,-0.01,
3,0,0,-10.07,-0.06,-0.01,-0.01,
3,0,0,-10.07,-0.06,0,-0.01,
3,0,-0.05,-10.03,-0.11,0,-0.01,
3,0,-0.05,-10.03,-0.11,0,-0.01,
3,0,-0.05,-10.03,-0.11,0,-0.01,
3,0,0.03,-10.02,-0.08,0,-0.01,
3,0,0.03,-10.02,-0.08,0,-0.01,
3,0,0.03,-10.02,-0.08,0,-0.01,
3,0,0.03,-10.01,-0.11,0,-0.02,
3,0,0.03,-10.01,-0.11,0,-0.02,
3,0,0.03,-10.01,-0.11,0,-0.01,
3,0,0.04,-10,-0.12,0,-0.01,
3,0,0.04,-10,-0.12,-0.01,-0.01,
3,0,0.04,-10,-0.12,0,-0.01,
3,0,0.01,-10.04,-0.1,0,-0.01,
3,0,0.01,-10.04,-0.1,-0.01,-0.01,
3,0,0.01,-10.04,-0.1,-0.01,-0.01,
3,0,0.02,-10.04,-0.07,-0.01,-0.01,
3,0,0.02,-10.04,-0.07,0,0,
3,0,0.02,-10.04,-0.07,-0.01,-0.01,
3,0,0,-10.05,-0.04,-0.01,-0.01,
3,0,0,-10.05,-0.04,0,-0.01,
3,0,0,-10.05,-0.04,0,-0.01,
3,0,-0.03,-9.98,-0.1,0,-0.01,
3,0,-0.03,-9.98,-0.1,0,-0.01,
3,0,-0.03,-9.98,-0.1,-0.01,-0.01,
3,0,0.05,-9.99,-0.07,-0.01,-0.01,
3,0,0.05,-9.99,-0.07,-0.01,-0.01,
3,0,-0.02,-10.07,-0.03,0,-0.01,
3,0,-0.02,-10.07,-0.03,0,-0.01,
3,0,-0.02,-10.07,-0.03,-0.01,-0.01,
3,0,0.03,-10.03,-0.09,0,-0.01,
3,0,0.03,-10.03,-0.09,0,-0.01,
3,0,0.03,-10.03,-0.09,0,-0.01,
3,0,0.06,-9.99,-0.09,0,-0.01,
3,0,0.06,-9.99,-0.09,0,-0.01,
3,0,0.06,-9.99,-0.09,0,-0.01,
3,0,-0.03,-10,-0.08,-0.01,-0.01,
3,0,-0.03,-10,-0.08,-0.01,-0.01,
3,0,-0.03,-10,-0.08,-0.01,-0.01,
3,0,-0.03,-10.01,-0.12,-0.01,-0.01,
3,0,-0.03,-10.01,-0.12,-0.01,-0.01,
3,0,0.01,-10.03,-0.04,-0.01,-0.01,
3,0,0.01,-10.03,-0.04,0,-0.01,
3,0,0.01,-10.03,-0.04,-0.01,-0.01,
3,0,0.09,-10.04,-0.06,-0.01,-0.01,
3,0,0.09,-10.04,-0.06,0,-0.01,
3,0,0.09,-10.04,-0.06,0,-0.01,
3,0,0.02,-9.97,-0.1,0,-0.01,
3,0,0.02,-9.97,-0.1,0,-0.01,
3,0,0.02,-9.97,-0.1,-0.01,-0.01,
3,0,0.04,-9.99,-0.01,-0.01,-0.01,
3,0,0.04,-9.99,-0.01,-0.01,0,
3,0,0.04,-9.99,-0.01,-0.01,-0.01,
3,0,0.07,-10.02,-0.08,-0.01,-0.01,
3,0,0.07,-10.02,-0.08,-0.01,-0.01,
3,0,0.07,-10.02,-0.08,-0.01,-0.01,
3,0,0.04,-10.06,-0.08,-0.01,-0.01,
3,0,0.04,-10.06,-0.08,-0.01,-0.01,
3,0,0.04,-10.06,-0.08,0,-0.01,
3,0,-0.03,-10.08,-0.12,0,-0.01,
3,0,-0.03,-10.08,-0.12,0,-0.01,
3,0,0.03,-10.04,-0.06,0,-0.01,
3,0,0.03,-10.04,-0.06,0,-0.01,
3,0,0.03,-10.04,-0.06,0,-0.01,
3,0,0,-9.99,-0.09,0,-0.01,
3,0,0,-9.99,-0.09,0,-0.01,
3,0,0,-9.99,-0.09,-0.01,-0.01,
3,0,0.01,-10.07,-0.11,0,-0.01,
3,0,0.01,-10.07,-0.11,0,-0.01,
3,0,0.01,-10.07,-0.11,0,-0.01,
3,0,0.03,-10.01,-0.05,-0.01,0,
3,0,0.03,-10.01,-0.05,-0.01,0,
3,0,0.03,-10.01,-0.05,0,0,
3,0,0.06,-10.05,-0.05,-0.01,-0.01,
3,0,0.06,-10.05,-0.05,0,-0.01,
3,0,0.01,-10.07,-0.1,0,-0.01,
3,0,0.01,-10.07,-0.1,-0.01,-0.01,
3,0,0.01,-10.07,-0.1,-0.01,-0.01,
3,0,0.03,-9.96,-0.08,-0.01,-0.01,
3,0,0.03,-9.96,-0.08,0,-0.01,
3,0,0.03,-9.96,-0.08,-0.01,-0.01,
3,0,-0.03,-10,-0.08,-0.01,-0.01,
3,0,-0.03,-10,-0.08,0,-0.01,
3,0,-0.03,-10,-0.08,-0.01,-0.01,
3,0,0,-10.05,-0.11,-0.01,-0.01,
3,0,0,-10.05,-0.11,0,-0.01,
3,0,0,-10.05,-0.11,-0.01,-0.01,
3,0,0.02,-10.01,-0.03,-0.01,-0.01,
3,0,0.02,-10.01,-0.03,-0.01,-0.01,
3,0,0.02,-10.01,-0.03,0,-0.01,
3,0,-0.03,-10.03,-0.04,0,-0.01,
3,0,-0.03,-10.03,-0.04,0,-0.01,
3,0,-0.03,-10.03,-0.04,0,-0.01,
3,0,-0.04,-10.03,-0.1,-0.01,-0.01,
3,0,-0.04,-10.03,-0.1,0,-0.01,
3,0,-0.04,-10.03,-0.1,0,-0.01,
3,0,0.01,-10.03,-0.12,0,-0.01,
3,0,0.01,-10.03,-0.12,0,-0.01,
3,0,-0.01,-10.05,-0.08,0,-0.01,
3,0,-0.01,-10.05,-0.08,0,-0.01,
3,0,-0.01,-10.05,-0.08,-0.01,-0.01,
3,0,-0.01,-10.07,-0.08,-0.01,-0.01,
3,0,-0.01,-10.07,-0.08,-0.01,0,
3,0,-0.01,-10.07,-0.08,-0.01,-0.01,
3,0,-0.02,-10.06,-0.16,-0.01,-0.01,
3,0,-0.02,-10.06,-0.16,0,-0.01,
3,0,-0.02,-10.06,-0.16,0,-0.01,
3,0,-0.04,-10.06,-0.13,0,-0.01,
3,0,-0.04,-10.06,-0.13,-0.01,-0.01,
3,0,-0.04,-10.06,-0.13,-0.01,-0.01,
3,0,0.04,-10.01,-0.07,-0.01,-0.01,
3,0,0.04,-10.01,-0.07,0,-0.01,
3,0,0.04,-10.01,-0.07,0,-0.01,
3,0,-0.01,-10.02,-0.06,0,-0.01,
3,0,-0.01,-10.02,-0.06,-0.01,-0.01,
3,0,-0.01,-10.02,-0.06,-0.01,-0.01,
3,0,-0.01,-10.01,-0.04,0,-0.01,
3,0,-0.01,-10.01,-0.04,0,-0.01,
3,0,-0.01,-10.01,-0.04,0,-0.01,
3,0,0.05,-10.02,-0.14,-0.01,-0.01,
3,0,0.05,-10.02,-0.14,0,-0.01,
3,0,0.05,-10.02,-0.14,0,-0.01,
3,0,0.03,-10.06,-0.12,-0.01,-0.01,
3,0,0.03,-10.06,-0.12,0,-0.01,
3,0,0.03,-10.06,-0.12,0,-0.01,
3,0,-0.02,-9.98,-0.06,0,-0.01,
3,0,-0.02,-9.98,-0.06,-0.01,-0.01,
3,0,-0.02,-9.98,-0.06,-0.01,-0.01,
3,0,0,-10.04,-0.05,0,-0.01,
3,0,0,-10.04,-0.05,0,-0.01,
3,0,0,-10.04,-0.05,0,-0.01,
3,0,0,-10.06,-0.15,-0.01,-0.01,
3,0,0,-10.06,-0.15,0,-0.01,
3,0,0,-10.06,-0.15,0,-0.01,
3,0,-0.02,-10.09,-0.23,-0.01,-0.01,
3,0,-0.02,-10.09,-0.23,-0.01,-0.01,
3,0,-0.05,-10,-0.09,-0.01,-0.01,
3,0,-0.05,-10,-0.09,-0.01,-0.01,
3,0,-0.05,-10,-0.09,0,-0.01,
3,0,0.03,-10.04,-0.13,0,-0.01,
3,0,0.03,-10.04,-0.13,0,-0.01,
3,0,0.03,-10.04,-0.13,0,-0.01,
3,0,0.07,-10.01,-0.1,0,-0.01,
3,0,0.07,-10.01,-0.1,-0.01,-0.01,
3,0,0.07,-10.01,-0.1,0,-0.01,
3,0,-0.01,-10,-0.08,0,-0.01,
3,0,-0.01,-10,-0.08,0,-0.01,
3,0,-0.01,-10,-0.08,-0.01,-0.01,
3,0,0,-10.06,-0.07,-0.01,-0.01,
3,0,0,-10.06,-0.07,0,-0.01,
3,0,0,-10.06,-0.07,0,-0.01,
3,0,0,-9.99,-0.05,0,-0.01,
3,0,0,-9.99,-0.05,0,-0.01,
3,0,0,-9.99,-0.05,0,-0.01,
3,0,0,-10.01,-0.13,-0.01,-0.01,
3,0,0,-10.01,-0.13,-0.01,-0.01,
3,0,0,-10.01,-0.13,0,-0.01,
3,0,-0.03,-9.99,-0.07,0,-0.01,
3,0,-0.03,-9.99,-0.07,0,-0.01,
3,0,-0.03,-9.99,-0.07,0,-0.01,
3,0,0.01,-10.01,-0.08,-0.01,-0.01,
3,0,0.01,-10.01,-0.08,0,-0.01,
3,0,-0.01,-10.01,-0.12,0,-0.01,
3,0,-0.01,-10.01,-0.12,0,-0.01,
3,0,-0.01,-10.01,-0.12,0,-0.01,
3,0,0.01,-10,-0.11,0,-0.01,
3,0,0.01,-10,-0.11,0,-0.01,
3,0,0.01,-10,-0.11,0,-0.01,
3,0,0,-10.05,-0.07,0,-0.01,
3,0,0,-10.05,-0.07,-0.01,-0.01,
3,0,0,-10.05,-0.07,0,-0.01,
3,0,0.05,-10.04,-0.08,0,-0.01,
3,0,0.05,-10.04,-0.08,-0.01,0,
3,0,0.05,-10.04,-0.08,-0.01,-0.01,
3,0,-0.04,-10.06,-0.08,-0.01,-0.01,
3,0,-0.04,-10.06,-0.08,-0.01,-0.01,
3,0,-0.04,-10.06,-0.08,-0.01,-0.01,
3,0,0.01,-10.03,-0.07,-0.01,-0.01,
3,0,0.01,-10.03,-0.07,0,0,
3,0,0.01,-10.03,-0.07,-0.01,-0.01,
3,0,0.03,-10.07,-0.13,-0.01,-0.01,
3,0,0.03,-10.07,-0.13,-0.01,-0.01,
3,0,0.03,-10.07,-0.13,-0.01,-0.01,
3,0,-0.01,-9.95,-0.07,-0.01,-0.01,
3,0,-0.01,-9.95,-0.07,-0.01,-0.01,
3,0,-0.01,-9.95,-0.07,-0.01,-0.01,
3,0,0,-10.03,-0.11,-0.01,-0.01,
3,0,0,-10.03,-0.11,0,-0.01,
3,0,0,-10,-0.09,0,-0.01,
3,0,0,-10,-0.09,0,-0.01,
3,0,0,-10,-0.09,0,-0.01,
3,0,0,-10.03,-0.11,0,-0.01,
3,0,0,-10.03,-0.11,0,-0.01,
3,0,0,-10.03,-0.11,0,-0.01,
3,0,0,-10.07,-0.11,0,-0.01,
3,0,0,-10.07,-0.11,0,-0.01,
3,0,0,-10.07,-0.11,-0.01,-0.01,
3,0,-0.02,-10.04,-0.03,0,0,
3,0,-0.02,-10.04,-0.03,0,0,
3,0,-0.02,-10.04,-0.03,-0.01,-0.01,
3,0,0.01,-10.02,-0.09,0,-0.01,
3,0,0.01,-10.02,-0.09,0,-0.01,
3,0,0.01,-10.02,-0.09,-0.01,0,
3,0,-0.02,-9.98,-0.08,-0.01,0,
3,0,-0.02,-9.98,-0.08,0,-0.01,
3,0,0.02,-10.08,-0.06,0,-0.01,
3,0,0.02,-10.08,-0.06,0,-0.01,
3,0,0,-9.99,-0.11,-0.01,-0.01,
3,0,0,-9.99,-0.11,0,-0.01,
3,0,0,-9.99,-0.11,0,-0.01,
3,0,-0.01,-10.06,-0.08,0,0,
3,0,-0.01,-10.06,-0.08,0,-0.01,
3,0,-0.01,-10.06,-0.08,0,-0.01,
3,0,0,-10,-0.04,-0.01,-0.01,
3,0,0,-10,-0.04,0,-0.01,
3,0,0,-10,-0.04,0,-0.01,
3,0,-0.04,-10.08,-0.08,-0.01,-0.01,
3,0,-0.04,-10.08,-0.08,0,-0.01,
3,0,-0.04,-10.08,-0.08,0,-0.01,
3,0,-0.05,-9.99,-0.11,0,-0.01,
3,0,-0.05,-9.99,-0.11,0,-0.01,
3,0,-0.05,-9.99,-0.11,0,-0.01,
3,0,-0.04,-10.03,-0.11,-0.01,-0.01,
3,0,-0.04,-10.03,-0.11,-0.01,-0.01,
3,0,-0.04,-10.03,-0.11,-0.01,-0.01,
3,0,0.01,-10.06,-0.11,0,-0.01,
3,0,0.01,-10.06,-0.11,0,-0.01,
3,0,0,-10.07,-0.13,0,-0.01,
3,0,0,-10.07,-0.13,-0.01,-0.01,
3,0,0,-10.07,-0.13,0,-0.01,
3,0,0.06,-10.04,-0.08,0,-0.01,
3,0,0.06,-10.04,-0.08,0,-0.01,
3,0,0.06,-10.04,-0.08,-0.01,-0.01,
3,0,0.01,-10.06,-0.05,-0.01,-0.01,
3,0,0.01,-10.06,-0.05,0,-0.01,
3,0,0.01,-10.06,-0.05,-0.01,-0.01,
3,0,0.02,-10,-0.08,-0.01,-0.01,
3,0,0.02,-10,-0.08,-0.01,-0.01,
3,0,0.02,-10,-0.08,0,-0.01,
3,0,-0.05,-10.04,-0.07,0,-0.01,
3,0,-0.05,-10.04,-0.07,0,-0.01,
3,0,-0.05,-10.04,-0.07,0,-0.01,
3,0,0,-10.01,-0.13,0,-0.01,
3,0,0,-10.01,-0.13,-0.01,-0.01,
3,0,0,-10.01,-0.13,0,-0.01,
3,0,-0.02,-9.98,-0.15,0,-0.01,
3,0,-0.02,-9.98,-0.15,0,-0.01,
3,0,-0.02,-9.98,-0.15,0,-0.01,
3,0,-0.02,-10.02,-0.05,0,-0.01,
3,0,-0.02,-10.02,-0.05,-0.01,-0.01,
3,0,0.04,-10,-0.02,0,-0.01,
3,0,0.04,-10,-0.02,0,-0.01,
3,0,0.04,-10,-0.02,0,-0.01,
3,0,0,-9.99,-0.08,0,-0.01,
3,0,0,-9.99,-0.08,0,-0.01,
3,0,0,-9.99,-0.08,0,-0.01,
3,0,0,-10.03,-0.11,0,-0.01,
3,0,0,-10.03,-0.11,0,-0.01,
3,0,0,-10.03,-0.11,0,-0.01,
3,0,0.01,-10.04,-0.07,0,-0.01,
3,0,0.01,-10.04,-0.07,0,-0.01,
3,0,0.01,-10.04,-0.07,0,0,
3,0,-0.04,-10,-0.15,0,0,
3,0,-0.04,-10,-0.15,0,-0.01,
3,0,-0.04,-10,-0.15,0,-0.01,
3,0,0.04,-10.07,-0.05,0,-0.01,
3,0,0.04,-10.07,-0.05,-0.01,-0.01,
3,0,0.04,-10.07,-0.05,0,-0.01,
3,0,0.06,-9.98,-0.1,-0.01,-0.01,
3,0,0.06,-9.98,-0.1,-0.01,-0.01,
3,0,0.06,-9.98,-0.1,-0.01,0,
3,0,0.05,-10,-0.05,0,-0.01,
3,0,0.05,-10,-0.05,0,-0.01,
3,0,0,-9.99,-0.07,-0.01,-0.01,
3,0,0,-9.99,-0.07,0,-0.01,
3,0,0,-9.99,-0.07,0,-0.01,
3,0,0,-10.04,-0.07,-0.01,-0.01,
3,0,0,-10.04,-0.07,0,-0.01,
3,0,0,-10.04,-0.07,0,-0.01,
3,0,0.01,-10.08,-0.11,-0.01,-0.01,
3,0,0.01,-10.08,-0.11,0,-0.01,
3,0,0.01,-10.08,-0.11,0,-0.01,
3,0,-0.05,-10.01,-0.08,0,-0.01,
3,0,-0.05,-10.01,-0.08,0,-0.01,
3,0,-0.05,-10.01,-0.08,-0.01,-0.01,
3,0,0,-10,-0.1,-0.01,-0.01,
3,0,0,-10,-0.1,-0.01,-0.01,
3,0,0,-10,-0.1,-0.01,-0.01,
3,0,0.07,-10.05,-0.09,0,-0.01,
3,0,0.07,-10.05,-0.09,0,-0.01,
3,0,0.07,-10.05,-0.09,-0.01,-0.01,
3,0,-0.01,-10.04,-0.1,-0.01,-0.01,
3,0,-0.01,-10.04,-0.1,-0.01,-0.01,
3,0,-0.01,-10.04,-0.1,0,-0.01,
3,0,0,-10.06,-0.03,-0.01,-0.01,
3,0,0,-10.06,-0.03,-0.01,-0.01,
3,0,0,-10.06,-0.03,0,-0.01,
3,0,0.02,-10.05,-0.15,0,-0.01,
3,0,0.02,-10.05,-0.15,-0.01,-0.01,
3,0,0.02,-10.05,-0.15,0,-0.01,
3,0,0.03,-10.03,-0.06,0,-0.01,
3,0,0.03,-10.03,-0.06,0,-0.01,
3,0,0.03,-10.03,-0.06,0,-0.01,
3,0,0,-10.07,-0.11,0,-0.01,
3,0,0,-10.07,-0.11,-0.01,-0.01,
3,0,0,-10.07,-0.11,0,-0.01,
3,0,0.04,-10.06,-0.04,0,-0.01,
3,0,0.04,-10.06,-0.04,0,-0.01,
3,0,0.04,-10.06,-0.04,-0.01,0,
3,0,0,-10.07,-0.08,-0.01,0,
3,0,0,-10.07,-0.08,0,-0.01,
3,0,0.04,-10.01,-0.05,0,-0.01,
3,0,0.04,-10.01,-0.05,0,-0.01,
3,0,0.04,-10.01,-0.05,0,-0.01,
3,0,-0.05,-10.07,-0.12,-0.01,-0.01,
3,0,-0.05,-10.07,-0.12,-0.01,-0.01,
3,0,-0.05,-10.07,-0.12,-0.01,-0.01,
3,0,0.1,-10.01,-0.07,0,-0.01,
3,0,0.1,-10.01,-0.07,0,-0.01,
3,0,0.1,-10.01,-0.07,-0.01,-0.01,
3,0,-0.01,-10.04,-0.1,0,-0.01,
3,0,-0.01,-10.04,-0.1,0,-0.01,
3,0,-0.01,-10.04,-0.1,0,0,
3,0,-0.04,-10.02,-0.12,-0.01,-0.01,
3,0,-0.04,-10.02,-0.12,-0.01,-0.01,
3,0,-0.04,-10.02,-0.12,0,-0.01,
3,0,-0.04,-10.02,-0.11,0,-0.01,
3,0,-0.04,-10.02,-0.11,0,-0.01,
3,0,0.02,-10.07,-0.09,0,-0.01,
3,0,0.02,-10.07,-0.09,0,-0.01,
3,0,0.02,-10.07,-0.09,-0.01,-0.01,
3,0,0.02,-10.03,-0.06,-0.01,-0.01,
3,0,0.02,-10.03,-0.06,0,-0.01,
3,0,0.02,-10.03,-0.06,0,-0.01,
3,0,0,-10,-0.06,0,-0.01,
3,0,0,-10,-0.06,0,-0.01,
3,0,0,-10,-0.06,0,-0.01,
3,0,-0.03,-10.06,-0.1,0,-0.01,
3,0,-0.03,-10.06,-0.1,0,-0.01,
3,0,-0.03,-10.06,-0.1,0,0,
3,0,-0.01,-10.03,-0.02,0,0,
3,0,-0.01,-10.03,-0.02,0,-0.01,
3,0,-0.01,-10.03,-0.02,0,-0.01,
3,0,-0.08,-10.05,-0.05,0,-0.01,
3,0,-0.08,-10.05,-0.05,-0.01,-0.01,
3,0,-0.08,-10.05,-0.05,-0.01,-0.01,
3,0,-0.02,-10.07,-0.08,-0.01,-0.01,
3,0,-0.02,-10.07,-0.08,-0.01,-0.01,
3,0,-0.03,-10.04,-0.06,-0.01,-0.01,
3,0,-0.03,-10.04,-0.06,0,-0.01,
3,0,-0.03,-10.04,-0.06,-0.01,-0.01,
3,0,0.04,-10.01,-0.1,-0.01,-0.01,
3,0,0.04,-10.01,-0.1,-0.01,-0.01,
3,0,0.04,-10.01,-0.1,0,-0.01,
3,0,0,-10.06,-0.1,0,-0.01,
3,0,0,-10.06,-0.1,-0.01,-0.01,
3,0,0,-10.06,-0.1,0,-0.01,
3,0,-0.05,-10.01,-0.08,0,-0.01,
3,0,-0.05,-10.01,-0.08,-0.01,-0.01,
3,0,-0.05,-10.01,-0.08,-0.01,-0.01,
3,0,-0.04,-10,-0.13,-0.01,-0.01,
3,0,-0.04,-10,-0.13,0,-0.01,
3,0,-0.04,-10,-0.13,0,-0.01,
3,0,0,-10.01,-0.06,0,-0.01,
3,0,0,-10.01,-0.06,0,-0.01,
3,0,0,-10.01,-0.06,-0.01,-0.01,
3,0,-0.01,-10.05,-0.06,0,-0.01,
3,0,-0.01,-10.05,-0.06,0,-0.01,
3,0,0.01,-10.03,-0.07,0,-0.01,
3,0,0.01,-10.03,-0.07,-0.01,-0.01,
3,0,0.01,-10.03,-0.07,-0.01,-0.01,
3,0,0.05,-10.01,-0.05,0,-0.01,
3,0,0.05,-10.01,-0.05,-0.01,-0.01,
3,0,0.05,-10.01,-0.05,-0.01,-0.01,
3,0,0.03,-9.99,-0.06,-0.01,-0.01,
3,0,0.03,-9.99,-0.06,0,-0.01,
3,0,0.03,-9.99,-0.06,0,-0.01,
3,0,-0.04,-10.07,-0.11,0,-0.01,
3,0,-0.04,-10.07,-0.11,0,-0.01,
3,0,-0.04,-10.07,-0.11,0,-0.01,
3,0,-0.04,-10.04,-0.09,0,-0.01,
3,0,-0.04,-10.04,-0.09,0,-0.01,
3,0,-0.04,-10.04,-0.09,0,-0.01,
3,0,-0.02,-10.04,-0.08,-0.01,-0.01,
3,0,-0.02,-10.04,-0.08,-0.01,-0.01,
3,0,-0.02,-10.04,-0.08,0,-0.01,
3,0,-0.03,-9.99,-0.06,0,-0.01,
3,0,-0.03,-9.99,-0.06,0,-0.01,
3,0,-0.03,-9.99,-0.06,-0.01,-0.01,
3,0,-0.03,-10.02,-0.06,0,-0.01,
3,0,-0.03,-10.02,-0.06,-0.01,-0.01,
3,0,-0.09,-10.03,-0.1,-0.01,-0.01,
3,0,-0.09,-10.03,-0.1,0,-0.01,
3,0,-0.09,-10.03,-0.1,0,-0.01,
3,0,-0.08,-10.03,-0.09,0,-0.01,
3,0,-0.08,-10.03,-0.09,0,-0.01,
3,0,-0.08,-10.03,-0.09,-0.01,-0.01,
3,0,0.02,-9.99,-0.1,-0.01,-0.01,
3,0,0.02,-9.99,-0.1,0,-0.01,
3,0,0.02,-9.99,-0.1,0,-0.01,
3,0,0,-10.02,-0.11,0,-0.01,
3,0,0,-10.02,-0.11,0,-0.01,
3,0,0,-10.02,-0.11,0,-0.01,
3,0,0.04,-10.03,-0.11,-0.01,-0.01,
3,0,0.04,-10.03,-0.11,0,-0.02,
3,0,0.04,-10.03,-0.11,0,-0.02,
3,0,0.01,-10.04,-0.11,-0.01,0,
3,0,0.01,-10.04,-0.11,-0.01,-0.01,
3,0,0.01,-10.04,-0.11,-0.01,-0.01,
3,0,0.03,-10.02,-0.07,-0.01,-0.01,
3,0,0.03,-10.02,-0.07,-0.01,-0.01,
3,0,0.03,-10.02,-0.07,-0.01,-0.01,
3,0,0.02,-10,-0.12,0,-0.01,
3,0,0.02,-10,-0.12,-0.01,-0.01,
3,0,0.02,-9.98,-0.09,-0.01,-0.01,
3,0,0.02,-9.98,-0.09,0,-0.01,
3,0,0.02,-9.98,-0.09,-0.01,-0.01,
3,0,-0.03,-10.02,-0.06,-0.01,-0.01,
3,0,-0.03,-10.02,-0.06,0,-0.01,
3,0,-0.03,-10.02,-0.06,-0.01,-0.01,
3,0,0.01,-9.97,-0.05,-0.01,-0.01,
3,0,0.01,-9.97,-0.05,-0.01,-0.01,
3,0,0.01,-9.97,-0.05,0,-0.01,
3,0,0.06,-10.03,-0.06,0,-0.01,
3,0,0.06,-10.03,-0.06,-0.01,-0.01,
3,0,0.06,-10.03,-0.06,-0.01,-0.01,
3,0,0,-10.01,-0.09,-0.01,-0.01,
3,0,0,-10.01,-0.09,0,-0.01,
3,0,0,-10.01,-0.09,0,-0.01,
3,0,0.01,-9.95,-0.11,0,-0.01,
3,0,0.01,-9.95,-0.11,0,-0.01,
3,0,0.01,-9.95,-0.11,0,-0.01,
3,0,-0.03,-10.07,-0.12,0,-0.01,
3,0,-0.03,-10.07,-0.12,-0.01,-0.01,
3,0,-0.03,-10.07,-0.12,-0.01,0,
3,0,0.04,-9.98,-0.09,-0.01,0,
3,0,0.04,-9.98,-0.09,0,-0.01,
3,0,-0.04,-10.05,-0.05,0,-0.01,
3,0,-0.04,-10.05,-0.05,0,-0.01,
3,0,-0.04,-10.05,-0.05,0,-0.01,
3,0,0,-10.02,-0.07,0,-0.01,
3,0,0,-10.02,-0.07,0,-0.01,
3,0,0,-10.02,-0.07,-0.01,-0.01,
3,0,0.04,-10.01,-0.05,0,-0.01,
3,0,0.04,-10.01,-0.05,0,-0.01,
3,0,0.04,-10.01,-0.05,-0.01,-0.01,
3,0,-0.02,-10.07,-0.1,0,-0.01,
3,0,-0.02,-10.07,-0.1,0,-0.01,
3,0,-0.02,-10.07,-0.1,-0.01,-0.01,
3,0,-0.02,-9.98,-0.12,0,-0.01,
3,0,-0.02,-9.98,-0.12,0,-0.01,
3,0,-0.02,-9.98,-0.12,-0.01,-0.01,
3,0,0.05,-10.02,-0.07,0,-0.01,
3,0,0.05,-10.02,-0.07,0,-0.01,
3,0,0.05,-10.02,-0.07,0,-0.01,
3,0,0,-10.06,-0.12,0,-0.01,
3,0,0,-10.06,-0.12,0,-0.01,
3,0,0,-10.03,-0.07,0,0,
3,0,0,-10.03,-0.07,-0.01,-0.01,
3,0,0,-10.03,-0.07,-0.01,-0.01,
3,0,0.03,-9.99,-0.11,-0.01,-0.01,
3,0,0.03,-9.99,-0.11,-0.01,-0.01,
3,0,0.03,-9.99,-0.11,-0.01,-0.01,
3,0,-0.01,-10.05,-0.08,0,-0.01,
3,0,-0.01,-10.05,-0.08,-0.01,-0.01,
3,0,-0.01,-10.05,-0.08,-0.01,-0.01,
3,0,-0.01,-10.09,-0.07,0,-0.01,
3,0,-0.01,-10.09,-0.07,0,-0.01,
3,0,-0.01,-10.09,-0.07,0,-0.01,
3,0,0.03,-10,-0.1,-0.01,-0.01,
3,0,0.03,-10,-0.1,0,-0.01,
3,0,0.03,-10,-0.1,0,-0.01,
3,0,-0.07,-9.98,-0.11,-0.01,-0.01,
3,0,-0.07,-9.98,-0.11,0,-0.01,
3,0,0,-10.07,-0.06,0,-0.01,
3,0,0,-10.07,-0.06,-0.01,-0.01,
3,0,0,-10.07,-0.06,0,-0.01,
3,0,0,-9.99,-0.08,0,-0.01,
3,0,0,-9.99,-0.08,0,0,
3,0,0,-9.99,-0.08,0,-0.01,
3,0,0.05,-10.09,-0.05,0,-0.01,
3,0,0.05,-10.09,-0.05,0,-0.01,
3,0,0.05,-10.09,-0.05,0,-0.01,
3,0,0.03,-10.08,-0.12,0,-0.01,
3,0,0.03,-10.08,-0.12,0,-0.01,
3,0,0.03,-10.08,-0.12,-0.01,-0.01,
3,0,0.02,-10,-0.03,-0.01,-0.01,
3,0,0.02,-10,-0.03,-0.01,0,
3,0,0.02,-10,-0.03,0,-0.01,
3,0,0,-10,-0.09,0,-0.01,
3,0,0,-10,-0.09,0,-0.01,
3,0,0,-10,-0.09,0,-0.01,
3,0,0.01,-10.03,-0.1,0,-0.01,
3,0,0.01,-10.03,-0.1,0,-0.01,
3,0,0.01,-10.03,-0.1,0,-0.01,
3,0,-0.05,-10,-0.13,-0.01,-0.01,
3,0,-0.05,-10,-0.13,0,0,
3,0,-0.05,-10,-0.13,0,0,
3,0,-0.01,-10.02,-0.06,-0.01,-0.01,
3,0,-0.01,-10.02,-0.06,-0.01,-0.01,
3,0,-0.01,-10.02,-0.06,-0.01,-0.01,
3,0,-0.02,-9.98,-0.12,0,0,
3,0,-0.02,-9.98,-0.12,0,-0.01,
3,0,-0.02,-9.98,-0.12,0,-0.01,
3,0,0.02,-10.02,-0.1,-0.01,-0.01,
3,0,0.02,-10.02,-0.1,0,-0.01,
3,0,0.02,-10.02,-0.1,0,-0.01,
3,0,0,-10.05,-0.09,0,0,
3,0,0,-10.05,-0.09,0,-0.01,
3,0,-0.03,-10.07,-0.1,0,-0.01,
3,0,-0.03,-10.07,-0.1,0,-0.01,
3,0,-0.03,-10.07,-0.1,-0.01,-0.01,
3,0,0.02,-10.07,-0.12,-0.01,-0.01,
3,0,0.02,-10.07,-0.12,0,-0.01,
3,0,0.02,-10.07,-0.12,-0.01,-0.01,
3,0,0.04,-10.01,-0.1,0,-0.01,
3,0,0.04,-10.01,-0.1,0,-0.01,
3,0,0.04,-10.01,-0.1,0,-0.01,
3,0,0,-10.02,-0.1,0,-0.01,
3,0,0,-10.02,-0.1,0,-0.01,
3,0,0,-10.02,-0.1,-0.01,-0.01,
3,0,0.05,-10.04,-0.09,0,-0.01,
3,0,0.05,-10.04,-0.09,0,-0.01,
3,0,0,-10.03,-0.06,0,-0.01,
3,0,0,-10.03,-0.06,0,-0.01,
3,0,0,-10.03,-0.06,0,-0.01,
3,0,-0.01,-10.07,-0.12,-0.01,-0.01,
3,0,-0.01,-10.07,-0.12,0,-0.01,
3,0,-0.01,-10.07,-0.12,0,-0.01,
3,0,-0.03,-10.03,-0.06,0,-0.01,
3,0,-0.03,-10.03,-0.06,0,-0.01,
3,0,-0.03,-10.03,-0.06,0,-0.01,
3,0,-0.09,-10.02,-0.06,0,-0.01,
3,0,-0.09,-10.02,-0.06,-0.01,-0.01,
3,0,-0.09,-10.02,-0.06,-0.01,-0.01,
3,0,-0.03,-9.98,-0.1,-0.01,-0.01,
3,0,-0.03,-9.98,-0.1,0,-0.01,
3,0,-0.03,-9.98,-0.1,0,-0.01,
3,0,0.02,-10.03,-0.02,-0.01,-0.01,
3,0,0.02,-10.03,-0.02,-0.01,-0.01,
3,0,0.02,-10.03,-0.02,-0.01,-0.01,
3,0,-0.01,-10.04,-0.09,-0.01,-0.01,
3,0,-0.01,-10.04,-0.09,-0.01,-0.01,
3,0,-0.01,-10.04,-0.09,-0.01,-0.01,
3,0,-0.01,-10.03,-0.08,0,-0.01,
3,0,-0.01,-10.03,-0.08,-0.01,-0.01,
3,0,0,-10.03,-0.1,-0.01,-0.01,
3,0,0,-10.03,-0.1,0,-0.01,
3,0,0,-10.03,-0.1,0,-0.01,
3,0,0.02,-10.07,-0.08,0,-0.01,
3,0,0.02,-10.07,-0.08,-0.01,-0.01,
3,0,0.02,-10.07,-0.08,-0.01,-0.01,
3,0,0.04,-10.02,-0.09,-0.01,-0.01,
3,0,0.04,-10.02,-0.09,-0.01,-0.01,
3,0,0.04,-10.02,-0.09,-0.01,-0.01,
3,0,-0.01,-10.05,-0.08,-0.01,-0.01,
3,0,-0.01,-10.05,-0.08,-0.01,-0.01,
3,0,-0.01,-10.05,-0.08,0,-0.01,
3,0,0,-10.11,-0.11,0,-0.01,
3,0,0,-10.11,-0.11,0,-0.01,
3,0,0,-10.11,-0.11,0,-0.01,
3,0,-0.03,-10.06,-0.07,0,-0.01,
3,0,-0.03,-10.06,-0.07,-0.01,-0.01,
3,0,-0.03,-10.06,-0.07,-0.01,-0.01,
3,0,-0.01,-10.05,-0.11,-0.01,-0.01,
3,0,-0.01,-10.05,-0.11,-0.01,-0.01,
3,0,-0.01,-10.05,-0.11,-0.01,-0.01,
3,0,0.02,-10.05,-0.11,-0.01,-0.01,
3,0,0.02,-10.05,-0.11,-0.01,-0.01,
3,0,0.02,-10.05,-0.11,-0.01,-0.01,
3,0,0,-10.05,-0.07,0,-0.01,
3,0,0,-10.05,-0.07,0,-0.01,
3,0,0.06,-10.02,-0.07,0,-0.01,
3,0,0.06,-10.02,-0.07,0,0,
3,0,0.06,-10.02,-0.07,0,-0.01,
3,0,-0.02,-10,-0.07,0,-0.01,
3,0,-0.02,-10,-0.07,0,-0.01,
3,0,-0.02,-10,-0.07,-0.01,-0.01,
3,0,0.02,-10.02,-0.1,-0.01,-0.01,
3,0,0.02,-10.02,-0.1,-0.01,-0.01,
3,0,0.02,-10.02,-0.1,0,-0.01,
3,0,0.01,-10.02,-0.08,0,-0.01,
3,0,0.01,-10.02,-0.08,-0.01,0,
3,0,0.01,-10.02,-0.08,0,-0.01,
3,0,-0.02,-10.11,-0.14,0,-0.01,
3,0,-0.02,-10.11,-0.14,0,-0.01,
3,0,-0.02,-10.11,-0.14,0,-0.01,
3,0,-0.01,-10.03,-0.07,0,-0.01,
3,0,-0.01,-10.03,-0.07,0,-0.01,
3,0,-0.01,-10.03,-0.07,0,-0.01,
3,0,0.01,-9.99,-0.05,0,-0.01,
3,0,0.01,-9.99,-0.05,0,-0.01,
3,0,0.01,-9.99,-0.05,0,-0.01,
3,0,0.01,-9.99,-0.11,-0.01,-0.01,
3,0,0.01,-9.99,-0.11,-0.01,-0.01,
3,0,0.01,-9.99,-0.11,-0.01,-0.01,
3,0,-0.01,-10.04,-0.07,0,-0.01,
3,0,-0.01,-10.04,-0.07,-0.01,-0.01,
3,0,-0.01,-10.04,-0.07,-0.01,-0.01,
3,0,-0.02,-9.99,-0.07,-0.01,-0.01,
3,0,-0.02,-9.99,-0.07,0,-0.01,
3,0,-0.02,-9.99,-0.07,0,-0.01,
3,0,0,-10.03,-0.07,0,-0.01,
3,0,0,-10.03,-0.07,-0.01,-0.01,
3,0,0,-10.03,-0.07,-0.01,-0.01,
3,0,0.03,-10.03,-0.13,-0.01,-0.01,
3,0,0.03,-10.03,-0.13,-0.01,-0.01,
3,0,0.01,-10.05,-0.09,-0.01,-0.01,
3,0,0.01,-10.05,-0.09,-0.01,-0.01,
3,0,0.01,-10.05,-0.09,0,-0.01,
3,0,0,-10.03,-0.08,0,-0.01,
3,0,0,-10.03,-0.08,-0.01,-0.01,
3,0,0,-10.03,-0.08,0,-0.01,
3,0,-0.04,-10.06,-0.13,0,-0.01,
3,0,-0.04,-10.06,-0.13,-0.01,-0.02,
3,0,-0.04,-10.06,-0.13,0,-0.01,
3,0,-0.03,-10.03,-0.11,0,-0.01,
3,0,-0.03,-10.03,-0.11,0,-0.01,
3,0,-0.03,-10.03,-0.11,0,-0.01,
3,0,0.04,-10.01,-0.09,0,-0.01,
3,0,0.04,-10.01,-0.09,0,-0.01,
3,0,0.04,-10.01,-0.09,0,-0.01,
3,0,-0.01,-10.01,-0.1,0,-0.01,
3,0,-0.01,-10.01,-0.1,0,-0.01,
3,0,-0.01,-10.01,-0.1,0,-0.01,
3,0,0,-10.03,-0.11,0,-0.01,
3,0,0,-10.03,-0.11,-0.01,-0.01,
3,0,0,-10.03,-0.11,0,-0.01,
3,0,-0.02,-10.07,-0.05,0,-0.01,
3,0,-0.02,-10.07,-0.05,0,-0.01,
3,0,0,-10.08,-0.09,-0.01,-0.01,
3,0,0,-10.08,-0.09,-0.01,-0.01,
3,0,0,-10.08,-0.09,-0.01,-0.01,
3,0,0,-10.04,-0.07,-0.01,-0.01,
3,0,0,-10.04,-0.07,-0.01,-0.01,
3,0,0,-10.04,-0.07,-0.01,-0.01,
3,0,0.01,-10.04,-0.04,-0.01,-0.01,
3,0,0.01,-10.04,-0.04,-0.01,-0.01,
3,0,0.01,-10.04,-0.04,0,-0.01,
3,0,-0.02,-9.95,-0.11,-0.01,-0.01,
3,0,-0.02,-9.95,-0.11,-0.01,-0.01,
3,0,-0.02,-9.95,-0.11,0,-0.01,
3,0,0.03,-10.03,-0.05,0,-0.01,
3,0,0.03,-10.03,-0.05,0,-0.01,
3,0,0.03,-10.03,-0.05,0,-0.01,
3,0,0.04,-10.07,-0.13,-0.01,-0.01,
3,0,0.04,-10.07,-0.13,-0.01,-0.01,
3,0,0.04,-10.07,-0.13,0,-0.01,
3,0,0.01,-10.03,-0.08,0,-0.01,
3,0,0.01,-10.03,-0.08,0,-0.01,
3,0,0.01,-10.03,-0.08,-0.01,-0.01,
3,0,0,-10.02,-0.09,-0.01,-0.01,
3,0,0,-10.02,-0.09,-0.01,-0.01,
3,0,-0.06,-10.07,-0.08,-0.01,-0.01,
3,0,-0.06,-10.07,-0.08,0,-0.01,
3,0,-0.06,-10.07,-0.08,0,-0.01,
3,0,0,-10.03,-0.09,0,-0.01,
3,0,0,-10.03,-0.09,0,-0.01,
3,0,0,-10.03,-0.09,0,-0.01,
3,0,-0.01,-9.99,-0.08,-0.01,-0.01,
3,0,-0.01,-9.99,-0.08,-0.01,-0.01,
3,0,-0.01,-9.99,-0.08,-0.01,-0.01,
3,0,-0.01,-9.99,-0.04,-0.01,-0.01,
3,0,-0.01,-9.99,-0.04,0,-0.01,
3,0,-0.01,-9.99,-0.04,0,-0.01,
3,0,-0.06,-10.01,-0.04,-0.01,-0.01,
3,0,-0.06,-10.01,-0.04,-0.01,-0.01,
3,0,-0.06,-10.01,-0.04,-0.01,-0.01,
3,0,0,-10.05,-0.13,0,-0.01,
3,0,0,-10.05,-0.13,0,0,
3,0,0,-10.05,-0.13,0,0,
3,0,0.02,-10.1,-0.08,-0.01,-0.01,
3,0,0.02,-10.1,-0.08,-0.01,-0.01,
3,0,0.02,-10.1,-0.08,-0.01,-0.01,
3,0,0,-10.04,-0.1,0,-0.01,
3,0,0,-10.04,-0.1,0,-0.01,
3,0,0,-10.04,-0.1,0,0,
3,0,-0.05,-10.02,-0.03,0,-0.01,
3,0,-0.05,-10.02,-0.03,0,-0.01,
3,0,-0.05,-10.02,-0.03,-0.01,-0.01,
3,0,-0.01,-10.06,-0.1,-0.01,-0.01,
3,0,-0.01,-10.06,-0.1,-0.01,-0.01,
3,0,0.03,-9.99,-0.14,-0.01,-0.01,
3,0,0.03,-9.99,-0.14,0,-0.01,
3,0,0.03,-9.99,-0.14,0,-0.01,
3,0,-0.08,-10.03,-0.1,0,-0.01,
3,0,-0.08,-10.03,-0.1,0,-0.01,
3,0,-0.08,-10.03,-0.1,-0.01,-0.01,
3,0,-0.01,-10.08,-0.1,0,-0.01,
3,0,-0.01,-10.08,-0.1,0,-0.01,
3,0,-0.01,-10.08,-0.1,0,-0.01,
3,0,0,-9.98,-0.05,-0.01,-0.01,
3,0,0,-9.98,-0.05,-0.01,-0.01,
3,0,0,-9.98,-0.05,-0.01,-0.01,
3,0,0.03,-10.02,-0.12,-0.01,-0.01,
3,0,0.03,-10.02,-0.12,-0.01,-0.01,
3,0,0.03,-10.02,-0.12,0,-0.01,
3,0,-0.01,-10,-0.1,0,-0.01,
3,0,-0.01,-10,-0.1,0,-0.01,
3,0,-0.01,-10,-0.1,0,-0.01,
3,0,0,-10,-0.1,-0.01,-0.01,
3,0,0,-10,-0.1,-0.01,-0.01,
3,0,0,-10,-0.1,-0.01,-0.01,
3,0,0.01,-10.01,-0.03,-0.01,-0.01,
3,0,0.01,-10.01,-0.03,-0.01,-0.01,
3,0,0.01,-10.01,-0.03,0,-0.01,
3,0,0.05,-10,-0.12,0,-0.01,
3,0,0.05,-10,-0.12,0,-0.01,
3,0,0.05,-10,-0.12,0,0,
3,0,-0.04,-10.02,-0.13,0,-0.01,
3,0,-0.04,-10.02,-0.13,0,-0.01,
3,0,0,-10.05,-0.11,0,-0.01,
3,0,0,-10.05,-0.11,0,0,
3,0,0,-10.05,-0.11,0,0,
3,0,-0.04,-10.06,-0.08,0,-0.01,
3,0,-0.04,-10.06,-0.08,0,-0.01,
3,0,-0.04,-10.06,-0.08,0,-0.01,
3,0,0.02,-10.06,-0.11,0,-0.01,
3,0,0.02,-10.06,-0.11,-0.01,-0.01,
3,0,0.02,-10.06,-0.11,-0.01,-0.01,
3,0,0.01,-10.02,-0.11,0,-0.01,
3,0,0.01,-10.02,-0.11,0,-0.01,
3,0,0.01,-10.02,-0.11,0,-0.01,
3,0,-0.02,-10.02,-0.06,0,-0.01,
3,0,-0.02,-10.02,-0.06,0,-0.01,
3,0,-0.02,-10.02,-0.06,0,-0.01,
3,0,-0.01,-10.05,-0.1,-0.01,-0.01,
3,0,-0.01,-10.05,-0.1,-0.01,-0.01,
3,0,-0.01,-10.05,-0.1,-0.01,-0.01,
3,0,0.01,-9.96,-0.12,-0.01,-0.01,
3,0,0.01,-9.96,-0.12,0,-0.01,
3,0,-0.04,-10,-0.12,0,-0.01,
3,0,-0.04,-10,-0.12,-0.01,-0.01,
3,0,-0.04,-10,-0.12,0,-0.01,
3,0,-0.02,-10.04,-0.1,0,-0.01,
3,0,-0.02,-10.04,-0.1,0,-0.01,
3,0,-0.02,-10.04,-0.1,0,-0.01,
3,0,0,-10.04,-0.14,0,-0.01,
3,0,0,-10.04,-0.14,0,-0.01,
3,0,0,-10.04,-0.14,0,-0.01,
3,0,0.06,-10.1,-0.07,0,-0.01,
3,0,0.06,-10.1,-0.07,0,-0.01,
3,0,0.06,-10.1,-0.07,0,-0.01,
3,0,0,-10.06,-0.06,0,-0.01,
3,0,0,-10.06,-0.06,0,-0.01,
3,0,0,-10.06,-0.06,0,-0.01,
3,0,0.05,-10.07,-0.08,0,-0.01,
3,0,0.05,-10.07,-0.08,-0.01,-0.01,
3,0,0.05,-10.07,-0.08,0,-0.01,
3,0,0.01,-10.03,-0.06,0,-0.01,
3,0,0.01,-10.03,-0.06,-0.01,-0.01,
3,0,-0.04,-10.02,-0.13,0,-0.01,
3,0,-0.04,-10.02,-0.13,0,-0.01,
3,0,-0.04,-10.02,-0.13,0,-0.01,
3,0,0,-10,-0.07,0,-0.01,
3,0,0,-10,-0.07,0,-0.01,
3,0,0,-10,-0.07,-0.01,-0.01,
3,0,0.02,-10.02,-0.1,-0.01,-0.01,
3,0,0.02,-10.02,-0.1,-0.01,-0.01,
3,0,0.02,-10.02,-0.1,0,-0.01,
3,0,-0.04,-10.03,-0.11,-0.01,-0.01,
3,0,-0.04,-10.03,-0.11,-0.01,-0.01,
3,0,-0.04,-10.03,-0.11,0,-0.01,
3,0,-0.03,-10.06,-0.09,0,-0.01,
3,0,-0.03,-10.06,-0.09,0,-0.01,
3,0,-0.03,-10.06,-0.09,-0.01,-0.01,
3,0,0,-10.05,-0.11,0,-0.01,
3,0,0,-10.05,-0.11,0,-0.01,
3,0,0,-10.05,-0.11,-0.01,-0.01,
3,0,0.01,-10.02,-0.11,0,-0.01,
3,0,0.01,-10.02,-0.11,0,-0.01,
3,0,0.01,-10,-0.07,-0.01,-0.01,
3,0,0.01,-10,-0.07,-0.01,-0.01,
3,0,0.01,-10,-0.07,-0.01,-0.01,
3,0,-0.02,-10.06,-0.1,-0.01,-0.01,
3,0,-0.02,-10.06,-0.1,-0.01,-0.01,
3,0,-0.02,-10.06,-0.1,-0.01,-0.01,
3,0,0.03,-10.07,-0.11,0,-0.01,
3,0,0.03,-10.07,-0.11,0,-0.01,
3,0,0.03,-10.07,-0.11,0,-0.01,
3,0,-0.05,-10.04,-0.11,0,-0.01,
3,0,-0.05,-10.04,-0.11,0,0,
3,0,-0.05,-10.04,-0.11,0,0,
3,0,-0.02,-10.01,-0.08,0,0,
3,0,-0.02,-10.01,-0.08,0,-0.01,
3,0,-0.02,-10.01,-0.08,0,-0.01,
3,0,0.04,-10.08,-0.06,0,-0.01,
3,0,0.04,-10.08,-0.06,0,-0.01,
3,0,0.04,-10.08,-0.06,0,-0.01,
3,0,0.03,-10.01,-0.06,-0.01,-0.01,
3,0,0.03,-10.01,-0.06,-0.01,-0.01,
3,0,0.03,-10.01,-0.06,0,-0.01,
3,0,-0.01,-10.03,-0.09,0,-0.01,
3,0,-0.01,-10.03,-0.09,0,-0.01,
3,0,-0.01,-10.03,-0.09,0,-0.01,
3,0,0.01,-9.98,-0.07,0,-0.01,
3,0,0.01,-9.98,-0.07,0,-0.01,
3,0,0.01,-9.98,-0.07,0,-0.01,
3,0,-0.01,-10.05,-0.11,-0.01,-0.01,
3,0,-0.01,-10.05,-0.11,0,-0.01,
3,0,-0.03,-9.98,-0.08,0,-0.01,
3,0,-0.03,-9.98,-0.08,-0.01,-0.01,
3,0,-0.03,-9.98,-0.08,0,-0.01,
3,0,0.07,-10,-0.12,0,-0.01,
3,0,0.07,-10,-0.12,-0.01,-0.01,
3,0,0.07,-10,-0.12,0,0,
3,0,0.03,-10.03,-0.1,0,0,
3,0,0.03,-10.03,-0.1,0,-0.01,
3,0,0.03,-10.03,-0.1,-0.01,-0.01,
3,0,-0.06,-10.06,-0.09,-0.01,-0.01,
3,0,-0.06,-10.06,-0.09,0,0,
3,0,-0.06,-10.06,-0.09,0,-0.01,
3,0,0.01,-10.03,-0.1,0,-0.01,
3,0,0.01,-10.03,-0.1,0,-0.01,
3,0,0,-10.01,-0.08,0,-0.01,
3,0,0,-10.01,-0.08,0,-0.01,
3,0,0,-10.01,-0.08,-0.01,-0.01,
3,0,-0.01,-10.05,-0.09,0,-0.01,
3,0,-0.01,-10.05,-0.09,0,-0.01,
3,0,-0.01,-10.05,-0.09,0,0,
3,0,0.02,-10.06,-0.08,0,-0.01,
3,0,0.02,-10.06,-0.08,0,-0.01,
3,0,0.02,-10.06,-0.08,-0.01,-0.01,
3,0,0.06,-9.99,-0.1,-0.01,-0.01,
3,0,0.06,-9.99,-0.1,0,-0.01,
3,0,0.06,-9.99,-0.1,0,-0.01,
3,0,0.04,-10.05,-0.06,-0.01,-0.01,
3,0,0.04,-10.05,-0.06,-0.01,-0.01,
3,0,-0.01,-10.04,-0.1,-0.01,-0.01,
3,0,-0.01,-10.04,-0.1,0,-0.01,
3,0,-0.01,-10.04,-0.1,-0.01,-0.01,
3,0,0,-10.01,-0.1,-0.01,-0.01,
3,0,0,-10.01,-0.1,-0.01,-0.01,
3,0,0,-10.01,-0.1,0,-0.01,
3,0,-0.01,-9.99,-0.1,0,-0.01,
3,0,-0.01,-9.99,-0.1,-0.01,-0.01,
3,0,-0.01,-9.99,-0.1,-0.01,-0.01,
3,0,-0.01,-10.07,-0.01,-0.01,-0.01,
3,0,-0.01,-10.07,-0.01,0,-0.01,
3,0,-0.01,-10.07,-0.01,0,-0.01,
3,0,-0.01,-10.04,-0.1,0,-0.01,
3,0,-0.01,-10.04,-0.1,0,-0.01,
3,0,0.03,-9.99,-0.04,-0.01,-0.01,
3,0,0.03,-9.99,-0.04,0,-0.01,
3,0,0.03,-9.99,-0.04,0,-0.01,
3,0,0.02,-10.05,-0.13,0,-0.01,
3,0,0.02,-10.05,-0.13,-0.01,-0.01,
3,0,0.02,-10.05,-0.13,-0.01,-0.01,
3,0,0.04,-10.03,-0.11,-0.01,-0.01,
3,0,0.04,-10.03,-0.11,0,-0.01,
3,0,0.04,-10.03,-0.11,0,-0.01,
3,0,-0.02,-10.07,-0.09,-0.01,-0.01,
3,0,-0.02,-10.07,-0.09,0,0,
3,0,-0.02,-10.07,-0.09,0,0,
3,0,0,-10.05,-0.11,0,-0.01,
3,0,0,-10.05,-0.11,0,-0.02,
3,0,0.04,-10.07,-0.07,-0.01,-0.01,
3,0,0.04,-10.07,-0.07,-0.01,-0.01,
3,0,0.04,-10.07,-0.07,0,-0.01,
3,0,-0.01,-10.03,-0.09,-0.01,-0.01,
3,0,-0.01,-10.03,-0.09,-0.01,-0.01,
3,0,-0.01,-10.03,-0.09,-0.01,-0.01,
3,0,0.08,-10.02,-0.12,-0.01,-0.01,
3,0,0.08,-10.02,-0.12,-0.01,-0.01,
3,0,0.08,-10.02,-0.12,0,-0.01,
3,0,0,-10.02,-0.1,0,-0.01,
3,0,0,-10.02,-0.1,-0.01,-0.01,
3,0,0,-10.02,-0.1,-0.01,-0.01,
3,0,0,-10.04,-0.09,-0.01,-0.01,
3,0,0,-10.04,-0.09,-0.01,-0.01,
3,0,0,-10.04,-0.09,0,-0.01,
3,0,0,-10.04,-0.03,0,-0.01,
3,0,0,-10.04,-0.03,-0.01,-0.01,
3,0,0,-10.04,-0.03,0,0,
3,0,-0.02,-10.05,-0.13,0,0,
3,0,-0.02,-10.05,-0.13,-0.01,-0.01,
3,0,-0.02,-10.05,-0.13,-0.01,-0.01,
3,0,0,-9.99,-0.11,-0.01,-0.01,
3,0,0,-9.99,-0.11,-0.01,-0.01,
3,0,0,-9.99,-0.11,0,-0.01,
3,0,0.04,-10.04,-0.06,0,-0.01,
3,0,0.04,-10.04,-0.06,0,-0.01,
3,0,0.04,-10.04,-0.06,0,-0.01,
3,0,-0.04,-10.03,-0.12,-0.01,-0.01,
3,0,-0.04,-10.03,-0.12,0,-0.01,
3,0,-0.04,-10.03,-0.12,0,-0.01,
3,0,-0.01,-10.07,-0.03,-0.01,-0.01,
3,0,-0.01,-10.07,-0.03,-0.01,-0.01,
3,0,-0.01,-10.03,-0.04,-0.01,-0.01,
3,0,-0.01,-10.03,-0.04,-0.01,-0.01,
3,0,-0.01,-10.03,-0.04,0,-0.01,
3,0,0,-10.01,-0.13,0,-0.01,
3,0,0,-10.01,-0.13,-0.01,-0.01,
3,0,0,-10.01,-0.13,-0.01,-0.01,
3,0,-0.04,-10.01,-0.09,-0.01,-0.01,
3,0,-0.04,-10.01,-0.09,0,-0.01,
3,0,-0.04,-10.01,-0.09,-0.01,-0.01,
3,0,-0.02,-10.03,-0.15,-0.01,-0.01,
3,0,-0.02,-10.03,-0.15,0,-0.01,
3,0,-0.02,-10.03,-0.15,0,-0.01,
3,0,0.02,-10.07,-0.06,0,-0.01,
3,0,0.02,-10.07,-0.06,-0.01,-0.01,
3,0,0.02,-10.07,-0.06,0,-0.01,
3,0,-0.04,-10,-0.08,0,-0.01,
3,0,-0.04,-10,-0.08,0,-0.01,
3,0,0,-9.98,-0.09,0,-0.01,
3,0,0,-9.98,-0.09,-0.01,-0.01,
3,0,0,-9.98,-0.09,-0.01,-0.01,
3,0,0.01,-10,-0.08,-0.01,-0.01,
3,0,0.01,-10,-0.08,-0.01,-0.01,
3,0,0.01,-10,-0.08,-0.01,-0.01,
3,0,0.01,-10.07,-0.09,0,-0.01,
3,0,0.01,-10.07,-0.09,0,-0.01,
3,0,0.01,-10.07,-0.09,0,-0.01,
3,0,-0.02,-10,-0.03,0,-0.01,
3,0,-0.02,-10,-0.03,0,-0.01,
3,0,-0.02,-10,-0.03,0,-0.01,
3,0,0.01,-10.04,-0.08,-0.01,-0.01,
3,0,0.01,-10.04,-0.08,-0.01,-0.01,
3,0,0.01,-10.04,-0.08,-0.01,-0.01,
3,0,-0.03,-10.02,-0.07,-0.01,-0.01,
3,0,-0.03,-10.02,-0.07,-0.01,0,
3,0,-0.02,-10.04,-0.09,-0.01,0,
3,0,-0.02,-10.04,-0.09,0,-0.01,
3,0,-0.02,-10.04,-0.09,0,-0.01,
3,0,-0.02,-10.02,-0.17,0,-0.01,
3,0,-0.02,-10.02,-0.17,0,-0.01,
3,0,-0.02,-10.02,-0.17,0,-0.01,
3,0,0.01,-9.98,-0.12,0,-0.01,
3,0,0.01,-9.98,-0.12,0,0,
3,0,0.01,-9.98,-0.12,0,-0.01,
3,0,-0.04,-9.99,-0.09,0,-0.01,
3,0,-0.04,-9.99,-0.09,-0.01,-0.01,
3,0,-0.04,-9.99,-0.09,-0.01,-0.01,
3,0,0,-10.02,-0.08,-0.01,-0.01,
3,0,0,-10.02,-0.08,0,-0.01,
3,0,0,-10.02,-0.08,-0.01,-0.01,
3,0,0.02,-10.04,-0.13,-0.01,-0.01,
3,0,0.02,-10.04,-0.13,-0.01,-0.01,
3,0,-0.03,-10.04,-0.09,0,-0.01,
3,0,-0.03,-10.04,-0.09,0,-0.01,
3,0,-0.03,-10.04,-0.09,-0.01,-0.01,
3,0,0,-10.07,-0.08,-0.01,-0.01,
3,0,0,-10.07,-0.08,-0.01,-0.01,
3,0,0,-10.07,-0.08,-0.01,-0.01,
3,0,-0.01,-10.02,-0.12,0,-0.01,
3,0,-0.01,-10.02,-0.12,-0.01,-0.01,
3,0,-0.01,-10.02,-0.12,-0.01,-0.01,
3,0,0.01,-10.03,-0.11,-0.01,-0.01,
3,0,0.01,-10.03,-0.11,-0.01,-0.01,
3,0,0.01,-10.03,-0.11,-0.01,-0.01,
3,0,-0.07,-10.01,-0.11,-0.01,-0.01,
3,0,-0.07,-10.01,-0.11,0,-0.01,
3,0,0,-9.98,-0.17,0,-0.01,
3,0,0,-9.98,-0.17,-0.01,-0.01,
3,0,0,-9.98,-0.17,0,-0.01,
3,0,0.04,-10.12,-0.11,0,-0.01,
3,0,0.04,-10.12,-0.11,0,-0.01,
3,0,0.04,-10.12,-0.11,0,-0.01,
3,0,0.02,-10.03,-0.09,0,-0.01,
3,0,0.02,-10.03,-0.09,-0.01,-0.01,
3,0,0.02,-10.03,-0.09,0,-0.01,
3,0,0.01,-10.06,-0.11,0,-0.01,
3,0,0.01,-10.06,-0.11,0,-0.01,
3,0,0.01,-10.06,-0.11,-0.01,-0.01,
3,0,0.01,-10.02,-0.12,-0.01,-0.01,
3,0,0.01,-10.02,-0.12,0,-0.01,
3,0,0.01,-10.02,-0.12,-0.01,-0.01,
3,0,-0.03,-10.06,-0.09,-0.01,-0.01,
3,0,-0.03,-10.06,-0.09,-0.01,-0.01,
3,0,0.01,-10.02,-0.11,-0.01,-0.01,
3,0,0.01,-10.02,-0.11,-0.01,-0.01,
3,0,0.01,-10.02,-0.11,-0.01,-0.01,
3,0,0.03,-10.05,-0.09,-0.01,-0.01,
3,0,0.03,-10.05,-0.09,-0.01,-0.01,
3,0,0.03,-10.05,-0.09,-0.01,-0.01,
3,0,0.04,-9.99,-0.1,-0.01,-0.01,
3,0,0.04,-9.99,-0.1,-0.01,-0.01,
3,0,0.04,-9.99,-0.1,0,-0.01,
3,0,0.04,-10.04,-0.11,-0.01,-0.01,
3,0,0.04,-10.04,-0.11,-0.01,-0.01,
3,0,0.04,-10.04,-0.11,-0.01,-0.01,
3,0,0,-10.01,-0.08,0,-0.01,
3,0,0,-10.01,-0.08,0,-0.01,
3,0,0,-10.01,-0.08,-0.01,-0.01,
3,0,-0.02,-10.07,-0.11,0,-0.01,
3,0,-0.02,-10.07,-0.11,0,-0.01,
3,0,-0.02,-10.07,-0.11,-0.01,-0.01,
3,0,0,-10,-0.08,0,-0.01,
3,0,0,-10,-0.08,0,-0.01,
3,0,0,-10,-0.08,-0.01,-0.01,
3,0,-0.01,-9.98,-0.07,0,-0.01,
3,0,-0.01,-9.98,-0.07,0,-0.01,
3,0,-0.01,-9.98,-0.07,0,-0.01,
3,0,0.05,-10.04,-0.09,-0.01,-0.01,
3,0,0.05,-10.04,-0.09,-0.01,-0.01,
3,0,-0.01,-10.04,-0.11,-0.01,-0.01,
3,0,-0.01,-10.04,-0.11,0,-0.01,
3,0,-0.01,-10.04,-0.11,0,-0.01,
3,0,-0.02,-10.06,-0.08,-0.01,-0.01,
3,0,-0.02,-10.06,-0.08,-0.01,-0.01,
3,0,-0.02,-10.06,-0.08,-0.01,-0.01,
3,0,-0.05,-10,-0.1,0,-0.01,
3,0,-0.05,-10,-0.1,0,-0.01,
3,0,-0.05,-10,-0.1,0,-0.01,
3,0,0.03,-10.04,-0.08,0,-0.01,
3,0,0.03,-10.04,-0.08,-0.01,-0.01,
3,0,0.03,-10.04,-0.08,-0.01,-0.01,
3,0,-0.01,-10.03,-0.09,0,-0.01,
3,0,-0.01,-10.03,-0.09,-0.01,-0.01,
3,0,-0.01,-10.03,-0.09,-0.01,-0.01,
3,0,0,-10.07,-0.06,-0.01,-0.01,
3,0,0,-10.07,-0.06,-0.01,-0.01,
3,0,0,-10.07,-0.06,-0.01,-0.01,
3,0,-0.04,-10.03,-0.12,0,-0.01,
3,0,-0.04,-10.03,-0.12,-0.01,-0.01,
3,0,-0.04,-10.03,-0.12,-0.01,-0.01,
3,0,-0.02,-10.06,-0.08,-0.01,-0.01,
3,0,-0.02,-10.06,-0.08,-0.01,-0.01,
3,0,-0.03,-10.1,-0.07,-0.01,-0.01,
3,0,-0.03,-10.1,-0.07,-0.01,-0.01,
3,0,-0.03,-10.1,-0.07,-0.01,-0.01,
3,0,-0.02,-10.01,-0.08,-0.01,-0.01,
3,0,-0.02,-10.01,-0.08,0,-0.01,
3,0,-0.02,-10.01,-0.08,0,-0.01,
3,0,-0.04,-10.04,-0.14,0,-0.01,
3,0,-0.04,-10.04,-0.14,0,-0.01,
3,0,-0.04,-10.04,-0.14,0,-0.01,
3,0,0.02,-10,-0.09,0,-0.01,
3,0,0.02,-10,-0.09,0,-0.01,
3,0,0.02,-10,-0.09,0,-0.01,
3,0,-0.01,-10.02,-0.02,-0.01,-0.01,
3,0,-0.01,-10.02,-0.02,0,-0.01,
3,0,-0.01,-10.02,-0.02,0,-0.01,
3,0,-0.02,-10.03,-0.07,0,0,
3,0,-0.02,-10.03,-0.07,-0.01,-0.01,
3,0,-0.02,-10.03,-0.07,-0.01,-0.01,
3,0,0.03,-10.04,-0.07,0,-0.01,
3,0,0.03,-10.04,-0.07,0,-0.01,
3,0,0.03,-10.04,-0.07,0,-0.01,
3,0,0.01,-10.04,-0.12,0,0,
3,0,0.01,-10.04,-0.12,0,-0.01,
3,0,0.02,-10.07,-0.11,-0.01,-0.01,
3,0,0.02,-10.07,-0.11,-0.01,-0.01,
3,0,0.02,-10.07,-0.11,0,-0.01,
3,0,0.05,-10.05,-0.13,0,-0.01,
3,0,0.05,-10.05,-0.13,0,-0.01,
3,0,0.05,-10.05,-0.13,0,-0.01,
3,0,0.01,-9.98,-0.11,0,-0.01,
3,0,0.01,-9.98,-0.11,0,-0.01,
3,0,0.01,-9.98,-0.11,0,-0.01,
3,0,0.03,-10.03,-0.13,0,-0.01,
3,0,0.03,-10.03,-0.13,0,-0.01,
3,0,0.03,-10.03,-0.13,0,-0.01,
3,0,0,-10.08,-0.05,0,-0.01,
3,0,0,-10.08,-0.05,0,-0.01,
3,0,0,-10.08,-0.05,-0.01,-0.01,
3,0,0.02,-10.03,-0.11,-0.01,-0.01,
3,0,0.02,-10.03,-0.11,-0.01,-0.01,
3,0,0.02,-10.03,-0.11,0,-0.01,
3,0,0.01,-10.04,-0.11,0,-0.01,
3,0,0.01,-10.04,-0.11,0,-0.01,
3,0,0.01,-10.04,-0.11,-0.01,-0.01,
3,0,-0.02,-10.07,-0.08,-0.01,-0.01,
3,0,-0.02,-10.07,-0.08,-0.01,-0.01,
3,0,-0.02,-10.07,-0.08,0,-0.01,
3,0,0.03,-9.99,-0.11,0,-0.01,
3,0,0.03,-9.99,-0.11,0,-0.01,
3,0,0.03,-9.99,-0.11,0,-0.01,
3,0,0.03,-10.04,-0.04,-0.01,0,
3,0,0.03,-10.04,-0.04,0,-0.01,
3,0,0.03,-10.04,-0.04,0,-0.01,
3,0,0,-10.06,-0.1,-0.01,-0.01,
3,0,0,-10.06,-0.1,0,-0.01,
3,0,0,-10.06,-0.1,0,-0.01,
3,0,0.06,-10.01,-0.11,-0.01,-0.01,
3,0,0.06,-10.01,-0.11,-0.01,-0.01,
3,0,0.06,-10.01,-0.11,-0.01,-0.01,
3,0,0.01,-10.02,-0.09,-0.01,-0.01,
3,0,0.01,-10.02,-0.09,0,-0.01,
3,0,0.01,-10.02,-0.09,0,-0.01,
3,0,-0.03,-10.05,-0.11,-0.01,-0.01,
3,0,-0.03,-10.05,-0.11,-0.01,-0.01,
3,0,0.01,-10.06,-0.07,-0.01,-0.01,
3,0,0.01,-10.06,-0.07,-0.01,-0.01,
3,0,0.01,-10.06,-0.07,0,-0.01,
3,0,-0.04,-10.04,-0.11,0,-0.01,
3,0,-0.04,-10.04,-0.11,-0.01,-0.01,
3,0,-0.04,-10.04,-0.11,-0.01,-0.01,
3,0,0,-9.98,-0.11,-0.01,-0.01,
3,0,0,-9.98,-0.11,0,-0.01,
3,0,0,-9.98,-0.11,-0.01,-0.01,
3,0,0.01,-10.02,-0.11,-0.01,-0.01,
3,0,0.01,-10.02,-0.11,0,-0.01,
3,0,0.01,-10.02,-0.11,-0.01,-0.01,
3,0,0.01,-10.07,-0.05,-0.01,-0.01,
3,0,-0.01,-9.98,-0.09,-0.01,-0.01,
3,0,-0.01,-9.98,-0.09,-0.01,-0.01,
3,0,-0.01,-9.98,-0.09,-0.01,-0.01,
3,0,-0.04,-10.04,-0.08,-0.01,-0.01,
3,0,-0.04,-10.04,-0.08,0,-0.01,
3,0,-0.04,-10.04,-0.08,0,-0.01,
3,0,-0.03,-10.01,-0.1,-0.01,-0.01,
3,0,-0.03,-10.01,-0.1,-0.01,-0.01,
3,0,-0.03,-10.01,-0.1,-0.01,-0.01,
3,0,0.03,-10.08,-0.11,-0.01,-0.01,
3,0,0.03,-10.08,-0.11,-0.01,-0.01,
3,0,0.03,-10.08,-0.11,-0.01,-0.01,
3,0,-0.01,-10.06,-0.07,0,-0.01,
3,0,-0.01,-10.06,-0.07,0,-0.01,
3,0,-0.01,-10.06,-0.07,-0.01,-0.01,
3,0,0.03,-9.98,-0.12,0,-0.01,
3,0,0.03,-9.98,-0.12,0,-0.01,
3,0,-0.03,-10.05,-0.07,0,-0.01,
3,0,-0.03,-10.05,-0.07,0,-0.01,
3,0,-0.03,-10.05,-0.07,0,-0.01,
3,0,0,-9.98,-0.1,0,-0.01,
3,0,0,-9.98,-0.1,0,-0.01,
3,0,0,-9.98,-0.1,0,-0.01,
3,0,0.07,-10.06,-0.09,0,0,
3,0,0.07,-10.06,-0.09,-0.01,-0.01,
3,0,0.07,-10.06,-0.09,-0.01,-0.01,
3,0,-0.07,-10.12,-0.11,-0.01,-0.01,
3,0,-0.07,-10.12,-0.11,-0.01,-0.01,
3,0,-0.07,-10.12,-0.11,-0.01,-0.01,
3,0,0.03,-10.07,-0.06,-0.01,-0.01,
3,0,0.03,-10.07,-0.06,0,-0.01,
3,0,0.03,-10.07,-0.06,0,-0.01,
3,0,0.01,-10.03,-0.12,-0.01,-0.01,
3,0,0.01,-10.03,-0.12,0,-0.01,
3,0,0.01,-10.03,-0.12,0,-0.01,
3,0,0.01,-10.07,-0.09,0,-0.01,
3,0,0.01,-10.07,-0.09,0,-0.01,
3,0,0.03,-10.03,-0.06,0,-0.01,
3,0,0.03,-10.03,-0.06,-0.01,-0.01,
3,0,0.03,-10.03,-0.06,-0.01,-0.01,
3,0,-0.04,-10.03,-0.07,-0.01,-0.01,
3,0,-0.04,-10.03,-0.07,-0.01,-0.01,
3,0,-0.04,-10.03,-0.07,-0.01,-0.01,
3,0,0.05,-10.07,-0.13,-0.01,-0.01,
3,0,0.05,-10.07,-0.13,-0.01,-0.01,
3,0,0.05,-10.07,-0.13,-0.01,-0.01,
3,0,0,-10.06,-0.06,-0.01,-0.01,
3,0,0,-10.06,-0.06,0,-0.01,
3,0,0,-10.06,-0.06,0,-0.01,
3,0,0.02,-10.03,-0.09,0,-0.01,
3,0,0.02,-10.03,-0.09,0,-0.01,
3,0,0.02,-10.03,-0.09,-0.01,-0.01,
3,0,-0.05,-10.06,-0.04,-0.01,-0.01,
3,0,-0.05,-10.06,-0.04,-0.01,-0.01,
3,0,-0.05,-10.06,-0.04,-0.01,-0.01,
3,0,-0.02,-10,-0.08,-0.01,-0.01,
3,0,-0.02,-10,-0.08,0,-0.01,
3,0,-0.02,-10,-0.08,0,-0.01,
3,0,0.02,-10.03,-0.11,0,-0.01,
3,0,0.02,-10.03,-0.11,0,-0.01,
3,0,-0.02,-10.05,-0.15,-0.01,-0.01,
3,0,-0.02,-10.05,-0.15,-0.01,-0.01,
3,0,-0.02,-10.05,-0.15,0,-0.01,
3,0,-0.04,-10.03,-0.07,0,-0.01,
3,0,-0.04,-10.03,-0.07,0,-0.01,
3,0,-0.04,-10.03,-0.07,0,-0.01,
3,0,0.01,-10.02,-0.11,0,-0.01,
3,0,0.01,-10.02,-0.11,0,-0.01,
3,0,0.01,-10.02,-0.11,-0.01,-0.01,
3,0,-0.01,-10.03,-0.08,0,-0.01,
3,0,-0.01,-10.03,-0.08,0,-0.01,
3,0,-0.01,-10.03,-0.08,0,-0.01,
3,0,-0.02,-9.98,-0.13,-0.01,-0.01,
3,0,-0.02,-9.98,-0.13,-0.01,-0.01,
3,0,-0.02,-9.98,-0.13,-0.01,-0.01,
3,0,0,-10.06,-0.1,0,-0.01,
3,0,0,-10.06,-0.1,0,-0.01,
3,0,0,-10.06,-0.1,0,-0.01,
3,0,0.02,-10.02,-0.09,0,-0.01,
3,0,0.02,-10.02,-0.09,0,-0.01,
3,0,0.02,-10.02,-0.09,0,-0.01,
3,0,-0.04,-10.08,-0.15,0,-0.01,
3,0,-0.04,-10.08,-0.15,0,-0.01,
3,0,0.05,-10.01,-0.08,0,-0.01,
3,0,0.05,-10.01,-0.08,0,-0.01,
3,0,0.05,-10.01,-0.08,0,-0.01,
3,0,0.02,-10.03,-0.09,0,-0.01,
3,0,0.02,-10.03,-0.09,0,-0.01,
3,0,0.02,-10.03,-0.09,0,-0.01,
3,0,-0.09,-9.97,-0.12,-0.01,-0.01,
3,0,-0.09,-9.97,-0.12,0,-0.01,
3,0,-0.09,-9.97,-0.12,0,-0.01,
3,0,0,-10.02,-0.08,0,-0.01,
3,0,0,-10.02,-0.08,0,-0.01,
3,0,0,-10.02,-0.08,-0.01,0,
3,0,0.02,-10.01,-0.1,-0.01,0,
3,0,0.02,-10.01,-0.1,-0.01,-0.01,
3,0,0.02,-10.03,-0.12,-0.01,-0.01,
3,0,0.02,-10.03,-0.12,-0.01,-0.01,
3,0,0.02,-10.03,-0.12,-0.01,-0.01,
3,0,0.01,-10.02,-0.11,0,-0.01,
3,0,0.01,-10.02,-0.11,0,-0.01,
3,0,0.01,-10.02,-0.11,0,-0.01,
3,0,0,-10.03,-0.11,0,-0.01,
3,0,0,-10.03,-0.11,0,-0.01,
3,0,0,-10.03,-0.11,0,-0.01,
3,0,0,-10.02,-0.09,-0.01,-0.02,
3,0,0,-10.02,-0.09,-0.01,-0.02,
3,0,0,-10.02,-0.09,0,-0.01,
3,0,0.02,-10.02,-0.05,-0.01,-0.01,
3,0,0.02,-10.02,-0.05,-0.01,-0.01,
3,0,0.02,-10.02,-0.05,0,-0.01,
3,0,-0.03,-10.02,-0.12,-0.01,-0.01,
3,0,-0.03,-10.02,-0.12,-0.01,-0.01,
3,0,0.05,-10.06,-0.1,0,-0.01,
3,0,0.05,-10.06,-0.1,0,-0.01,
3,0,0.05,-10.06,-0.1,0,-0.01,
3,0,0,-10.02,-0.05,0,-0.01,
3,0,0,-10.02,-0.05,-0.01,-0.01,
3,0,0,-10.02,-0.05,-0.01,-0.01,
3,0,-0.01,-10.03,-0.12,0,-0.01,
3,0,-0.01,-10.03,-0.12,0,-0.01,
3,0,-0.01,-10.03,-0.12,0,-0.01,
3,0,0,-10.04,-0.06,0,0,
3,0,0,-10.04,-0.06,-0.01,-0.01,
3,0,0,-10.04,-0.06,-0.01,-0.01,
3,0,0.02,-10,-0.12,0,-0.01,
3,0,0.02,-10,-0.12,0,-0.01,
3,0,0.02,-10,-0.12,0,-0.01,
3,0,0.02,-10.03,-0.07,0,-0.01,
3,0,0.02,-10.03,-0.07,-0.01,-0.01,
3,0,-0.02,-10.02,-0.05,-0.01,-0.01,
3,0,-0.02,-10.02,-0.05,-0.01,-0.01,
3,0,-0.02,-10.02,-0.05,-0.01,-0.01,
3,0,0.03,-10.01,-0.1,-0.01,-0.01,
3,0,0.03,-10.01,-0.1,0,-0.01,
3,0,0.03,-10.01,-0.1,0,-0.01,
3,0,0,-10.03,-0.05,0,-0.01,
3,0,0,-10.03,-0.05,0,-0.01,
3,0,0,-10.03,-0.05,0,-0.01,
3,0,0.02,-10.07,-0.12,0,-0.01,
3,0,0.02,-10.07,-0.12,-0.01,-0.01,
3,0,0.02,-10.07,-0.12,-0.01,-0.01,
3,0,0.03,-10.01,-0.11,-0.01,-0.01,
3,0,0.03,-10.01,-0.11,0,-0.01,
3,0,0.03,-10.01,-0.11,0,-0.01,
3,0,0,-10,-0.11,0,-0.01,
3,0,0,-10,-0.11,0,0,
3,0,0,-10,-0.11,0,-0.01,
3,0,-0.01,-10.04,-0.09,0,-0.01,
3,0,-0.01,-10.04,-0.09,-0.01,-0.01,
3,0,-0.01,-10.04,-0.12,0,-0.01,
3,0,-0.01,-10.04,-0.12,0,-0.01,
3,0,-0.01,-10.04,-0.12,0,-0.01,
3,0,0.01,-10.03,-0.03,0,-0.01,
3,0,0.01,-10.03,-0.03,0,-0.01,
3,0,0.01,-10.03,-0.03,0,-0.01,
3,0,0.03,-10.02,-0.1,-0.01,-0.01,
3,0,0.03,-10.02,-0.1,-0.01,-0.01,
3,0,0.03,-10.02,-0.1,0,-0.01,
3,0,0.09,-10.03,-0.11,0,-0.01,
3,0,0.09,-10.03,-0.11,0,-0.01,
3,0,0.09,-10.03,-0.11,0,-0.01,
3,0,0.02,-10.01,-0.06,-0.01,-0.01,
3,0,0.02,-10.01,-0.06,-0.01,-0.01,
3,0,0.02,-10.01,-0.06,0,-0.01,
3,0,-0.02,-10.05,-0.07,0,-0.01,
3,0,-0.02,-10.05,-0.07,-0.01,-0.01,
3,0,-0.02,-10.05,-0.07,0,-0.01,
3,0,0.02,-10,-0.1,0,-0.01,
3,0,0.02,-10,-0.1,0,-0.01,
3,0,0.02,-10,-0.1,0,-0.01,
3,0,0.03,-10.02,-0.03,0,-0.01,
3,0,0.03,-10.02,-0.03,0,-0.01,
3,0,0.03,-10.02,-0.03,0,-0.01,
3,0,0.01,-10.04,-0.09,0,-0.01,
3,0,0.01,-10.04,-0.09,-0.01,-0.01,
3,0,0.01,-10.04,-0.09,0,-0.01,
3,0,0.11,-10.08,-0.03,0,-0.01,
3,0,0.11,-10.08,-0.03,0,-0.01,
3,0,0.11,-10.08,-0.03,-0.01,-0.01,
3,0,0.02,-10.05,-0.07,-0.01,-0.01,
3,0,0.02,-10.05,-0.07,0,-0.01,
3,0,0.02,-10.05,-0.07,0,-0.01,
3,0,0,-10.07,-0.13,0,-0.01,
3,0,0,-10.07,-0.13,0,-0.01,
3,0,0,-10.07,-0.13,-0.01,-0.01,
3,0,0,-10.03,-0.1,-0.01,-0.01,
3,0,0,-10.03,-0.1,0,-0.01,
3,0,0,-10.03,-0.1,-0.01,-0.01,
3,0,-0.02,-10.04,-0.11,-0.01,-0.01,
3,0,-0.02,-10.04,-0.11,0,-0.01,
3,0,-0.02,-9.97,-0.12,-0.01,-0.01,
3,0,-0.02,-9.97,-0.12,-0.01,-0.01,
3,0,-0.02,-9.97,-0.12,0,-0.01,
3,0,0,-9.99,-0.09,0,-0.01,
3,0,0,-9.99,-0.09,0,-0.01,
3,0,0,-9.99,-0.09,0,-0.01,
3,0,0.05,-10.08,-0.1,0,-0.01,
3,0,0.05,-10.08,-0.1,0,-0.01,
3,0,0.05,-10.08,-0.1,0,-0.01,
3,0,0.04,-9.97,-0.09,0,-0.01,
3,0,0.04,-9.97,-0.09,0,-0.01,
3,0,0.04,-9.97,-0.09,0,-0.01,
3,0,0.06,-10.01,-0.1,0,-0.01,
3,0,0.06,-10.01,-0.1,0,-0.01,
3,0,0.06,-10.01,-0.1,0,-0.01,
3,0,0.01,-10,-0.07,0,-0.01,
3,0,0.01,-10,-0.07,0,-0.01,
3,0,0.01,-10,-0.07,-0.01,-0.01,
3,0,-0.03,-10.06,-0.08,0,-0.01,
3,0,-0.03,-10.06,-0.08,0,-0.01,
3,0,-0.03,-10.06,-0.08,-0.01,-0.01,
3,0,-0.04,-10.1,-0.13,-0.01,-0.01,
3,0,-0.04,-10.1,-0.13,-0.01,-0.01,
3,0,0,-10.03,-0.11,-0.01,0,
3,0,0,-10.03,-0.11,0,-0.01,
3,0,0,-10.03,-0.11,0,-0.01,
3,0,-0.02,-10.01,-0.12,0,-0.01,
3,0,-0.02,-10.01,-0.12,0,-0.01,
3,0,-0.02,-10.01,-0.12,0,-0.01,
3,0,0,-10,-0.09,-0.01,-0.01,
3,0,0,-10,-0.09,0,-0.01,
3,0,0,-10,-0.09,0,-0.01,
3,0,0.03,-9.99,-0.12,0,-0.01,
3,0,0.03,-9.99,-0.12,0,-0.01,
3,0,0.03,-9.99,-0.12,0,-0.01,
3,0,-0.01,-10,-0.04,0,-0.01,
3,0,-0.01,-10,-0.04,0,-0.01,
3,0,-0.01,-10,-0.04,-0.01,-0.01,
3,0,0,-10.04,-0.13,0,-0.01,
3,0,0,-10.04,-0.13,0,-0.01,
3,0,0,-10.04,-0.13,0,-0.01,
3,0,0,-10.04,-0.06,0,-0.01,
3,0,0,-10.04,-0.06,0,-0.01,
3,0,0.01,-10.05,-0.11,0,-0.02,
3,0,0.01,-10.05,-0.11,-0.01,-0.01,
3,0,0.01,-10.05,-0.11,-0.01,-0.01,
3,0,0,-9.96,-0.04,-0.01,-0.01,
3,0,0,-9.96,-0.04,-0.01,-0.01,
3,0,0,-9.96,-0.04,0,-0.01,
3,0,0.07,-9.92,-0.05,0,-0.01,
3,0,0.07,-9.92,-0.05,-0.01,-0.01,
3,0,0.07,-9.92,-0.05,0,-0.01,
3,0,-0.12,-10.22,-0.12,0,-0.01,
3,0,-0.12,-10.22,-0.12,0,-0.01,
3,0,-0.12,-10.22,-0.12,0,-0.01,
3,0,0,-9.96,-0.11,0,-0.01,
3,0,0,-9.96,-0.11,0,-0.01,
3,0,0,-9.96,-0.11,-0.01,-0.01,
3,0,-0.1,-10.03,-0.21,-0.01,-0.01,
3,0,-0.1,-10.03,-0.21,0,-0.01,
3,0,-0.02,-10.06,-0.09,-0.01,-0.01,
3,0,-0.02,-10.06,-0.09,-0.01,-0.01,
3,0,-0.02,-10.06,-0.09,0,-0.01,
3,0,0.08,-10.1,-0.08,-0.01,-0.01,
3,0,0.08,-10.1,-0.08,-0.01,-0.01,
3,0,0.08,-10.1,-0.08,0,-0.01,
3,0,-0.03,-9.94,-0.08,0,0,
3,0,-0.03,-9.94,-0.08,0,0,
3,0,-0.03,-9.94,-0.08,-0.01,-0.01,
3,0,-0.13,-10.16,-0.15,-0.01,-0.01,
3,0,-0.13,-10.16,-0.15,-0.01,-0.01,
3,0,-0.13,-10.16,-0.15,0,0,
3,0,0.12,-9.95,-0.11,-0.01,-0.01,
3,0,0.12,-9.95,-0.11,-0.01,-0.01,
3,0,0.12,-9.95,-0.11,0,-0.01,
3,0,-0.06,-10.04,-0.12,0,-0.01,
3,0,-0.06,-10.04,-0.12,0,-0.01,
3,0,-0.06,-10.04,-0.12,0,-0.01,
3,0,-0.06,-10.08,-0.1,0,-0.01,
3,0,-0.06,-10.08,-0.1,-0.01,-0.01,
3,0,-0.06,-10.08,-0.1,-0.01,-0.01,
3,0,0.02,-10.04,-0.1,-0.01,-0.01,
3,0,0.02,-10.04,-0.1,0,-0.01,
3,0,0.02,-10.04,-0.1,-0.01,-0.01,
3,0,-0.03,-10.02,-0.09,-0.01,-0.01,
3,0,-0.03,-10.02,-0.09,-0.01,0,
3,0,-0.03,-10.02,-0.09,0,-0.01,
3,0,-0.07,-10.1,-0.08,0,-0.01,
3,0,-0.07,-10.1,-0.08,0,-0.01,
3,0,-0.07,-10.1,-0.08,0,-0.01,
3,0,0.01,-9.96,-0.07,0,-0.01,
3,0,0.01,-9.96,-0.07,0,0,
3,0,-0.08,-10.06,-0.08,-0.01,-0.01,
3,0,-0.08,-10.06,-0.08,-0.01,-0.01,
3,0,-0.08,-10.06,-0.08,0,-0.01,
3,0,0.1,-10.04,-0.11,0,-0.01,
3,0,0.1,-10.04,-0.11,0,-0.01,
3,0,0.1,-10.04,-0.11,0,-0.01,
3,0,0.06,-9.99,-0.12,0,-0.01,
3,0,0.06,-9.99,-0.12,0,-0.01,
3,0,0.06,-9.99,-0.12,0,-0.01,
3,0,-0.06,-10.07,-0.03,0,-0.01,
3,0,-0.06,-10.07,-0.03,0,-0.01,
3,0,-0.06,-10.07,-0.03,-0.01,-0.02,
3,0,0.04,-10.07,-0.08,-0.01,-0.01,
3,0,0.04,-10.07,-0.08,0,-0.01,
3,0,0.02,-9.98,-0.09,0,-0.01,
3,0,0.02,-9.98,-0.09,-0.01,-0.01,
3,0,0.02,-9.98,-0.09,0,-0.01,
3,0,0,-10.06,-0.08,0,-0.01,
3,0,0,-10.06,-0.08,0,-0.01,
3,0,0,-10.06,-0.08,0,-0.01,
3,0,0.03,-10.02,-0.1,0,-0.01,
3,0,0.03,-10.02,-0.1,-0.01,-0.01,
3,0,0.03,-10.02,-0.1,0,-0.01,
3,0,-0.06,-9.98,-0.14,0,-0.01,
3,0,-0.06,-9.98,-0.14,0,-0.01,
3,0,-0.06,-9.98,-0.14,0,-0.01,
3,0,-0.07,-9.85,-0.02,0,-0.01,
3,0,-0.07,-9.85,-0.02,-0.01,-0.01,
0,94740,0.02,-10.02,-0.14,0,-0.01,
0,95280,-0.02,-9.98,-0.09,0,-0.01,
0,95700,-0.02,-9.98,-0.09,0,-0.01,
0,96060,-0.02,-9.98,-0.09,0,-0.01,
0,96480,-0.04,-10,-0.02,0,-0.01,
0,96840,-0.04,-10,-0.02,0,-0.01,
0,97260,-0.04,-10,-0.02,-0.01,-0.01,
0,97620,-0.01,-10.02,-0.1,-0.01,-0.01,
0,98040,-0.01,-10.02,-0.1,0,-0.01,
0,98400,-0.01,-10.02,-0.1,0,-0.01,
0,98820,0.02,-9.98,-0.12,0,-0.01,
0,99180,0.02,-9.98,-0.12,0,-0.01,
0,99540,0.02,-9.98,-0.12,-0.01,-0.01,
0,99960,0.08,-9.96,-0.14,-0.01,-0.01,
0,100320,0.08,-9.96,-0.14,-0.01,-0.01,
0,100740,0.08,-9.96,-0.14,-0.01,-0.01,
0,101100,0.01,-10.07,-0.17,-0.01,-0.01,
0,101460,0.01,-10.07,-0.17,0,-0.01,
0,101880,0.01,-10.03,-0.12,0,0,
0,102240,0.01,-10.03,-0.12,0,0,
0,102660,0.01,-10.03,-0.12,0,-0.01,
0,103020,-0.07,-9.96,-0.12,-0.01,0,
0,103440,-0.07,-9.96,-0.12,-0.01,0,
0,103800,-0.07,-9.96,-0.12,0,-0.01,
0,104220,0.01,-10.05,-0.12,0,-0.01,
0,104580,0.01,-10.05,-0.12,0,-0.01,
0,104940,0.01,-10.05,-0.12,-0.01,-0.01,
0,105360,0.03,-10.04,-0.17,0,-0.01,
0,105780,0.03,-10.04,-0.17,0,-0.01,
0,106140,0.03,-10.04,-0.17,0,-0.01,
0,106560,0.06,-9.99,-0.16,0,-0.01,
0,106920,0.06,-9.99,-0.16,0,-0.01,
0,107340,0.06,-9.99,-0.16,-0.01,-0.01,
0,107700,0.07,-9.97,-0.08,0,-0.01,
0,108060,0.07,-9.97,-0.08,0,-0.01,
0,108420,0.07,-9.97,-0.08,-0.01,-0.01,
0,108840,0.08,-10.05,-0.11,0,-0.01,
0,109200,0.08,-10.05,-0.11,0,-0.01,
0,109560,0.08,-10.05,-0.11,0,-0.01,
0,109920,0.05,-9.97,-0.13,0,-0.01,
0,110280,0.05,-9.97,-0.13,0,-0.01,
0,110640,0.05,-9.97,-0.13,0,-0.01,
0,111060,0.05,-10.04,-0.13,0,-0.01,
0,111420,0.05,-10.04,-0.13,0,-0.01,
0,111780,0.05,-10.04,-0.13,0,-0.01,
0,112200,-0.1,-10.13,-0.23,0,-0.01,
0,112560,-0.1,-10.13,-0.23,0,-0.01,
0,112920,-0.1,-10.13,-0.23,0,-0.01,
0,113280,-0.09,-10.02,-0.15,0,-0.01,
0,113640,-0.09,-10.02,-0.15,0,-0.01,
0,114000,-0.09,-10.02,-0.15,0,-0.01,
0,114420,0.01,-10,-0.1,0,-0.01,
0,114780,0.01,-10,-0.1,-0.01,-0.01,
0,115140,0.01,-10,-0.1,-0.01,-0.01,
0,115500,0.02,-9.94,-0.11,0,-0.01,
0,115860,0.02,-9.94,-0.11,-0.01,-0.01,
0,116220,0.02,-9.94,-0.11,-0.01,-0.01,
0,116640,0.12,-9.99,-0.11,0,-0.01,
0,117000,0.12,-9.99,-0.11,0,-0.01,
0,117420,0.12,-9.99,-0.11,0,-0.01,
0,117840,0.07,-10.04,-0.09,0,-0.01,
0,118200,0.07,-10.04,-0.09,-0.01,-0.01,
0,118620,-0.03,-9.99,-0.06,-0.01,-0.01,
0,118980,-0.03,-9.99,-0.06,0,-0.01,
0,119340,-0.03,-9.99,-0.06,0,-0.01,
0,119760,-0.03,-10,-0.05,0,-0.01,
0,120120,-0.03,-10,-0.05,0,-0.01,
0,120540,-0.03,-10,-0.05,0,-0.01,
0,120900,0.05,-9.95,-0.13,0,-0.01,
0,121320,0.05,-9.95,-0.13,-0.01,-0.01,
0,121680,0.05,-9.95,-0.13,-0.01,-0.01,
0,122040,0,-9.75,-0.22,-0.01,-0.01,
0,122460,0,-9.75,-0.22,-0.01,-0.01,
0,122820,0,-9.75,-0.22,0,-0.01,
0,123240,0.02,-10.07,-0.19,0,-0.01,
0,123600,0.02,-10.07,-0.19,0,-0.01,
0,124020,0.02,-10.07,-0.19,0,0,
0,124380,-0.19,-10.03,-0.25,0,0,
0,124740,-0.19,-10.03,-0.25,-0.01,-0.01,
0,125160,-0.19,-10.03,-0.25,-0.01,-0.01,
0,125520,-0.04,-10.16,-0.21,-0.01,-0.01,
0,125940,-0.04,-10.16,-0.21,0,-0.01,
0,126300,-0.04,-10.16,-0.21,0,-0.01,
0,126720,0.17,-10.09,0.03,0,-0.01,
0,127080,0.17,-10.09,0.03,-0.01,-0.01,
0,127440,0.17,-9.82,0.1,0,-0.01,
0,127860,0.17,-9.82,0.1,0,-0.01,
0,128220,0.17,-9.82,0.1,-0.01,-0.01,
0,128640,0.26,-9.96,-0.12,-0.01,-0.01,
0,129000,0.26,-9.96,-0.12,-0.01,-0.01,
0,129420,0.26,-9.96,-0.12,0,-0.01,
0,129780,0.1,-10.01,-0.1,-0.01,-0.01,
0,130200,0.1,-10.01,-0.1,-0.01,-0.01,
0,130560,0.1,-10.01,-0.1,0,-0.01,
0,130980,0.03,-10.13,-0.26,-0.01,-0.01,
0,131340,0.03,-10.13,-0.26,-0.01,-0.01,
0,131700,0.03,-10.13,-0.26,-0.01,-0.01,
0,132120,-0.04,-9.99,-0.2,0,-0.01,
0,132480,-0.04,-9.99,-0.2,0,-0.01,
0,132900,-0.04,-9.99,-0.2,0,-0.01,
0,133260,0.04,-10.07,-0.07,0,-0.01,
0,133680,0.04,-10.07,-0.07,0,-0.01,
0,134040,0.04,-10.07,-0.07,-0.01,-0.01,
0,134400,0.07,-10.06,-0.03,-0.01,-0.01,
0,134820,0.07,-10.06,-0.03,-0.01,-0.01,
0,135180,0.07,-10.06,-0.03,-0.01,-0.01,
0,135600,0.05,-9.99,-0.03,-0.01,-0.01,
0,135960,0.05,-9.99,-0.03,-0.01,-0.01,
0,136380,0.07,-9.96,-0.2,-0.01,-0.01,
0,136740,0.07,-9.96,-0.2,-0.01,-0.01,
0,137160,0.07,-9.96,-0.2,-0.01,-0.01,
0,137520,0.1,-10,-0.09,-0.01,-0.01,
0,137880,0.1,-10,-0.09,0,-0.01,
0,138300,0.1,-10,-0.09,0,-0.01,
0,138660,-0.06,-10.05,-0.08,-0.01,-0.01,
0,139080,-0.06,-10.05,-0.08,0,-0.01,
0,139440,-0.06,-10.05,-0.08,0,-0.01,
0,139860,0.05,-10.09,-0.23,0,-0.01,
0,140220,0.05,-10.09,-0.23,-0.01,-0.01,
0,140640,0.05,-10.09,-0.23,-0.01,-0.01,
0,141000,0.08,-10.05,-0.15,0,-0.01,
0,141420,0.08,-10.05,-0.15,0,-0.01,
0,141840,0.08,-10.05,-0.15,0,-0.01,
0,142200,0.07,-10.04,-0.09,0,-0.01,
0,142560,0.07,-10.04,-0.09,0,-0.01,
0,142920,0.07,-10.04,-0.09,0,-0.01,
0,143340,0.03,-9.98,-0.1,-0.01,-0.01,
0,143700,0.03,-9.98,-0.1,-0.01,-0.01,
0,144060,0.03,-9.98,-0.1,-0.01,-0.01,
0,144480,-0.07,-9.96,-0.08,-0.01,-0.01,
0,144840,-0.07,-9.96,-0.08,-0.01,-0.01,
0,145200,-0.07,-9.96,-0.08,0,-0.01,
0,145620,-0.04,-10.08,-0.11,-0.01,-0.01,
0,145980,-0.04,-10.08,-0.11,-0.01,-0.01,
0,146400,-0.06,-10.09,-0.21,-0.01,-0.01,
0,146760,-0.06,-10.09,-0.21,0,-0.01,
0,147120,-0.06,-10.09,-0.21,0,-0.01,
0,147480,0.03,-10.04,-0.15,0,-0.01,
0,147840,0.03,-10.04,-0.15,0,-0.01,
0,148260,0.03,-10.04,-0.15,0,-0.01,
0,148620,0.09,-9.92,-0.11,0,-0.01,
0,148980,0.09,-9.92,-0.11,-0.01,-0.01,
0,149340,0.09,-9.92,-0.11,-0.01,-0.01,
0,149700,0.17,-10.41,-0.21,-0.02,-0.01,
0,150060,0.17,-10.41,-0.21,-0.02,-0.01,
0,150480,0.17,-10.41,-0.21,0,-0.01,
0,150840,-0.32,-10.02,-0.23,-0.01,-0.01,
0,151260,-0.32,-10.02,-0.23,-0.01,-0.01,
0,151620,-0.32,-10.02,-0.23,0,-0.01,
0,152040,0.2,-9.93,-0.19,-0.01,-0.01,
0,152400,0.2,-9.93,-0.19,-0.01,-0.01,
0,152820,0.2,-9.93,-0.19,0,-0.01,
0,153240,-0.24,-10.06,0.23,0,0,
0,153600,-0.24,-10.06,0.23,0,-0.01,
0,154020,-0.24,-10.06,0.23,0,-0.01,
0,154380,0.17,-9.8,-0.02,-0.01,-0.01,
0,154800,0.17,-9.8,-0.02,-0.01,-0.01,
0,155160,0.17,-9.8,-0.02,-0.01,-0.01,
0,155580,-0.13,-10.12,-0.32,-0.01,-0.01,
0,155940,-0.13,-10.12,-0.32,-0.01,-0.01,
0,156360,-0.13,-10.12,-0.32,-0.01,-0.01,
0,156720,0.09,-10.04,-0.11,0,-0.01,
0,157140,0.09,-10.04,-0.11,0,-0.01,
0,157500,-0.01,-10.02,-0.08,0,-0.01,
0,157920,-0.01,-10.02,-0.08,0,-0.01,
0,158340,-0.01,-10.02,-0.08,-0.01,-0.01,
0,158700,0.02,-10.11,-0.11,-0.01,-0.01,
0,159060,0.02,-10.11,-0.11,-0.01,-0.01,
0,159480,0.02,-10.11,-0.11,0,-0.01,
0,159900,0.02,-9.96,-0.16,0,-0.01,
0,160260,0.02,-9.96,-0.16,-0.01,-0.01,
0,160680,0.02,-9.96,-0.16,0,-0.01,
0,161040,-0.05,-10.04,-0.12,0,-0.01,
0,161400,-0.05,-10.04,-0.12,0,-0.01,
0,161820,-0.05,-10.04,-0.12,0,-0.01,
0,162180,0.06,-9.99,0.02,0,-0.01,
0,162600,0.06,-9.99,0.02,-0.01,-0.01,
0,162960,0.06,-9.99,0.02,0,-0.01,
0,163380,-0.09,-9.98,-0.02,0,-0.01,
0,163740,-0.09,-9.98,-0.02,-0.01,-0.01,
0,164160,-0.09,-9.98,-0.02,-0.01,-0.01,
0,164520,0.02,-10.06,-0.15,-0.01,-0.01,
0,164940,0.02,-10.06,-0.15,0,-0.01,
0,165360,0.03,-10.09,-0.22,-0.01,-0.01,
0,165780,0.03,-10.09,-0.22,-0.01,-0.01,
0,166140,0.03,-10.09,-0.22,0,-0.01,
0,166560,-0.05,-10.06,-0.12,-0.01,-0.01,
0,166920,-0.05,-10.06,-0.12,-0.01,-0.01,
0,167340,-0.05,-10.06,-0.12,-0.01,-0.01,
0,167700,0.03,-10.01,-0.02,0,-0.01,
0,168120,0.03,-10.01,-0.02,0,-0.01,
0,168480,0.03,-10.01,-0.02,-0.01,-0.01,
0,168900,0.05,-10.03,-0.12,0,-0.01,
0,169260,0.05,-10.03,-0.12,0,-0.01,
0,169680,0.05,-10.03,-0.12,-0.01,-0.01,
0,170040,0.05,-10.07,-0.22,-0.01,-0.01,
0,170460,0.05,-10.07,-0.22,-0.01,-0.01,
0,170880,0.05,-10.12,-0.1,0,-0.01,
0,171240,0.05,-10.12,-0.1,0,-0.01,
0,171660,0.05,-10.12,-0.1,0,-0.01,
0,172020,0.02,-9.96,-0.12,-0.01,-0.01,
0,172440,0.02,-9.96,-0.12,-0.01,-0.01,
0,172860,0.02,-9.96,-0.12,-0.01,-0.01,
0,173220,0,-10.02,-0.06,0,-0.01,
0,173640,0,-10.02,-0.06,0,-0.01,
0,174060,0,-10.02,-0.06,0,-0.01,
0,174420,-0.05,-10.05,-0.11,0,-0.01,
0,174840,-0.05,-10.05,-0.11,-0.01,-0.01,
0,175200,-0.05,-10.05,-0.11,-0.01,-0.01,
0,175620,0.03,-10.03,-0.14,-0.01,-0.01,
0,175980,0.03,-10.03,-0.14,0,-0.01,
0,176340,0.03,-10.03,-0.14,-0.01,-0.01,
0,176700,0,-10.02,-0.06,-0.01,-0.01,
0,177120,0,-10.02,-0.06,0,-0.01,
0,177540,0.05,-10.05,-0.13,-0.01,-0.01,
0,177900,0.05,-10.05,-0.13,-0.01,-0.01,
0,178260,0.05,-10.05,-0.13,-0.01,0,
0,178680,0.06,-10.01,-0.11,0,-0.01,
0,179040,0.06,-10.01,-0.11,0,-0.01,
0,179460,0.06,-10.01,-0.11,0,-0.01,
0,179880,0,-10.02,-0.08,0,-0.01,
0,180240,0,-10.02,-0.08,0,-0.01,
0,180600,0,-10.02,-0.08,0,-0.01,
0,180960,0,-9.97,-0.1,0,-0.01,
0,181380,0,-9.97,-0.1,-0.01,-0.01,
0,181740,0,-9.97,-0.1,0,-0.01,
0,182100,0.02,-10.14,-0.12,0,-0.01,
0,182520,0.02,-10.14,-0.12,0,-0.01,
0,182880,0.02,-10.14,-0.12,-0.01,-0.01,
0,183240,0,-9.96,-0.08,-0.01,-0.01,
0,183660,0,-9.96,-0.08,0,-0.01,
0,184020,0,-9.96,-0.08,-0.01,-0.01,
0,184440,-0.02,-10.02,-0.12,-0.01,-0.01,
0,184800,-0.02,-10.02,-0.12,-0.01,-0.01,
0,185220,-0.02,-10.02,-0.12,-0.01,-0.01,
0,185580,0.05,-9.98,-0.05,-0.01,-0.01,
0,186000,0.05,-9.98,-0.05,0,-0.01,
0,186420,0.05,-9.98,-0.05,0,-0.01,
0,186780,0,-10.04,-0.1,0,-0.01,
0,187200,0,-10.04,-0.1,0,-0.01,
0,187560,0.01,-10.04,-0.1,-0.01,-0.01,
0,187980,0.01,-10.04,-0.1,-0.01,-0.01,
0,188340,0.01,-10.04,-0.1,0,-0.01,
0,188760,0.03,-10.08,-0.09,0,-0.01,
0,189180,0.03,-10.08,-0.09,0,-0.01,
0,189600,0.03,-10.08,-0.09,0,-0.01,
0,189960,-0.01,-10.03,-0.14,0,-0.01,
0,190380,-0.01,-10.03,-0.14,-0.01,-0.01,
0,190740,-0.01,-10.03,-0.14,-0.01,-0.01,
0,191160,0.04,-10.02,-0.09,0,-0.01,
0,191580,0.04,-10.02,-0.09,0,-0.01,
0,191940,0.04,-10.02,-0.09,0,-0.01,
0,192360,0.04,-10.04,-0.11,0.01,-0.01,
0,192780,0.04,-10.04,-0.11,0,-0.01,
0,193140,0.02,-10.04,-0.11,0,-0.01,
0,193500,0.02,-10.04,-0.11,-0.01,-0.01,
0,193920,0.02,-10.04,-0.11,0,-0.01,
0,194340,0.03,-10.01,-0.08,0,-0.01,
0,194700,0.03,-10.01,-0.08,0,-0.01,
0,195120,0.03,-10.01,-0.08,0,-0.01,
0,195540,0.04,-10.07,-0.06,0,-0.01,
0,195900,0.04,-10.07,-0.06,0,-0.01,
0,196320,0.04,-10.07,-0.06,-0.01,-0.01,
0,196680,0.01,-10.01,-0.09,-0.01,-0.01,
0,197100,0.01,-10.01,-0.09,0,-0.01,
0,197520,0.01,-10.01,-0.09,-0.01,-0.01,
0,197880,-0.08,-10.06,-0.11,-0.01,-0.01,
0,198300,-0.08,-10.06,-0.11,0,-0.01,
0,198720,-0.02,-10.03,-0.09,0,-0.01,
0,199080,-0.02,-10.03,-0.09,-0.01,-0.01,
0,199500,-0.02,-10.03,-0.09,-0.01,-0.01,
0,199860,0.01,-9.99,-0.11,0,-0.01,
0,200280,0.01,-9.99,-0.11,-0.01,-0.01,
0,200700,0.01,-9.99,-0.11,-0.01,-0.01,
0,201060,0.04,-9.99,-0.11,-0.01,-0.01,
0,201480,0.04,-9.99,-0.11,-0.01,-0.01,
0,201900,0.04,-9.99,-0.11,-0.01,-0.01,
0,202320,0,-10.05,-0.06,0,-0.01,
0,202680,0,-10.05,-0.06,0,-0.01,
0,203100,0,-10.05,-0.06,0,-0.01,
0,203520,0.05,-9.97,-0.11,0,-0.01,
0,203880,0.05,-9.97,-0.11,0,-0.01,
0,204300,-0.02,-10.04,-0.16,0,-0.01,
0,204720,-0.02,-10.04,-0.16,0,-0.01,
0,205080,-0.02,-10.04,-0.16,-0.01,-0.01,
0,205500,-0.05,-10.04,-0.09,0,-0.01,
0,205920,-0.05,-10.04,-0.09,0,-0.01,
0,206280,-0.05,-10.04,-0.09,-0.01,-0.01,
0,206700,0.03,-9.98,-0.02,0,-0.01,
0,207120,0.03,-9.98,-0.02,0,-0.01,
0,207480,0.03,-9.98,-0.02,-0.01,-0.01,
0,207900,0.03,-10,-0.14,-0.01,-0.01,
0,208320,0.03,-10,-0.14,-0.01,-0.01,
0,208740,0.02,-10.44,-0.43,0,-0.01,
0,209100,0.02,-10.44,-0.43,0,-0.01,
0,209520,0.02,-10.44,-0.43,0,-0.01,
0,209880,-0.09,-9.86,-0.2,0,-0.01,
0,210300,-0.09,-9.86,-0.2,-0.01,-0.01,
0,210720,-0.09,-9.86,-0.2,-0.01,-0.01,
0,211080,0.19,-10.18,-0.07,0,-0.01,
0,211500,0.19,-10.18,-0.07,0,-0.01,
0,211860,0.19,-10.18,-0.07,0,-0.01,
0,212280,0.09,-10,0.14,0,-0.01,
0,212640,0.09,-10,0.14,-0.01,-0.01,
0,213060,0.09,-10,0.14,-0.01,-0.01,
0,213420,-0.02,-10.07,-0.16,-0.01,-0.01,
0,213840,-0.02,-10.07,-0.16,0,-0.01,
0,214260,-0.07,-10.04,-0.36,-0.01,-0.01,
0,214680,-0.07,-10.04,-0.36,-0.01,-0.01,
0,215040,-0.07,-10.04,-0.36,-0.01,-0.01,
0,215400,-0.18,-10.04,0.03,0,-0.01,
0,215820,-0.18,-10.04,0.03,0,-0.01,
0,216180,-0.18,-10.04,0.03,0,-0.01,
0,216600,0,-10.06,-0.36,0,-0.01,
0,216960,0,-10.06,-0.36,0,-0.01,
0,217320,0,-10.06,-0.36,-0.01,-0.01,
0,217740,-0.07,-9.95,0.01,0,-0.01,
0,218100,-0.07,-9.95,0.01,0,-0.01,
0,218520,-0.07,-9.95,0.01,0,-0.01,
0,218880,0.08,-10.01,-0.14,0,-0.01,
0,219300,0.08,-10.01,-0.14,0,-0.01,
0,219720,0.08,-10.01,-0.14,-0.01,-0.01,
0,220080,0.02,-9.99,-0.04,-0.01,-0.01,
0,220500,0.02,-9.99,-0.04,-0.01,-0.01,
0,220920,-0.02,-10.07,-0.08,0,-0.01,
0,221340,-0.02,-10.07,-0.08,0,-0.01,
0,221700,-0.02,-10.07,-0.08,0,-0.01,
0,222120,-0.04,-10.02,-0.08,-0.01,-0.01,
0,222540,-0.04,-10.02,-0.08,0,-0.01,
0,222900,-0.04,-10.02,-0.08,0,-0.01,
0,223320,-0.06,-10.06,-0.15,-0.01,-0.01,
0,223740,-0.06,-10.06,-0.15,0,-0.01,
0,224160,-0.06,-10.06,-0.15,0,-0.01,
0,224520,-0.03,-10.02,-0.12,0,-0.01,
0,224940,-0.03,-10.02,-0.12,0,-0.01,
0,225360,-0.03,-10.02,-0.12,0,-0.01,
0,225720,0.03,-10.02,-0.09,0,-0.01,
0,226140,0.03,-10.02,-0.09,0,-0.01,
0,226560,0.06,-9.99,-0.05,0,-0.01,
0,226980,0.06,-9.99,-0.05,0,-0.01,
0,227340,0.06,-9.99,-0.05,-0.01,-0.01,
0,227760,0.07,-10.06,-0.09,-0.01,-0.01,
0,228120,0.07,-10.06,-0.09,-0.01,-0.01,
0,228540,0.07,-10.06,-0.09,0,-0.01,
0,228960,-0.01,-9.93,-0.07,0,-0.01,
0,229320,-0.01,-9.93,-0.07,0,-0.01,
0,229680,-0.01,-9.93,-0.07,0,-0.01,
0,230100,0.01,-10.07,-0.11,0,-0.01,
0,230520,0.01,-10.07,-0.11,0,-0.01,
0,230880,0.01,-10.07,-0.11,-0.01,-0.01,
0,231300,0,-10,-0.02,0,-0.01,
0,231660,0,-10,-0.02,0,-0.01,
0,232080,-0.02,-10.06,-0.13,0,-0.01,
0,232440,-0.02,-10.06,-0.13,-0.01,-0.01,
0,232860,-0.02,-10.06,-0.13,-0.01,-0.01,
0,233220,-0.1,-10.01,-0.16,-0.01,-0.01,
0,233640,-0.1,-10.01,-0.16,0,-0.01,
0,234060,-0.1,-10.01,-0.16,0,-0.01,
0,234420,-0.02,-10.02,-0.15,0,-0.01,
0,234840,-0.02,-10.02,-0.15,0,-0.01,
0,235200,-0.02,-10.02,-0.15,0,-0.01,
0,235620,0.03,-9.95,-0.11,0,-0.01,
0,235980,0.03,-9.95,-0.11,0,-0.01,
0,236400,0.03,-9.95,-0.11,0,-0.01,
0,236760,0.07,-9.99,-0.01,0,-0.01,
0,237180,0.07,-9.99,-0.01,0,-0.01,
0,237600,0.07,-9.99,-0.01,-0.01,-0.01,
0,237960,0.08,-10.03,-0.04,-0.01,-0.01,
0,238380,0.08,-10.03,-0.04,0,-0.01,
0,238800,0.01,-10.04,-0.04,-0.01,-0.01,
0,239160,0.01,-10.04,-0.04,-0.01,-0.01,
0,239580,0.01,-10.04,-0.04,0,-0.01,
0,240000,0.05,-9.97,-0.07,0,-0.01,
0,240360,0.05,-9.97,-0.07,0,-0.01,
0,240780,0.05,-9.97,-0.07,0,-0.01,
0,241140,-0.03,-10.04,-0.1,0,-0.01,
0,241560,-0.03,-10.04,-0.1,0,-0.01,
0,241980,-0.03,-10.04,-0.1,0,0,
0,242340,-0.09,-10.05,-0.12,0,-0.01,
0,242760,-0.09,-10.05,-0.12,0,-0.01,
0,243120,-0.09,-10.05,-0.12,0,-0.01,
0,243540,0,-9.97,-0.09,-0.01,-0.01,
0,243900,0,-9.97,-0.09,-0.01,-0.01,
0,244320,0.08,-9.94,-0.02,0,-0.01,
0,244740,0.08,-9.94,-0.02,0,-0.01,
0,245100,0.08,-9.94,-0.02,0,-0.01,
0,245460,0.02,-9.92,-0.04,-0.01,-0.01,
0,245820,0.02,-9.92,-0.04,-0.01,-0.01,
0,246240,0.02,-9.92,-0.04,-0.01,-0.01,
0,246600,0.02,-9.83,0.07,-0.01,-0.01,
0,246960,0.02,-9.83,0.07,-0.02,-0.01,
0,247380,0.02,-9.83,0.07,-0.02,-0.01,
0,247740,-0.15,-10.23,0.04,-0.01,-0.01,
0,248100,-0.15,-10.23,0.04,0,-0.01,
0,248520,-0.15,-10.23,0.04,0,-0.01,
0,248880,0.2,-9.84,-0.19,-0.01,-0.01,
0,249300,0.2,-9.84,-0.19,0,-0.01,
0,249660,0.2,-9.84,-0.19,0,-0.01,
0,250020,-0.27,-10.03,0.11,0,0,
0,250440,-0.27,-10.03,0.11,-0.02,-0.01,
0,250860,-0.27,-10.03,0.11,-0.02,-0.01,
0,251220,0.04,-10.64,-0.62,-0.02,-0.01,
0,251580,0.04,-10.64,-0.62,0,-0.01,
0,251940,0.04,-10.64,-0.62,0,-0.01,
0,252360,-0.42,-10,-0.54,-0.01,0,
0,252720,-0.42,-10,-0.54,0,-0.01,
0,253080,-0.42,-10,-0.54,0,-0.01,
0,253500,0.08,-9.96,-0.52,0,-0.01,
0,253920,0.08,-9.96,-0.52,0,-0.01,
0,254280,0.08,-9.96,-0.52,0,-0.01,
0,254700,-0.14,-10.09,0.46,-0.01,-0.01,
0,255060,-0.14,-10.09,0.46,0,0,
0,255480,0.36,-9.73,0.23,0,0,
0,255840,0.36,-9.73,0.23,-0.01,-0.01,
0,256260,0.36,-9.73,0.23,-0.01,-0.01,
0,256680,-0.13,-10.08,-0.15,-0.01,-0.01,
0,257040,-0.13,-10.08,-0.15,-0.01,-0.01,
0,257460,-0.13,-10.08,-0.15,0,-0.01,
0,257820,0.35,-9.99,-0.17,0,-0.01,
0,258240,0.35,-9.99,-0.17,-0.01,-0.01,
0,258660,0.35,-9.99,-0.17,-0.01,-0.01,
0,259020,-0.2,-10.06,-0.03,-0.01,-0.01,
0,259440,-0.2,-10.06,-0.03,0,-0.01,
0,259860,-0.2,-10.06,-0.03,-0.01,0,
0,260220,0.01,-10.05,-0.22,-0.01,0,
0,260640,0.01,-10.05,-0.22,0,0,
0,261000,-0.19,-10.18,-0.36,-0.01,-0.01,
0,261420,-0.19,-10.18,-0.36,-0.01,-0.01,
0,261780,-0.19,-10.18,-0.36,0,-0.01,
0,262200,0.1,-10.09,-0.23,0,-0.01,
0,262560,0.1,-10.09,-0.23,0,-0.01,
0,263040,0.1,-10.09,-0.23,0,-0.01,
0,263400,0.01,-9.91,0.08,-0.01,-0.01,
0,263820,0.01,-9.91,0.08,0,-0.01,
0,264180,0.01,-9.91,0.08,0,-0.01,
0,264600,0.12,-9.96,0,-0.01,-0.01,
0,265020,0.12,-9.96,0,-0.01,-0.01,
0,265380,0.12,-9.96,0,-0.01,-0.01,
0,265800,0.04,-10.06,-0.13,-0.01,-0.01,
0,266160,0.04,-10.06,-0.13,-0.01,-0.01,
0,266580,-0.07,-10.15,-0.23,-0.01,-0.01,
0,267000,-0.07,-10.15,-0.23,0,-0.01,
0,267360,-0.07,-10.15,-0.23,0,-0.01,
0,267780,-0.05,-10.07,-0.1,0,-0.01,
0,268140,-0.05,-10.07,-0.1,0,-0.01,
0,268560,-0.05,-10.07,-0.1,-0.01,-0.01,
0,268920,-0.09,-9.98,-0.07,-0.01,-0.01,
0,269340,-0.09,-9.98,-0.07,0,-0.01,
0,269760,-0.09,-9.98,-0.07,-0.01,-0.01,
0,270120,0.02,-10.04,-0.1,-0.01,-0.01,
0,270540,0.02,-10.04,-0.1,0,-0.01,
0,270900,0.02,-10.04,-0.1,0,-0.01,
0,271320,0.04,-10.04,-0.19,0,-0.01,
0,271740,0.04,-10.04,-0.19,-0.01,-0.01,
0,272100,0.04,-10.04,-0.09,0,-0.01,
0,272520,0.04,-10.04,-0.09,0,-0.01,
0,272880,0.04,-10.04,-0.09,0,-0.01,
0,273300,0.11,-9.92,0.01,0,0,
0,273660,0.11,-9.92,0.01,0,-0.01,
0,274080,0.11,-9.92,0.01,0,-0.01,
0,274500,-0.08,-10,-0.06,0,-0.01,
0,274860,-0.08,-10,-0.06,0.01,-0.01,
0,275280,-0.08,-10,-0.06,0.01,-0.01,
0,275700,-0.09,-10.01,-0.14,0,-0.01,
0,276060,-0.09,-10.01,-0.14,0,-0.01,
0,276480,-0.09,-10.01,-0.14,0,-0.01,
0,276900,-0.03,-10.07,-0.13,0,-0.01,
0,277260,-0.03,-10.07,-0.13,0,-0.01,
0,277680,-0.03,-10.07,-0.13,0,-0.01,
0,278040,0.06,-10.05,-0.11,0,-0.01,
0,278400,0.06,-10.05,-0.11,-0.01,-0.01,
0,278820,0.04,-9.97,-0.06,-0.01,-0.01,
0,279180,0.04,-9.97,-0.06,-0.01,-0.01,
0,279540,0.04,-9.97,-0.06,0,-0.01,
0,279900,0.03,-10.03,-0.09,0,-0.01,
0,280320,0.03,-10.03,-0.09,-0.01,-0.01,
0,280680,0.03,-10.03,-0.09,0,-0.01,
0,281040,0.05,-10.04,-0.14,0,-0.01,
0,281460,0.05,-10.04,-0.14,-0.01,-0.01,
0,281820,0.05,-10.04,-0.14,-0.01,-0.01,
0,282180,0.02,-9.96,-0.06,-0.01,-0.01,
0,282600,0.02,-9.96,-0.06,0,-0.01,
0,282960,0.02,-9.96,-0.06,0,-0.01,
0,283500,0,-10.05,-0.13,0,-0.01,
0,283860,0,-10.05,-0.13,-0.01,-0.01,
0,284220,0,-10.05,-0.13,-0.01,-0.02,
0,284580,-0.05,-10.04,-0.11,-0.01,-0.02,
0,285000,-0.05,-10.04,-0.11,-0.01,-0.01,
0,285360,-0.05,-10.04,-0.11,0,-0.01,
0,285720,0.01,-10,-0.08,0,-0.01,
0,286080,0.01,-10,-0.08,-0.01,-0.01,
0,286440,0.01,-10,-0.08,-0.01,-0.01,
0,286860,0.02,-9.97,-0.08,-0.01,-0.01,
0,287220,0.02,-9.97,-0.08,0,-0.01,
0,287640,0.02,-9.97,-0.08,0,-0.01,
0,288000,-0.07,-10.01,-0.11,0,-0.01,
0,288360,-0.07,-10.01,-0.11,-0.01,0,
0,288780,-0.07,-10.01,-0.11,-0.01,0,
0,289140,0.05,-10.07,-0.09,0,-0.01,
0,289500,0.05,-10.07,-0.09,0,-0.01,
0,289860,0.05,-10.07,-0.09,0,-0.01,
0,290280,0.06,-10.1,-0.08,0,-0.01,
0,290640,0.06,-10.1,-0.08,-0.01,-0.01,
0,291060,0,-10.01,-0.11,-0.01,-0.01,
0,291420,0,-10.01,-0.11,0,-0.01,
0,291840,0,-10.01,-0.11,-0.01,-0.01,
0,292200,0.03,-10.03,-0.12,-0.01,-0.01,
0,292620,0.03,-10.03,-0.12,0,-0.01,
0,292980,0.03,-10.03,-0.12,0,-0.01,
0,293340,0.07,-10.02,-0.07,0,-0.01,
0,293760,0.07,-10.02,-0.07,0,0,
0,294120,0.07,-10.02,-0.07,-0.01,-0.01,
0,294540,0.01,-10.04,-0.06,-0.01,-0.01,
0,294900,0.01,-10.04,-0.06,0,-0.01,
0,295320,0.01,-10.04,-0.06,-0.01,-0.01,
0,295680,-0.04,-9.98,-0.05,-0.01,-0.01,
0,296040,-0.04,-9.98,-0.05,-0.01,-0.01,
0,296460,-0.04,-9.98,-0.05,0,-0.01,
0,296820,0.06,-10.1,-0.08,0,-0.01,
0,297240,0.06,-10.1,-0.08,-0.01,-0.01,
0,297600,0.06,-10.1,-0.08,0,-0.02,
0,297960,0.08,-10.03,-0.03,0,-0.02,
0,298380,0.08,-10.03,-0.03,-0.01,-0.01,
0,298800,0.08,-10.03,-0.03,-0.01,-0.01,
0,299160,0.11,-10.01,-0.09,-0.01,-0.01,
0,299580,0.11,-10.01,-0.09,0,-0.01,
0,299940,0.01,-10.01,-0.08,0,-0.01,
0,300300,0.01,-10.01,-0.08,0,-0.01,
0,300720,0.01,-10.01,-0.08,0,-0.01,
0,301080,0.04,-10.01,-0.09,0,-0.01,
0,301500,0.04,-10.01,-0.09,0,-0.01,
0,301860,0.04,-10.01,-0.09,0,-0.01,
0,302220,-0.02,-9.94,-0.11,0,-0.01,
0,302640,-0.02,-9.94,-0.11,-0.01,-0.01,
0,303000,-0.02,-9.94,-0.11,-0.01,0,
0,303420,0.02,-10.03,-0.13,-0.01,0,
0,303780,0.02,-10.03,-0.13,-0.01,-0.01,
0,304140,0.02,-10.03,-0.13,-0.01,-0.01,
0,304560,0,-10.05,-0.09,-0.01,-0.01,
0,304920,0,-10.05,-0.09,-0.01,-0.01,
0,305340,0,-10.05,-0.09,0,-0.01,
0,305700,0.07,-10.03,-0.12,0,-0.01,
0,306120,0.07,-10.03,-0.12,-0.01,-0.01,
0,306480,0.07,-10.03,-0.12,0,-0.01,
0,306840,0,-9.97,-0.03,0,-0.01,
0,307260,0,-9.97,-0.03,-0.01,-0.01,
0,307620,0,-9.97,-0.03,-0.01,-0.01,
0,308040,-0.01,-9.92,-0.06,-0.01,-0.01,
0,308400,-0.01,-9.92,-0.06,-0.01,-0.01,
0,308820,-0.01,-9.92,-0.06,0,-0.01,
0,309180,0,-10.03,-0.06,0,-0.01,
0,309600,0,-10.03,-0.06,-0.01,-0.01,
0,309960,0.01,-10.05,-0.09,0,-0.01,
0,310380,0.01,-10.05,-0.09,0,-0.01,
0,310800,0.01,-10.05,-0.09,0,-0.01,
0,311220,0.06,-10.05,-0.09,0,-0.01,
0,311580,0.06,-10.05,-0.09,0,-0.01,
0,311940,0.06,-10.05,-0.09,0,-0.01,
0,312360,0,-10,-0.08,0,-0.01,
0,312720,0,-10,-0.08,0,-0.01,
0,313080,0,-10,-0.08,0,-0.01,
0,313440,0.05,-10.03,-0.06,0,-0.01,
0,313860,0.05,-10.03,-0.06,0,-0.01,
0,314220,0.05,-10.03,-0.06,-0.01,-0.01,
0,314640,0.09,-10.02,-0.08,-0.01,-0.01,
0,315000,0.09,-10.02,-0.08,-0.01,-0.01,
0,315360,0.09,-10.02,-0.08,0,0,
0,315720,0.01,-10.01,-0.04,-0.01,-0.01,
0,316140,0.01,-10.01,-0.04,-0.01,-0.01,
0,316500,0.01,-10.01,-0.04,-0.01,-0.01,
0,316920,0,-10.01,-0.11,0,-0.01,
0,317280,0,-10.01,-0.11,0,-0.01,
0,317640,0,-10.01,-0.11,-0.01,-0.01,
0,318000,0.03,-10.03,0.01,0,-0.01,
0,318420,0.03,-10.03,0.01,0,-0.01,
0,318780,0.03,-10.03,0.01,0,-0.01,
0,319140,0.1,-10.03,-0.18,-0.01,-0.01,
0,321300,0.03,-10.02,-0.03,0,-0.01,
0,321660,0.03,-10.02,-0.03,0,-0.01,
0,322020,0.03,-10.02,-0.03,0,-0.01,
0,322380,0,-10.01,-0.1,-0.01,-0.01,
0,322740,0,-10.01,-0.1,0,-0.01,
0,323160,0,-10.01,-0.1,0,-0.01,
0,323520,-0.06,-10.04,-0.1,0,-0.01,
0,323940,-0.06,-10.04,-0.1,-0.01,-0.01,
0,324300,-0.06,-10.04,-0.1,-0.01,-0.01,
0,324720,0,-10.03,-0.04,0,-0.01,
0,325080,0,-10.03,-0.04,0,-0.01,
0,325440,0,-10.03,-0.04,0,-0.01,
0,325860,-0.02,-10.02,-0.04,-0.01,-0.01,
0,326220,-0.02,-10.02,-0.04,0,-0.01,
0,326640,-0.02,-10.02,-0.04,0,-0.01,
0,327000,-0.01,-10.02,-0.14,-0.01,-0.01,
0,327420,-0.01,-10.02,-0.14,0,-0.01,
0,327780,0.02,-9.99,-0.02,0,-0.01,
0,328140,0.02,-9.99,-0.02,-0.01,-0.01,
0,328560,0.02,-9.99,-0.02,0,-0.01,
0,328920,0.01,-10.01,-0.09,0,-0.01,
0,329340,0.01,-10.01,-0.09,0,-0.01,
0,329700,0.01,-10.01,-0.09,0,-0.01,
0,330120,-0.02,-10.07,-0.1,0,-0.01,
0,330480,-0.02,-10.07,-0.1,0,-0.01,
0,330900,-0.02,-10.07,-0.1,0,-0.01,
0,331200,-0.05,-10.01,-0.13,0,-0.01,
0,331560,-0.05,-10.01,-0.13,0,-0.01,
0,331980,-0.05,-10.01,-0.13,-0.01,-0.01,
0,332340,0.02,-9.98,-0.06,-0.01,-0.01,
0,332760,0.02,-9.98,-0.06,-0.01,-0.01,
0,333180,0.02,-9.98,-0.06,-0.01,-0.01,
0,333540,0.01,-10.1,-0.1,-0.01,-0.01,
0,333960,0.01,-10.1,-0.1,0,-0.01,
0,334320,0.01,-10.1,-0.1,-0.01,-0.01,
0,334680,0.05,-9.98,-0.05,-0.01,-0.01,
0,335100,0.05,-9.98,-0.05,-0.01,-0.01,
0,335460,0.05,-9.98,-0.05,0,-0.01,
0,335880,0.07,-10.03,-0.15,0,-0.01,
0,336240,0.07,-10.03,-0.15,0,-0.01,
0,336660,0.07,-10.03,-0.15,0,-0.01,
0,337020,0.02,-10.05,-0.09,0,-0.01,
0,337380,0.02,-10.05,-0.09,0,-0.01,
0,337800,0,-10.05,-0.08,0,-0.01,
0,338160,0,-10.05,-0.08,-0.01,-0.01,
0,338580,0,-10.05,-0.08,0,0,
0,338940,-0.02,-9.96,-0.14,0,0,
0,339300,-0.02,-9.96,-0.14,-0.01,-0.01,
0,339720,-0.02,-9.96,-0.14,0,0,
0,340080,-0.04,-10.03,-0.1,0,0,
0,340500,-0.04,-10.03,-0.1,0,-0.01,
0,340860,-0.04,-10.03,-0.1,-0.01,-0.01,
0,341280,0.04,-10.05,-0.09,-0.01,-0.01,
0,341640,0.04,-10.05,-0.09,-0.01,-0.01,
0,342000,0.04,-10.05,-0.09,0,-0.01,
0,342420,-0.02,-10.01,-0.08,0,-0.01,
0,342780,-0.02,-10.01,-0.08,0,-0.01,
0,343200,-0.02,-10.01,-0.08,0,-0.01,
0,343560,0.02,-10.05,-0.09,0,-0.01,
0,343980,0.02,-10.05,-0.09,-0.01,-0.01,
0,344340,0.02,-10.05,-0.09,-0.01,-0.01,
0,344760,-0.01,-10.03,-0.13,-0.01,-0.01,
0,345180,-0.01,-10.03,-0.13,-0.01,-0.01,
0,345540,-0.01,-10.03,-0.13,-0.01,-0.01,
0,345960,-0.01,-10.03,-0.13,-0.01,-0.01,
0,346320,-0.01,-10.03,-0.13,0,-0.01,
0,346740,0.09,-10,-0.06,0,-0.01,
0,347100,0.09,-10,-0.06,0,-0.01,
0,347520,0.09,-10,-0.06,0,-0.01,
0,347880,-0.01,-10.01,-0.09,0,-0.01,
0,348300,-0.01,-10.01,-0.09,0,-0.01,
0,348660,-0.01,-10.01,-0.09,0,-0.01,
0,349020,-0.02,-10.05,-0.11,-0.01,-0.01,
0,349440,-0.02,-10.05,-0.11,-0.01,-0.01,
0,349800,-0.02,-10.05,-0.11,0,-0.01,
0,350160,-0.04,-10.09,-0.16,0,-0.01,
0,350580,-0.04,-10.09,-0.16,0,-0.01,
0,350940,-0.04,-10.09,-0.16,0,-0.01,
0,351360,0.01,-9.96,-0.04,-0.01,-0.01,
0,351720,0.01,-9.96,-0.04,-0.01,-0.01,
0,352140,0.01,-9.96,-0.04,0,-0.01,
0,352500,-0.01,-10.03,-0.06,-0.01,-0.01,
0,352860,-0.01,-10.03,-0.06,-0.01,-0.01,
0,353220,-0.01,-10.03,-0.06,-0.01,-0.01,
0,353640,0.04,-9.96,-0.11,0,-0.01,
0,354000,0.04,-9.96,-0.11,0,-0.01,
0,354360,0.04,-9.96,-0.11,0,-0.01,
0,354720,0.06,-10.08,-0.19,0,-0.01,
0,355140,0.06,-10.08,-0.19,0,-0.01,
0,355500,0.06,-10.08,-0.19,0,-0.01,
0,355860,0.08,-10.06,-0.06,-0.01,0,
0,356280,0.08,-10.06,-0.06,-0.01,0,
0,356640,0.08,-10.06,-0.06,0,-0.01,
0,357060,-0.05,-9.98,-0.06,-0.01,-0.01,
0,357480,-0.05,-9.98,-0.06,-0.01,-0.01,
0,357840,0,-10.04,-0.04,-0.01,-0.01,
0,358260,0,-10.04,-0.04,0,-0.01,
0,358620,0,-10.04,-0.04,0,-0.01,
0,359040,-0.05,-10.06,-0.11,0,-0.01,
0,359460,-0.05,-10.06,-0.11,0,-0.01,
0,359820,-0.05,-10.06,-0.11,0,-0.01,
0,360240,0.03,-10.06,-0.07,0,-0.01,
0,360600,0.03,-10.06,-0.07,0,-0.01,
0,361020,0.03,-10.06,-0.07,0,-0.01,
0,361440,0.08,-10,-0.1,0,-0.01,
0,361800,0.08,-10,-0.1,0,-0.01,
0,362160,0.08,-10,-0.1,0,-0.01,
0,362580,0.07,-10,-0.06,0,-0.01,
0,363000,0.07,-10,-0.06,0,-0.01,
0,363360,0,-10.01,-0.11,0,-0.01,
0,363720,0,-10.01,-0.11,-0.01,-0.01,
0,364140,0,-10.01,-0.11,-0.01,0,
0,364560,-0.06,-10.03,-0.08,-0.01,0,
0,364920,-0.06,-10.03,-0.08,0,-0.01,
0,365340,-0.06,-10.03,-0.08,-0.01,-0.01,
0,365760,-0.02,-10.04,-0.06,-0.01,-0.01,
0,366120,-0.02,-10.04,-0.06,-0.01,-0.01,
0,366540,-0.02,-10.04,-0.06,-0.01,-0.01,
0,366900,0,-10.01,-0.14,-0.01,-0.01,
0,367320,0,-10.01,-0.14,0,-0.01,
0,367740,0,-10.01,-0.14,0,-0.01,
0,368100,0.05,-9.96,-0.12,0,-0.01,
0,368520,0.05,-9.96,-0.12,0,-0.01,
0,368880,0.05,-9.96,-0.12,0,-0.01,
0,369300,0.02,-10.05,-0.12,0,-0.01,
0,369720,0.02,-10.05,-0.12,0,-0.01,
0,370080,0.04,-10.11,-0.05,-0.01,-0.01,
0,370500,0.04,-10.11,-0.05,0,-0.01,
0,370920,0.04,-10.11,-0.05,0,-0.01,
0,371280,0.07,-10.02,-0.08,0,-0.01,
0,371700,0.07,-10.02,-0.08,0,-0.01,
0,372060,0.07,-10.02,-0.08,0,-0.01,
0,372420,-0.01,-10.05,-0.12,0,-0.01,
0,372840,-0.01,-10.05,-0.12,-0.01,-0.01,
0,373200,-0.01,-10.05,-0.12,-0.01,-0.01,
0,373620,0.05,-9.96,-0.12,-0.01,-0.01,
0,373980,0.05,-9.96,-0.12,0,-0.01,
0,374400,0.05,-9.96,-0.12,0,-0.01,
0,374760,-0.06,-10.05,-0.05,0,-0.01,
0,375180,-0.06,-10.05,-0.05,0,-0.01,
0,375540,-0.06,-10.05,-0.05,0,-0.01,
0,375960,0.02,-10.01,-0.08,-0.01,-0.01,
0,376320,0.02,-10.01,-0.08,0,-0.01,
0,376740,0.02,-10,-0.15,0,-0.01,
0,377100,0.02,-10,-0.15,0,-0.01,
0,377520,0.02,-10,-0.15,0,-0.01,
0,377880,0.02,-10.02,-0.11,0,-0.01,
0,378300,0.02,-10.02,-0.11,-0.01,-0.01,
0,378660,0.02,-10.02,-0.11,-0.01,-0.01,
0,379020,0.03,-10.04,-0.1,-0.01,-0.01,
0,379440,0.03,-10.04,-0.1,0,-0.01,
0,379800,0.03,-10.04,-0.1,0,-0.01,
0,380220,0.07,-10.03,-0.15,0,-0.01,
0,380580,0.07,-10.03,-0.15,0,-0.01,
0,381000,0.07,-10.03,-0.15,0,-0.01,
0,381420,-0.02,-10.05,-0.06,0,-0.01,
0,381780,-0.02,-10.05,-0.06,-0.01,-0.01,
0,382200,-0.02,-10.05,-0.06,0,-0.01,
0,382560,-0.01,-10.01,-0.06,0,-0.01,
0,382920,-0.01,-10.01,-0.06,-0.01,-0.01,
0,383280,-0.01,-10.01,-0.06,0,-0.01,
0,383700,0,-9.98,-0.1,0,-0.01,
0,384060,0,-9.98,-0.1,0,-0.01,
0,384420,0,-9.98,-0.1,0,-0.01,
0,384840,-0.02,-10.03,-0.11,-0.01,-0.01,
0,385200,-0.02,-10.03,-0.11,0,-0.01,
0,385560,-0.02,-10.03,-0.11,0,-0.01,
0,385980,0.03,-9.88,-0.08,0,-0.01,
0,386340,0.03,-9.88,-0.08,0,-0.01,
0,386700,0.1,-10,-0.06,0,-0.01,
0,387060,0.1,-10,-0.06,0,-0.01,
0,387480,0.1,-10,-0.06,0,0,
0,387840,0,-9.97,-0.04,0,0,
0,388200,0,-9.97,-0.04,0,-0.01,
0,388620,0,-9.97,-0.04,0,-0.01,
0,388980,-0.01,-10.05,-0.03,0,-0.01,
0,389340,-0.01,-10.05,-0.03,0,-0.01,
0,389760,-0.01,-10.05,-0.03,0,-0.01,
0,390120,0.03,-9.96,-0.05,0,-0.01,
0,390480,0.03,-9.96,-0.05,-0.01,-0.01,
0,390900,0.03,-9.96,-0.05,0,-0.01,
0,391320,0.03,-10.03,-0.13,0,-0.01,
0,391680,0.03,-10.03,-0.13,-0.01,-0.01,
0,392100,0.03,-10.03,-0.13,-0.01,-0.01,
0,392460,0.06,-10.06,-0.08,-0.01,-0.01,
0,392880,0.06,-10.06,-0.08,-0.01,0,
0,393300,0.06,-10.06,-0.08,-0.01,-0.01,
0,393660,0.02,-9.99,-0.08,-0.01,-0.01,
0,394080,0.02,-9.99,-0.08,-0.01,-0.01,
0,394500,0.02,-9.99,-0.08,-0.01,-0.01,
0,394860,-0.01,-9.98,0,-0.01,-0.01,
0,395220,-0.01,-9.98,0,0,-0.01,
0,395640,0.01,-10.12,-0.04,-0.01,-0.01,
0,396000,0.01,-10.12,-0.04,-0.01,-0.01,
0,396420,0.01,-10.12,-0.04,0,-0.01,
0,396780,0.05,-10.02,-0.09,0,-0.01,
0,397200,0.05,-10.02,-0.09,0,-0.01,
0,397560,0.05,-10.02,-0.09,0,-0.01,
0,397920,0.04,-9.99,-0.07,0,-0.01,
0,398340,0.04,-9.99,-0.07,0,-0.01,
0,398700,0.04,-9.99,-0.07,-0.01,-0.01,
0,399120,0.03,-10.04,-0.09,0,-0.01,
0,399480,0.03,-10.04,-0.09,0,-0.01,
0,399900,0.03,-10.04,-0.09,0,-0.01,
0,400260,0,-10,-0.05,0,-0.01,
0,400680,0,-10,-0.05,0,-0.01,
0,401040,0,-10,-0.05,0,-0.01,
0,401400,0.02,-9.98,0,0,-0.01,
0,401820,0.02,-9.98,0,0,-0.01,
0,402180,0.02,-9.98,0,-0.01,-0.01,
0,402600,-0.01,-9.98,-0.06,-0.01,-0.01,
0,402960,-0.01,-9.98,-0.06,-0.01,-0.01,
0,403380,-0.01,-9.98,-0.06,-0.01,-0.01,
0,403740,-0.05,-10,-0.07,-0.01,-0.01,
0,404100,-0.05,-10,-0.07,-0.01,-0.01,
0,404520,0.05,-10.06,-0.11,0,-0.01,
0,404880,0.05,-10.06,-0.11,0,-0.01,
0,405300,0.05,-10.06,-0.11,0,-0.01,
0,405720,0,-10.07,-0.1,0,-0.01,
0,406080,0,-10.07,-0.1,-0.01,-0.01,
0,406500,0,-10.07,-0.1,-0.01,-0.01,
0,406860,0.03,-9.99,-0.08,-0.01,-0.01,
0,407220,0.03,-9.99,-0.08,-0.01,-0.01,
0,407640,0.03,-9.99,-0.08,-0.01,-0.01,
0,408000,0.04,-10.03,-0.1,0,0,
0,408420,0.04,-10.03,-0.1,0,-0.01,
0,408780,0.04,-10.03,-0.1,0,-0.01,
0,409200,0.06,-10.02,-0.09,-0.01,-0.01,
0,409560,0.06,-10.02,-0.09,-0.01,-0.01,
0,409980,0.06,-10.02,-0.09,-0.01,-0.01,
0,410340,-0.03,-10.07,-0.09,0,-0.01,
0,410760,-0.03,-10.07,-0.09,-0.01,-0.01,
0,411120,-0.03,-10.07,-0.09,-0.01,-0.01,
0,411540,-0.03,-10.05,-0.14,0,-0.01,
0,411900,-0.03,-10.05,-0.14,-0.01,-0.01,
0,412260,-0.03,-10.05,-0.14,-0.01,-0.01,
0,412680,-0.01,-10.07,-0.08,-0.01,-0.01,
0,413040,-0.01,-10.07,-0.08,0,-0.01,
0,413460,0.04,-10.05,-0.1,0,-0.01,
0,413820,0.04,-10.05,-0.1,-0.01,-0.01,
0,414240,0.04,-10.05,-0.1,0,-0.01,
0,414600,0,-10.06,-0.1,0,-0.01,
0,415020,0,-10.06,-0.1,0,-0.01,
0,415380,0,-10.06,-0.1,0,-0.01,
0,415800,0.02,-10.04,-0.05,0,-0.01,
0,416160,0.02,-10.04,-0.05,-0.01,-0.01,
0,416520,0.02,-10.04,-0.05,-0.01,-0.01,
0,416940,0.03,-10.01,-0.05,-0.01,-0.01,
0,417360,0.03,-10.01,-0.05,0,-0.01,
0,417720,0.03,-10.01,-0.05,-0.01,-0.01,
0,418080,-0.01,-10.04,-0.06,-0.01,-0.01,
0,418500,-0.01,-10.04,-0.06,0,-0.01,
0,418860,-0.01,-10.04,-0.06,-0.01,-0.01,
0,419220,0.03,-10,-0.1,-0.01,-0.01,
0,419640,0.03,-10,-0.1,0,-0.01,
0,420000,0.03,-10,-0.1,-0.01,-0.01,
0,420360,0.07,-10.01,-0.13,-0.01,-0.01,
0,420780,0.07,-10.01,-0.13,-0.01,-0.01,
0,421140,0.07,-10.01,-0.13,-0.01,-0.01,
0,421500,0.04,-10.05,-0.11,0,-0.01,
0,421920,0.04,-10.05,-0.11,0,-0.01,
0,422280,0.04,-10.05,-0.11,0,-0.01,
0,422640,0.06,-10.05,-0.1,0,-0.01,
0,423000,0.06,-10.05,-0.1,0,-0.01,
0,423420,0.06,-10.05,-0.1,0,-0.01,
0,423780,0,-10.02,-0.15,-0.01,-0.01,
0,424140,0,-10.02,-0.15,0,-0.01,
0,424560,-0.01,-10.07,-0.1,0,-0.01,
0,424920,-0.01,-10.07,-0.1,0,-0.01,
0,425340,-0.01,-10.07,-0.1,0,-0.01,
0,425700,0,-9.99,-0.04,0,-0.01,
0,426120,0,-9.99,-0.04,-0.01,0,
0,426480,0,-9.99,-0.04,-0.01,-0.01,
0,426900,0.07,-10.01,-0.09,-0.01,-0.01,
0,427260,0.07,-10.01,-0.09,0,-0.01,
0,427680,0.07,-10.01,-0.09,0,-0.01,
0,428100,0.05,-10.04,-0.07,0,-0.01,
0,428460,0.05,-10.04,-0.07,0,0,
0,428880,0.05,-10.04,-0.07,0,-0.01,
0,429300,0.03,-10.03,-0.14,0,-0.01,
0,429660,0.03,-10.03,-0.14,0,-0.01,
0,430080,0.03,-10.03,-0.14,0,-0.01,
0,430500,0,-10.02,-0.1,0,-0.01,
0,430860,0,-10.02,-0.1,0,-0.01,
0,431280,-0.02,-10.02,-0.1,-0.01,-0.01,
0,431640,-0.02,-10.02,-0.1,0,-0.01,
0,432060,-0.02,-10.02,-0.1,0,-0.01,
0,432420,-0.03,-10,-0.06,-0.01,-0.01,
0,432840,-0.03,-10,-0.06,0,-0.01,
0,433200,-0.03,-10,-0.06,0,-0.01,
0,433620,0.01,-10.07,-0.13,-0.01,-0.01,
0,433980,0.01,-10.07,-0.13,0,-0.01,
0,434400,0.01,-10.07,-0.13,0,-0.01,
0,434760,0,-10.07,-0.11,0,-0.01,
0,435180,0,-10.07,-0.11,0,-0.01,
0,435540,0,-10.07,-0.11,0,-0.01,
0,435960,0.09,-10.06,-0.09,0,-0.01,
0,436320,0.09,-10.06,-0.09,-0.01,-0.01,
0,436740,0.09,-10.06,-0.09,-0.01,-0.01,
0,437160,0,-10.02,-0.14,0,-0.01,
0,437520,0,-10.02,-0.14,-0.01,-0.01,
0,437880,0.07,-9.99,-0.08,-0.01,-0.01,
0,438300,0.07,-9.99,-0.08,-0.01,-0.01,
0,438720,0.07,-9.99,-0.08,0,0,
0,439080,0.05,-9.98,-0.08,0,0,
0,439500,0.05,-9.98,-0.08,0,-0.01,
0,439860,0.05,-9.98,-0.08,-0.01,0,
0,440280,-0.01,-10.03,-0.06,-0.01,0,
0,440640,-0.01,-10.03,-0.06,-0.01,-0.01,
0,441000,-0.01,-10.03,-0.06,-0.01,-0.01,
0,441480,0.01,-10.07,-0.08,-0.01,-0.01,
0,441840,0.01,-10.07,-0.08,-0.01,-0.01,
0,442260,0.01,-10.07,-0.08,-0.01,-0.01,
0,442680,0.02,-10.05,-0.13,-0.01,-0.01,
0,443040,0.02,-10.05,-0.13,0,-0.01,
0,443460,0.02,-10.05,-0.13,0,-0.01,
0,443820,0.03,-10.04,-0.1,0,-0.01,
0,444240,0.03,-10.04,-0.1,-0.01,-0.01,
0,444600,0.01,-10.03,-0.03,-0.01,-0.01,
0,445020,0.01,-10.03,-0.03,-0.01,-0.01,
0,445380,0.01,-10.03,-0.03,-0.01,-0.01,
0,445800,0,-10.05,-0.05,0,-0.01,
0,446160,0,-10.05,-0.05,0,-0.01,
0,446580,0,-10.05,-0.05,-0.01,-0.01,
0,446940,-0.02,-9.99,-0.06,-0.01,-0.01,
0,447300,-0.02,-9.99,-0.06,-0.01,-0.01,
0,447720,-0.02,-9.99,-0.06,0,-0.01,
0,448080,0.01,-9.99,-0.07,0,-0.01,
0,448500,0.01,-9.99,-0.07,0,-0.01,
0,448860,0.01,-9.99,-0.07,0,-0.01,
0,449220,0.03,-10.06,-0.08,0,-0.01,
0,449640,0.03,-10.06,-0.08,0,-0.01,
0,450000,0.03,-10.06,-0.08,0,-0.01,
0,450360,0.01,-10.04,-0.1,0,-0.01,
0,450720,0.01,-10.04,-0.1,0,-0.01,
0,451080,0.01,-10.04,-0.1,0,-0.01,
0,451440,0.01,-10.02,-0.06,0,-0.01,
0,451860,0.01,-10.02,-0.06,0,-0.01,
0,452220,0.01,-10.02,-0.06,-0.01,-0.01,
0,452580,0,-10.03,-0.09,-0.01,-0.01,
0,452940,0,-10.03,-0.09,-0.01,-0.01,
0,453360,0,-10.03,-0.09,0,-0.01,
0,453720,-0.06,-9.96,-0.06,0,-0.01,
0,454140,-0.06,-9.96,-0.06,0,-0.01,
0,454500,-0.06,-9.96,-0.06,0,-0.01,
0,454860,0.03,-10.03,-0.11,0,-0.01,
0,455220,0.03,-10.03,-0.11,-0.01,-0.01,
0,455580,0.03,-10.03,-0.11,0,-0.01,
0,455940,0.03,-9.99,-0.04,0,-0.01,
0,456300,0.03,-9.99,-0.04,0,-0.01,
0,456720,0.03,-9.99,-0.04,-0.01,0,
0,457080,0.07,-10.02,-0.11,-0.01,0,
0,457440,0.07,-10.02,-0.11,-0.01,-0.01,
0,457800,0.07,-10.02,-0.11,-0.01,-0.01,
0,458220,-0.04,-10.03,-0.08,0,-0.01,
0,458580,-0.04,-10.03,-0.08,0,-0.01,
0,459000,-0.04,-10.03,-0.08,0,-0.01,
0,459360,0.04,-10.01,-0.07,0,0,
0,459780,0.04,-10.01,-0.07,-0.01,-0.01,
0,460140,0,-10.02,-0.1,-0.01,-0.01,
0,460560,0,-10.02,-0.1,0,-0.01,
0,460920,0,-10.02,-0.1,-0.01,-0.01,
0,461280,0.02,-10.02,-0.06,-0.01,-0.01,
0,461700,0.02,-10.02,-0.06,0,-0.01,
0,462060,0.02,-10.02,-0.06,0,-0.01,
0,462480,0.01,-10.04,-0.06,0,-0.01,
0,462840,0.01,-10.04,-0.06,0,-0.01,
0,463260,0.01,-10.04,-0.06,0,-0.01,
0,463620,0.01,-9.95,-0.07,0,-0.01,
0,463980,0.01,-9.95,-0.07,-0.01,-0.01,
0,464400,0.01,-9.95,-0.07,0,-0.01,
0,464760,0.02,-9.97,0,0,-0.01,
0,465180,0.02,-9.97,0,0,-0.01,
0,465600,0.02,-9.97,0,-0.01,-0.01,
0,465960,-0.04,-10.1,-0.07,-0.01,-0.01,
0,466380,-0.04,-10.1,-0.07,-0.01,-0.01,
0,466740,-0.04,-10.1,-0.07,-0.01,-0.01,
0,467100,-0.03,-9.96,-0.13,-0.01,-0.01,
0,467520,-0.03,-9.96,-0.13,-0.01,-0.01,
0,467880,-0.03,-9.96,-0.13,0,-0.01,
0,468300,-0.01,-10.03,-0.06,0,-0.01,
0,468660,-0.01,-10.03,-0.06,-0.01,0,
0,469080,0.03,-10.08,-0.09,0,-0.01,
0,469440,0.03,-10.08,-0.09,0,-0.01,
0,469860,0.03,-10.08,-0.09,0,-0.01,
0,470220,0.09,-10.02,-0.05,0,-0.01,
0,470580,0.09,-10.02,-0.05,0,-0.01,
0,471000,0.09,-10.02,-0.05,0,-0.01,
0,471360,0.03,-10.03,-0.13,0,-0.01,
0,471780,0.03,-10.03,-0.13,0,-0.01,
0,472140,0.03,-10.03,-0.13,0,-0.01,
0,472560,0.03,-10.08,-0.09,0,-0.01,
0,472920,0.03,-10.08,-0.09,0,-0.01,
0,473280,0.03,-10.08,-0.09,0,-0.01,
0,473700,0.03,-10,-0.02,0,0,
0,474060,0.03,-10,-0.02,0,0,
0,474480,0.03,-10,-0.02,0,-0.01,
0,474840,0.01,-10.03,-0.08,0,-0.01,
0,475260,0.01,-10.03,-0.08,0,-0.01,
0,475620,0.01,-10.03,-0.08,0,-0.01,
0,475980,0.01,-10.02,-0.08,0,-0.01,
0,476400,0.01,-10.02,-0.08,0,-0.01,
0,476760,0.01,-10.02,-0.08,0,-0.01,
0,477180,0.07,-10,-0.14,-0.01,-0.02,
0,477600,0.07,-10,-0.14,-0.01,-0.02,
0,477960,-0.03,-10.03,-0.1,0,-0.01,
0,478380,-0.03,-10.03,-0.1,0,-0.01,
0,478740,-0.03,-10.03,-0.1,0,-0.01,
0,479160,0.02,-10.05,-0.02,-0.01,-0.01,
0,479520,0.02,-10.05,-0.02,0,-0.01,
0,479940,0.02,-10.05,-0.02,0,-0.01,
0,480300,0.02,-9.97,-0.16,0,-0.01,
0,480720,0.02,-9.97,-0.16,-0.01,-0.01,
0,481080,0.02,-9.97,-0.16,-0.01,-0.01,
0,481500,0,-10.06,-0.1,-0.01,-0.01,
0,481860,0,-10.06,-0.1,0,-0.01,
0,482220,0,-10.06,-0.1,0,-0.01,
0,482640,-0.02,-10.07,-0.15,0,-0.01,
0,483000,-0.02,-10.07,-0.15,0,-0.01,
0,483420,-0.02,-10.07,-0.15,0,-0.01,
0,483780,0.03,-10.03,-0.09,0,-0.01,
0,484140,0.03,-10.03,-0.09,-0.01,-0.01,
0,484560,0.03,-10.03,-0.09,-0.01,-0.01,
0,484920,0,-10.04,-0.09,0,-0.01,
0,485280,0,-10.04,-0.09,0,-0.01,
0,485640,0,-10.04,-0.09,0,-0.01,
0,486060,0.05,-10.06,-0.09,0,-0.01,
0,486420,0.05,-10.06,-0.09,0,-0.01,
0,486840,0.05,-10.06,-0.09,0,-0.01,
0,487200,-0.03,-10.03,-0.09,0,-0.01,
0,487620,-0.03,-10.03,-0.09,0,-0.01,
0,487980,-0.03,-10.03,-0.09,0,-0.01,
0,488340,0.04,-10.03,-0.08,-0.01,-0.01,
0,488700,0.04,-10.03,-0.08,-0.01,-0.01,
0,489120,0.03,-10.05,-0.13,0,-0.01,
0,489480,0.03,-10.05,-0.13,0,-0.01,
0,489840,0.03,-10.05,-0.13,0,-0.01,
0,490260,0,-10.04,-0.05,0,-0.01,
0,490620,0,-10.04,-0.05,0,-0.01,
0,490980,0,-10.04,-0.05,0,-0.01,
0,491340,0.07,-10.01,-0.08,0,-0.01,
0,491760,0.07,-10.01,-0.08,0,-0.01,
0,492120,0.07,-10.01,-0.08,0,-0.01,
0,492540,0.07,-10.04,-0.08,0,-0.01,
0,492900,0.07,-10.04,-0.08,0,-0.01,
0,493320,0.07,-10.04,-0.08,0,-0.01,
0,493680,-0.03,-9.99,-0.08,-0.01,-0.01,
0,494100,-0.03,-9.99,-0.08,-0.01,-0.01,
0,494460,-0.03,-9.99,-0.08,-0.01,-0.01,
0,494880,-0.01,-10.06,-0.08,0,-0.01,
0,495240,-0.01,-10.06,-0.08,-0.01,-0.01,
0,495660,-0.01,-10.06,-0.08,-0.01,-0.01,
0,496020,0.01,-10.06,-0.11,0,-0.01,
0,496440,0.01,-10.06,-0.11,0,-0.01,
0,496800,0.01,-10.06,-0.11,0,-0.01,
0,497220,0.04,-9.98,-0.07,-0.01,-0.01,
0,497580,0.04,-9.98,-0.07,0,-0.01,
0,498000,0.04,-9.98,-0.07,0,-0.01,
0,498360,0.07,-9.92,-0.08,-0.01,-0.01,
0,498780,0.07,-9.92,-0.08,0,-0.01,
0,499140,0.03,-9.97,-0.05,0,-0.01,
0,499560,0.03,-9.97,-0.05,0,-0.01,
0,499920,0.03,-9.97,-0.05,-0.01,-0.01,
0,500280,0,-10.05,-0.1,-0.01,-0.01,
0,500700,0,-10.05,-0.1,0,-0.01,
0,501120,0,-10.05,-0.1,-0.01,-0.01,
0,501540,-0.05,-10.06,-0.07,-0.01,-0.01,
0,501900,-0.05,-10.06,-0.07,-0.01,-0.01,
0,502320,-0.05,-10.06,-0.07,-0.01,-0.01,
0,502680,0,-10.03,-0.12,-0.01,-0.01,
0,503100,0,-10.03,-0.12,0,-0.01,
0,503460,0,-10.03,-0.12,0,-0.01,
0,503820,0.07,-9.98,-0.08,0,-0.01,
0,504240,0.07,-9.98,-0.08,0,-0.01,
0,504660,0.07,-9.98,-0.08,-0.01,-0.01,
0,505020,0.06,-10.02,-0.05,-0.01,-0.01,
0,505440,0.06,-10.02,-0.05,0,-0.01,
0,505800,-0.04,-10.08,-0.04,0,-0.01,
0,506220,-0.04,-10.08,-0.04,0,-0.01,
0,506580,-0.04,-10.08,-0.04,-0.01,0,
0,507000,-0.01,-10,-0.12,0,-0.01,
0,507360,-0.01,-10,-0.12,0,-0.01,
0,507780,-0.01,-10,-0.12,-0.01,-0.01,
0,508140,-0.02,-10.03,-0.1,-0.01,-0.01,
0,508500,-0.02,-10.03,-0.1,-0.01,-0.01,
0,508920,-0.02,-10.03,-0.1,-0.01,-0.01,
0,509340,-0.01,-10.03,-0.04,0,-0.01,
0,509700,-0.01,-10.03,-0.04,0,-0.01,
0,510120,-0.01,-10.03,-0.04,-0.01,-0.01,
0,510480,-0.01,-9.86,-0.13,-0.01,-0.01,
0,510900,-0.01,-9.86,-0.13,-0.01,-0.01,
0,511260,-0.01,-9.86,-0.13,0,-0.01,
0,511680,0,-10.11,-0.08,-0.01,-0.01,
0,512040,0,-10.11,-0.08,-0.01,-0.01,
0,512460,0,-10.11,-0.08,0,-0.01,
0,512820,-0.02,-10.03,-0.12,0,-0.01,
0,513240,-0.02,-10.03,-0.12,-0.01,-0.01,
0,513660,0.01,-9.96,-0.1,-0.01,-0.01,
0,514020,0.01,-9.96,-0.1,0,-0.01,
0,514440,0.01,-9.96,-0.1,-0.01,-0.01,
0,514800,0.08,-9.96,-0.06,-0.01,-0.01,
0,515220,0.08,-9.96,-0.06,0,-0.01,
0,515580,0.08,-9.96,-0.06,-0.01,-0.01,
0,516000,0.01,-10.06,-0.12,-0.01,-0.01,
0,516360,0.01,-10.06,-0.12,0,-0.01,
0,516720,0.01,-10.06,-0.12,-0.01,0,
0,517140,0.26,-9.94,-0.09,-0.01,0,
0,517500,0.26,-9.94,-0.09,-0.01,-0.01,
0,517860,0.26,-9.94,-0.09,-0.01,-0.01,
0,518220,-0.25,-10.05,-0.05,-0.01,-0.01,
0,518640,-0.25,-10.05,-0.05,-0.01,-0.01,
0,519000,-0.25,-10.05,-0.05,-0.01,-0.01,
0,519360,0.28,-10,-0.18,-0.01,-0.01,
0,519720,0.28,-10,-0.18,0,-0.01,
0,520140,0.28,-10,-0.18,0,-0.01,
0,520500,-0.05,-9.98,0,0,-0.01,
0,520920,-0.05,-9.98,0,-0.01,-0.01,
0,521280,-0.05,-9.98,0,-0.01,-0.01,
0,521640,-0.07,-9.98,0,-0.01,-0.01,
0,522060,-0.07,-9.98,0,-0.02,-0.01,
0,522420,-0.07,-9.98,0,-0.02,-0.01,
0,522780,0.04,-10.06,-0.09,-0.03,-0.03,
0,523200,0.04,-10.06,-0.09,-0.02,-0.03,
0,523560,0.04,-10.06,-0.09,-0.02,-0.03,
0,523920,0.11,-10.07,-0.31,-0.01,-0.04,
0,524340,0.11,-10.07,-0.31,0,-0.03,
0,524700,0.25,-9.99,-0.37,0,-0.03,
0,525120,0.25,-9.99,-0.37,0.01,-0.02,
0,525480,0.25,-9.99,-0.37,0.03,-0.01,
0,525900,0.19,-9.92,-0.18,0.03,-0.01,
0,526320,0.19,-9.92,-0.18,0.03,-0.01,
0,526680,0.19,-9.92,-0.18,-0.01,-0.01,
0,527100,-0.39,-10.11,-0.07,-0.01,-0.01,
0,527520,-0.39,-10.11,-0.07,0,-0.02,
0,527880,-0.39,-10.11,-0.07,0,-0.01,
0,528300,0.08,-10.03,-0.19,0,-0.01,
0,528660,0.08,-10.03,-0.19,0.01,-0.01,
0,529080,0.08,-10.03,-0.19,0,-0.01,
0,529440,0.39,-9.93,-0.11,0,-0.01,
0,529860,0.39,-9.93,-0.11,0,-0.02,
0,530220,0.39,-9.93,-0.11,0,-0.03,
0,530640,-0.76,-9.98,-0.04,0,-0.03,
0,531060,-0.76,-9.98,-0.04,0,-0.16,
0,531420,-1.52,-10.02,0.1,0,-0.31,
0,531840,-1.52,-10.02,0.1,0,-0.31,
0,532200,-1.52,-10.02,0.1,0,-0.54,
0,532620,-1.3,-10.03,0.09,0,-0.72,
0,533040,-1.3,-10.03,0.09,0,-0.72,
0,533400,-1.3,-10.03,0.09,0,-0.91,
0,533820,-0.28,-10.07,-0.19,-0.01,-0.97,
0,534180,-0.28,-10.07,-0.19,-0.01,-0.97,
0,534600,-0.28,-10.07,-0.19,-0.01,-0.97,
0,534960,0.79,-10.15,-0.27,-0.01,-0.92,
0,535380,0.79,-10.15,-0.27,-0.01,-0.92,
0,535740,0.79,-10.15,-0.27,0,-0.72,
0,536160,0.64,-10.15,-0.59,0.02,-0.58,
0,536520,0.64,-10.15,-0.59,0.02,-0.58,
0,536940,0.64,-10.15,-0.59,0.01,-0.54,
0,537360,-0.43,-10.07,-0.39,0.01,-0.58,
0,537720,-0.43,-10.07,-0.39,0.01,-0.68,
0,538080,-1.02,-9.93,0.23,0.01,-0.68,
0,538500,-1.02,-9.93,0.23,-0.01,-0.79,
0,538920,-1.02,-9.93,0.23,0,-0.88,
0,539280,0.04,-9.92,0.12,0,-0.88,
0,539700,0.04,-9.92,0.12,-0.02,-0.91,
0,540060,0.04,-9.92,0.12,0,-0.87,
0,540480,0.5,-9.76,0.46,0,-0.87,
0,540840,0.5,-9.76,0.46,0,-0.8,
0,541260,0.5,-9.76,0.46,-0.01,-0.72,
0,541620,0.1,-10.26,0.39,-0.01,-0.72,
0,51180,0.09,-10.06,-0.18,0,-0.02,
0,51720,0.05,-9.97,-0.17,0,-0.02,
0,52080,0.05,-9.97,-0.17,0,-0.02,
0,52500,0.05,-9.97,-0.17,0.01,-0.13,
0,52920,-1.71,-10.09,-0.12,0.02,-0.32,
0,53280,-1.71,-10.09,-0.12,0.02,-0.32,
0,53640,-1.44,-10.11,-0.51,0.04,-0.57,
0,54060,-1.44,-10.11,-0.51,0.05,-0.77,
0,54480,-1.44,-10.11,-0.51,0.05,-0.77,
0,54840,-1.61,-9.5,-0.15,0.04,-0.97,
0,55260,-1.61,-9.5,-0.15,-0.01,-1.08,
0,55620,-1.61,-9.5,-0.15,-0.01,-1.08,
0,56040,-0.17,-10.17,-0.22,-0.03,-1.22,
0,56400,-0.17,-10.17,-0.22,-0.02,-1.27,
0,56820,-0.17,-10.17,-0.22,-0.02,-1.27,
0,57240,0.8,-10.02,0.04,-0.01,-1.25,
0,57600,0.8,-10.02,0.04,-0.01,-1.18,
0,58020,0.8,-10.02,0.04,-0.01,-1.18,
0,58380,0.75,-10.18,-0.25,-0.01,-1.09,
0,58800,0.75,-10.18,-0.25,0,-1.02,
0,59220,0.75,-10.18,-0.25,0.01,-0.98,
0,59580,-0.44,-10.04,-0.32,0.01,-0.98,
0,60000,-0.44,-10.04,-0.32,0.01,-1,
0,60420,0.22,-9.72,-0.22,0.02,-1.06,
0,60780,0.22,-9.72,-0.22,0.02,-1.06,
0,0,0.06,-10,-0.2,0,-0.01,
0,0,0,-9.94,-0.16,0,-0.01,
0,0,0,-9.94,-0.16,0,-0.01,
0,0,0,-9.94,-0.16,-0.01,-0.01,
0,0,0.05,-10.1,-0.17,-0.01,-0.01,
0,0,0.05,-10.1,-0.17,0,-0.01,
0,0,0.05,-10.1,-0.17,-0.01,-0.01,
0,0,0,-9.97,-0.17,-0.01,-0.01,
0,0,0,-9.97,-0.17,-0.01,-0.01,
0,0,0,-9.97,-0.17,-0.01,0,
0,0,-0.02,-10.07,-0.18,-0.01,0,
0,0,-0.02,-10.07,-0.18,-0.01,-0.01,
0,0,-0.02,-10.07,-0.18,-0.01,-0.01,
0,0,0.04,-10.04,-0.17,0,-0.01,
0,0,0.04,-10.04,-0.17,0,-0.01,
0,0,0.04,-10.04,-0.17,-0.01,-0.01,
0,0,-0.86,-10.31,-0.74,-0.01,-0.01,
0,0,-0.86,-10.31,-0.74,0.02,-0.01,
0,0,-0.86,-10.31,-0.74,-0.04,-0.01,
0,0,0.62,-10.23,-0.66,-0.04,-0.01,
0,0,0.62,-10.23,-0.66,-0.01,-0.01,
0,0,0.62,-10.23,-0.66,-0.02,0,
0,0,0.13,-10.11,-0.33,-0.02,0,
0,0,0.13,-10.11,-0.33,-0.01,-0.01,
0,0,-1.57,-9.88,0.91,0.01,-0.01,
0,0,-1.57,-9.88,0.91,0.01,-0.01,
0,0,-1.57,-9.88,0.91,-0.03,0,
0,0,-0.76,-10.52,-0.32,0.04,-0.02,
0,0,-0.76,-10.52,-0.32,0.04,-0.02,
0,0,-0.76,-10.52,-0.32,-0.03,-0.01,
0,0,0.45,-9.46,-0.31,-0.02,-0.01,
0,0,0.45,-9.46,-0.31,-0.02,-0.01,
0,0,0.45,-9.46,-0.31,-0.02,-0.01,
0,0,0.42,-10.3,-0.91,0,-0.01,
0,1,0.42,-10.3,-0.91,0,-0.01,
0,1,0.42,-10.3,-0.91,0,-0.01,
0,1,-1.31,-10.02,0.76,-0.03,-0.01,
0,1,-1.31,-10.02,0.76,-0.03,-0.01,
0,1,-1.31,-10.02,0.76,0,-0.01,
0,1,-0.9,-10.08,-0.03,0.01,-0.01,
0,1,-0.9,-10.08,-0.03,0.01,-0.01,
0,1,-0.9,-10.08,-0.03,-0.02,-0.01,
0,1,0.8,-9.84,0.04,-0.01,-0.01,
0,1,0.8,-9.84,0.04,-0.01,-0.01,
0,1,0.8,-9.84,0.04,0,-0.01,
0,1,0.57,-9.85,-0.03,0,-0.01,
0,1,0.57,-9.85,-0.03,0,-0.01,
0,1,-0.74,-10.38,-0.68,-0.02,-0.01,
0,1,-0.74,-10.38,-0.68,0,-0.01,
0,1,-0.74,-10.38,-0.68,0,-0.01,
0,1,0.41,-10.12,-0.34,-0.01,-0.01,
0,1,0.41,-10.12,-0.34,0.01,-0.01,
0,1,0.41,-10.12,-0.34,0.01,-0.01,
0,1,-0.44,-10.02,-0.09,-0.01,-0.01,
0,1,-0.44,-10.02,-0.09,0,-0.01,
0,1,-0.44,-10.02,-0.09,0,-0.01,
0,1,0.24,-9.96,-0.24,-0.01,-0.01,
0,1,0.24,-9.96,-0.24,-0.01,-0.01,
0,1,0.24,-9.96,-0.24,-0.01,-0.01,
0,1,-0.49,-10.19,-0.39,-0.01,-0.01,
0,1,-0.49,-10.19,-0.39,-0.01,-0.01,
0,1,-0.49,-10.19,-0.39,-0.01,-0.01,
0,1,0.12,-10.04,-0.23,-0.01,-0.01,
0,1,0.12,-10.04,-0.23,0,-0.01,
0,1,0.03,-10.03,-0.02,0,-0.01,
0,1,0.03,-10.03,-0.02,0,-0.01,
0,1,0.03,-10.03,-0.02,0,-0.01,
0,1,0.32,-9.87,-0.07,0,-0.01,
0,1,0.32,-9.87,-0.07,0,-0.01,
0,1,0.32,-9.87,-0.07,-0.01,-0.01,
0,1,-0.15,-10.03,-0.21,-0.01,-0.01,
0,1,-0.15,-10.03,-0.21,0,-0.01,
0,1,-0.15,-10.03,-0.21,-0.01,-0.01,
0,1,-0.01,-10.04,-0.3,-0.01,-0.01,
0,1,-0.01,-10.04,-0.3,0,-0.01,
0,1,-0.01,-10.04,-0.3,-0.01,-0.01,
0,1,0.03,-10.02,-0.15,-0.01,-0.01,
0,1,0.03,-10.02,-0.15,-0.01,-0.01,
0,1,0.03,-10.02,-0.15,0,-0.01,
0,1,0.06,-10.02,-0.11,0,-0.01,
0,1,0.06,-10.02,-0.11,-0.01,-0.01,
0,1,0.03,-10.04,-0.1,-0.01,-0.01,
0,1,0.03,-10.04,-0.1,-0.01,-0.01,
0,1,0.03,-10.04,-0.1,-0.01,-0.01,
0,1,-0.09,-10.02,-0.14,0,-0.01,
0,1,-0.09,-10.02,-0.14,0,-0.01,
0,1,-0.09,-10.02,-0.14,0,-0.01,
0,1,0.13,-10.05,-0.15,0,-0.01,
0,1,0.13,-10.05,-0.15,-0.01,-0.01,
0,1,0.13,-10.05,-0.15,-0.01,-0.01,
0,1,0.06,-10.03,-0.16,-0.01,-0.01,
0,1,0.06,-10.03,-0.16,0,-0.01,
0,1,0.06,-10.03,-0.16,0,-0.01,
0,1,0.01,-10.09,-0.22,0,-0.01,
0,1,0.01,-10.09,-0.22,-0.01,-0.01,
0,1,0.01,-9.98,-0.16,-0.01,-0.01,
0,1,0.01,-9.98,-0.16,-0.01,-0.01,
0,1,0.01,-9.98,-0.16,0,-0.01,
0,1,0.01,-10.03,-0.14,0,-0.01,
0,1,0.01,-10.03,-0.14,-0.01,-0.01,
0,1,0.01,-10.03,-0.14,-0.01,0,
0,1,0.08,-9.93,-0.13,-0.01,0,
0,1,0.08,-9.93,-0.13,-0.01,-0.01,
0,1,0.08,-9.93,-0.13,-0.01,-0.01,
0,1,-0.01,-9.98,-0.13,-0.01,-0.01,
0,1,-0.01,-9.98,-0.13,-0.01,-0.01,
0,1,-0.01,-9.98,-0.13,0,-0.01,
0,1,0.07,-10.05,-0.12,0,-0.01,
0,1,0.07,-10.05,-0.12,-0.01,-0.01,
0,1,0.07,-10.05,-0.12,-0.01,-0.01,
0,1,0.05,-10.01,-0.13,-0.01,-0.01,
0,1,0.05,-10.01,-0.13,-0.01,-0.01,
0,1,0.05,-10.01,-0.13,-0.01,-0.01,
0,1,0.08,-10.04,-0.09,-0.01,-0.01,
0,1,0.08,-10.04,-0.09,0,-0.01,
0,1,0.08,-10.04,-0.09,-0.01,-0.01,
0,1,0,-10.08,-0.18,-0.01,-0.01,
0,1,0,-10.08,-0.18,-0.01,-0.01,
0,1,0,-10.08,-0.18,-0.01,-0.01,
0,1,0.07,-10.06,-0.15,-0.01,-0.01,
0,1,0.07,-10.06,-0.15,-0.01,-0.01,
0,1,0.07,-10.06,-0.15,-0.01,-0.01,
0,1,0.12,-9.96,-0.11,-0.01,-0.01,
0,1,0.12,-9.96,-0.11,0,-0.01,
0,1,0.03,-10.02,-0.14,0,-0.01,
0,1,0.03,-10.02,-0.14,0,-0.01,
0,1,0.03,-10.02,-0.14,-0.01,-0.01,
0,1,0,-9.99,-0.17,-0.01,-0.01,
0,1,0,-9.99,-0.17,-0.01,-0.01,
0,1,0,-9.99,-0.17,0,-0.01,
0,1,-0.02,-10.05,-0.14,0,-0.01,
0,1,-0.02,-10.05,-0.14,0,-0.01,
0,1,-0.02,-10.05,-0.14,-0.01,-0.01,
0,1,0.12,-9.99,-0.11,-0.01,-0.01,
0,1,0.12,-9.99,-0.11,-0.01,-0.01,
0,1,0.12,-9.99,-0.11,0,-0.01,
0,1,0.02,-10.02,-0.12,0,-0.01,
0,1,0.02,-10.02,-0.12,-0.01,-0.01,
0,1,0.02,-10.02,-0.12,-0.01,-0.01,
0,1,0.02,-10.04,-0.15,-0.01,-0.01,
0,1,0.02,-10.04,-0.15,-0.01,-0.01,
0,1,0.04,-10.06,-0.14,-0.01,-0.01,
0,1,0.04,-10.06,-0.14,0,-0.01,
0,1,0.04,-10.06,-0.14,0,-0.01,
0,1,0.06,-10.02,-0.1,0,-0.01,
0,1,0.06,-10.02,-0.1,-0.01,-0.01,
0,1,0.06,-10.02,-0.1,-0.01,-0.01,
0,1,0.05,-10.02,-0.12,0,-0.01,
0,1,0.05,-10.02,-0.12,-0.01,-0.01,
0,1,0.05,-10.02,-0.12,-0.01,-0.01,
0,1,-0.03,-10.02,-0.15,-0.01,-0.01,
0,1,-0.03,-10.02,-0.15,0,-0.01,
0,1,-0.03,-10.02,-0.15,0,-0.01,
0,1,0.01,-10.05,-0.17,-0.01,-0.01,
0,1,0.01,-10.05,-0.17,-0.01,-0.01,
0,1,0.01,-10.05,-0.17,-0.01,-0.01,
0,1,-0.01,-10.1,-0.16,-0.01,-0.01,
0,1,-0.01,-10.1,-0.16,-0.01,-0.01,
0,1,0.03,-10.02,-0.09,-0.01,-0.01,
0,1,0.03,-10.02,-0.09,-0.01,0,
0,1,0.03,-10.02,-0.09,-0.01,-0.02,
0,1,0.02,-10.04,-0.11,-0.01,-0.02,
0,1,0.02,-10.04,-0.11,0,-0.01,
0,1,0.02,-10.04,-0.11,-0.01,-0.01,
0,1,0,-10.04,-0.12,-0.01,-0.01,
0,1,0,-10.04,-0.12,0,0,
0,1,0,-10.04,-0.12,0,-0.01,
0,1,0.04,-9.95,-0.14,0,-0.01,
0,1,0.04,-9.95,-0.14,0,-0.01,
0,1,0.04,-9.95,-0.14,0,-0.01,
0,1,-0.03,-10.03,-0.13,0,-0.01,
0,1,-0.03,-10.03,-0.13,-0.01,-0.01,
0,1,-0.03,-10.03,-0.13,-0.01,-0.01,
0,1,0.04,-10.06,-0.09,-0.01,-0.01,
0,1,0.04,-10.06,-0.09,-0.01,-0.01,
0,1,0.04,-10.06,-0.09,-0.01,-0.01,
0,1,0.04,-10.04,-0.15,-0.01,-0.01,
0,1,0.04,-10.04,-0.15,0,-0.01,
0,1,0.02,-10.01,-0.15,-0.01,-0.01,
0,1,0.02,-10.01,-0.15,-0.01,-0.01,
0,1,0.02,-10.01,-0.15,-0.01,-0.01,
0,1,0.01,-10.01,-0.15,-0.01,-0.01,
0,1,0.01,-10.01,-0.15,-0.01,-0.01,
0,1,0.01,-10.01,-0.15,-0.01,-0.01,
0,1,-0.04,-10.03,-0.11,-0.01,-0.01,
0,1,-0.04,-10.03,-0.11,-0.01,-0.01,
0,1,-0.04,-10.03,-0.11,0,-0.01,
0,2,0.07,-10.03,-0.11,-0.01,-0.01,
0,2,0.07,-10.03,-0.11,-0.01,-0.01,
0,2,0.07,-10.03,-0.11,-0.01,-0.01,
0,2,-0.03,-9.99,-0.1,-0.01,-0.01,
0,2,-0.03,-9.99,-0.1,-0.01,-0.01,
0,2,-0.03,-9.99,-0.1,0,-0.01,
0,2,0,-10.03,-0.13,-0.01,0,
0,2,0,-10.03,-0.13,-0.01,0,
0,2,0,-10.03,-0.13,-0.01,-0.01,
0,2,0,-10.04,-0.13,0,-0.01,
0,2,0,-10.04,-0.13,0,-0.01,
0,2,0.02,-10.01,-0.11,-0.01,-0.01,
0,2,0.02,-10.01,-0.11,0,-0.02,
0,2,0.02,-10.01,-0.11,0,-0.02,
0,2,0,-9.99,-0.05,0,-0.01,
0,2,0,-9.99,-0.05,-0.01,-0.01,
0,2,0,-9.99,-0.05,-0.01,-0.01,
0,2,-0.02,-10.08,-0.14,-0.01,-0.01,
0,2,-0.02,-10.08,-0.14,-0.01,-0.01,
0,2,-0.02,-10.08,-0.14,-0.01,-0.01,
0,2,0,-10.03,-0.12,0,-0.01,
0,2,0,-10.03,-0.12,0,-0.01,
0,2,0,-10.03,-0.12,0,-0.01,
0,2,0.01,-10.03,-0.14,-0.01,-0.01,
0,2,0.01,-10.03,-0.14,-0.01,-0.01,
0,2,0.01,-10.03,-0.14,-0.01,-0.01,
0,2,0,-10.05,-0.15,-0.01,-0.01,
0,2,0,-10.05,-0.15,-0.01,-0.01,
0,2,0,-10.05,-0.15,-0.01,-0.01,
0,2,0.05,-10.04,-0.11,-0.01,-0.01,
0,2,0.05,-10.04,-0.11,-0.01,-0.01,
0,2,0.05,-10.04,-0.11,-0.01,-0.01,
0,2,0.07,-10.02,-0.11,-0.01,-0.01,
0,2,0.07,-10.02,-0.11,-0.01,-0.01,
0,2,0.07,-10.02,-0.11,-0.01,-0.01,
0,2,0.05,-10.03,-0.11,-0.01,-0.01,
0,2,0.05,-10.03,-0.11,-0.01,-0.01,
0,2,0.05,-10.03,-0.11,-0.01,-0.01,
0,2,0.02,-10.03,-0.14,-0.01,-0.01,
0,2,0.02,-10.03,-0.14,-0.01,-0.01,
0,2,0.02,-10.03,-0.14,0,-0.01,
0,2,0,-9.98,-0.14,-0.01,-0.01,
0,2,0,-9.98,-0.14,-0.01,-0.01,
0,2,-0.01,-9.99,-0.15,0,-0.01,
0,2,-0.01,-9.99,-0.15,-0.01,-0.01,
0,2,-0.01,-9.99,-0.15,-0.01,-0.01,
0,2,0.04,-10.04,-0.14,-0.01,-0.01,
0,2,0.04,-10.04,-0.14,-0.01,-0.01,
0,2,0.04,-10.04,-0.14,-0.01,-0.01,
0,2,0.02,-10.03,-0.17,0,-0.01,
0,2,0.02,-10.03,-0.17,-0.01,-0.01,
0,2,0.02,-10.03,-0.17,-0.01,-0.01,
0,2,0.03,-10.05,-0.15,-0.01,-0.01,
0,2,0.03,-10.05,-0.15,-0.01,-0.01,
0,2,0.03,-10.05,-0.15,-0.01,-0.01,
0,2,0.06,-10,-0.13,0,-0.01,
0,2,0.06,-10,-0.13,-0.01,-0.01,
0,2,0.06,-10,-0.13,-0.01,-0.01,
0,2,0.06,-10.04,-0.08,0,-0.01,
0,2,0.06,-10.04,-0.08,-0.01,-0.01,
0,2,0.04,-10.01,-0.13,0,-0.01,
0,2,0.04,-10.01,-0.13,0,-0.01,
0,2,0.04,-10.01,-0.13,0,-0.01,
0,2,-0.06,-10.02,-0.15,-0.01,-0.01,
0,2,-0.06,-10.02,-0.15,-0.01,-0.01,
0,2,-0.06,-10.02,-0.15,-0.01,-0.01,
0,2,-0.01,-10.08,-0.11,0,-0.01,
0,2,-0.01,-10.08,-0.11,0,-0.01,
0,2,-0.01,-10.08,-0.11,-0.01,-0.01,
0,2,0.04,-9.96,-0.1,-0.01,-0.01,
0,2,0.04,-9.96,-0.1,-0.01,-0.01,
0,2,0.04,-9.96,-0.1,0,-0.01,
0,2,0.02,-10.04,-0.12,-0.01,-0.01,
0,2,0.02,-10.04,-0.12,-0.01,-0.01,
0,2,0.02,-10.04,-0.12,-0.01,-0.01,
0,2,0.02,-10.03,-0.16,-0.01,-0.01,
0,2,0.02,-10.03,-0.16,-0.01,-0.01,
0,2,0.01,-10.11,-0.1,0,-0.01,
0,2,0.01,-10.11,-0.1,0,-0.01,
0,2,0.01,-10.11,-0.1,0,-0.01,
0,2,0.03,-10.01,-0.16,-0.01,-0.01,
0,2,0.03,-10.01,-0.16,-0.01,-0.01,
0,2,0.03,-10.01,-0.16,-0.01,-0.01,
0,2,0.04,-10.06,-0.15,-0.01,-0.01,
0,2,0.04,-10.06,-0.15,0,-0.01,
0,2,0.04,-10.06,-0.15,0,-0.01,
0,2,0.06,-10.04,-0.17,-0.01,-0.01,
0,2,0.06,-10.04,-0.17,-0.01,-0.01,
0,2,0.06,-10.04,-0.17,-0.01,-0.01,
0,2,0.05,-9.99,-0.13,0,-0.01,
0,2,0.05,-9.99,-0.13,0,-0.01,
0,2,0.04,-9.99,-0.13,0,-0.01,
0,2,0.04,-9.99,-0.13,-0.01,-0.01,
0,2,0.04,-9.99,-0.13,-0.01,-0.01,
0,2,0,-10.02,-0.2,-0.01,-0.01,
0,2,0,-10.02,-0.2,-0.01,-0.01,
0,2,0,-10.02,-0.2,-0.01,-0.01,
0,2,0,-10.05,-0.1,-0.01,-0.01,
0,2,0,-10.05,-0.1,-0.01,-0.01,
0,2,0,-10.05,-0.1,-0.01,0,
0,2,0.02,-10.04,-0.15,0,-0.01,
0,2,0.02,-10.04,-0.15,0,-0.01,
0,2,0.02,-10.04,-0.15,-0.01,-0.01,
0,2,0.02,-10.01,-0.1,-0.01,-0.01,
0,2,0.02,-10.01,-0.1,-0.01,-0.01,
0,2,0.02,-10.01,-0.1,-0.01,-0.01,
0,2,0,-10.04,-0.17,-0.01,-0.01,
0,2,0,-10.04,-0.17,-0.01,-0.01,
0,2,0,-10.04,-0.17,-0.01,-0.01,
0,2,0.05,-10.05,-0.17,0,-0.01,
0,2,0.05,-10.05,-0.17,0,-0.01,
0,2,0.06,-10.07,-0.16,-0.01,-0.01,
0,2,0.06,-10.07,-0.16,-0.01,-0.01,
0,2,0.06,-10.07,-0.16,-0.01,-0.01,
0,2,0.03,-10.02,-0.14,0,-0.01,
0,2,0.03,-10.02,-0.14,0,-0.01,
0,2,0.03,-10.02,-0.14,0,-0.01,
0,2,0.05,-10.03,-0.08,-0.01,-0.01,
0,2,0.05,-10.03,-0.08,-0.01,-0.01,
0,2,0.05,-10.03,-0.08,-0.01,0,
0,2,0.03,-10.05,-0.11,-0.01,-0.01,
0,2,0.03,-10.05,-0.11,-0.01,-0.01,
0,2,0.03,-10.05,-0.11,-0.01,-0.01,
0,2,-0.01,-10.05,-0.13,-0.01,-0.01,
0,2,-0.01,-10.05,-0.13,-0.01,-0.01,
0,2,-0.01,-10.05,-0.13,-0.01,-0.01,
0,2,0.02,-10.07,-0.12,0,-0.01,
0,2,0.02,-10.07,-0.12,0,-0.01,
0,2,0.02,-10.07,-0.12,-0.01,-0.01,
0,2,0.04,-10.01,-0.05,-0.01,-0.01,
0,2,0.04,-10.01,-0.05,0,0,
0,2,0.04,-10.01,-0.05,-0.01,-0.01,
0,2,0.02,-9.97,-0.11,-0.01,-0.01,
0,2,0.02,-9.97,-0.11,-0.01,-0.01,
0,2,0.02,-9.97,-0.11,0,-0.01,
0,2,-0.01,-10,-0.11,0,-0.01,
0,2,-0.01,-10,-0.11,0,0,
0,2,-0.01,-10,-0.11,-0.01,-0.01,
0,2,0,-10.05,-0.1,-0.01,-0.01,
0,2,0,-10.05,-0.1,-0.01,-0.01,
0,2,0,-10.05,-0.1,-0.01,-0.01,
0,2,0,-10.03,-0.17,-0.01,-0.01,
0,2,0,-10.03,-0.17,-0.01,-0.01,
0,2,0,-10.03,-0.17,-0.01,-0.01,
0,2,-0.01,-10,-0.1,-0.01,-0.01,
0,2,-0.01,-10,-0.1,-0.01,-0.01,
0,2,-0.01,-10.07,-0.18,-0.01,-0.01,
0,2,-0.01,-10.07,-0.18,-0.01,-0.01,
0,2,-0.01,-10.07,-0.18,-0.01,-0.01,
0,2,-0.02,-10.07,-0.13,0,-0.01,
0,2,-0.02,-10.07,-0.13,0,-0.01,
0,2,-0.02,-10.07,-0.13,-0.01,-0.01,
0,2,0.03,-10.02,-0.18,0,-0.01,
0,2,0.03,-10.02,-0.18,0,-0.01,
0,2,0.03,-10.02,-0.18,-0.01,-0.01,
0,3,0.02,-10.01,-0.06,-0.01,-0.01,
0,3,0.02,-10.01,-0.06,-0.01,-0.01,
0,3,0.02,-10.01,-0.06,-0.01,-0.01,
0,3,0.05,-10.03,-0.12,-0.01,-0.01,
0,3,0.05,-10.03,-0.12,-0.01,-0.01,
0,3,0.05,-10.03,-0.12,0,-0.01,
0,3,0,-10.01,-0.12,0,-0.01,
0,3,0,-10.01,-0.12,0,-0.01,
0,3,0,-10.01,-0.12,0,-0.01,
0,3,0.06,-10.01,-0.14,-0.01,-0.01,
0,3,0.06,-10.01,-0.14,-0.01,-0.01,
0,3,0.06,-10.01,-0.14,-0.01,-0.01,
0,3,0,-10.02,-0.12,-0.01,-0.02,
0,3,0,-10.02,-0.12,-0.01,-0.02,
0,3,0.02,-10.05,-0.13,0,-0.01,
0,3,0.02,-10.05,-0.13,-0.01,-0.01,
0,3,0.02,-10.05,-0.13,-0.01,-0.01,
0,3,0.05,-10.02,-0.17,-0.01,-0.01,
0,3,0.05,-10.02,-0.17,-0.01,-0.01,
0,3,0.05,-10.02,-0.17,-0.01,-0.01,
0,3,0.07,-10.05,-0.14,-0.01,-0.01,
0,3,0.07,-10.05,-0.14,0,-0.01,
0,3,0.07,-10.05,-0.14,0,-0.01,
0,3,-0.02,-10.01,-0.09,-0.01,-0.01,
0,3,-0.02,-10.01,-0.09,-0.01,-0.01,
0,3,-0.02,-10.01,-0.09,-0.01,-0.01,
0,3,0.04,-10.02,-0.12,-0.01,-0.01,
0,3,0.04,-10.02,-0.12,0,-0.01,
0,3,0.04,-10.02,-0.12,0,-0.01,
0,3,0.08,-10.04,-0.13,-0.01,-0.01,
0,3,0.08,-10.04,-0.13,-0.01,-0.01,
0,3,0.08,-10.04,-0.13,-0.01,-0.01,
0,3,0.04,-10.04,-0.13,-0.01,-0.01,
0,3,0.04,-10.04,-0.13,-0.01,-0.01,
0,3,0.04,-10.04,-0.13,-0.01,-0.01,
0,3,0,-10.05,-0.13,-0.01,-0.01,
0,3,0,-10.05,-0.13,-0.01,-0.01,
0,3,0.03,-10.07,-0.13,-0.01,-0.01,
0,3,0.03,-10.07,-0.13,-0.01,-0.01,
0,3,0.03,-10.07,-0.13,-0.01,-0.01,
0,3,0.06,-10.09,-0.05,-0.01,-0.01,
0,3,0.06,-10.09,-0.05,-0.01,-0.01,
0,3,0.06,-10.09,-0.05,-0.01,-0.01,
0,3,0,-9.99,-0.08,-0.01,-0.01,
0,3,0,-9.99,-0.08,0,-0.01,
0,3,0,-9.99,-0.08,0,-0.01,
0,3,0,-10.05,-0.13,0,-0.01,
0,3,0,-10.05,-0.13,0,-0.01,
0,3,0,-10.05,-0.13,-0.01,-0.01,
0,3,0,-9.99,-0.14,-0.01,-0.01,
0,3,0,-9.99,-0.14,0,-0.01,
0,3,0,-9.99,-0.14,-0.01,-0.01,
0,3,0.03,-10.06,-0.18,-0.01,-0.01,
0,3,0.03,-10.06,-0.18,0,-0.01,
0,3,0.03,-10.06,-0.18,-0.01,-0.01,
0,3,0.06,-10,-0.12,-0.01,-0.01,
0,3,0.06,-10,-0.12,-0.01,-0.01,
0,3,0.06,-10,-0.12,0,-0.01,
0,3,0.03,-10.03,-0.1,0,-0.01,
0,3,0.03,-10.03,-0.1,0,-0.01,
0,3,0.03,-10.03,-0.1,0,-0.01,
0,3,-0.02,-10,-0.13,0,-0.01,
0,3,-0.02,-10,-0.13,-0.01,-0.01,
0,3,-0.02,-10,-0.13,-0.01,-0.01,
0,3,-0.07,-10.03,-0.13,-0.01,-0.01,
0,3,-0.07,-10.03,-0.13,-0.01,-0.01,
0,3,-0.07,-10.03,-0.13,-0.01,-0.01,
0,3,0.03,-9.99,-0.1,-0.01,-0.01,
0,3,0.03,-9.99,-0.1,-0.01,-0.01,
0,3,0.03,-9.99,-0.1,-0.01,-0.01,
0,3,0.04,-10.05,-0.11,-0.01,-0.01,
0,3,0.04,-10.05,-0.11,-0.01,-0.01,
0,3,0.09,-10.02,-0.09,-0.01,-0.01,
0,3,0.09,-10.02,-0.09,-0.01,-0.01,
0,3,0.09,-10.02,-0.09,0,-0.01,
0,3,0.09,-10.02,-0.16,0,-0.01,
0,3,0.09,-10.02,-0.16,-0.01,-0.01,
0,3,0.09,-10.02,-0.16,-0.01,-0.01,
0,3,0,-9.98,-0.14,-0.01,-0.01,
0,3,0,-9.98,-0.14,-0.01,-0.01,
0,3,0,-9.98,-0.14,-0.01,-0.01,
0,3,-0.03,-10.04,-0.12,-0.01,-0.01,
0,3,-0.03,-10.04,-0.12,-0.01,-0.01,
0,3,-0.03,-10.04,-0.12,-0.01,-0.01,
0,3,0,-10.09,-0.17,-0.01,-0.01,
0,3,0,-10.09,-0.17,-0.01,-0.01,
0,3,0,-10.09,-0.17,0,-0.01,
0,3,0,-10.05,-0.13,0,-0.01,
0,3,0,-10.05,-0.13,-0.01,-0.01,
0,3,0,-10.05,-0.13,-0.01,-0.01,
0,3,0.04,-10.03,-0.15,-0.01,-0.01,
0,3,0.04,-10.03,-0.15,0,-0.01,
0,3,0.01,-10,-0.1,0,-0.01,
0,3,0.01,-10,-0.1,0,-0.01,
0,3,0.01,-10,-0.1,-0.01,-0.01,
0,3,0.04,-10.04,-0.18,-0.01,-0.01,
0,3,0.04,-10.04,-0.18,-0.01,-0.01,
0,3,0.04,-10.04,-0.18,0,-0.01,
0,3,0.03,-10.07,-0.07,-0.01,-0.01,
0,3,0.03,-10.07,-0.07,-0.01,-0.01,
0,3,0.03,-10.07,-0.07,0,-0.01,
0,3,0.02,-10.11,-0.1,0,-0.01,
0,3,0.02,-10.11,-0.1,0,-0.02,
0,3,0.02,-10.11,-0.1,-0.01,-0.01,
0,3,0.06,-10.04,-0.07,-0.01,-0.01,
0,3,0.06,-10.04,-0.07,-0.01,-0.01,
0,3,0.06,-10.04,-0.07,-0.01,-0.01,
0,3,0.03,-9.98,-0.05,-0.01,-0.01,
0,3,0.03,-9.98,-0.05,-0.01,-0.01,
0,3,0.03,-9.98,-0.05,-0.01,-0.01,
0,3,-0.01,-9.99,-0.13,-0.01,-0.01,
0,3,-0.01,-9.99,-0.13,0,-0.01,
0,3,-0.01,-9.99,-0.13,-0.01,-0.01,
0,3,0,-10.05,-0.13,-0.01,-0.01,
0,3,0,-10.05,-0.13,0,-0.01,
0,3,0,-10.03,-0.11,0,-0.01,
0,3,0,-10.03,-0.11,-0.01,-0.01,
0,3,0,-10.03,-0.11,-0.01,-0.01,
0,3,0.05,-10.02,-0.08,-0.01,-0.01,
0,3,0.05,-10.02,-0.08,-0.01,-0.01,
0,3,0.05,-10.02,-0.08,-0.01,-0.01,
0,3,-0.02,-10.03,-0.09,-0.01,-0.01,
0,3,-0.02,-10.03,-0.09,-0.01,-0.01,
0,3,-0.02,-10.03,-0.09,-0.01,-0.01,
0,3,0.02,-10.03,-0.14,-0.01,-0.01,
0,3,0.02,-10.03,-0.14,-0.01,-0.01,
0,3,0.02,-10.03,-0.14,-0.01,-0.01,
0,3,0.03,-10.07,-0.12,-0.01,-0.01,
0,3,0.03,-10.07,-0.12,0,-0.01,
0,3,0.03,-10.07,-0.12,0,-0.01,
0,3,-0.04,-10.03,-0.16,-0.01,-0.01,
0,3,-0.04,-10.03,-0.16,-0.01,-0.01,
0,3,0.11,-9.94,-0.11,-0.01,-0.01,
0,3,0.11,-9.94,-0.11,-0.01,-0.01,
0,3,0.11,-9.94,-0.11,-0.01,-0.01,
0,3,-0.01,-10.02,-0.11,-0.01,-0.01,
0,3,-0.01,-10.02,-0.11,-0.01,-0.01,
0,3,-0.01,-10.02,-0.11,-0.01,-0.01,
0,3,0.1,-10.03,-0.1,-0.01,-0.01,
0,3,0.1,-10.03,-0.1,-0.01,-0.01,
0,3,0.1,-10.03,-0.1,-0.01,-0.01,
0,3,0,-9.99,-0.03,-0.01,-0.01,
0,3,0,-9.99,-0.03,-0.01,-0.01,
0,3,0,-9.99,-0.03,-0.01,-0.02,
0,3,-0.05,-10.04,-0.15,-0.01,-0.02,
0,3,-0.05,-10.04,-0.15,-0.01,-0.01,
0,3,-0.05,-10.04,-0.15,-0.01,-0.01,
0,3,0,-10.05,-0.14,-0.01,-0.01,
0,3,0,-10.05,-0.14,0,-0.01,
0,3,0,-10.05,-0.14,-0.01,-0.01,
0,3,-0.07,-10.06,-0.16,-0.01,-0.01,
0,3,-0.07,-10.06,-0.16,-0.01,-0.01,
0,3,-0.07,-10.06,-0.16,-0.01,-0.01,
0,3,0.04,-10.06,-0.1,-0.01,-0.01,
0,3,0.04,-10.06,-0.1,-0.01,-0.01,
0,3,0.04,-10.06,-0.1,-0.01,-0.01,
0,4,-0.03,-10.03,-0.09,-0.01,-0.01,
0,4,-0.03,-10.03,-0.09,0,-0.01,
0,4,0.09,-10.05,-0.14,0,-0.01,
0,4,0.09,-10.05,-0.14,-0.01,-0.01,
0,4,0.09,-10.05,-0.14,0,-0.01,
0,4,0.01,-9.98,-0.11,0,-0.01,
0,4,0.01,-9.98,-0.11,-0.01,-0.01,
0,4,0.01,-9.98,-0.11,0,-0.01,
0,4,0,-9.96,-0.23,0,-0.01,
0,4,0,-9.96,-0.23,-0.01,-0.01,
0,4,0,-9.96,-0.23,0,-0.01,
0,4,-0.01,-10.09,-0.11,0,-0.01,
0,4,-0.01,-10.09,-0.11,-0.01,-0.01,
0,4,-0.01,-10.09,-0.11,-0.01,-0.01,
0,4,-0.08,-10.04,-0.16,-0.01,-0.01,
0,4,-0.08,-10.04,-0.16,-0.01,-0.01,
0,4,-0.08,-10.04,-0.16,0,-0.01,
0,4,0.05,-10.02,-0.13,0,-0.01,
0,4,0.05,-10.02,-0.13,0,-0.01,
0,4,0.05,-10.02,-0.13,-0.01,-0.01,
0,4,0.03,-10.01,-0.06,-0.01,-0.01,
0,4,0.03,-10.01,-0.06,-0.01,-0.01,
0,4,0.03,-10.01,-0.06,-0.01,-0.01,
0,4,0.06,-10.01,-0.07,-0.01,-0.01,
0,4,0.06,-10.01,-0.07,-0.01,-0.01,
0,4,0.06,-10,-0.18,-0.01,-0.01,
0,4,0.06,-10,-0.18,-0.01,-0.01,
0,4,0.06,-10,-0.18,-0.01,-0.01,
0,4,0.02,-10.01,-0.14,-0.01,-0.01,
0,4,0.02,-10.01,-0.14,-0.01,-0.01,
0,4,0.02,-10.01,-0.14,0,-0.01,
0,4,0.03,-10.02,-0.06,-0.01,-0.01,
0,4,0.03,-10.02,-0.06,-0.01,-0.01,
0,4,0.03,-10.02,-0.06,-0.01,-0.01,
0,4,-0.01,-10,-0.07,-0.01,-0.01,
0,4,-0.01,-10,-0.07,0,-0.01,
0,4,-0.01,-10,-0.07,0,-0.01,
0,4,0.05,-10.04,-0.11,-0.01,-0.01,
0,4,0.05,-10.04,-0.11,-0.01,-0.01,
0,4,0.05,-10.04,-0.11,-0.01,-0.01,
0,4,0,-10.03,-0.13,-0.01,-0.01,
0,4,0,-10.03,-0.13,-0.01,-0.02,
0,4,0.01,-10.05,-0.15,-0.01,-0.02,
0,4,0.01,-10.05,-0.15,0,-0.01,
0,4,0.01,-10.05,-0.15,-0.01,-0.01,
0,4,0,-10.12,-0.11,-0.01,-0.01,
0,4,0,-10.12,-0.11,-0.01,-0.01,
0,4,0,-10.12,-0.11,-0.01,-0.01,
0,4,0,-9.99,-0.13,-0.01,-0.01,
0,4,0,-9.99,-0.13,0,-0.01,
0,4,0,-9.99,-0.13,-0.01,-0.01,
0,4,0.05,-10.07,-0.11,-0.01,-0.01,
0,4,0.05,-10.07,-0.11,-0.01,-0.01,
0,4,0.05,-10.07,-0.11,-0.01,-0.01,
0,4,0.02,-10.01,-0.11,-0.01,-0.01,
0,4,0.02,-10.01,-0.11,-0.01,-0.01,
0,4,0.02,-10.05,-0.09,0,-0.01,
0,4,0.02,-10.05,-0.09,-0.01,-0.01,
0,4,0.02,-10.05,-0.09,-0.01,-0.01,
0,4,0.03,-10,-0.15,-0.01,-0.01,
0,4,0.03,-10,-0.15,-0.01,-0.01,
0,4,0.03,-10,-0.15,-0.01,-0.01,
0,4,0.04,-10,-0.12,-0.01,0,
0,4,0.04,-10,-0.12,-0.01,-0.01,
0,4,0.04,-10,-0.12,-0.01,-0.01,
0,4,0.04,-10.04,-0.1,0,0,
0,4,0.04,-10.04,-0.1,-0.01,-0.01,
0,4,0.04,-10.04,-0.1,-0.01,-0.01,
0,4,-0.06,-10.08,-0.08,0,-0.01,
0,4,-0.06,-10.08,-0.08,-0.01,-0.01,
0,4,0.01,-10.07,-0.17,-0.01,-0.01,
0,4,0.01,-10.07,-0.17,-0.01,-0.01,
0,4,0.01,-10.07,-0.17,0,-0.01,
0,4,0.03,-10.01,-0.1,0,-0.01,
0,4,0.03,-10.01,-0.1,-0.01,-0.01,
0,4,0.03,-10.01,-0.1,0,-0.01,
0,4,0.02,-10.03,-0.1,0,-0.01,
0,4,0.02,-10.03,-0.1,0,-0.01,
0,4,0.02,-10.03,-0.1,-0.01,-0.01,
0,4,0.01,-10.07,-0.12,-0.01,-0.01,
0,4,0.01,-10.07,-0.12,-0.01,-0.01,
0,4,0.01,-10.07,-0.12,0,-0.01,
0,4,0.05,-10.01,-0.05,0,-0.01,
0,4,0.05,-10.01,-0.05,0,-0.01,
0,4,-0.15,-10.24,-0.15,-0.01,-0.01,
0,4,-0.15,-10.24,-0.15,0,-0.01,
0,4,-0.15,-10.24,-0.15,0,-0.01,
0,4,0.11,-9.97,-0.06,0,-0.01,
0,4,0.11,-9.97,-0.06,-0.01,-0.01,
0,4,0.11,-9.97,-0.06,-0.01,-0.01,
0,4,0.17,-9.97,-0.14,-0.01,-0.01,
0,4,0.17,-9.97,-0.14,-0.01,-0.01,
0,4,0.17,-9.97,-0.14,-0.01,-0.01,
0,4,0.08,-9.96,-0.02,-0.01,-0.01,
0,4,0.08,-9.96,-0.02,0,-0.01,
0,4,0.08,-9.96,-0.02,0,-0.01,
0,4,-0.03,-10.16,-0.24,-0.01,-0.01,
0,4,-0.03,-10.16,-0.24,-0.01,-0.01,
0,4,-0.03,-10.16,-0.24,-0.01,-0.01,
0,4,-0.07,-10.07,-0.14,0,-0.01,
0,4,-0.07,-10.07,-0.14,-0.01,-0.01,
0,4,-0.02,-10.07,-0.09,-0.01,-0.01,
0,4,-0.02,-10.07,-0.09,0,-0.01,
0,4,-0.02,-10.07,-0.09,-0.01,-0.01,
0,4,0.13,-10.02,-0.14,-0.01,-0.01,
0,4,0.13,-10.02,-0.14,-0.01,-0.01,
0,4,0.13,-10.02,-0.14,-0.01,-0.01,
0,4,0.07,-10.03,-0.05,-0.01,-0.01,
0,4,0.07,-10.03,-0.05,-0.01,-0.01,
0,4,0.07,-10.03,-0.05,0,-0.01,
0,4,0.04,-10.05,-0.17,0,-0.01,
0,4,0.04,-10.05,-0.17,-0.01,-0.01,
0,4,0.04,-10.05,-0.17,-0.01,-0.01,
0,4,0.02,-10.05,-0.17,-0.01,-0.01,
0,4,0.02,-10.05,-0.17,0,-0.01,
0,4,0.02,-10.05,-0.17,-0.01,-0.01,
0,4,0.02,-9.99,-0.22,-0.01,-0.01,
0,4,0.02,-9.99,-0.22,-0.01,0,
0,4,0,-10.05,-0.09,0,-0.02,
0,4,0,-10.05,-0.09,0,-0.01,
0,4,0,-10.05,-0.09,0,-0.01,
0,4,-0.01,-9.98,-0.06,0,-0.01,
0,4,-0.01,-9.98,-0.06,0,-0.01,
0,4,-0.01,-9.98,-0.06,0,-0.01,
0,4,-0.03,-10.07,-0.06,-0.01,-0.01,
0,4,-0.03,-10.07,-0.06,0,-0.01,
0,4,-0.03,-10.07,-0.06,0,-0.01,
0,4,0,-10.06,-0.11,-0.01,-0.01,
0,4,0,-10.06,-0.11,-0.01,-0.01,
0,4,-0.03,-10.05,-0.14,-0.01,-0.01,
0,4,-0.03,-10.05,-0.14,-0.01,-0.01,
0,4,-0.03,-10.05,-0.14,-0.01,-0.01,
0,4,0.02,-10.03,-0.13,-0.01,-0.01,
0,4,0.02,-10.03,-0.13,-0.01,-0.01,
0,4,0.02,-10.03,-0.13,0,-0.01,
0,4,0.06,-10.02,-0.14,-0.01,-0.01,
0,4,0.06,-10.02,-0.14,-0.01,-0.01,
0,4,0.06,-10.02,-0.14,0,-0.01,
0,4,-0.02,-10.06,-0.1,-0.01,-0.01,
0,4,-0.02,-10.06,-0.1,-0.01,-0.01,
0,4,-0.05,-10.01,-0.12,0,-0.01,
0,4,-0.05,-10.01,-0.12,0,-0.01,
0,4,-0.05,-10.01,-0.12,0,-0.01,
0,4,0.02,-10.04,-0.09,-0.01,-0.01,
0,4,0.02,-10.04,-0.09,-0.01,-0.01,
0,4,0.02,-10.04,-0.09,-0.01,-0.01,
0,4,-0.09,-9.98,-0.13,-0.01,-0.01,
0,4,-0.09,-9.98,-0.13,-0.01,-0.01,
0,4,-0.09,-9.98,-0.13,-0.01,-0.01,
0,4,0.04,-10.07,-0.08,-0.01,-0.01,
0,4,0.04,-10.07,-0.08,-0.01,-0.01,
0,5,0.04,-10.07,-0.08,0,-0.01,
0,5,0.11,-9.98,-0.09,0,-0.01,
0,5,0.11,-9.98,-0.09,-0.01,-0.01,
0,5,0.01,-10.07,-0.07,-0.01,-0.01,
0,5,0.01,-10.07,-0.07,-0.01,-0.01,
0,5,0.01,-10.07,-0.07,-0.01,-0.01,
0,5,0.15,-9.98,-0.13,-0.01,-0.01,
0,5,0.15,-9.98,-0.13,-0.01,-0.01,
0,5,0.15,-9.98,-0.13,-0.01,-0.01,
0,5,-0.03,-10.04,-0.04,-0.01,-0.01,
0,5,-0.03,-10.04,-0.04,-0.01,-0.01,
0,5,-0.03,-10.04,-0.04,0,-0.01,
0,5,0.07,-9.94,-0.1,-0.01,-0.01,
0,5,0.07,-9.94,-0.1,-0.01,-0.01,
0,5,0.07,-9.94,-0.1,-0.01,-0.01,
0,5,-0.08,-10.06,-0.17,-0.01,-0.01,
0,5,-0.08,-10.06,-0.17,-0.01,-0.01,
0,5,-0.02,-9.98,-0.16,-0.01,-0.01,
0,5,-0.02,-9.98,-0.16,-0.01,-0.01,
0,5,-0.02,-9.98,-0.16,-0.01,-0.01,
0,5,0,-10.08,-0.13,-0.01,-0.01,
0,5,0,-10.08,-0.13,-0.01,-0.01,
0,5,0,-10.08,-0.13,0,-0.01,
0,5,0.09,-10.02,-0.08,0,-0.01,
0,5,0.09,-10.02,-0.08,-0.01,-0.01,
0,5,0.09,-10.02,-0.08,-0.01,-0.01,
0,5,-0.02,-10.06,-0.11,-0.01,-0.01,
0,5,-0.02,-10.06,-0.11,-0.01,-0.01,
0,5,-0.02,-10.06,-0.11,-0.01,-0.01,
0,5,0.04,-9.98,-0.13,-0.01,-0.01,
0,5,0.04,-9.98,-0.13,-0.01,0,
0,5,0.13,-10.04,-0.08,0,-0.01,
0,5,0.13,-10.04,-0.08,0,-0.01,
0,5,0.13,-10.04,-0.08,0,-0.01,
0,5,0.03,-10.04,-0.13,-0.01,-0.01,
0,5,0.03,-10.04,-0.13,-0.01,-0.01,
0,5,0.03,-10.04,-0.13,-0.01,-0.01,
0,5,0,-10.08,-0.17,-0.01,-0.01,
0,5,0,-10.08,-0.17,-0.01,-0.01,
0,5,0,-10.08,-0.17,-0.01,-0.01,
0,5,0.01,-10.08,-0.11,-0.01,-0.01,
0,5,0.01,-10.08,-0.11,-0.01,-0.01,
0,5,0.01,-10.08,-0.11,-0.01,0,
0,5,0.06,-10.01,-0.11,-0.01,0,
0,5,0.06,-10.01,-0.11,-0.01,-0.01,
0,5,0.06,-10.01,-0.11,0,-0.01,
0,5,0.06,-9.99,-0.09,0,-0.01,
0,5,0.06,-9.99,-0.09,-0.01,-0.01,
0,5,0.06,-9.99,-0.09,0,-0.01,
0,5,0.02,-10.02,-0.12,0,-0.01,
0,5,0.02,-10.02,-0.12,0,-0.01,
0,5,0.02,-10.02,-0.12,-0.01,-0.01,
0,5,-0.03,-10.02,-0.16,-0.01,-0.01,
0,5,-0.03,-10.02,-0.16,-0.01,0,
0,5,-0.03,-10.02,-0.16,-0.01,-0.01,
0,5,0.01,-10,-0.12,-0.01,-0.01,
0,5,0.01,-10,-0.12,0,-0.01,
0,5,0.01,-10,-0.12,-0.01,-0.01,
0,5,0.06,-10.04,-0.11,-0.01,-0.01,
0,5,0.06,-10.04,-0.11,-0.01,-0.01,
0,5,0.06,-10.04,-0.11,-0.01,-0.01,
0,5,0.01,-10.03,-0.07,-0.01,-0.01,
0,5,0.01,-10.03,-0.07,-0.01,-0.01,
0,5,0.03,-10,-0.08,0,-0.01,
0,5,0.03,-10,-0.08,0,-0.01,
0,5,0.03,-10,-0.08,-0.01,-0.01,
0,5,0,-10.1,-0.14,-0.01,-0.01,
0,5,0,-10.1,-0.14,-0.01,-0.01,
0,5,0,-10.1,-0.14,0,-0.01,
0,5,0.01,-10.05,-0.12,-0.01,-0.01,
0,5,0.01,-10.05,-0.12,-0.01,-0.01,
0,5,0.01,-10.05,-0.12,-0.01,-0.01,
0,5,-0.01,-10.02,-0.13,-0.01,-0.01,
0,5,-0.01,-10.02,-0.13,-0.01,-0.01,
0,5,-0.01,-10.02,-0.13,-0.01,-0.01,
0,5,0.06,-9.96,-0.11,-0.01,-0.01,
0,5,0.06,-9.96,-0.11,-0.01,-0.01,
0,5,0.05,-10.03,-0.06,-0.01,-0.01,
0,5,0.05,-10.03,-0.06,0,-0.01,
0,5,0.05,-10.03,-0.06,0,-0.01,
0,5,-0.04,-10.04,-0.13,0,-0.01,
0,5,-0.04,-10.04,-0.13,-0.01,-0.01,
0,5,-0.04,-10.04,-0.13,-0.01,-0.01,
0,5,0.03,-10.03,-0.15,-0.01,-0.01,
0,5,0.03,-10.03,-0.15,0,-0.01,
0,5,0.03,-10.03,-0.15,-0.01,-0.01,
0,5,0.05,-10.06,-0.08,-0.01,-0.01,
0,5,0.05,-10.06,-0.08,-0.01,-0.01,
0,5,0.05,-10.06,-0.08,-0.01,-0.01,
0,5,-0.04,-10.05,-0.09,-0.01,-0.01,
0,5,-0.04,-10.05,-0.09,-0.01,-0.01,
0,5,0.05,-10.02,-0.13,-0.01,-0.01,
0,5,0.05,-10.02,-0.13,-0.01,-0.01,
0,5,0.05,-10.02,-0.13,0,-0.01,
0,5,0.03,-10.06,-0.09,-0.01,-0.01,
0,5,0.03,-10.06,-0.09,-0.01,-0.01,
0,5,0.03,-10.06,-0.09,-0.01,-0.01,
0,5,0.03,-10.02,-0.17,-0.01,-0.01,
0,5,0.03,-10.02,-0.17,-0.01,-0.01,
0,5,0.03,-10.02,-0.17,-0.01,-0.01,
0,5,-0.01,-10.05,-0.12,0,-0.01,
0,5,-0.01,-10.05,-0.12,-0.01,-0.01,
0,5,-0.01,-10.05,-0.12,-0.01,-0.01,
0,5,0.02,-9.99,-0.14,0,-0.01,
0,5,0.02,-9.99,-0.14,-0.01,-0.01,
0,5,0.05,-10.02,-0.14,-0.01,-0.01,
0,5,0.05,-10.02,-0.14,-0.01,-0.01,
0,5,0.05,-10.02,-0.14,-0.01,-0.01,
0,5,0.06,-10.06,-0.12,-0.01,-0.01,
0,5,0.06,-10.06,-0.12,0,-0.01,
0,5,0.06,-10.06,-0.12,0,-0.01,
0,5,0,-10.07,-0.11,0,-0.01,
0,5,0,-10.07,-0.11,0,-0.01,
0,5,0,-10.07,-0.11,-0.01,-0.01,
0,5,0.04,-10,-0.11,-0.01,-0.01,
0,5,0.04,-10,-0.11,0,-0.01,
0,5,0.04,-10,-0.11,0,-0.01,
0,5,0,-10.01,-0.12,0,-0.01,
0,5,0,-10.01,-0.12,0,-0.01,
0,5,0,-10.01,-0.12,-0.01,-0.01,
0,5,-0.01,-10.06,-0.14,-0.01,-0.01,
0,5,-0.01,-10.06,-0.14,0,-0.01,
0,5,-0.01,-10.03,-0.11,0,-0.01,
0,5,-0.01,-10.03,-0.11,-0.01,-0.01,
0,5,-0.01,-10.03,-0.11,-0.01,-0.01,
0,5,-0.01,-10.02,-0.09,-0.01,-0.01,
0,5,-0.01,-10.02,-0.09,-0.01,-0.01,
0,5,-0.01,-10.02,-0.09,-0.01,-0.01,
0,5,-0.09,-10.04,-0.15,-0.01,-0.01,
0,5,-0.09,-10.04,-0.15,-0.01,-0.01,
0,5,-0.09,-10.04,-0.15,0,-0.01,
0,5,-0.01,-10.03,-0.1,-0.01,-0.01,
0,5,-0.01,-10.03,-0.1,-0.01,-0.01,
0,5,-0.01,-10.03,-0.1,-0.01,-0.01,
0,5,0.03,-10.02,-0.1,-0.01,-0.01,
0,5,0.03,-10.02,-0.1,-0.01,-0.01,
0,5,0.03,-10.02,-0.1,0,-0.01,
0,5,0.02,-10.08,-0.07,0,-0.01,
0,5,0.02,-10.08,-0.07,0,-0.01,
0,5,0.02,-10.08,-0.07,-0.01,-0.01,
0,5,0.04,-10.04,-0.13,-0.01,-0.01,
0,5,0.04,-10.04,-0.13,0,-0.01,
0,5,0.02,-10.03,-0.11,0,-0.01,
0,5,0.02,-10.03,-0.11,0,-0.01,
0,5,0.02,-10.03,-0.11,0,-0.01,
0,5,0.06,-9.98,-0.11,-0.01,-0.01,
0,5,0.06,-9.98,-0.11,-0.01,-0.01,
0,5,0.06,-9.98,-0.11,-0.01,-0.01,
0,5,0.01,-10.04,-0.14,-0.01,-0.01,
0,5,0.01,-10.04,-0.14,0,-0.01,
0,5,0.01,-10.04,-0.14,0,-0.01,
0,5,0.01,-10.03,-0.17,-0.01,-0.01,
0,5,0.01,-10.03,-0.17,0,-0.01,
0,5,0.01,-10.03,-0.17,0,-0.01,
0,6,-0.07,-10.06,-0.12,0,-0.01,
0,6,-0.07,-10.06,-0.12,0,-0.01,
0,6,-0.07,-10.06,-0.12,0,-0.01,
0,6,0.11,-9.98,-0.09,0,-0.01,
0,6,0.11,-9.98,-0.09,-0.01,-0.01,
0,6,0.11,-9.98,-0.09,-0.01,-0.01,
0,6,0.14,-9.99,-0.09,0,-0.01,
0,6,0.14,-9.99,-0.09,0,-0.01,
0,6,0.14,-9.99,-0.09,0,-0.01,
0,6,-0.01,-10.07,-0.11,0,-0.01,
0,6,-0.01,-10.07,-0.11,0,-0.01,
0,6,-0.01,-10.07,-0.11,0,-0.01,
0,6,-0.04,-10.11,-0.12,-0.01,-0.01,
0,6,-0.04,-10.11,-0.12,-0.01,-0.01,
0,6,-0.04,-10.11,-0.12,0,-0.01,
0,6,0.06,-10.08,-0.1,-0.01,-0.01,
0,6,0.06,-10.08,-0.1,-0.01,-0.01,
0,6,0.06,-10.08,-0.1,-0.01,-0.01,
0,6,0.05,-10,-0.11,-0.01,-0.01,
0,6,0.05,-10,-0.11,-0.01,-0.01,
0,6,0.05,-9.97,-0.17,0,-0.01,
0,6,0.05,-9.97,-0.17,-0.01,-0.01,
0,6,0.05,-9.97,-0.17,-0.01,-0.01,
0,6,-0.01,-10.03,-0.18,-0.01,-0.01,
0,6,-0.01,-10.03,-0.18,-0.01,-0.01,
0,6,-0.01,-10.03,-0.18,-0.01,-0.01,
0,6,0.02,-10.04,-0.09,0,-0.01,
0,6,0.02,-10.04,-0.09,-0.01,-0.01,
0,6,0.02,-10.04,-0.09,-0.01,-0.01,
0,6,0.06,-10.02,-0.1,0,-0.01,
0,6,0.06,-10.02,-0.1,-0.01,-0.01,
0,6,0.06,-10.02,-0.1,-0.01,-0.01,
0,6,-0.03,-10.03,-0.14,-0.01,-0.01,
0,6,-0.03,-10.03,-0.14,-0.01,-0.01,
0,6,-0.03,-10.03,-0.14,-0.01,-0.01,
0,6,0.02,-10.04,-0.12,0,-0.01,
0,6,0.02,-10.04,-0.12,-0.01,-0.01,
0,6,0.02,-10.04,-0.12,-0.01,-0.01,
0,6,0,-9.97,-0.1,0,-0.01,
0,6,0,-9.97,-0.1,0,-0.01,
0,6,0,-9.97,-0.1,0,-0.01,
0,6,0,-10.01,-0.11,0,-0.02,
0,6,0,-10.01,-0.11,-0.01,-0.01,
0,6,0,-10.01,-0.11,-0.01,-0.01,
0,6,0.01,-10.01,-0.1,-0.01,-0.01,
0,6,0.01,-10.01,-0.1,-0.01,-0.01,
0,6,0.04,-9.98,-0.11,-0.01,-0.01,
0,6,0.04,-9.98,-0.11,-0.01,-0.01,
0,6,0.04,-9.98,-0.11,-0.01,-0.01,
0,6,0.01,-9.99,-0.09,-0.01,-0.01,
0,6,0.01,-9.99,-0.09,-0.01,-0.01,
0,6,0.01,-9.99,-0.09,0,-0.01,
0,6,-0.04,-9.94,-0.12,0,-0.01,
0,6,-0.04,-9.94,-0.12,-0.01,-0.01,
0,6,-0.04,-9.94,-0.12,-0.01,-0.01,
0,6,0.05,-10,-0.11,-0.01,-0.01,
0,6,0.05,-10,-0.11,0,-0.01,
0,6,0.05,-10,-0.11,0,-0.01,
0,6,0.03,-10.07,-0.08,0,-0.01,
0,6,0.03,-10.07,-0.08,-0.01,-0.01,
0,6,0.03,-10.07,-0.08,0,-0.01,
0,6,0.09,-9.99,-0.11,0,-0.01,
0,6,0.09,-9.99,-0.11,-0.01,-0.01,
0,6,0.09,-9.99,-0.11,-0.01,-0.01,
0,6,0.02,-10.06,-0.08,-0.01,-0.01,
0,6,0.02,-10.06,-0.08,-0.01,-0.01,
0,6,0.01,-9.97,-0.11,-0.01,-0.01,
0,6,0.01,-9.97,-0.11,-0.01,-0.01,
0,6,0.01,-9.97,-0.11,0,0,
0,6,0.03,-10.01,-0.14,-0.01,-0.01,
0,6,0.03,-10.01,-0.14,-0.01,-0.01,
0,6,0.03,-10.01,-0.14,-0.01,-0.01,
0,6,0.04,-10,-0.08,-0.01,-0.01,
0,6,0.04,-10,-0.08,-0.01,-0.01,
0,6,0.04,-10,-0.08,0,-0.01,
0,6,-0.01,-10.06,-0.11,-0.01,-0.01,
0,6,-0.01,-10.06,-0.11,-0.01,-0.01,
0,6,-0.03,-10.04,-0.11,-0.01,-0.01,
0,6,-0.03,-10.04,-0.11,-0.01,-0.01,
0,6,-0.01,-10.04,-0.11,-0.01,-0.01,
0,6,-0.01,-10.04,-0.11,-0.01,-0.01,
0,6,-0.01,-10.04,-0.11,-0.01,-0.01,
0,6,0.04,-10.01,-0.1,-0.01,-0.01,
0,6,0.04,-10.01,-0.1,-0.01,-0.01,
0,6,0.04,-10.01,-0.1,-0.01,-0.01,
0,6,0.09,-10.02,-0.09,0,-0.01,
0,6,0.09,-10.02,-0.09,0,-0.01,
0,6,0.09,-10.02,-0.09,0,-0.01,
0,6,0.02,-10.03,-0.13,-0.01,-0.01,
0,6,0.02,-10.03,-0.13,0,-0.01,
0,6,0.02,-10.03,-0.13,0,-0.01,
0,6,-0.01,-10.02,-0.18,-0.01,-0.01,
0,6,-0.01,-10.02,-0.18,-0.01,-0.01,
0,6,-0.01,-10.02,-0.18,-0.01,-0.01,
0,6,0,-10.04,-0.06,-0.01,-0.01,
0,6,0,-10.04,-0.06,-0.01,-0.01,
0,6,0,-10.04,-0.06,-0.01,-0.01,
0,6,0.03,-9.97,-0.1,0,-0.01,
0,6,0.03,-9.97,-0.1,0,-0.01,
0,6,0.03,-9.97,-0.1,-0.01,-0.01,
0,6,-0.02,-10.13,-0.11,-0.01,0,
0,6,-0.02,-10.13,-0.11,-0.01,0,
0,6,-0.02,-10.13,-0.11,-0.01,-0.01,
0,6,0.03,-10.04,-0.09,-0.01,-0.01,
0,6,0.03,-10.04,-0.09,-0.01,-0.01,
0,6,0.03,-10.04,-0.09,-0.01,-0.01,
0,6,0.06,-10.07,-0.11,-0.01,-0.01,
0,6,0.06,-10.07,-0.11,-0.01,-0.01,
0,6,0.06,-10.07,-0.11,0,-0.01,
0,6,0.05,-9.93,-0.18,-0.01,-0.01,
0,6,0.05,-9.93,-0.18,-0.01,-0.01,
0,6,0.05,-9.93,-0.18,0,-0.01,
0,6,-0.03,-10.05,-0.19,0,-0.01,
0,6,-0.03,-10.05,-0.19,0,-0.01,
0,6,-0.03,-10.05,-0.19,-0.01,-0.01,
0,6,0.02,-10.06,-0.13,0,-0.01,
0,6,0.02,-10.06,-0.13,0,-0.01,
0,6,0.04,-10.01,-0.1,-0.01,-0.01,
0,6,0.04,-10.01,-0.1,-0.01,-0.01,
0,6,0.04,-10.01,-0.1,-0.01,-0.01,
0,6,0.03,-10.03,-0.1,-0.01,-0.01,
0,6,0.03,-10.03,-0.1,-0.01,-0.01,
0,6,0.03,-10.03,-0.1,-0.01,-0.01,
0,6,-0.04,-10.02,-0.19,-0.01,-0.01,
0,6,-0.04,-10.02,-0.19,-0.01,0,
0,6,-0.04,-10.02,-0.19,-0.01,0,
0,6,-0.05,-10.03,-0.11,0,-0.01,
0,6,-0.05,-10.03,-0.11,0,-0.01,
0,6,-0.05,-10.03,-0.11,0,-0.01,
0,6,0.04,-10.04,-0.08,-0.01,-0.01,
0,6,0.04,-10.04,-0.08,0,-0.01,
0,6,0.04,-10.04,-0.08,0,-0.01,
0,6,0,-9.98,-0.16,-0.01,-0.01,
0,6,0,-9.98,-0.16,-0.01,-0.01,
0,6,0,-9.98,-0.16,-0.01,-0.01,
0,6,0.03,-10.05,-0.15,-0.01,-0.01,
0,6,0.03,-10.05,-0.15,0,-0.01,
0,6,0.03,-10.05,-0.15,0,-0.01,
0,6,0.02,-9.98,-0.12,-0.01,-0.01,
0,6,0.02,-9.98,-0.12,0,-0.01,
0,6,0.13,-10,-0.13,0,-0.01,
0,6,0.13,-10,-0.13,-0.01,0,
0,6,0.13,-10,-0.13,-0.01,-0.01,
0,6,-0.02,-10.02,-0.1,-0.01,-0.01,
0,6,-0.02,-10.02,-0.1,-0.01,-0.01,
0,6,-0.02,-10.02,-0.1,-0.01,-0.01,
0,6,0.05,-10.04,-0.1,-0.01,-0.01,
0,6,0.05,-10.04,-0.1,-0.01,-0.01,
0,6,0.05,-10.04,-0.1,0,-0.01,
0,6,0.03,-9.98,-0.11,0,-0.01,
0,6,0.03,-9.98,-0.11,-0.01,-0.01,
0,7,0.03,-9.98,-0.11,-0.01,-0.01,
0,7,0.02,-10.02,-0.08,-0.01,-0.01,
0,7,0.02,-10.02,-0.08,-0.01,-0.01,
0,7,0.02,-10.02,-0.08,-0.01,-0.01,
0,7,0.04,-10.03,-0.12,-0.01,-0.01,
0,7,0.04,-10.03,-0.12,-0.01,-0.01,
0,7,0.04,-10.03,-0.12,0,-0.01,
0,7,0.03,-10.06,-0.09,0,-0.01,
0,7,0.03,-10.06,-0.09,0,-0.01,
0,7,0.08,-10.05,-0.1,-0.01,-0.01,
0,7,0.08,-10.05,-0.1,-0.01,-0.01,
0,7,0.08,-10.05,-0.1,-0.01,-0.01,
0,7,0.07,-10.05,-0.03,0,-0.01,
0,7,0.07,-10.05,-0.03,0,-0.01,
0,7,0.07,-10.05,-0.03,-0.01,-0.01,
0,7,0.08,-10.04,-0.16,-0.01,-0.01,
0,7,0.08,-10.04,-0.16,-0.01,-0.01,
0,7,0.08,-10.04,-0.16,0,-0.01,
0,7,-0.08,-10.06,-0.18,-0.01,-0.02,
0,7,-0.08,-10.06,-0.18,-0.01,-0.02,
0,7,-0.08,-10.06,-0.18,-0.01,-0.01,
0,7,0.02,-10.04,-0.1,0,-0.01,
0,7,0.02,-10.04,-0.1,0,-0.01,
0,7,0.02,-10.04,-0.1,0,-0.01,
0,7,0.12,-9.96,-0.07,0,-0.01,
0,7,0.12,-9.96,-0.07,0,-0.01,
0,7,0.12,-9.96,-0.07,-0.01,-0.01,
0,7,0.04,-10.04,-0.06,-0.01,-0.01,
0,7,0.04,-10.04,-0.06,-0.01,-0.01,
0,7,-0.05,-10.04,-0.15,-0.01,-0.01,
0,7,-0.05,-10.04,-0.15,-0.01,0,
0,7,-0.05,-10.04,-0.15,-0.01,0,
0,7,0.01,-10.02,-0.16,0,-0.01,
0,7,0.01,-10.02,-0.16,0,-0.01,
0,7,0.01,-10.02,-0.16,0,-0.01,
0,7,0.11,-9.98,-0.08,0,-0.01,
0,7,0.11,-9.98,-0.08,0,-0.01,
0,7,0.11,-9.98,-0.08,-0.01,-0.01,
0,7,0.03,-10.05,-0.13,0,-0.01,
0,7,0.03,-10.05,-0.13,0,-0.01,
0,7,0.03,-10.05,-0.13,-0.01,0,
0,7,0,-10.07,-0.13,0,-0.01,
0,7,0,-10.07,-0.13,0,-0.01,
0,7,0,-10.07,-0.13,-0.01,-0.01,
0,7,0.07,-10.07,-0.09,-0.01,-0.01,
0,7,0.07,-10.07,-0.09,-0.01,-0.01,
0,7,0.07,-10.07,-0.09,0,-0.01,
0,7,0.09,-10.02,-0.05,-0.01,-0.01,
0,7,0.09,-10.02,-0.05,-0.01,-0.01,
0,7,0.09,-10.02,-0.05,-0.01,-0.01,
0,7,0.02,-9.99,-0.09,0,-0.01,
0,7,0.02,-9.99,-0.09,-0.01,-0.01,
0,7,-0.02,-10.04,-0.16,-0.01,-0.01,
0,7,-0.02,-10.04,-0.16,-0.01,-0.01,
0,7,-0.02,-10.04,-0.16,-0.01,-0.01,
0,7,-0.03,-10.07,-0.13,-0.01,-0.01,
0,7,-0.03,-10.07,-0.13,0,-0.01,
0,7,-0.03,-10.07,-0.13,0,-0.01,
0,7,0.13,-10.06,-0.11,-0.01,0,
0,7,0.13,-10.06,-0.11,-0.01,0,
0,7,0.13,-10.06,-0.11,-0.01,0,
0,7,0.07,-9.96,-0.07,0,-0.01,
0,7,0.07,-9.96,-0.07,0,-0.01,
0,7,0.07,-9.96,-0.07,0,-0.01,
0,7,0.05,-10.07,-0.16,0,-0.01,
0,7,0.05,-10.07,-0.16,0,-0.01,
0,7,0.05,-10.07,-0.16,0,-0.01,
0,7,-0.1,-10.07,-0.15,-0.01,-0.01,
0,7,-0.1,-10.07,-0.15,-0.01,-0.01,
0,7,-0.1,-10.07,-0.15,-0.01,-0.01,
0,7,0.1,-10,-0.05,-0.01,-0.01,
0,7,0.1,-10,-0.05,-0.01,-0.01,
0,7,0.1,-10,-0.05,-0.01,-0.01,
0,7,0.06,-10.08,-0.05,0,-0.01,
0,7,0.06,-10.08,-0.05,-0.01,-0.01,
0,7,-0.08,-10.03,-0.14,-0.01,-0.01,
0,7,-0.08,-10.03,-0.14,-0.01,-0.01,
0,7,-0.08,-10.03,-0.14,-0.01,-0.01,
0,7,-0.06,-10.13,-0.22,-0.01,-0.01,
0,7,-0.06,-10.13,-0.22,-0.01,-0.01,
0,7,-0.06,-10.13,-0.22,0,-0.01,
0,7,0.1,-9.94,-0.06,0,-0.01,
0,7,0.1,-9.94,-0.06,0,-0.01,
0,7,0.1,-9.94,-0.06,-0.01,-0.01,
0,7,0.07,-10.05,-0.09,-0.01,-0.01,
0,7,0.07,-10.05,-0.09,-0.01,-0.01,
0,7,0.07,-10.05,-0.09,-0.01,-0.01,
0,7,-0.02,-10.01,-0.1,-0.01,-0.01,
0,7,-0.02,-10.01,-0.1,0,-0.01,
0,7,-0.02,-10.01,-0.1,-0.01,-0.01,
0,7,-0.03,-10.09,-0.14,-0.01,-0.01,
0,7,-0.03,-10.09,-0.14,-0.01,-0.01,
0,7,-0.03,-10.09,-0.14,-0.01,-0.01,
0,7,0.1,-10.05,-0.05,-0.01,-0.01,
0,7,0.1,-10.05,-0.05,0,-0.01,
0,7,0.1,-10.05,-0.05,-0.01,-0.01,
0,7,0.03,-10.07,-0.06,-0.01,-0.01,
0,7,0.03,-10.07,-0.06,-0.01,-0.01,
0,7,-0.04,-10.11,-0.1,-0.01,-0.01,
0,7,-0.04,-10.11,-0.1,-0.01,-0.01,
0,7,-0.04,-10.11,-0.1,-0.01,-0.01,
0,7,-0.03,-10.07,-0.19,-0.01,-0.01,
0,7,-0.03,-10.07,-0.19,-0.01,-0.01,
0,7,-0.03,-10.07,-0.19,-0.01,-0.01,
0,7,0.08,-9.99,-0.06,-0.01,-0.01,
0,7,0.08,-9.99,-0.06,-0.01,-0.01,
0,7,0.08,-9.99,-0.06,-0.01,-0.01,
0,7,0.06,-10.02,-0.09,0,-0.01,
0,7,0.06,-10.02,-0.09,-0.01,-0.01,
0,7,0.06,-10.02,-0.09,-0.01,-0.01,
0,7,-0.02,-10.03,-0.11,-0.01,-0.01,
0,7,-0.02,-10.03,-0.11,-0.01,-0.01,
0,7,-0.02,-10.03,-0.11,-0.01,-0.01,
0,7,0.05,-10.03,-0.13,-0.01,-0.01,
0,7,0.05,-10.03,-0.13,0,-0.01,
0,7,0.06,-10.05,-0.11,0,-0.01,
0,7,0.06,-10.05,-0.11,0,-0.01,
0,7,0.06,-10.05,-0.11,-0.01,-0.01,
0,7,0.08,-10.07,-0.13,-0.01,-0.01,
0,7,0.08,-10.07,-0.13,-0.01,-0.01,
0,7,0.08,-10.07,-0.13,-0.01,-0.01,
0,7,-0.01,-10,-0.1,0,-0.01,
0,7,-0.01,-10,-0.1,-0.01,-0.01,
0,7,-0.01,-10,-0.1,-0.01,-0.01,
0,7,0.01,-10.05,-0.14,-0.01,-0.01,
0,7,0.01,-10.05,-0.14,-0.01,-0.01,
0,7,0.01,-10.05,-0.14,-0.01,-0.01,
0,7,0.03,-10.03,-0.1,0,-0.01,
0,7,0.03,-10.03,-0.1,-0.01,-0.01,
0,7,0.03,-10.03,-0.1,-0.01,-0.01,
0,7,0.04,-10.05,-0.09,-0.01,-0.01,
0,7,0.04,-10.05,-0.09,-0.01,-0.01,
0,7,0.04,-10.05,-0.09,-0.01,-0.01,
0,7,0.02,-10.07,-0.08,-0.01,-0.01,
0,7,0.02,-10.07,-0.08,-0.01,-0.01,
0,7,0.02,-10.07,-0.08,-0.01,-0.01,
0,7,0.02,-10,-0.14,-0.01,-0.01,
0,7,0.02,-10,-0.14,-0.01,-0.01,
0,7,0.02,-10,-0.14,-0.01,-0.01,
0,7,0.01,-10.03,-0.1,-0.01,-0.01,
0,7,0.01,-10.03,-0.1,-0.01,-0.01,
0,7,0.01,-10.03,-0.1,-0.01,-0.01,
0,7,0,-10.02,-0.1,-0.01,-0.01,
0,7,0,-10.02,-0.1,-0.01,-0.01,
0,7,0,-10.02,-0.1,-0.01,-0.01,
0,7,0.06,-10.07,-0.09,-0.01,-0.01,
0,7,0.06,-10.07,-0.09,-0.01,-0.01,
0,7,0.06,-10.07,-0.09,-0.01,-0.01,
0,7,0,-10.09,-0.18,-0.01,-0.01,
0,7,0,-10.09,-0.18,-0.01,-0.01,
0,7,0,-10.09,-0.18,-0.01,-0.01,
0,7,-0.01,-9.97,-0.08,-0.01,-0.01,
0,7,-0.01,-9.97,-0.08,-0.01,-0.01,
0,7,-0.01,-9.97,-0.08,-0.01,-0.01,
0,7,0.1,-10.03,-0.1,-0.01,-0.01,
0,7,0.1,-10.03,-0.1,-0.01,-0.01,
0,8,0.1,-10.03,-0.1,-0.01,-0.01,
0,8,0,-10.05,-0.16,-0.01,0,
0,8,0,-10.05,-0.16,-0.01,0,
0,8,0.01,-10.02,-0.08,0,-0.01,
0,8,0.01,-10.02,-0.08,0,-0.01,
0,8,0.01,-10.02,-0.08,0,-0.01,
0,8,-0.04,-10.05,-0.1,-0.01,-0.01,
0,8,-0.04,-10.05,-0.1,-0.01,-0.01,
0,8,-0.04,-10.05,-0.1,-0.01,-0.01,
0,8,0.04,-10.08,-0.07,-0.01,-0.01,
0,8,0.04,-10.08,-0.07,-0.01,-0.01,
0,8,0.04,-10.08,-0.07,-0.01,-0.01,
0,8,0.05,-10.03,-0.09,-0.01,-0.01,
0,8,0.05,-10.03,-0.09,-0.01,-0.01,
0,8,0.05,-10.03,-0.09,-0.01,-0.01,
0,8,-0.03,-10.02,-0.11,-0.01,-0.01,
0,8,-0.03,-10.02,-0.11,-0.01,-0.01,
0,8,-0.03,-10.02,-0.11,-0.01,-0.01,
0,8,0.04,-10.1,-0.11,-0.01,-0.01,
0,8,0.04,-10.1,-0.11,-0.01,-0.01,
0,8,0.04,-10.1,-0.11,-0.01,-0.01,
0,8,0.07,-10.02,-0.07,-0.01,-0.01,
0,8,0.07,-10.02,-0.07,-0.01,-0.01,
0,8,0.01,-10.08,-0.1,-0.01,-0.01,
0,8,0.01,-10.08,-0.1,0,-0.01,
0,8,0.01,-10.08,-0.1,0,-0.01,
0,8,0.05,-10.07,-0.08,0,-0.01,
0,8,0.05,-10.07,-0.08,-0.01,-0.01,
0,8,0.05,-10.07,-0.08,0,-0.01,
0,8,0.04,-10.05,-0.11,0,-0.01,
0,8,0.04,-10.05,-0.11,0,-0.01,
0,8,0.04,-10.05,-0.11,-0.01,-0.01,
0,8,0.09,-9.95,-0.13,-0.01,-0.01,
0,8,0.09,-9.95,-0.13,-0.01,-0.01,
0,8,0.09,-9.95,-0.13,-0.01,-0.01,
0,8,0.01,-10.04,-0.08,-0.01,-0.01,
0,8,0.01,-10.04,-0.08,-0.01,-0.01,
0,8,0.01,-10.04,-0.08,0,-0.01,
0,8,0.05,-10.04,-0.15,0,-0.01,
0,8,0.05,-10.04,-0.15,-0.01,-0.01,
0,8,0.05,-10.04,-0.15,-0.01,-0.01,
0,8,0.04,-9.98,-0.07,-0.01,-0.01,
0,8,0.04,-9.98,-0.07,-0.01,-0.01,
0,8,0.07,-10.08,-0.15,-0.01,-0.01,
0,8,0.07,-10.08,-0.15,-0.01,-0.01,
0,8,0.07,-10.08,-0.15,0,-0.01,
0,8,0,-10.02,-0.13,-0.01,-0.01,
0,8,0,-10.02,-0.13,-0.01,-0.01,
0,8,0,-10.02,-0.13,-0.01,-0.01,
0,8,0,-10.11,-0.16,-0.01,-0.01,
0,8,0,-10.11,-0.16,-0.01,-0.01,
0,8,0,-10.11,-0.16,-0.01,-0.01,
0,8,0.06,-9.99,-0.09,-0.01,-0.01,
0,8,0.06,-9.99,-0.09,-0.01,-0.01,
0,8,0.06,-9.99,-0.09,-0.01,-0.01,
0,8,0.01,-10.03,-0.04,-0.01,-0.01,
0,8,0.01,-10.03,-0.04,-0.01,-0.01,
0,8,0.01,-10.03,-0.04,-0.01,-0.01,
0,8,0,-10,-0.13,-0.01,-0.01,
0,8,0,-10,-0.13,-0.01,-0.01,
0,8,-0.07,-10.08,-0.08,0,-0.01,
0,8,-0.07,-10.08,-0.08,-0.01,-0.01,
0,8,-0.07,-10.08,-0.08,-0.01,-0.01,
0,8,0.03,-10.09,-0.07,0,-0.01,
0,8,0.03,-10.09,-0.07,0,-0.01,
0,8,0.03,-10.09,-0.07,0,-0.01,
0,8,0.13,-10.07,-0.15,-0.01,-0.01,
0,8,0.13,-10.07,-0.15,-0.01,-0.01,
0,8,0.13,-10.07,-0.15,-0.01,-0.01,
0,8,0.01,-10.01,-0.23,-0.01,-0.01,
0,8,0.01,-10.01,-0.23,-0.01,-0.01,
0,8,0.01,-10.01,-0.23,-0.01,-0.01,
0,8,0,-10.07,-0.21,-0.01,-0.01,
0,8,0,-10.07,-0.21,-0.01,-0.01,
0,8,0,-10.07,-0.21,-0.01,-0.01,
0,8,0.06,-9.98,-0.13,-0.01,-0.01,
0,8,0.06,-9.98,-0.13,-0.01,-0.01,
0,8,0.06,-9.98,-0.13,-0.01,-0.01,
0,8,0.03,-10.07,-0.11,-0.01,-0.01,
0,8,0.03,-10.07,-0.11,-0.01,-0.01,
0,8,0.03,-10.07,-0.11,-0.01,-0.01,
0,8,-0.09,-10.03,-0.12,0,-0.01,
0,8,-0.09,-10.03,-0.12,0,-0.01,
0,8,-0.09,-10.03,-0.12,-0.01,-0.01,
0,8,-0.08,-9.97,-0.09,0,-0.01,
0,8,-0.08,-9.97,-0.09,0,-0.01,
0,8,-0.08,-9.97,-0.09,0,-0.01,
0,8,0.02,-9.95,-0.02,-0.01,-0.01,
0,8,0.02,-9.95,-0.02,-0.01,-0.01,
0,8,0.02,-9.95,-0.02,-0.01,-0.01,
0,8,0,-10.05,-0.09,-0.01,-0.01,
0,8,0,-10.05,-0.09,-0.01,-0.01,
0,8,0.03,-10.09,-0.17,-0.01,-0.01,
0,8,0.03,-10.09,-0.17,-0.01,-0.01,
0,8,0.03,-10.09,-0.17,-0.01,-0.01,
0,8,0.03,-10.03,-0.15,0,-0.01,
0,8,0.03,-10.03,-0.15,-0.01,-0.01,
0,8,0.03,-10.03,-0.15,-0.01,-0.01,
0,8,0.05,-10,-0.1,0,-0.01,
0,8,0.05,-10,-0.1,0,-0.01,
0,8,0.05,-10,-0.1,0,-0.01,
0,8,0.04,-10.02,-0.11,-0.01,-0.01,
0,8,0.04,-10.02,-0.11,0,-0.01,
0,8,0.04,-10.02,-0.11,0,-0.01,
0,8,-0.03,-10.07,-0.12,-0.01,-0.01,
0,8,-0.03,-10.07,-0.12,-0.01,-0.01,
0,8,-0.03,-10.07,-0.12,-0.01,-0.01,
0,8,0.02,-10.01,-0.16,-0.01,-0.01,
0,8,0.02,-10.01,-0.16,-0.01,-0.01,
0,8,0.02,-10.01,-0.16,-0.01,-0.01,
0,8,0.04,-10.05,-0.15,0,-0.01,
0,8,0.04,-10.05,-0.15,-0.01,-0.01,
0,8,0.04,-10.05,-0.15,-0.01,-0.01,
0,8,0.15,-10.04,-0.1,-0.01,-0.01,
0,8,0.15,-10.04,-0.1,-0.01,-0.01,
0,8,0,-10.02,-0.13,-0.01,-0.01,
0,8,0,-10.02,-0.13,-0.01,-0.01,
0,8,0,-10.02,-0.13,0,-0.01,
0,8,-0.03,-10.11,-0.17,0,-0.01,
0,8,-0.03,-10.11,-0.17,-0.01,-0.01,
0,8,-0.03,-10.11,-0.17,-0.01,-0.01,
0,8,0.03,-10.01,-0.11,-0.01,-0.01,
0,8,0.03,-10.01,-0.11,-0.01,-0.01,
0,8,0.03,-10.01,-0.11,0,-0.01,
0,8,0.09,-10,-0.1,0,-0.01,
0,8,0.09,-10,-0.1,0,-0.01,
0,8,0.09,-10,-0.1,-0.01,-0.01,
0,8,0.06,-10.05,-0.13,-0.01,-0.01,
0,8,0.06,-10.05,-0.13,-0.01,-0.01,
0,8,0.06,-10.05,-0.13,-0.01,-0.01,
0,8,-0.06,-10.06,-0.1,-0.01,-0.01,
0,8,-0.06,-10.06,-0.1,-0.01,-0.01,
0,8,-0.06,-10.06,-0.1,-0.01,-0.01,
0,8,-0.04,-10.02,-0.16,-0.01,-0.01,
0,8,-0.04,-10.02,-0.16,-0.01,-0.01,
0,8,-0.04,-10.02,-0.16,-0.01,-0.01,
0,8,0.04,-10,-0.08,-0.01,-0.01,
0,8,0.04,-10,-0.08,-0.01,-0.01,
0,8,0.04,-10,-0.08,-0.01,-0.01,
0,8,0.06,-10.01,-0.13,-0.01,-0.01,
0,8,0.06,-10.01,-0.13,0,-0.01,
0,8,0.03,-10.03,-0.11,0,-0.01,
0,8,0.03,-10.03,-0.11,0,-0.01,
0,8,0.03,-10.03,-0.11,0,-0.01,
0,8,0.01,-10.02,-0.13,-0.01,-0.01,
0,8,0.01,-10.02,-0.13,-0.01,-0.01,
0,8,0.01,-10.02,-0.13,-0.01,-0.01,
0,8,0.1,-9.97,-0.07,-0.01,-0.01,
0,8,0.1,-9.97,-0.07,-0.01,-0.01,
0,8,0.1,-9.97,-0.07,-0.01,-0.01,
0,8,0.07,-10.04,-0.13,-0.01,-0.01,
0,8,0.07,-10.04,-0.13,-0.01,-0.01,
0,8,0.07,-10.04,-0.13,0,-0.01,
0,8,-0.1,-10.1,-0.12,-0.01,-0.01,
0,8,-0.1,-10.1,-0.12,-0.01,-0.01,
0,9,-0.1,-10.1,-0.12,-0.01,-0.01,
0,9,0.07,-10.12,-0.14,-0.01,-0.01,
0,9,0.07,-10.12,-0.14,-0.01,-0.01,
0,9,0.07,-10.12,-0.14,-0.01,0,
0,9,0.03,-10.02,-0.17,-0.01,0,
0,9,0.03,-10.02,-0.17,-0.01,0,
0,9,0.03,-10.02,-0.17,-0.01,-0.01,
0,9,0.03,-10,-0.13,-0.01,-0.01,
0,9,0.03,-10,-0.13,-0.01,-0.01,
0,9,0.03,-10,-0.13,-0.01,-0.01,
0,9,0.02,-10.07,-0.16,-0.01,-0.01,
0,9,0.02,-10.07,-0.16,-0.01,-0.01,
0,9,0.02,-10.07,-0.16,-0.01,-0.01,
0,9,-0.06,-10.03,-0.16,-0.01,-0.01,
0,9,-0.06,-10.03,-0.16,0,-0.01,
0,9,-0.06,-10.03,-0.16,0,-0.01,
0,9,0.05,-10.02,-0.12,-0.01,-0.01,
0,9,0.05,-10.02,-0.12,-0.01,0,
0,9,0.05,-10.02,-0.12,-0.01,0,
0,9,0.05,-10.04,-0.1,-0.01,-0.01,
0,9,0.05,-10.04,-0.1,-0.01,-0.01,
0,9,0.05,-10.04,-0.1,-0.01,-0.01,
0,9,0.03,-9.98,-0.12,-0.01,-0.01,
0,9,0.03,-9.98,-0.12,-0.01,-0.01,
0,9,0.03,-9.98,-0.12,-0.01,0,
0,9,0.05,-10.02,-0.11,-0.01,-0.01,
0,9,0.05,-10.02,-0.11,-0.01,-0.01,
0,9,0.05,-10.02,-0.11,0,-0.01,
0,9,0.08,-10.02,-0.11,0,-0.01,
0,9,0.08,-10.02,-0.11,0,-0.01,
0,9,0.08,-10.02,-0.11,-0.01,-0.01,
0,9,0.03,-10.02,-0.12,-0.01,-0.01,
0,9,0.03,-10.02,-0.12,-0.01,-0.01,
0,9,0.03,-10.02,-0.12,-0.01,-0.01,
0,9,0.01,-10.06,-0.1,-0.01,-0.01,
0,9,0.01,-10.06,-0.1,-0.01,-0.01,
0,9,0.04,-10.04,-0.12,-0.01,-0.01,
0,9,0.04,-10.04,-0.12,-0.01,-0.01,
0,9,0.04,-10.04,-0.12,-0.01,-0.01,
0,9,0,-10.05,-0.17,-0.01,-0.01,
0,9,0,-10.05,-0.17,-0.01,-0.01,
0,9,0,-10.05,-0.17,-0.01,-0.01,
0,9,-0.01,-10.01,-0.12,-0.01,-0.01,
0,9,-0.01,-10.01,-0.12,-0.01,-0.01,
0,9,-0.01,-10.01,-0.12,-0.01,-0.01,
0,9,0,-10.09,-0.09,0,0,
0,9,0,-10.09,-0.09,-0.01,-0.01,
0,9,0,-10.09,-0.09,-0.01,-0.01,
0,9,0.04,-10.05,-0.15,-0.01,-0.01,
0,9,0.04,-10.05,-0.15,-0.01,0,
0,9,0.04,-10.05,-0.15,-0.01,0,
0,9,0.04,-10.06,-0.1,-0.01,-0.01,
0,9,0.04,-10.06,-0.1,-0.01,-0.01,
0,9,0.04,-10.06,-0.1,-0.01,-0.01,
0,9,0.02,-10.02,-0.06,-0.01,0,
0,9,0.02,-10.02,-0.06,-0.01,-0.01,
0,9,0.02,-10.02,-0.06,-0.01,-0.01,
0,9,0,-10.05,-0.13,0,-0.01,
0,9,0,-10.05,-0.13,-0.01,-0.01,
0,9,0.07,-9.96,-0.09,-0.01,-0.01,
0,9,0.07,-9.96,-0.09,-0.01,-0.01,
0,9,0.07,-9.96,-0.09,0,-0.01,
0,9,0.06,-10,-0.09,0,-0.01,
0,9,0.06,-10,-0.09,-0.01,-0.01,
0,9,0.06,-10,-0.09,-0.01,-0.01,
0,9,0.04,-10.02,-0.11,-0.01,-0.01,
0,9,0.04,-10.02,-0.11,-0.01,-0.01,
0,9,0.04,-10.02,-0.11,-0.01,-0.01,
0,9,0.01,-10.08,-0.11,-0.01,-0.01,
0,9,0.01,-10.08,-0.11,-0.01,-0.01,
0,9,0.01,-10.08,-0.11,-0.01,-0.01,
0,9,0.01,-9.98,-0.11,0,-0.01,
0,9,0.01,-9.98,-0.11,0,-0.01,
0,9,0.01,-9.98,-0.11,0,-0.01,
0,9,0.06,-10.07,-0.11,-0.01,0,
0,9,0.06,-10.07,-0.11,-0.01,-0.01,
0,9,0.06,-10.07,-0.11,-0.01,-0.01,
0,9,0.12,-10.09,-0.11,-0.01,-0.01,
0,9,0.12,-10.09,-0.11,-0.01,-0.01,
0,9,0.12,-10.09,-0.11,-0.01,-0.01,
0,9,-0.1,-9.99,-0.16,-0.01,-0.01,
0,9,-0.1,-9.99,-0.16,0,-0.01,
0,9,-0.1,-9.99,-0.16,0,-0.01,
0,9,-0.05,-10.05,-0.18,0,-0.01,
0,9,-0.05,-10.05,-0.18,0,-0.01,
0,9,0.04,-10.01,-0.08,0,-0.01,
0,9,0.04,-10.01,-0.08,-0.01,-0.01,
0,9,0.04,-10.01,-0.08,0,-0.01,
0,9,0.05,-9.96,-0.08,0,-0.01,
0,9,0.05,-9.96,-0.08,-0.01,-0.01,
0,9,0.05,-9.96,-0.08,0,-0.01,
0,9,0,-10.03,-0.08,0,-0.01,
0,9,0,-10.03,-0.08,-0.01,0,
0,9,0,-10.03,-0.08,-0.01,0,
0,9,0,-10.09,-0.13,-0.01,0,
0,9,0,-10.09,-0.13,0,-0.01,
0,9,0,-10.09,-0.13,0,-0.01,
0,9,0.03,-9.98,-0.16,0,-0.01,
0,9,0.03,-9.98,-0.16,0,-0.01,
0,9,0.03,-9.98,-0.16,-0.01,-0.01,
0,9,0.06,-9.96,-0.11,-0.01,-0.01,
0,9,0.06,-9.96,-0.11,-0.01,-0.01,
0,9,0.06,-9.96,-0.11,0,-0.01,
0,9,0.01,-10.03,-0.11,0,-0.01,
0,9,0.01,-10.03,-0.11,0,-0.01,
0,9,0.01,-10.03,-0.11,-0.01,-0.01,
0,9,-0.02,-10.03,-0.13,-0.01,-0.01,
0,9,-0.02,-10.03,-0.13,-0.01,-0.01,
0,9,0,-10.09,-0.11,0,-0.01,
0,9,0,-10.09,-0.11,0,-0.01,
0,9,0,-10.09,-0.11,0,-0.01,
0,9,0.05,-9.99,-0.13,-0.01,-0.01,
0,9,0.05,-9.99,-0.13,-0.01,-0.01,
0,9,0.05,-9.99,-0.13,0,0,
0,9,0.02,-10.07,-0.14,-0.01,-0.01,
0,9,0.02,-10.07,-0.14,-0.01,-0.01,
0,9,0.02,-10.07,-0.14,-0.01,-0.01,
0,9,0.02,-10.07,-0.07,0,-0.01,
0,9,0.02,-10.07,-0.07,0,-0.01,
0,9,0.02,-10.07,-0.07,0,-0.01,
0,9,0.02,-10.07,-0.13,0,-0.01,
0,9,0.02,-10.07,-0.13,0,-0.01,
0,9,0.02,-10.07,-0.13,-0.01,-0.01,
0,9,0,-10.04,-0.11,-0.01,-0.01,
0,9,0,-10.04,-0.11,-0.01,-0.01,
0,9,0,-10.04,-0.11,-0.01,-0.01,
0,9,0.01,-10.06,-0.19,-0.01,-0.01,
0,9,0.01,-10.06,-0.19,-0.01,-0.01,
0,9,0.01,-10.06,-0.19,-0.01,-0.01,
0,9,0.02,-10.05,-0.13,-0.01,-0.01,
0,9,0.02,-10.05,-0.13,-0.01,-0.01,
0,9,0.02,-10.05,-0.13,-0.01,-0.01,
0,9,0.03,-10.07,-0.11,-0.01,-0.01,
0,9,0.03,-10.07,-0.11,-0.01,-0.01,
0,9,0.03,-10.07,-0.11,-0.01,-0.01,
0,9,0.06,-9.97,-0.12,-0.01,-0.01,
0,9,0.06,-9.97,-0.12,-0.01,-0.01,
0,9,0.06,-9.97,-0.12,-0.01,-0.02,
0,9,0.02,-9.97,-0.08,-0.01,-0.02,
0,9,0.02,-9.97,-0.08,-0.01,-0.01,
0,9,0.01,-10.1,-0.11,-0.01,-0.01,
0,9,0.01,-10.1,-0.11,-0.01,-0.01,
0,9,0.01,-10.1,-0.11,0,-0.01,
0,9,-0.01,-10.03,-0.13,-0.01,-0.01,
0,9,-0.01,-10.03,-0.13,-0.01,-0.01,
0,9,-0.01,-10.03,-0.13,-0.01,-0.01,
0,9,0.07,-10.02,-0.11,-0.01,-0.01,
0,9,0.07,-10.02,-0.11,-0.01,-0.01,
0,9,0.07,-10.02,-0.11,-0.01,-0.01,
0,9,0.05,-9.96,-0.11,0,-0.01,
0,9,0.05,-9.96,-0.11,0,-0.01,
0,9,0.05,-9.96,-0.11,0,-0.01,
0,9,0.07,-10.15,-0.16,-0.01,0,
0,9,0.07,-10.15,-0.16,-0.01,0,
0,9,0.07,-10.15,-0.16,-0.01,-0.01,
0,9,-0.03,-10.12,-0.21,0,-0.01,
0,10,-0.03,-10.12,-0.21,0,-0.01,
0,10,-0.03,-10.12,-0.21,0,-0.01,
0,10,0.04,-10.02,-0.06,-0.01,-0.01,
0,10,0.04,-10.02,-0.06,-0.01,-0.01,
0,10,0.14,-9.91,-0.1,0,-0.01,
0,10,0.14,-9.91,-0.1,-0.01,0,
0,10,0.14,-9.91,-0.1,-0.01,0,
0,10,-0.03,-10.03,-0.15,0,-0.01,
0,10,-0.03,-10.03,-0.15,-0.01,-0.01,
0,10,-0.03,-10.03,-0.15,-0.01,-0.01,
0,10,-0.02,-10.08,-0.14,0,-0.01,
0,10,-0.02,-10.08,-0.14,-0.01,-0.01,
0,10,-0.02,-10.08,-0.14,-0.01,-0.01,
0,10,0,-10.02,-0.05,-0.01,-0.01,
0,10,0,-10.02,-0.05,0,-0.01,
0,10,0,-10.02,-0.05,0,-0.01,
0,10,0.14,-10.01,-0.1,-0.01,-0.01,
0,10,0.14,-10.01,-0.1,-0.01,-0.01,
0,10,0.14,-10.01,-0.1,-0.01,-0.01,
0,10,-0.04,-10.07,-0.1,-0.01,-0.01,
0,10,-0.04,-10.07,-0.1,0,-0.01,
0,10,0,-10.01,-0.14,0,-0.01,
0,10,0,-10.01,-0.14,-0.01,-0.01,
0,10,0,-10.01,-0.14,0,-0.01,
0,10,0.03,-10.06,-0.09,0,-0.01,
0,10,0.03,-10.06,-0.09,-0.01,-0.01,
0,10,0.03,-10.06,-0.09,0,-0.01,
0,10,0.06,-9.95,-0.11,0,-0.01,
0,10,0.06,-9.95,-0.11,-0.01,-0.01,
0,10,0.06,-9.95,-0.11,-0.01,-0.01,
0,10,0.07,-10.07,-0.13,-0.01,-0.01,
0,10,0.07,-10.07,-0.13,-0.01,-0.01,
0,10,0.07,-10.07,-0.13,-0.01,-0.01,
0,10,-0.08,-10.04,-0.11,-0.01,-0.01,
0,10,-0.08,-10.04,-0.11,-0.01,-0.01,
0,10,-0.08,-10.04,-0.11,0,-0.01,
0,10,0.04,-10.08,-0.11,0,-0.01,
0,10,0.04,-10.08,-0.11,0,-0.01,
0,10,0.04,-10.08,-0.11,-0.01,-0.01,
0,10,0.07,-10.03,-0.09,-0.01,-0.01,
0,10,0.07,-10.03,-0.09,-0.01,-0.01,
0,10,0.07,-10.03,-0.09,-0.01,-0.01,
0,10,0.03,-10,-0.1,-0.01,-0.01,
0,10,0.03,-10,-0.1,-0.01,-0.01,
0,10,-0.04,-10.08,-0.22,0,-0.01,
0,10,-0.04,-10.08,-0.22,0,-0.01,
0,10,-0.04,-10.08,-0.22,-0.01,-0.01,
0,10,0,-10.11,-0.16,-0.01,-0.01,
0,10,0,-10.11,-0.16,-0.01,-0.01,
0,10,0,-10.11,-0.16,-0.01,-0.01,
0,10,0.06,-10.07,-0.06,-0.01,-0.01,
0,10,0.06,-10.07,-0.06,-0.01,-0.01,
0,10,0.06,-10.07,-0.06,-0.01,-0.01,
0,10,0.01,-9.98,-0.04,-0.01,-0.01,
0,10,0.01,-9.98,-0.04,-0.01,-0.01,
0,10,0.01,-9.98,-0.04,-0.01,-0.01,
0,10,-0.02,-10.04,-0.12,-0.01,-0.01,
0,10,-0.02,-10.04,-0.12,-0.01,-0.01,
0,10,-0.02,-10.04,-0.12,-0.01,-0.01,
0,10,0.04,-10.09,-0.15,-0.01,-0.01,
0,10,0.04,-10.09,-0.15,-0.01,-0.01,
0,10,0.04,-10.09,-0.15,-0.01,-0.01,
0,10,0.02,-10.05,-0.19,0,-0.01,
0,10,0.02,-10.05,-0.19,0,-0.01,
0,10,0.02,-10.05,-0.19,-0.01,-0.01,
0,10,0.08,-10.06,-0.18,-0.01,-0.01,
0,10,0.08,-10.06,-0.18,-0.01,-0.01,
0,10,0.08,-10.06,-0.18,-0.01,0,
0,10,0.08,-10.02,-0.12,-0.01,-0.01,
0,10,0.08,-10.02,-0.12,-0.01,-0.01,
0,10,-0.07,-10.02,-0.16,-0.01,-0.01,
0,10,-0.07,-10.02,-0.16,-0.01,-0.01,
0,10,-0.07,-10.02,-0.16,-0.01,-0.01,
0,10,-0.01,-10.01,-0.12,0,-0.01,
0,10,-0.01,-10.01,-0.12,-0.01,0,
0,10,-0.01,-10.01,-0.12,-0.01,0,
0,10,0.02,-10.04,-0.11,-0.01,-0.01,
0,10,0.02,-10.04,-0.11,0,0,
0,10,0.02,-10.04,-0.11,0,0,
0,10,0.05,-10.02,-0.1,-0.01,-0.01,
0,10,0.05,-10.02,-0.1,0,-0.01,
0,10,0,-10.07,-0.14,-0.01,-0.01,
0,10,0,-10.07,-0.14,-0.01,-0.01,
0,10,0,-10.07,-0.14,-0.01,-0.01,
0,10,-0.06,-10.01,-0.17,-0.01,-0.02,
0,10,-0.06,-10.01,-0.17,-0.01,-0.02,
0,10,-0.06,-10.01,-0.17,-0.01,-0.01,
0,10,0.06,-10.01,-0.11,-0.01,-0.01,
0,10,0.06,-10.01,-0.11,-0.01,-0.01,
0,10,0.06,-10.01,-0.11,-0.01,-0.01,
0,10,0.07,-10.01,-0.13,0,-0.01,
0,10,0.07,-10.01,-0.13,0,-0.01,
0,10,0.07,-10.01,-0.13,-0.01,-0.01,
0,10,-0.03,-10.02,-0.18,-0.01,-0.01,
0,10,-0.03,-10.02,-0.18,-0.01,-0.01,
0,10,0.06,-10.06,-0.14,-0.01,-0.01,
0,10,0.06,-10.06,-0.14,-0.01,0,
0,10,0.06,-10.06,-0.14,-0.01,-0.01,
0,10,0.07,-10.08,-0.11,-0.01,-0.01,
0,10,0.07,-10.08,-0.11,0,-0.01,
0,10,0.07,-10.08,-0.11,-0.01,-0.01,
0,10,0.04,-10.05,-0.09,-0.01,-0.01,
0,10,0.04,-10.05,-0.09,-0.01,0,
0,10,0.04,-10.05,-0.09,-0.01,-0.01,
0,10,0,-10.02,-0.1,-0.01,-0.01,
0,10,0,-10.02,-0.1,-0.01,-0.01,
0,10,0,-10.02,-0.1,-0.01,-0.01,
0,10,-0.06,-10.05,-0.16,-0.01,-0.01,
0,10,-0.06,-10.05,-0.16,-0.01,-0.01,
0,10,-0.04,-10.07,-0.12,0,-0.01,
0,10,-0.04,-10.07,-0.12,0,-0.01,
0,10,-0.04,-10.07,-0.12,-0.01,-0.01,
0,10,0.01,-10.02,-0.09,-0.01,-0.01,
0,10,0.01,-10.02,-0.09,-0.01,-0.01,
0,10,0.01,-10.02,-0.09,-0.01,-0.01,
0,10,-0.02,-10.03,-0.08,-0.01,-0.01,
0,10,-0.02,-10.03,-0.08,-0.01,-0.01,
0,10,-0.02,-10.03,-0.08,-0.01,-0.01,
0,10,0.01,-10.09,-0.17,-0.01,-0.01,
0,10,0.01,-10.09,-0.17,-0.01,-0.01,
0,10,0.01,-10.09,-0.17,-0.01,-0.01,
0,10,-0.05,-10.01,-0.13,-0.01,-0.01,
0,10,-0.05,-10.01,-0.13,-0.01,-0.01,
0,10,0.01,-10.02,-0.1,-0.01,-0.01,
0,10,0.01,-10.02,-0.1,-0.01,-0.01,
0,10,0.01,-10.02,-0.1,-0.01,-0.01,
0,10,0.03,-10.03,-0.09,-0.01,-0.01,
0,10,0.03,-10.03,-0.09,-0.01,-0.01,
0,10,0.03,-10.03,-0.09,0,-0.01,
0,10,-0.02,-10.11,-0.16,0,-0.01,
0,10,-0.02,-10.11,-0.16,0,-0.01,
0,10,-0.02,-10.11,-0.16,-0.01,-0.01,
0,10,0.03,-10.04,-0.16,-0.01,-0.01,
0,10,0.03,-10.04,-0.16,0,-0.01,
0,10,0.03,-10.04,-0.16,-0.01,-0.01,
0,10,0.03,-9.99,-0.13,-0.01,-0.01,
0,10,0.03,-9.99,-0.13,-0.01,-0.01,
0,10,0.03,-9.99,-0.13,-0.02,-0.01,
0,10,0.05,-9.98,-0.11,-0.02,-0.01,
0,10,0.05,-9.98,-0.11,-0.01,-0.01,
0,10,0.05,-9.98,-0.11,-0.01,-0.01,
0,10,0.02,-10.07,-0.17,0,0,
0,10,0.02,-10.07,-0.17,-0.01,-0.01,
0,10,0.02,-10.07,-0.17,-0.01,-0.01,
0,10,0.02,-10.07,-0.11,-0.01,-0.01,
0,10,0.02,-10.07,-0.11,0,-0.01,
0,10,0.04,-10.03,-0.13,-0.01,-0.01,
0,10,0.04,-10.03,-0.13,-0.01,-0.01,
0,10,0.04,-10.03,-0.13,-0.02,-0.01,
0,10,0.06,-9.99,-0.04,-0.01,-0.01,
0,10,0.06,-9.99,-0.04,-0.01,-0.01,
0,10,0.06,-9.99,-0.04,-0.01,-0.01,
0,10,0,-10.07,-0.13,0,-0.01,
0,11,0,-10.07,-0.13,0,-0.01,
0,11,0,-10.07,-0.13,-0.01,-0.01,
0,11,-0.01,-10.02,-0.13,-0.01,-0.01,
0,11,-0.01,-10.02,-0.13,-0.01,-0.01,
0,11,-0.01,-10.02,-0.13,-0.01,-0.01,
0,11,0.03,-10.07,-0.14,-0.01,-0.01,
0,11,0.03,-10.07,-0.14,-0.01,-0.01,
0,11,0.03,-10.07,-0.14,-0.01,-0.01,
0,11,0.11,-10.03,-0.11,-0.01,-0.01,
0,11,0.11,-10.03,-0.11,0,0,
0,11,0.11,-10.03,-0.11,-0.01,-0.01,
0,11,0.02,-10.06,-0.12,-0.01,-0.01,
0,11,0.02,-10.06,-0.12,-0.01,-0.01,
0,11,-0.02,-10.03,-0.19,0,-0.01,
0,11,-0.02,-10.03,-0.19,-0.01,-0.01,
0,11,-0.02,-10.03,-0.19,-0.01,-0.01,
0,11,0.06,-10.02,-0.12,-0.01,-0.01,
0,11,0.06,-10.02,-0.12,-0.01,-0.01,
0,11,0.06,-10.02,-0.12,-0.01,-0.01,
0,11,-0.01,-10.06,-0.11,0,-0.01,
0,11,-0.01,-10.06,-0.11,-0.01,-0.01,
0,11,-0.01,-10.06,-0.11,-0.01,-0.01,
0,11,0.04,-10.06,-0.11,-0.01,-0.01,
0,11,0.04,-10.06,-0.11,-0.01,-0.01,
0,11,0.04,-10.06,-0.11,-0.01,-0.01,
0,11,0.02,-10.07,-0.13,0,-0.01,
0,11,0.02,-10.07,-0.13,0,-0.01,
0,11,0.02,-10.07,-0.13,0,-0.01,
0,11,0.03,-10.01,-0.19,0,-0.01,
0,11,0.03,-10.01,-0.19,-0.01,-0.01,
0,11,0.02,-10.08,-0.15,-0.01,-0.01,
0,11,0.02,-10.08,-0.15,-0.01,-0.01,
0,11,0.02,-10.08,-0.15,-0.01,-0.01,
0,11,-0.02,-10.02,-0.11,-0.01,-0.01,
0,11,-0.02,-10.02,-0.11,-0.01,-0.01,
0,11,-0.02,-10.02,-0.11,-0.01,-0.01,
0,11,-0.03,-10.05,-0.08,-0.01,-0.01,
0,11,-0.03,-10.05,-0.08,-0.01,-0.01,
0,11,-0.03,-10.05,-0.08,-0.01,-0.01,
0,11,0.08,-10.03,-0.12,-0.01,-0.01,
0,11,0.08,-10.03,-0.12,0,-0.01,
0,11,0.08,-10.03,-0.12,-0.01,-0.01,
0,11,-0.01,-9.97,-0.08,-0.01,-0.01,
0,11,-0.01,-9.97,-0.08,-0.01,-0.01,
0,11,-0.01,-9.97,-0.08,0,-0.01,
0,11,-0.03,-9.99,-0.19,0,-0.01,
0,11,-0.03,-9.99,-0.19,-0.01,-0.01,
0,11,0,-10.01,-0.15,-0.01,-0.01,
0,11,0,-10.01,-0.15,-0.01,-0.01,
0,11,0,-10.01,-0.15,-0.01,-0.01,
0,11,0.06,-9.98,-0.1,-0.01,-0.01,
0,11,0.06,-9.98,-0.1,0,-0.01,
0,11,0.06,-9.98,-0.1,0,-0.01,
0,11,0.09,-10,-0.09,0,-0.01,
0,11,0.09,-10,-0.09,-0.01,-0.01,
0,11,0.09,-10,-0.09,-0.01,-0.01,
0,11,-0.03,-10.08,-0.19,-0.01,-0.01,
0,11,-0.03,-10.08,-0.19,-0.01,-0.01,
0,11,-0.03,-10.08,-0.19,-0.01,-0.01,
0,11,0.01,-10.02,-0.09,0,-0.01,
0,11,0.01,-10.02,-0.09,-0.01,-0.01,
0,11,0.01,-10.06,-0.13,-0.01,-0.01,
0,11,0.01,-10.06,-0.13,-0.01,-0.01,
0,11,0.01,-10.06,-0.13,0,-0.01,
0,11,0.06,-9.96,-0.09,0,-0.01,
0,11,0.06,-9.96,-0.09,-0.01,-0.01,
0,11,0.06,-9.96,-0.09,-0.01,-0.01,
0,11,-0.02,-10.1,-0.07,-0.01,-0.01,
0,11,-0.02,-10.1,-0.07,-0.01,-0.01,
0,11,-0.02,-10.1,-0.07,-0.01,-0.01,
0,11,-0.04,-10,-0.17,-0.01,-0.01,
0,11,-0.04,-10,-0.17,-0.01,-0.01,
0,11,-0.04,-10,-0.17,-0.01,-0.01,
0,11,0.03,-10.07,-0.11,-0.01,-0.01,
0,11,0.03,-10.07,-0.11,-0.01,0,
0,11,0.03,-10.07,-0.11,0,-0.01,
0,11,0.03,-9.95,-0.13,0,-0.01,
0,11,0.03,-9.95,-0.13,-0.01,-0.01,
0,11,0,-10.07,-0.16,0,-0.01,
0,11,0,-10.07,-0.16,0,-0.01,
0,11,0,-10.07,-0.16,-0.01,-0.01,
0,11,0,-10.06,-0.16,-0.01,-0.01,
0,11,0,-10.06,-0.16,-0.01,-0.01,
0,11,0,-10.06,-0.16,-0.01,-0.01,
0,11,0,-10.04,-0.11,-0.01,-0.01,
0,11,0,-10.04,-0.11,-0.01,-0.01,
0,11,0,-10.04,-0.11,-0.01,-0.01,
0,11,0.02,-10.08,-0.06,0,-0.01,
0,11,0.02,-10.08,-0.06,0,-0.01,
0,11,0.02,-10.08,-0.06,-0.01,-0.01,
0,11,0,-10.05,-0.06,-0.01,-0.01,
0,11,0,-10.05,-0.06,-0.01,-0.01,
0,11,0,-10.05,-0.06,0,-0.01,
0,11,0,-9.96,-0.14,0,-0.01,
0,11,0,-9.96,-0.14,0,-0.01,
0,11,0,-9.96,-0.14,0,-0.01,
0,11,-0.03,-10.13,-0.14,0,-0.01,
0,11,-0.03,-10.13,-0.14,-0.01,-0.01,
0,11,-0.03,-10.13,-0.14,-0.01,-0.01,
0,11,0.05,-10.02,-0.11,-0.01,-0.01,
0,11,0.05,-10.02,-0.11,-0.01,-0.01,
0,11,0.05,-10.02,-0.11,0,0,
0,11,-0.03,-10.05,-0.11,0,0,
0,11,-0.03,-10.05,-0.11,0,-0.01,
0,11,-0.03,-10.05,-0.11,-0.01,-0.01,
0,11,0.03,-10.02,-0.16,-0.01,-0.01,
0,11,0.03,-10.02,-0.16,0,-0.01,
0,11,0.03,-10.02,-0.16,-0.01,-0.01,
0,11,0.02,-10.04,-0.14,-0.01,-0.01,
0,11,0.02,-10.04,-0.14,-0.01,-0.01,
0,11,0.02,-10.04,-0.14,-0.01,-0.01,
0,11,0.09,-10.01,-0.1,-0.01,-0.01,
0,11,0.09,-10.01,-0.1,0,-0.01,
0,11,0.09,-10.01,-0.1,-0.01,-0.01,
0,11,0.01,-10.01,-0.03,-0.01,-0.01,
0,11,0.01,-10.01,-0.03,0,-0.01,
0,11,-0.02,-10.01,-0.01,-0.01,-0.01,
0,11,-0.02,-10.01,-0.01,-0.01,-0.01,
0,11,-0.02,-10.01,-0.01,0,-0.01,
0,11,0.03,-10.05,-0.12,0,-0.01,
0,11,0.03,-10.05,-0.12,0,-0.01,
0,11,0.03,-10.05,-0.12,-0.01,-0.01,
0,11,0.06,-10.03,-0.11,-0.01,-0.01,
0,11,0.06,-10.03,-0.11,-0.01,-0.01,
0,11,0.06,-10.03,-0.11,-0.01,-0.01,
0,11,0,-10,-0.13,-0.01,-0.01,
0,11,0,-10,-0.13,-0.01,-0.01,
0,11,0,-10,-0.13,-0.01,-0.01,
0,11,0.02,-10.03,-0.19,-0.01,-0.01,
0,11,0.02,-10.03,-0.19,-0.01,-0.01,
0,11,0.02,-10.03,-0.19,0,-0.01,
0,11,-0.03,-10.03,-0.17,0,-0.01,
0,11,-0.03,-10.03,-0.17,-0.01,-0.01,
0,11,-0.03,-10.03,-0.17,-0.01,-0.01,
0,11,-0.02,-10.04,-0.2,-0.01,-0.01,
0,11,-0.02,-10.04,-0.2,0,-0.01,
0,11,-0.02,-10.04,-0.2,-0.01,-0.01,
0,11,0.14,-9.88,0.07,-0.01,-0.01,
0,11,0.14,-9.88,0.07,-0.01,-0.01,
0,11,0.14,-9.88,0.07,-0.01,-0.01,
0,11,0.03,-10.07,-0.09,-0.01,-0.01,
0,11,0.03,-10.07,-0.09,-0.01,-0.01,
0,11,0.09,-10,-0.02,-0.01,-0.01,
0,11,0.09,-10,-0.02,-0.01,-0.01,
0,11,0.09,-10,-0.02,-0.01,-0.01,
0,11,-0.05,-10.02,-0.06,-0.01,-0.01,
0,11,-0.05,-10.02,-0.06,-0.01,-0.01,
0,11,-0.05,-10.02,-0.06,-0.01,-0.01,
0,11,0.12,-9.97,-0.09,-0.01,0,
0,11,0.12,-9.97,-0.09,-0.01,0,
0,11,0.12,-9.97,-0.09,-0.01,-0.01,
0,11,-0.03,-10.03,-0.08,-0.01,-0.01,
0,11,-0.03,-10.03,-0.08,-0.01,-0.01,
0,11,-0.03,-10.03,-0.08,0,-0.02,
0,11,0,-10.03,-0.11,-0.01,-0.01,
0,12,0,-10.03,-0.11,-0.01,-0.01,
0,12,0,-10.03,-0.11,-0.01,-0.01,
0,12,-0.03,-10,-0.1,0,-0.01,
0,12,-0.03,-10,-0.1,0,-0.01,
0,12,-0.03,-10,-0.1,-0.01,-0.01,
0,12,0.1,-10.04,-0.13,-0.01,-0.01,
0,12,0.1,-10.04,-0.13,-0.01,-0.01,
0,12,0.1,-10.04,-0.13,-0.01,-0.01,
0,12,0.01,-10.03,-0.07,0,-0.01,
0,12,0.01,-10.03,-0.07,0,-0.01,
0,12,0.01,-10.03,-0.07,0,-0.01,
0,12,0.02,-10,-0.06,-0.01,-0.01,
0,12,0.02,-10,-0.06,-0.01,-0.01,
0,12,0.02,-10,-0.06,-0.01,-0.01,
0,12,0.01,-10.01,-0.12,-0.01,-0.01,
0,12,0.01,-10.01,-0.12,-0.01,-0.01,
0,12,-0.02,-10.07,-0.16,-0.01,-0.01,
0,12,-0.02,-10.07,-0.16,-0.01,-0.01,
0,12,-0.02,-10.07,-0.16,-0.01,-0.01,
0,12,0,-10.11,-0.17,-0.01,-0.01,
0,12,0,-10.11,-0.17,-0.01,-0.01,
0,12,0,-10.11,-0.17,-0.01,-0.01,
0,12,-0.02,-10.09,-0.13,0,-0.01,
0,12,-0.02,-10.09,-0.13,0,-0.01,
0,12,-0.02,-10.09,-0.13,0,-0.01,
0,12,0.05,-10.01,-0.03,0,-0.01,
0,12,0.05,-10.01,-0.03,0,-0.01,
0,12,0.05,-10.01,-0.03,-0.01,-0.01,
0,12,0,-10.06,-0.06,-0.01,0,
0,12,0,-10.06,-0.06,-0.01,0,
0,12,0,-10.06,-0.06,-0.01,-0.01,
0,12,0.02,-10.03,-0.1,-0.01,-0.01,
0,12,0.02,-10.03,-0.1,-0.01,-0.01,
0,12,0.02,-10.03,-0.1,0,-0.01,
0,12,-0.01,-10.07,-0.18,0,-0.01,
0,12,-0.01,-10.07,-0.18,0,-0.01,
0,12,-0.01,-10.07,-0.18,-0.01,0,
0,12,0.01,-10.05,-0.17,-0.01,0,
0,12,0.01,-10.05,-0.17,0,-0.01,
0,12,0.01,-10.05,-0.17,-0.01,-0.01,
0,12,0,-10.02,-0.15,-0.01,-0.01,
0,12,0.03,-10.08,-0.11,-0.01,-0.01,
0,12,0.03,-10.08,-0.11,0,-0.01,
0,12,0.03,-10.08,-0.11,0,-0.01,
0,12,0.04,-10.08,-0.12,-0.01,-0.01,
0,12,0.04,-10.08,-0.12,-0.01,-0.01,
0,12,0.04,-10.08,-0.12,-0.01,-0.01,
0,12,0.11,-10.04,-0.11,-0.01,0,
0,12,0.11,-10.04,-0.11,-0.01,0,
0,12,0.11,-10.04,-0.11,-0.01,0,
0,12,0.04,-10.06,-0.09,-0.01,-0.01,
0,12,0.04,-10.06,-0.09,0,-0.01,
0,12,0.04,-10.06,-0.09,0,-0.01,
0,12,0.01,-10.01,-0.09,-0.01,-0.01,
0,12,0.01,-10.01,-0.09,0,-0.01,
0,12,0.01,-10.01,-0.09,0,-0.01,
0,12,0.05,-10.06,-0.12,-0.01,-0.01,
0,12,0.05,-10.06,-0.12,-0.01,-0.01,
0,12,0.05,-10.06,-0.12,-0.01,-0.01,
0,12,0.04,-10.02,-0.1,0,-0.01,
0,12,0.04,-10.02,-0.1,-0.01,-0.01,
0,12,0.01,-10.04,-0.09,-0.01,-0.01,
0,12,0.01,-10.04,-0.09,-0.01,-0.01,
0,12,0.01,-10.04,-0.09,-0.01,-0.01,
0,12,0.06,-9.95,-0.17,-0.01,-0.01,
0,12,0.06,-9.95,-0.17,0,-0.01,
0,12,0.06,-9.95,-0.17,0,-0.01,
0,12,0,-10.03,-0.13,0,-0.01,
0,12,0,-10.03,-0.13,0,-0.01,
0,12,0,-10.03,-0.13,0,-0.01,
0,12,0.07,-10.03,-0.1,0,-0.01,
0,12,0.07,-10.03,-0.1,0,-0.01,
0,12,0.07,-10.03,-0.1,-0.01,-0.01,
0,12,0,-10.01,-0.13,-0.01,-0.01,
0,12,0,-10.01,-0.13,-0.01,-0.01,
0,12,0,-10.01,-0.13,-0.01,0,
0,12,0.02,-10.04,-0.1,-0.01,0,
0,12,0.02,-10.04,-0.1,-0.01,-0.01,
0,12,0.02,-10.04,-0.1,0,-0.01,
0,12,0,-10.01,-0.11,0,-0.01,
0,12,0,-10.01,-0.11,0,-0.01,
0,12,0,-10.01,-0.11,-0.01,-0.01,
0,12,-0.02,-10.07,-0.07,-0.01,-0.01,
0,12,-0.02,-10.07,-0.07,0,-0.01,
0,12,-0.02,-10.07,-0.07,0,-0.01,
0,12,0,-9.99,-0.1,-0.01,-0.01,
0,12,0,-9.99,-0.1,-0.01,-0.01,
0,12,0.03,-10.07,-0.08,-0.01,-0.01,
0,12,0.03,-10.07,-0.08,-0.01,-0.01,
0,12,0.03,-10.07,-0.08,-0.01,-0.01,
0,12,0.06,-10.03,-0.13,-0.01,-0.01,
0,12,0.06,-10.03,-0.13,-0.01,-0.01,
0,12,0.06,-10.03,-0.13,-0.01,-0.01,
0,12,0.04,-10.03,-0.15,-0.01,-0.01,
0,12,0.04,-10.03,-0.15,-0.01,-0.01,
0,12,0.04,-10.03,-0.15,-0.01,-0.01,
0,12,0.02,-10.01,-0.12,-0.01,-0.01,
0,12,0.02,-10.01,-0.12,-0.01,-0.01,
0,12,0.02,-10.01,-0.12,-0.01,-0.01,
0,12,-0.01,-10.04,-0.14,-0.01,-0.01,
0,12,-0.01,-10.04,-0.14,-0.01,-0.01,
0,12,-0.01,-10.04,-0.14,0,-0.01,
0,12,-0.03,-9.99,-0.15,0,-0.01,
0,12,-0.03,-9.99,-0.15,-0.01,-0.01,
0,12,-0.03,-9.99,-0.15,-0.01,-0.01,
0,12,0.07,-10.05,-0.14,-0.01,-0.01,
0,12,0.07,-10.05,-0.14,-0.01,-0.01,
0,12,-0.02,-10.08,-0.1,-0.01,-0.01,
0,12,-0.02,-10.08,-0.1,-0.01,-0.01,
0,12,-0.02,-10.08,-0.1,-0.01,-0.01,
0,12,0,-10.05,-0.16,-0.01,-0.01,
0,12,0,-10.05,-0.16,-0.01,-0.01,
0,12,0,-10.05,-0.16,-0.01,-0.01,
0,12,0.03,-10.02,-0.12,0,-0.01,
0,12,0.03,-10.02,-0.12,0,-0.01,
0,12,0.03,-10.02,-0.12,0,-0.02,
0,12,0.01,-10.07,-0.17,0,-0.01,
0,12,0.01,-10.07,-0.17,0,-0.01,
0,12,0.01,-10.07,-0.17,-0.01,-0.01,
0,12,0,-10.07,-0.08,-0.01,-0.01,
0,12,0,-10.07,-0.08,-0.01,-0.01,
0,12,0,-10.07,-0.08,0,-0.01,
0,12,-0.02,-10.03,-0.1,-0.01,-0.01,
0,12,-0.02,-10.03,-0.1,-0.01,-0.01,
0,12,-0.02,-10.03,-0.1,0,-0.01,
0,12,-0.03,-10.06,-0.12,0,-0.01,
0,12,-0.03,-10.06,-0.12,-0.01,-0.01,
0,12,-0.03,-10.06,-0.12,-0.01,-0.01,
0,12,0.05,-9.97,-0.14,-0.01,-0.01,
0,12,0.05,-9.97,-0.14,0,-0.01,
0,12,0.05,-9.97,-0.14,-0.01,-0.01,
0,12,0.04,-9.99,-0.09,-0.01,-0.01,
0,12,0.04,-9.99,-0.09,-0.01,-0.01,
0,12,0.04,-9.99,-0.09,-0.01,-0.01,
0,12,-0.01,-10.07,-0.07,-0.01,-0.01,
0,12,-0.01,-10.07,-0.07,-0.01,-0.01,
0,12,-0.01,-10.07,-0.07,0,-0.01,
0,12,0.04,-9.98,-0.15,0,-0.01,
0,12,0.04,-9.98,-0.15,-0.01,-0.02,
0,12,0.04,-9.98,-0.15,-0.01,-0.01,
0,12,-0.01,-10.07,-0.12,-0.01,-0.01,
0,12,-0.01,-10.07,-0.12,-0.01,0,
0,12,0,-10.06,-0.11,-0.01,-0.01,
0,12,0,-10.06,-0.11,-0.01,-0.01,
0,12,0,-10.06,-0.11,-0.01,-0.01,
0,12,0.07,-9.99,-0.11,-0.01,-0.01,
0,12,0.07,-9.99,-0.11,-0.01,-0.01,
0,12,0.07,-9.99,-0.11,-0.01,-0.01,
0,12,0.09,-10.05,-0.11,-0.01,-0.01,
0,12,0.09,-10.05,-0.11,-0.01,-0.01,
0,12,0.09,-10.05,-0.11,-0.01,-0.01,
0,12,-0.03,-10.04,-0.11,-0.01,-0.01,
0,13,-0.03,-10.04,-0.11,-0.01,-0.01,
0,13,-0.03,-10.04,-0.11,0,-0.01,
0,13,0.03,-10.07,-0.08,-0.01,-0.01,
0,13,0.03,-10.07,-0.08,-0.01,-0.01,
0,13,0.03,-10.07,-0.08,-0.01,-0.01,
0,13,0.07,-10.04,-0.16,-0.01,-0.01,
0,13,0.07,-10.04,-0.16,-0.01,-0.01,
0,13,0.07,-10.04,-0.16,0,-0.01,
0,13,0,-10.03,-0.08,0,-0.01,
0,13,0,-10.03,-0.08,0,-0.01,
0,13,0.07,-10.03,-0.08,-0.01,-0.01,
0,13,0.07,-10.03,-0.08,-0.01,-0.01,
0,13,0.07,-10.03,-0.08,-0.01,-0.01,
0,13,0.07,-10.07,-0.14,-0.01,-0.01,
0,13,0.07,-10.07,-0.14,-0.01,-0.01,
0,13,0.07,-10.07,-0.14,-0.01,-0.01,
0,13,-0.07,-10.1,-0.18,-0.01,-0.01,
0,13,-0.07,-10.1,-0.18,-0.01,-0.01,
0,13,-0.07,-10.1,-0.18,-0.01,-0.01,
0,13,0.06,-10.07,-0.11,-0.01,-0.01,
0,13,0.06,-10.07,-0.11,-0.01,-0.01,
0,13,0.06,-10.07,-0.11,0,-0.01,
0,13,0.09,-10.04,-0.06,0,-0.01,
0,13,0.09,-10.04,-0.06,0,-0.01,
0,13,0.09,-10.04,-0.06,-0.01,-0.01,
0,13,0.06,-10.04,-0.12,-0.01,-0.01,
0,13,0.06,-10.04,-0.12,-0.01,0,
0,13,0.06,-10.04,-0.12,-0.01,-0.01,
0,13,0.04,-10.04,-0.18,-0.01,-0.01,
0,13,0.04,-10.04,-0.18,0,-0.01,
0,13,0,-10.05,-0.09,0,-0.01,
0,13,0,-10.05,-0.09,0,-0.01,
0,13,0,-10.05,-0.09,-0.01,-0.01,
0,13,0,-9.97,-0.11,-0.01,-0.01,
0,13,0,-9.97,-0.11,-0.01,-0.01,
0,13,0,-9.97,-0.11,-0.01,-0.01,
0,13,0,-9.99,-0.07,-0.01,-0.01,
0,13,0,-9.99,-0.07,0,-0.01,
0,13,0,-9.99,-0.07,-0.01,-0.01,
0,13,-0.02,-10.04,-0.1,-0.01,-0.01,
0,13,-0.02,-10.04,-0.1,-0.01,-0.01,
0,13,-0.02,-10.04,-0.1,-0.01,-0.01,
0,13,0.02,-10.09,-0.14,-0.01,-0.01,
0,13,0.02,-10.09,-0.14,-0.01,-0.01,
0,13,0.02,-10.09,-0.14,-0.01,-0.01,
0,13,-0.04,-10.03,-0.12,-0.01,-0.01,
0,13,-0.04,-10.03,-0.12,-0.01,-0.01,
0,13,-0.04,-10.03,-0.12,-0.01,-0.01,
0,13,-0.01,-10.03,-0.16,0,-0.01,
0,13,-0.01,-10.03,-0.16,0,-0.01,
0,13,-0.03,-10.04,-0.11,-0.01,-0.01,
0,13,-0.03,-10.04,-0.11,-0.01,-0.01,
0,13,-0.03,-10.04,-0.11,-0.01,-0.01,
0,13,0,-10.07,-0.07,0,-0.01,
0,13,0,-10.07,-0.07,0,-0.01,
0,13,0,-10.07,-0.07,0,-0.01,
0,13,0.04,-10.07,-0.13,-0.01,-0.01,
0,13,0.04,-10.07,-0.13,-0.01,-0.01,
0,13,0.04,-10.07,-0.13,0,-0.01,
0,13,0.05,-9.99,-0.11,-0.01,-0.01,
0,13,0.05,-9.99,-0.11,-0.01,-0.01,
0,13,0.05,-9.99,-0.11,-0.01,-0.01,
0,13,0,-10.02,-0.1,-0.01,-0.01,
0,13,0,-10.02,-0.1,-0.01,-0.01,
0,13,0,-10.02,-0.1,-0.01,-0.01,
0,13,0.08,-10.04,-0.11,0,-0.01,
0,13,0.08,-10.04,-0.11,0,-0.01,
0,13,0.08,-10.04,-0.11,0,-0.01,
0,13,0,-10.06,-0.12,-0.01,-0.01,
0,13,0,-10.06,-0.12,-0.01,-0.01,
0,13,0,-10.06,-0.12,-0.01,-0.01,
0,13,0.01,-10.05,-0.03,-0.01,-0.01,
0,13,0.01,-10.05,-0.03,-0.01,-0.01,
0,13,0.01,-10.05,-0.03,-0.01,-0.01,
0,13,-0.02,-10.05,-0.08,-0.01,-0.01,
0,13,-0.02,-10.05,-0.08,-0.01,-0.01,
0,13,-0.02,-10.05,-0.08,-0.01,-0.01,
0,13,0.02,-10.05,-0.1,-0.01,-0.01,
0,13,0.02,-10.05,-0.1,-0.01,-0.01,
0,13,0.02,-10.05,-0.1,0,-0.01,
0,13,0.05,-10.04,-0.11,-0.01,-0.01,
0,13,0.05,-10.04,-0.11,-0.01,-0.01,
0,13,0.02,-10.05,-0.11,-0.01,-0.01,
0,13,0.02,-10.05,-0.11,-0.01,-0.01,
0,13,0.02,-10.05,-0.11,-0.01,-0.01,
0,13,0.01,-10,-0.1,-0.01,-0.01,
0,13,0.01,-10,-0.1,-0.01,-0.01,
0,13,0.01,-10,-0.1,-0.01,-0.01,
0,13,-0.03,-10.07,-0.1,-0.01,-0.01,
0,13,-0.03,-10.07,-0.1,-0.01,-0.01,
0,13,-0.03,-10.07,-0.1,-0.01,-0.01,
0,13,0,-10.02,-0.14,-0.01,-0.01,
0,13,0,-10.02,-0.14,-0.01,-0.01,
0,13,0,-10.02,-0.14,0,-0.01,
0,13,-0.04,-10.07,-0.13,0,-0.01,
0,13,-0.04,-10.07,-0.13,0,-0.01,
0,13,-0.04,-10.07,-0.13,-0.01,-0.01,
0,13,-0.01,-10.04,-0.08,-0.01,0,
0,13,-0.01,-10.04,-0.08,-0.01,0,
0,13,-0.01,-10.04,-0.08,-0.01,-0.01,
0,13,-0.05,-10.06,-0.16,-0.01,0,
0,13,-0.05,-10.06,-0.16,-0.01,0,
0,13,-0.05,-10.06,-0.16,-0.01,-0.01,
0,13,0,-10.02,-0.14,-0.01,-0.01,
0,13,0,-10.02,-0.14,-0.01,-0.01,
0,13,0,-10.06,-0.14,0,-0.01,
0,13,0,-10.06,-0.14,0,-0.01,
0,13,0,-10.06,-0.14,0,-0.01,
0,13,0.05,-10.04,-0.14,-0.01,-0.01,
0,13,0.05,-10.04,-0.14,0,-0.01,
0,13,0.05,-10.04,-0.14,0,-0.01,
0,13,0,-10.01,-0.08,-0.01,-0.01,
0,13,0,-10.01,-0.08,0,-0.01,
0,13,0,-10.01,-0.08,0,-0.01,
0,13,0.01,-10.11,-0.13,-0.01,-0.01,
0,13,0.01,-10.11,-0.13,-0.01,-0.01,
0,13,0.01,-10.11,-0.13,-0.01,-0.01,
0,13,0.02,-10.03,-0.06,-0.01,-0.01,
0,13,0.02,-10.03,-0.06,-0.01,-0.01,
0,13,0.02,-10.03,-0.06,-0.01,-0.01,
0,13,0.07,-10.05,-0.11,-0.01,-0.01,
0,13,0.07,-10.05,-0.11,-0.01,-0.01,
0,13,0.07,-10.05,-0.11,-0.01,-0.01,
0,13,0,-10.06,-0.14,-0.01,-0.01,
0,13,0,-10.06,-0.14,-0.01,-0.01,
0,13,0,-10.06,-0.14,-0.01,-0.01,
0,13,0.02,-10.08,-0.13,-0.01,-0.01,
0,13,0.02,-10.08,-0.13,-0.01,-0.01,
0,13,0.1,-10.07,-0.09,-0.01,-0.01,
0,13,0.1,-10.07,-0.09,-0.01,-0.01,
0,13,0.1,-10.07,-0.09,0,-0.01,
0,13,0.06,-10.03,-0.09,0,-0.01,
0,13,0.06,-10.03,-0.09,-0.01,-0.01,
0,13,0.06,-10.03,-0.09,-0.01,-0.01,
0,13,-0.02,-9.99,-0.1,-0.01,-0.01,
0,13,-0.02,-9.99,-0.1,-0.01,-0.01,
0,13,-0.02,-9.99,-0.1,-0.01,-0.01,
0,13,0.03,-10.11,-0.11,-0.01,-0.01,
0,13,0.03,-10.11,-0.11,-0.01,-0.01,
0,13,0.03,-10.11,-0.11,-0.01,-0.01,
0,13,0,-10.07,-0.07,-0.01,-0.01,
0,13,0,-10.07,-0.07,-0.01,-0.01,
0,13,0.05,-10.08,-0.14,-0.01,-0.01,
0,13,0.05,-10.08,-0.14,-0.01,-0.01,
0,13,0.05,-10.08,-0.14,-0.01,-0.01,
0,13,0.08,-10.08,-0.15,-0.01,-0.01,
0,13,0.08,-10.08,-0.15,-0.01,-0.01,
0,13,0.08,-10.08,-0.15,-0.01,-0.01,
0,13,0.01,-9.99,-0.12,-0.01,-0.01,
0,13,0.01,-9.99,-0.12,0,-0.01,
0,13,0.01,-9.99,-0.12,0,-0.01,
0,13,-0.01,-10.06,-0.11,0,-0.01,
0,13,-0.01,-10.06,-0.11,0,-0.01,
0,13,-0.01,-10.06,-0.11,-0.01,-0.01,
0,13,0.04,-10.05,-0.09,-0.01,0,
0,14,0.04,-10.05,-0.09,-0.01,0,
0,14,0.04,-10.05,-0.09,-0.01,-0.01,
0,14,0,-10.07,-0.12,-0.01,-0.01,
0,14,0,-10.07,-0.12,-0.01,-0.01,
0,14,0,-10.07,-0.12,-0.01,-0.01,
0,14,0.05,-10.07,-0.14,-0.01,-0.01,
0,14,0.05,-10.07,-0.14,-0.01,-0.01,
0,14,0.05,-10.07,-0.14,-0.01,-0.01,
0,14,0.06,-10.03,-0.09,0,-0.01,
0,14,0.06,-10.03,-0.09,0,-0.01,
0,14,0.06,-10.03,-0.09,0,-0.01,
0,14,0.03,-9.99,-0.09,0,-0.01,
0,14,0.03,-9.99,-0.09,0,-0.01,
0,14,0.03,-9.99,-0.09,0,-0.01,
0,14,0.03,-9.97,-0.1,0,-0.01,
0,14,0.03,-9.97,-0.1,-0.01,0,
0,14,0.03,-9.97,-0.1,-0.01,-0.01,
0,14,-0.01,-10.04,-0.1,-0.01,-0.01,
0,14,-0.01,-10.04,-0.1,-0.01,-0.01,
0,14,-0.01,-10.04,-0.1,-0.01,-0.01,
0,14,0,-9.96,-0.12,-0.01,-0.01,
0,14,0,-9.96,-0.12,-0.01,-0.01,
0,14,0.01,-9.99,-0.13,0,-0.01,
0,14,0.01,-9.99,-0.13,0,-0.01,
0,14,0.01,-9.99,-0.13,-0.01,-0.01,
0,14,-0.03,-10.1,-0.12,-0.01,-0.01,
0,14,-0.03,-10.1,-0.12,-0.01,-0.01,
0,14,-0.03,-10.1,-0.12,-0.01,-0.01,
0,14,0.01,-10.03,-0.14,0,-0.01,
0,14,0.01,-10.03,-0.14,0,-0.01,
0,14,0.01,-10.03,-0.14,0,-0.01,
0,14,0,-10.01,-0.12,-0.01,-0.01,
0,14,0,-10.01,-0.12,-0.01,-0.01,
0,14,0,-10.01,-0.12,-0.01,-0.01,
0,14,0.05,-10.02,-0.13,0,-0.01,
0,14,0.05,-10.02,-0.13,-0.01,0,
0,14,0.05,-10.02,-0.13,-0.01,0,
0,14,0.04,-10.01,-0.1,-0.01,-0.01,
0,14,0.04,-10.01,-0.1,-0.01,-0.01,
0,14,0.04,-10.01,-0.1,-0.01,-0.01,
0,14,0.07,-9.97,-0.11,-0.01,-0.01,
0,14,0.07,-9.97,-0.11,0,-0.01,
0,14,0.06,-10.15,-0.17,0,-0.01,
0,14,0.06,-10.15,-0.17,0,-0.01,
0,14,0.06,-10.15,-0.17,-0.01,-0.01,
0,14,0.06,-10,-0.16,-0.01,-0.01,
0,14,0.06,-10,-0.16,0,-0.01,
0,14,0.06,-10,-0.16,-0.01,-0.01,
0,14,0.04,-10.06,-0.12,-0.01,-0.01,
0,14,0.04,-10.06,-0.12,0,0,
0,14,0.04,-10.06,-0.12,-0.01,-0.01,
0,14,0.07,-10.01,-0.12,-0.01,-0.01,
0,14,0.07,-10.01,-0.12,-0.01,-0.01,
0,14,0.07,-10.01,-0.12,0,-0.01,
0,14,-0.06,-10.08,-0.15,0,-0.01,
0,14,-0.06,-10.08,-0.15,-0.01,-0.01,
0,14,-0.06,-10.08,-0.15,-0.01,-0.01,
0,14,0,-9.96,-0.1,-0.01,-0.01,
0,14,0,-9.96,-0.1,-0.01,-0.01,
0,14,0,-9.96,-0.1,0,-0.01,
0,14,0,-10.04,-0.11,0,-0.01,
0,14,0,-10.04,-0.11,0,-0.01,
0,14,0.03,-9.96,-0.11,-0.01,-0.01,
0,14,0.03,-9.96,-0.11,-0.01,-0.01,
0,14,0.03,-9.96,-0.11,-0.01,-0.01,
0,14,0.04,-10.07,-0.07,0,-0.01,
0,14,0.04,-10.07,-0.07,0,-0.01,
0,14,0.04,-10.07,-0.07,-0.01,-0.01,
0,14,0,-10.09,-0.13,-0.01,-0.01,
0,14,0,-10.09,-0.13,-0.01,-0.01,
0,14,0,-10.09,-0.13,-0.01,-0.01,
0,14,-0.02,-10.07,-0.16,-0.01,-0.01,
0,14,-0.02,-10.07,-0.16,-0.01,-0.01,
0,14,-0.02,-10.07,-0.16,-0.01,-0.01,
0,14,0.06,-10.03,-0.08,0,-0.01,
0,14,0.06,-10.03,-0.08,0,-0.01,
0,14,0.06,-10.03,-0.08,-0.01,-0.01,
0,14,0.04,-10.01,-0.1,-0.01,-0.01,
0,14,0.04,-10.01,-0.1,-0.01,-0.01,
0,14,0.04,-10.01,-0.1,-0.01,-0.01,
0,14,0.03,-10.04,-0.16,-0.01,0,
0,14,0.03,-10.04,-0.16,-0.01,0,
0,14,0.03,-10.04,-0.16,0,-0.01,
0,14,0.05,-10,-0.13,-0.01,-0.01,
0,14,0.05,-10,-0.13,-0.01,-0.01,
0,14,0.02,-9.96,-0.05,-0.01,-0.02,
0,14,0.02,-9.96,-0.05,0,-0.01,
0,14,0.02,-9.96,-0.05,0,-0.01,
0,14,0.01,-10.02,-0.1,-0.01,-0.01,
0,14,0.01,-10.02,-0.1,-0.01,-0.01,
0,14,0.01,-10.02,-0.1,-0.01,-0.01,
0,14,0,-10.01,-0.17,-0.01,-0.01,
0,14,0,-10.01,-0.17,-0.01,-0.01,
0,14,0,-10.01,-0.17,0,-0.01,
0,14,0,-10.04,-0.11,-0.01,-0.01,
0,14,0,-10.04,-0.11,-0.01,-0.01,
0,14,0,-10.04,-0.11,0,-0.01,
0,14,0.01,-10.02,-0.08,-0.01,-0.01,
0,14,0.01,-10.02,-0.08,-0.01,-0.01,
0,14,0.01,-10.02,-0.08,0,-0.01,
0,14,0.04,-9.98,-0.16,-0.01,-0.01,
0,14,0.04,-9.98,-0.16,-0.01,-0.01,
0,14,0.04,-9.98,-0.16,-0.01,-0.01,
0,14,-0.04,-10.07,-0.12,-0.01,-0.01,
0,14,-0.04,-10.07,-0.12,-0.01,-0.01,
0,14,-0.04,-10.07,-0.12,-0.01,-0.01,
0,14,0.01,-10.02,-0.12,-0.01,-0.01,
0,14,0.01,-10.02,-0.12,-0.01,-0.01,
0,14,0.01,-10.02,-0.12,-0.01,-0.01,
0,14,-0.01,-10.02,-0.08,-0.01,-0.01,
0,14,-0.01,-10.02,-0.08,-0.01,-0.01,
0,14,-0.01,-10.02,-0.08,-0.01,-0.01,
0,14,-0.05,-10,-0.11,-0.01,-0.01,
0,14,-0.05,-10,-0.11,-0.01,-0.01,
0,14,-0.05,-10,-0.11,-0.01,0,
0,14,-0.02,-10.08,-0.16,-0.01,0,
0,14,-0.02,-10.08,-0.16,0,-0.01,
0,14,-0.02,-10.08,-0.16,0,-0.01,
0,14,0.09,-10.04,-0.11,0,-0.01,
0,14,0.09,-10.04,-0.11,0,-0.01,
0,14,0.09,-10.04,-0.11,0,-0.01,
0,14,0,-10.02,-0.04,0,-0.01,
0,14,0,-10.02,-0.04,0,-0.01,
0,14,0,-10.02,-0.04,-0.01,-0.01,
0,14,0.12,-10.06,-0.1,-0.01,-0.01,
0,14,0.12,-10.06,-0.1,0,-0.01,
0,14,0.04,-10.11,-0.21,-0.01,-0.01,
0,14,0.04,-10.11,-0.21,-0.01,-0.01,
0,14,0.04,-10.11,-0.21,0,-0.01,
0,14,0.07,-10.01,-0.15,-0.01,-0.01,
0,14,0.07,-10.01,-0.15,-0.01,-0.01,
0,14,0.07,-10.01,-0.15,-0.01,-0.01,
0,14,0.08,-10.03,-0.02,-0.01,-0.01,
0,14,0.08,-10.03,-0.02,-0.01,-0.01,
0,14,0.08,-10.03,-0.02,-0.01,-0.01,
0,14,0.02,-10,-0.09,-0.01,-0.01,
0,14,0.02,-10,-0.09,-0.01,-0.01,
0,14,0.02,-10,-0.09,-0.01,0,
0,14,0.01,-10.04,-0.14,-0.01,-0.01,
0,14,0.01,-10.04,-0.14,-0.01,-0.01,
0,14,0.01,-10.04,-0.14,-0.01,-0.01,
0,14,-0.03,-10.01,-0.11,-0.01,-0.01,
0,14,-0.03,-10.01,-0.11,-0.01,-0.01,
0,14,-0.03,-10.01,-0.11,-0.01,-0.01,
0,14,0.02,-10.03,-0.15,-0.01,-0.01,
0,14,0.02,-10.03,-0.15,-0.01,-0.01,
0,14,0.02,-10.03,-0.15,-0.01,-0.01,
0,14,0.01,-10.02,-0.14,-0.01,-0.01,
0,14,0.01,-10.02,-0.14,0,-0.01,
0,14,0.01,-10.02,-0.14,-0.01,-0.01,
0,14,-0.01,-10.04,-0.12,-0.01,-0.01,
0,14,-0.01,-10.04,-0.12,0,-0.01,
0,14,0.07,-10.01,-0.09,-0.01,-0.01,
0,14,0.07,-10.01,-0.09,-0.01,-0.01,
0,14,0.07,-10.01,-0.09,0,-0.01,
0,14,0.04,-10.03,-0.06,-0.01,-0.01,
0,15,0.04,-10.03,-0.06,-0.01,-0.01,
0,15,0.04,-10.03,-0.06,-0.01,-0.01,
0,15,-0.03,-10,-0.09,-0.01,-0.01,
0,15,-0.03,-10,-0.09,-0.01,-0.01,
0,15,-0.03,-10,-0.09,-0.01,-0.01,
0,15,-0.02,-10.07,-0.1,-0.01,-0.01,
0,15,-0.02,-10.07,-0.1,-0.01,-0.01,
0,15,-0.02,-10.07,-0.1,-0.01,-0.01,
0,15,0.04,-10.01,-0.15,-0.01,-0.01,
0,15,0.04,-10.01,-0.15,-0.01,-0.01,
0,15,0.04,-10.01,-0.15,-0.01,0,
0,15,-0.01,-10.1,-0.13,-0.01,-0.01,
0,15,-0.01,-10.1,-0.13,-0.01,-0.01,
0,15,-0.01,-10.1,-0.13,-0.01,-0.01,
0,15,0.02,-9.99,-0.11,0,-0.01,
0,15,0.02,-9.99,-0.11,0,-0.01,
0,15,0.02,-9.99,-0.11,-0.01,-0.01,
0,15,0.02,-10.03,-0.14,0,-0.01,
0,15,0.02,-10.03,-0.14,0,-0.01,
0,15,0.01,-9.99,-0.09,0,-0.01,
0,15,0.01,-9.99,-0.09,-0.01,-0.01,
0,15,0.01,-9.99,-0.09,-0.01,-0.01,
0,15,0.11,-10.07,-0.14,0,-0.01,
0,15,0.11,-10.07,-0.14,-0.01,-0.01,
0,15,0.11,-10.07,-0.14,-0.01,-0.01,
0,15,0.04,-10.09,-0.13,0,-0.01,
0,15,0.04,-10.09,-0.13,0,-0.01,
0,15,0.04,-10.09,-0.13,0,-0.01,
0,15,-0.02,-10.03,-0.13,0,-0.01,
0,15,-0.02,-10.03,-0.13,-0.01,-0.01,
0,15,-0.02,-10.03,-0.13,-0.01,-0.01,
0,15,0.01,-10,-0.17,-0.01,-0.01,
0,15,0.01,-10,-0.17,-0.01,-0.01,
0,15,0.01,-10,-0.17,-0.01,-0.01,
0,15,0.01,-10.04,-0.14,-0.01,-0.01,
0,15,0.01,-10.04,-0.14,-0.01,-0.01,
0,15,0.01,-10.04,-0.14,0,-0.01,
0,15,0.01,-10.03,-0.09,-0.01,-0.01,
0,15,0.01,-10.03,-0.09,-0.01,-0.01,
0,15,0.01,-10.03,-0.09,-0.01,-0.01,
0,15,0.08,-10.09,-0.08,0,-0.01,
0,15,0.08,-10.09,-0.08,0,-0.01,
0,15,0.08,-10.09,-0.08,0,-0.01,
0,15,0.03,-10.05,-0.1,-0.01,-0.01,
0,15,0.03,-10.05,-0.1,-0.01,-0.01,
0,15,0.03,-10.05,-0.1,-0.01,-0.01,
0,15,-0.02,-10.05,-0.11,-0.01,-0.01,
0,15,-0.02,-10.05,-0.11,-0.01,-0.01,
0,15,-0.02,-10.05,-0.11,-0.01,-0.01,
0,15,0.04,-10.13,-0.15,-0.01,-0.01,
0,15,0.04,-10.13,-0.15,0,-0.01,
0,15,0.04,-10.13,-0.15,0,-0.01,
0,15,0.1,-10.08,-0.15,0,-0.01,
0,15,0.1,-10.08,-0.15,-0.01,-0.01,
0,15,0.1,-10.08,-0.15,-0.01,-0.01,
0,15,-0.02,-10.04,-0.16,-0.01,-0.01,
0,15,-0.02,-10.04,-0.16,-0.01,-0.01,
0,15,-0.02,-10.04,-0.16,-0.01,-0.01,
0,15,0.08,-10.04,-0.15,-0.01,-0.01,
0,15,0.08,-10.04,-0.15,-0.01,-0.01,
0,15,-0.03,-10.03,-0.13,-0.01,-0.01,
0,15,-0.03,-10.03,-0.13,-0.01,-0.01,
0,15,-0.03,-10.03,-0.13,-0.01,-0.01,
0,15,0.03,-10.04,-0.16,0,-0.01,
0,15,0.03,-10.04,-0.16,0,-0.01,
0,15,0.03,-10.04,-0.16,-0.01,-0.01,
0,15,-0.03,-9.99,-0.15,-0.01,-0.01,
0,15,-0.03,-9.99,-0.15,-0.01,-0.01,
0,15,-0.03,-9.99,-0.15,-0.01,-0.01,
0,15,0.01,-10.01,-0.11,-0.01,-0.01,
0,15,0.01,-10.01,-0.11,-0.01,-0.01,
0,15,0.01,-10.01,-0.11,-0.01,-0.01,
0,15,-0.04,-9.98,-0.12,-0.01,-0.01,
0,15,-0.04,-9.98,-0.12,-0.01,-0.01,
0,15,-0.04,-9.98,-0.12,0,-0.01,
0,15,-0.01,-9.98,-0.16,0,-0.01,
0,15,-0.01,-9.98,-0.16,0,-0.01,
0,15,-0.01,-9.98,-0.16,0,-0.01,
0,15,0.01,-9.97,-0.11,0,-0.01,
0,15,0.01,-9.97,-0.11,0,-0.01,
0,15,0.01,-9.97,-0.11,-0.01,-0.01,
0,15,0.02,-10.02,-0.11,-0.01,-0.01,
0,15,0.02,-10.02,-0.11,-0.01,-0.01,
0,15,0.02,-10.02,-0.11,-0.01,-0.01,
0,15,0.03,-10.09,-0.15,-0.01,-0.01,
0,15,0.03,-10.09,-0.15,-0.01,-0.01,
0,15,0,-10.05,-0.1,-0.01,-0.01,
0,15,0,-10.05,-0.1,-0.01,-0.01,
0,15,0,-10.05,-0.1,-0.01,-0.01,
0,15,0.02,-10.03,-0.16,-0.01,-0.01,
0,15,0.02,-10.03,-0.16,-0.01,0,
0,15,0.02,-10.03,-0.16,-0.01,0,
0,15,0,-10,-0.07,0,-0.01,
0,15,0,-10,-0.07,0,-0.01,
0,15,0,-10,-0.07,0,-0.01,
0,15,0.01,-10.02,-0.1,-0.01,-0.01,
0,15,0.01,-10.02,-0.1,0,-0.01,
0,15,0.01,-10.02,-0.1,0,-0.01,
0,15,0.05,-10,-0.11,0,-0.01,
0,15,0.05,-10,-0.11,-0.01,-0.01,
0,15,0.05,-10,-0.11,-0.01,-0.01,
0,15,0.01,-10.07,-0.14,-0.01,-0.01,
0,15,0.01,-10.07,-0.14,-0.01,-0.01,
0,15,0.01,-10.07,-0.14,-0.01,-0.01,
0,15,0.04,-10.01,-0.11,0,-0.01,
0,15,0.04,-10.01,-0.11,0,-0.01,
0,15,0.12,-10.04,-0.16,0,-0.01,
0,15,0.12,-10.04,-0.16,0,-0.01,
0,15,0.12,-10.04,-0.16,-0.01,-0.01,
0,15,-0.01,-10.04,-0.11,-0.01,-0.01,
0,15,-0.01,-10.04,-0.11,0,-0.01,
0,15,-0.01,-10.04,-0.11,-0.01,-0.01,
0,15,0.04,-10.05,-0.16,-0.01,-0.01,
0,15,0.04,-10.05,-0.16,-0.01,-0.01,
0,15,0.04,-10.05,-0.16,-0.01,-0.01,
0,15,-0.04,-10.01,-0.14,-0.01,-0.01,
0,15,-0.04,-10.01,-0.14,0,-0.01,
0,15,-0.04,-10.01,-0.14,-0.01,-0.01,
0,15,0.05,-10.05,-0.08,-0.01,-0.01,
0,15,0.05,-10.05,-0.08,-0.01,-0.01,
0,15,0.05,-10.05,-0.08,-0.01,-0.01,
0,15,0.04,-10.02,-0.13,-0.01,-0.01,
0,15,0.04,-10.02,-0.13,0,-0.01,
0,15,0.04,-10.02,-0.13,-0.01,-0.01,
0,15,0,-10.05,-0.12,-0.01,-0.01,
0,15,0,-10.05,-0.12,0,-0.01,
0,15,0,-10.05,-0.12,0,-0.01,
0,15,-0.01,-9.96,-0.07,0,-0.01,
0,15,-0.01,-9.96,-0.07,-0.01,-0.01,
0,15,0.06,-10,-0.12,-0.01,-0.01,
0,15,0.06,-10,-0.12,-0.01,-0.01,
0,15,0.06,-10,-0.12,-0.01,0,
0,15,0.05,-9.98,-0.08,-0.01,0,
0,15,0.05,-9.98,-0.08,-0.01,-0.01,
0,15,0.05,-9.98,-0.08,0,-0.01,
0,15,0.04,-10.03,-0.17,-0.01,-0.01,
0,15,0.04,-10.03,-0.17,-0.01,-0.01,
0,15,0.04,-10.03,-0.17,-0.01,-0.01,
0,15,-0.02,-10.05,-0.17,0,-0.01,
0,15,-0.02,-10.05,-0.17,0,-0.01,
0,15,-0.02,-10.05,-0.17,0,-0.01,
0,15,0.03,-10.02,-0.09,-0.01,-0.01,
0,15,0.03,-10.02,-0.09,-0.01,-0.01,
0,15,0.03,-10.02,-0.09,-0.01,-0.01,
0,15,0.04,-10,-0.09,-0.01,-0.01,
0,15,0.04,-10,-0.09,-0.01,-0.01,
0,15,0.04,-10,-0.09,0,-0.01,
0,15,0.01,-9.99,-0.11,-0.01,-0.01,
0,15,0.01,-9.99,-0.11,-0.01,-0.01,
0,15,0.01,-9.99,-0.11,-0.01,-0.01,
0,15,0,-10.09,-0.09,-0.01,-0.01,
0,15,0,-10.09,-0.09,-0.01,-0.01,
0,15,-0.01,-10.02,-0.11,0,-0.01,
0,15,-0.01,-10.02,-0.11,0,-0.01,
0,15,-0.01,-10.02,-0.11,0,-0.01,
0,15,0.05,-10.09,-0.11,0,-0.01,
0,16,0.05,-10.09,-0.11,-0.01,-0.01,
0,16,0.05,-10.09,-0.11,-0.01,-0.01,
0,16,0,-10.03,-0.11,-0.01,-0.01,
0,16,0,-10.03,-0.11,-0.01,-0.01,
0,16,0,-10.03,-0.11,-0.01,-0.01,
0,16,-0.01,-10,-0.15,-0.01,0,
0,16,-0.01,-10,-0.15,-0.01,-0.01,
0,16,-0.01,-10,-0.15,-0.01,-0.01,
0,16,0,-10.07,-0.11,-0.01,-0.01,
0,16,0,-10.07,-0.11,-0.01,-0.01,
0,16,0,-10.07,-0.11,-0.01,-0.01,
0,16,0.08,-10,-0.12,-0.01,-0.01,
0,16,0.08,-10,-0.12,-0.01,-0.01,
0,16,-0.03,-10.07,-0.11,-0.01,-0.01,
0,16,-0.03,-10.07,-0.11,0,-0.01,
0,16,-0.03,-10.07,-0.11,0,-0.01,
0,16,0,-10,-0.11,0,-0.01,
0,16,0,-10,-0.11,-0.01,-0.01,
0,16,0,-10,-0.11,-0.01,-0.01,
0,16,-0.06,-10.02,-0.17,-0.01,-0.01,
0,16,-0.06,-10.02,-0.17,0,-0.01,
0,16,-0.06,-10.02,-0.17,-0.01,0,
0,16,0,-10.04,-0.07,-0.01,0,
0,16,0,-10.04,-0.07,-0.01,-0.01,
0,16,0,-10.04,-0.07,-0.01,-0.01,
0,16,0.03,-10.01,-0.1,-0.01,-0.01,
0,16,0.03,-10.01,-0.1,0,-0.01,
0,16,0.03,-10.01,-0.1,-0.01,-0.01,
0,16,-0.07,-10.01,-0.14,-0.01,-0.01,
0,16,-0.07,-10.01,-0.14,-0.01,-0.01,
0,16,0.01,-10.02,-0.11,-0.01,-0.01,
0,16,0.01,-10.02,-0.11,0,-0.01,
0,16,0.01,-10.02,-0.11,0,-0.01,
0,16,0,-10.03,-0.12,-0.01,0,
0,16,0,-10.03,-0.12,-0.01,-0.01,
0,16,0,-10.03,-0.12,-0.01,-0.01,
0,16,0.08,-9.96,-0.1,-0.01,-0.01,
0,16,0.08,-9.96,-0.1,-0.01,-0.01,
0,16,0.08,-9.96,-0.1,-0.01,-0.01,
0,16,0,-10.02,-0.16,-0.01,-0.01,
0,16,0,-10.02,-0.16,-0.01,-0.01,
0,16,0,-10.01,-0.08,-0.01,-0.01,
0,16,0,-10.01,-0.08,-0.01,-0.01,
0,16,0,-10.01,-0.08,-0.01,0,
0,16,-0.01,-10.02,-0.11,-0.01,0,
0,16,-0.01,-10.02,-0.11,-0.01,-0.01,
0,16,-0.01,-10.02,-0.11,-0.01,-0.01,
0,16,-0.01,-10.06,-0.08,-0.01,-0.01,
0,16,-0.01,-10.06,-0.08,-0.01,-0.01,
0,16,-0.01,-10.06,-0.08,0,-0.01,
0,16,0.04,-10.07,-0.11,0,-0.01,
0,16,0.04,-10.07,-0.11,0,-0.01,
0,16,0.04,-10.07,-0.11,-0.01,0,
0,16,0,-10,-0.11,0,-0.01,
0,16,0,-10,-0.11,0,-0.01,
0,16,0.05,-9.99,-0.09,-0.01,-0.01,
0,16,0.05,-9.99,-0.09,-0.01,-0.01,
0,16,0.05,-9.99,-0.09,-0.01,-0.01,
0,16,0.03,-10.04,-0.15,-0.01,-0.01,
0,16,0.03,-10.04,-0.15,-0.01,-0.01,
0,16,0.03,-10.04,-0.15,-0.01,-0.01,
0,16,0.01,-9.98,-0.13,0,-0.01,
0,16,0.01,-9.98,-0.13,-0.01,-0.01,
0,16,0.01,-9.98,-0.13,-0.01,-0.01,
0,16,0,-10.02,-0.15,-0.01,-0.01,
0,16,0,-10.02,-0.15,-0.01,-0.01,
0,16,0,-10.02,-0.15,-0.01,-0.01,
0,16,0.04,-10.02,-0.13,-0.01,-0.01,
0,16,0.04,-10.02,-0.13,0,-0.01,
0,16,0.04,-10.02,-0.13,0,-0.01,
0,16,0.07,-10.01,-0.12,-0.01,-0.02,
0,16,0.07,-10.01,-0.12,-0.01,-0.01,
0,16,0.03,-10.08,-0.12,-0.01,-0.01,
0,16,0.03,-10.08,-0.12,0,-0.01,
0,16,0.03,-10.08,-0.12,-0.01,-0.01,
0,16,0.01,-10,-0.1,-0.01,-0.01,
0,16,0.01,-10,-0.1,-0.01,-0.01,
0,16,0.01,-10,-0.1,-0.01,-0.01,
0,16,0.07,-10,-0.11,-0.01,-0.01,
0,16,0.07,-10,-0.11,0,-0.01,
0,16,0.07,-10,-0.11,-0.01,-0.01,
0,16,0,-9.96,-0.11,-0.01,-0.01,
0,16,0,-9.96,-0.11,0,-0.01,
0,16,0,-9.96,-0.11,0,-0.01,
0,16,-0.02,-10.06,-0.15,0,-0.01,
0,16,-0.02,-10.06,-0.15,-0.01,-0.01,
0,16,-0.02,-10.06,-0.15,-0.01,-0.01,
0,16,0.03,-10.05,-0.11,-0.01,-0.01,
0,16,0.03,-10.05,-0.11,0,0,
0,16,0.03,-10.05,-0.11,-0.01,-0.01,
0,16,0.13,-10.1,-0.09,-0.01,-0.01,
0,16,0.13,-10.1,-0.09,-0.01,-0.01,
0,16,0.13,-10.1,-0.09,0,-0.01,
0,16,0.03,-9.97,-0.15,0,-0.01,
0,16,0.03,-9.97,-0.15,-0.01,-0.01,
0,16,0.03,-9.97,-0.15,-0.01,-0.01,
0,16,-0.03,-10.08,-0.14,-0.01,-0.01,
0,16,-0.03,-10.08,-0.14,-0.01,-0.01,
0,16,0,-10.05,-0.15,0,-0.01,
0,16,0,-10.05,-0.15,0,-0.01,
0,16,0,-10.05,-0.15,-0.01,-0.01,
0,16,0.02,-10,-0.16,-0.01,-0.01,
0,16,0.02,-10,-0.16,-0.01,-0.01,
0,16,0.02,-10,-0.16,0,-0.01,
0,16,0.07,-10.04,-0.12,-0.01,-0.01,
0,16,0.07,-10.04,-0.12,-0.01,-0.01,
0,16,0.07,-10.04,-0.12,-0.01,-0.01,
0,16,0.03,-10,-0.11,0,-0.01,
0,16,0.03,-10,-0.11,0,-0.01,
0,16,0.03,-10,-0.11,-0.01,-0.01,
0,16,0.05,-10.08,-0.14,-0.01,-0.01,
0,16,0.05,-10.08,-0.14,-0.01,-0.01,
0,16,0.05,-10.08,-0.14,0,-0.01,
0,16,0.03,-10.02,-0.11,-0.01,-0.01,
0,16,0.03,-10.02,-0.11,-0.01,-0.01,
0,16,-0.01,-10.09,-0.13,-0.01,-0.01,
0,16,-0.01,-10.09,-0.13,-0.01,-0.01,
0,16,-0.01,-10.09,-0.13,-0.01,-0.01,
0,16,0.02,-10.06,-0.14,-0.01,-0.01,
0,16,0.02,-10.06,-0.14,-0.01,-0.01,
0,16,0.02,-10.06,-0.14,-0.01,-0.01,
0,16,0,-10.03,-0.11,-0.01,-0.01,
0,16,0,-10.03,-0.11,-0.01,-0.01,
0,16,0,-10.03,-0.11,-0.01,-0.01,
0,16,0.02,-10.03,-0.11,0,-0.01,
0,16,0.02,-10.03,-0.11,-0.01,-0.01,
0,16,0.02,-10.03,-0.11,-0.01,-0.01,
0,16,0.04,-10.01,-0.1,-0.01,-0.01,
0,16,0.04,-10.01,-0.1,-0.01,-0.01,
0,16,0.04,-10.01,-0.1,-0.01,-0.01,
0,16,0.03,-10.1,-0.13,-0.01,-0.01,
0,16,0.03,-10.1,-0.13,-0.01,-0.01,
0,16,0.03,-10.1,-0.13,-0.01,-0.01,
0,16,0.04,-10.02,-0.2,-0.01,-0.01,
0,16,0.04,-10.02,-0.2,-0.01,-0.01,
0,16,0.02,-10.04,-0.09,-0.01,-0.01,
0,16,0.02,-10.04,-0.09,-0.01,-0.01,
0,16,0.02,-10.04,-0.09,0,-0.01,
0,16,0,-10.06,-0.13,0,-0.01,
0,16,0,-10.06,-0.13,0,-0.01,
0,16,0,-10.06,-0.13,-0.01,-0.01,
0,16,-0.04,-10.09,-0.14,0,-0.01,
0,16,-0.04,-10.09,-0.14,0,-0.01,
0,16,-0.04,-10.09,-0.14,-0.01,-0.01,
0,16,0,-10.09,-0.14,-0.01,-0.01,
0,16,0,-10.09,-0.14,-0.01,-0.01,
0,16,0,-10.09,-0.14,0,-0.01,
0,16,0.09,-9.96,-0.15,-0.01,-0.01,
0,16,0.09,-9.96,-0.15,-0.01,-0.01,
0,16,0.06,-10.01,-0.1,0,-0.01,
0,16,0.06,-10.01,-0.1,-0.01,-0.01,
0,16,0.06,-10.01,-0.1,-0.01,-0.01,
0,17,-0.01,-10.04,-0.13,-0.01,-0.01,
0,17,-0.01,-10.04,-0.13,-0.01,-0.01,
0,17,-0.01,-10.04,-0.13,-0.01,-0.01,
0,17,0.02,-10.06,-0.11,-0.01,-0.02,
0,17,0.02,-10.06,-0.11,0,-0.01,
0,17,0.02,-10.06,-0.11,0,-0.01,
0,17,0,-10.01,-0.1,0,-0.01,
0,17,0,-10.01,-0.1,-0.01,-0.01,
0,17,0,-10.01,-0.1,-0.01,-0.01,
0,17,0.03,-10.03,-0.11,-0.01,-0.01,
0,17,0.03,-10.03,-0.11,-0.01,-0.01,
0,17,0.03,-10.03,-0.11,-0.01,-0.01,
0,17,0.02,-10.07,-0.14,-0.01,-0.01,
0,17,0.02,-10.07,-0.14,-0.01,-0.01,
0,17,0.02,-10.07,-0.14,-0.01,-0.01,
0,17,0.04,-10.07,-0.08,-0.01,-0.01,
0,17,0.04,-10.07,-0.08,0,0,
0,17,0.08,-10.01,-0.11,0,0,
0,17,0.08,-10.01,-0.11,-0.01,0,
0,17,0.08,-10.01,-0.11,0,-0.01,
0,17,0.08,-10.04,-0.1,0,-0.01,
0,17,0.08,-10.04,-0.1,-0.01,-0.01,
0,17,0.08,-10.04,-0.1,-0.01,-0.01,
0,17,0,-9.95,-0.09,-0.01,-0.01,
0,17,0,-9.95,-0.09,-0.01,-0.01,
0,17,0,-9.95,-0.09,-0.01,-0.01,
0,17,0.02,-10.08,-0.08,-0.01,-0.01,
0,17,0.02,-10.08,-0.08,-0.01,-0.01,
0,17,0.02,-10.08,-0.08,-0.01,-0.01,
0,17,0.07,-10.05,-0.14,-0.01,-0.01,
0,17,0.07,-10.05,-0.14,-0.01,-0.01,
0,17,0.07,-10.05,-0.14,-0.01,-0.01,
0,17,-0.03,-10.07,-0.18,-0.01,-0.01,
0,17,-0.03,-10.07,-0.18,0,-0.01,
0,17,-0.03,-10.07,-0.18,-0.01,-0.01,
0,17,0.01,-10.09,-0.1,-0.01,-0.01,
0,17,0.01,-10.09,-0.1,-0.01,-0.01,
0,17,-0.03,-10.03,-0.03,0,-0.01,
0,17,-0.03,-10.03,-0.03,0,-0.01,
0,17,-0.03,-10.03,-0.03,-0.01,-0.01,
0,17,0.06,-10.03,-0.05,-0.01,-0.01,
0,17,0.06,-10.03,-0.05,-0.01,-0.01,
0,17,0.06,-10.03,-0.05,-0.01,-0.01,
0,17,-0.01,-10,-0.1,0,-0.01,
0,17,-0.01,-10,-0.1,0,-0.01,
0,17,-0.01,-10,-0.1,0,-0.01,
0,17,0,-10.08,-0.12,-0.01,-0.01,
0,17,0,-10.08,-0.12,-0.01,-0.01,
0,17,0,-10.08,-0.12,0,-0.01,
0,17,-0.06,-10.05,-0.13,-0.01,-0.01,
0,17,-0.06,-10.05,-0.13,-0.01,-0.01,
0,17,-0.06,-10.05,-0.13,-0.01,-0.01,
0,17,0.01,-10.02,-0.12,0,-0.01,
0,17,0.01,-10.02,-0.12,0,-0.01,
0,17,0.01,-10.02,-0.12,-0.01,-0.01,
0,17,0.02,-10.02,-0.16,-0.01,-0.01,
0,17,0.02,-10.02,-0.16,-0.01,-0.01,
0,17,0,-10.08,-0.17,0,-0.01,
0,17,0,-10.08,-0.17,-0.01,-0.01,
0,17,0,-10.08,-0.17,-0.01,-0.01,
0,17,0.03,-10.02,-0.14,0,-0.01,
0,17,0.03,-10.02,-0.14,-0.01,-0.01,
0,17,0.03,-10.02,-0.14,-0.01,-0.01,
0,17,0.05,-10.03,-0.13,-0.01,-0.01,
0,17,0.05,-10.03,-0.13,-0.01,-0.01,
0,17,0.05,-10.03,-0.13,-0.01,-0.01,
0,17,-0.01,-10,-0.16,0,-0.01,
0,17,-0.01,-10,-0.16,-0.01,-0.01,
0,17,-0.01,-10,-0.16,-0.01,-0.01,
0,17,0.06,-10.04,-0.1,-0.01,-0.01,
0,17,0.06,-10.04,-0.1,0,-0.01,
0,17,0.06,-10.04,-0.1,0,-0.01,
0,17,0.07,-10.07,-0.12,0,-0.01,
0,17,0.07,-10.07,-0.12,0,-0.01,
0,17,0.07,-10.07,-0.12,0,-0.01,
0,17,0.02,-10,-0.13,-0.01,-0.01,
0,17,0.02,-10,-0.13,0,-0.01,
0,17,0.02,-10,-0.13,0,-0.01,
0,17,-0.01,-9.96,-0.07,-0.01,-0.01,
0,17,-0.01,-9.96,-0.07,-0.01,-0.01,
0,17,-0.02,-10.04,-0.09,-0.01,-0.01,
0,17,-0.02,-10.04,-0.09,0,-0.01,
0,17,-0.02,-10.04,-0.09,0,-0.01,
0,17,0.1,-10,-0.13,0,-0.01,
0,17,0.1,-10,-0.13,-0.01,-0.01,
0,17,0.1,-10,-0.13,-0.01,-0.01,
0,17,0.05,-10.02,-0.08,-0.01,-0.01,
0,17,0.05,-10.02,-0.08,-0.01,-0.01,
0,17,0.05,-10.02,-0.08,-0.01,-0.01,
0,17,0.02,-10.01,-0.15,-0.01,-0.01,
0,17,0.02,-10.01,-0.15,0,-0.01,
0,17,0.02,-10.01,-0.15,-0.01,-0.01,
0,17,0.04,-10.04,-0.07,-0.01,-0.01,
0,17,0.04,-10.04,-0.07,-0.01,-0.01,
0,17,0.04,-10.04,-0.07,-0.01,-0.01,
0,17,0.04,-10.09,-0.1,-0.01,-0.01,
0,17,0.04,-10.09,-0.1,-0.01,-0.01,
0,17,0.04,-10.09,-0.1,-0.01,-0.01,
0,17,0.03,-10.07,-0.13,-0.01,-0.01,
0,17,0.03,-10.07,-0.13,-0.01,-0.01,
0,17,0.03,-10.07,-0.13,0,-0.01,
0,17,0.03,-10.05,-0.05,0,-0.01,
0,17,0.03,-10.05,-0.05,-0.01,-0.01,
0,17,0.03,-10.05,-0.05,-0.01,-0.01,
0,17,0.01,-9.96,-0.17,-0.01,-0.01,
0,17,0.01,-9.96,-0.17,-0.01,-0.01,
0,17,0.01,-9.96,-0.17,-0.01,-0.01,
0,17,0.01,-9.99,-0.1,-0.01,-0.01,
0,17,0.01,-9.99,-0.1,0,-0.01,
0,17,0.01,-9.99,-0.1,0,-0.01,
0,17,0.03,-10.08,-0.09,0,-0.01,
0,17,0.03,-10.08,-0.09,-0.01,-0.01,
0,17,0.03,-10.08,-0.09,-0.01,-0.01,
0,17,0.01,-10.05,-0.17,0,-0.01,
0,17,0.01,-10.05,-0.17,-0.01,-0.01,
0,17,0.01,-10.05,-0.17,-0.01,-0.01,
0,17,0.05,-9.99,-0.2,-0.01,-0.01,
0,17,0.05,-9.99,-0.2,-0.01,-0.01,
0,17,0.05,-9.99,-0.2,-0.01,-0.01,
0,17,0,-10.01,-0.11,0,-0.01,
0,17,0,-10.01,-0.11,0,-0.01,
0,17,0,-10.01,-0.11,-0.01,-0.01,
0,17,0.03,-10.04,-0.09,-0.01,-0.01,
0,17,0.03,-10.04,-0.09,-0.01,-0.01,
0,17,0.01,-10.02,-0.13,-0.01,-0.01,
0,17,0.01,-10.02,-0.13,-0.01,-0.01,
0,17,0.01,-10.02,-0.13,-0.01,-0.01,
0,17,-0.02,-9.96,-0.09,-0.01,-0.01,
0,17,-0.02,-9.96,-0.09,-0.01,-0.01,
0,17,-0.02,-9.96,-0.09,-0.01,-0.01,
0,17,0,-10.02,-0.14,0,0,
0,17,0,-10.02,-0.14,-0.01,-0.01,
0,17,0,-10.02,-0.14,-0.01,-0.01,
0,17,0.04,-10.03,-0.12,-0.01,-0.01,
0,17,0.04,-10.03,-0.12,-0.01,-0.01,
0,17,0.04,-10.03,-0.12,-0.01,-0.01,
0,17,0.01,-10.08,-0.14,0,-0.01,
0,17,0.01,-10.08,-0.14,0,-0.01,
0,17,0.01,-10.08,-0.14,0,-0.01,
0,17,-0.01,-10.03,-0.12,0,-0.01,
0,17,-0.01,-10.03,-0.12,-0.01,-0.01,
0,17,-0.01,-10.03,-0.12,-0.01,-0.01,
0,17,0,-10.09,-0.09,-0.01,-0.01,
0,17,0,-10.09,-0.09,-0.01,-0.01,
0,17,0.02,-10.05,-0.09,-0.01,-0.01,
0,17,0.02,-10.05,-0.09,-0.01,-0.01,
0,17,0.02,-10.05,-0.09,-0.01,-0.01,
0,17,0,-10.03,-0.12,-0.01,-0.01,
0,17,0,-10.03,-0.12,0,-0.01,
0,17,0,-10.03,-0.12,-0.01,-0.01,
0,17,0,-9.99,-0.08,-0.01,-0.01,
0,17,0,-9.99,-0.08,-0.01,-0.01,
0,17,0,-9.99,-0.08,0,-0.01,
0,17,-0.02,-10.02,-0.11,0,-0.01,
0,17,-0.02,-10.02,-0.11,-0.01,-0.01,
0,17,-0.02,-10.02,-0.11,0,-0.01,
0,18,-0.01,-10.02,-0.11,0,-0.01,
0,18,-0.01,-10.02,-0.11,-0.01,-0.01,
0,18,-0.01,-10.02,-0.11,0,-0.01,
0,18,0.03,-10.04,-0.12,0,-0.01,
0,18,0.03,-10.04,-0.12,0,-0.01,
0,18,-0.05,-10.07,-0.13,-0.01,-0.01,
0,18,-0.05,-10.07,-0.13,-0.01,-0.01,
0,18,0.06,-10.06,-0.09,0,-0.01,
0,18,0.06,-10.06,-0.09,0,-0.01,
0,18,0.06,-10.06,-0.09,0,-0.01,
0,18,0,-10.08,-0.08,-0.01,-0.01,
0,18,0,-10.08,-0.08,-0.01,-0.01,
0,18,0,-10.08,-0.08,-0.01,-0.01,
0,18,0.05,-10.07,-0.08,-0.01,-0.01,
0,18,0.05,-10.07,-0.08,-0.01,-0.01,
0,18,0.05,-10.07,-0.08,-0.01,-0.01,
0,18,-0.02,-10.05,-0.09,-0.01,-0.01,
0,18,-0.02,-10.05,-0.09,0,-0.01,
0,18,0.05,-10.02,-0.13,0,-0.01,
0,18,0.05,-10.02,-0.13,-0.01,-0.01,
0,18,0.05,-10.02,-0.13,-0.01,-0.01,
0,18,0.05,-9.98,-0.08,-0.01,-0.01,
0,18,0.05,-9.98,-0.08,0,-0.01,
0,18,0.05,-9.98,-0.08,0,-0.01,
0,18,0.05,-10,-0.12,0,-0.01,
0,18,0.05,-10,-0.12,-0.01,-0.01,
0,18,0.05,-10,-0.12,-0.01,-0.01,
0,18,0.02,-10.08,-0.12,-0.01,-0.01,
0,18,0.02,-10.08,-0.12,0,-0.01,
0,18,0.02,-10.08,-0.12,-0.01,-0.01,
0,18,0.06,-10.06,-0.16,-0.01,-0.01,
0,18,0.06,-10.06,-0.16,0,-0.01,
0,18,0.06,-10.06,-0.16,0,-0.01,
0,18,0.03,-10,-0.1,0,-0.01,
0,18,0.03,-10,-0.1,-0.01,-0.01,
0,18,0.03,-10,-0.1,-0.01,-0.01,
0,18,-0.02,-10.02,-0.11,-0.01,-0.01,
0,18,-0.02,-10.02,-0.11,-0.01,-0.01,
0,18,0.04,-10.03,-0.11,-0.01,-0.01,
0,18,0.04,-10.03,-0.11,-0.01,-0.01,
0,18,0.04,-10.03,-0.11,0,-0.01,
0,18,0.01,-10.06,-0.15,0,-0.01,
0,18,0.01,-10.06,-0.15,-0.01,-0.01,
0,18,0.01,-10.06,-0.15,-0.01,-0.01,
0,18,0,-10.03,-0.11,-0.01,-0.01,
0,18,0,-10.03,-0.11,0,0,
0,18,0,-10.03,-0.11,0,-0.01,
0,18,0.04,-10.01,-0.11,0,-0.01,
0,18,0.04,-10.01,-0.11,0,-0.01,
0,18,0.04,-10.01,-0.11,-0.01,-0.01,
0,18,0.02,-10,-0.16,-0.01,-0.01,
0,18,0.02,-10,-0.16,-0.01,-0.01,
0,18,0.02,-10,-0.16,-0.01,-0.01,
0,18,0.03,-10.06,-0.18,-0.01,-0.01,
0,18,0.03,-10.06,-0.18,0,-0.01,
0,18,0.03,-10.06,-0.18,-0.01,-0.01,
0,18,0.03,-10.06,-0.11,-0.01,-0.01,
0,18,0.03,-10.06,-0.11,0,-0.01,
0,18,0.03,-10.06,-0.11,0,-0.01,
0,18,-0.02,-10.06,-0.13,-0.01,-0.01,
0,18,-0.02,-10.06,-0.13,-0.01,-0.01,
0,18,-0.02,-10.06,-0.13,-0.01,-0.01,
0,18,-0.03,-10.02,-0.1,-0.01,-0.01,
0,18,-0.03,-10.02,-0.1,-0.01,-0.01,
0,18,-0.03,-10.02,-0.1,-0.01,-0.01,
0,18,0.04,-10.02,-0.12,-0.01,-0.01,
0,18,0.04,-10.02,-0.12,0,-0.01,
0,18,0.04,-10.02,-0.12,0,-0.01,
0,18,0,-10.06,-0.11,-0.01,-0.01,
0,18,0,-10.06,-0.11,-0.01,-0.01,
0,18,0,-10.06,-0.11,-0.01,-0.01,
0,18,0,-10.02,-0.11,0,-0.01,
0,18,0,-10.02,-0.11,0,-0.01,
0,18,-0.02,-10.03,-0.15,0,-0.01,
0,18,-0.02,-10.03,-0.15,-0.01,-0.01,
0,18,-0.02,-10.03,-0.15,-0.01,-0.01,
0,18,0.04,-10,-0.1,-0.01,-0.01,
0,18,0.04,-10,-0.1,-0.01,-0.01,
0,18,0.04,-10,-0.1,0,-0.01,
0,18,0,-10.05,-0.1,0,-0.01,
0,18,0,-10.05,-0.1,0,-0.01,
0,18,0,-10.05,-0.1,-0.01,-0.01,
0,18,0.04,-10.03,-0.1,-0.01,-0.01,
0,18,0.04,-10.03,-0.1,-0.01,-0.01,
0,18,0.04,-10.03,-0.1,-0.01,-0.01,
0,18,0.02,-10.05,-0.11,0,-0.01,
0,18,0.02,-10.05,-0.11,0,-0.01,
0,18,0.02,-10.05,-0.11,-0.01,-0.01,
0,18,0.05,-10.06,-0.09,0,-0.01,
0,18,0.05,-10.06,-0.09,0,-0.01,
0,18,0.09,-10.04,-0.11,0,-0.01,
0,18,0.09,-10.04,-0.11,-0.01,-0.01,
0,18,0.09,-10.04,-0.11,-0.01,-0.01,
0,18,0.01,-10.07,-0.14,-0.01,-0.01,
0,18,0.01,-10.07,-0.14,0,-0.01,
0,18,0.01,-10.07,-0.14,0,-0.01,
0,18,0.01,-10.02,-0.09,0,-0.01,
0,18,0.01,-10.02,-0.09,-0.01,-0.01,
0,18,0.01,-10.02,-0.09,-0.01,-0.01,
0,18,0.01,-10,-0.13,0,-0.01,
0,18,0.01,-10,-0.13,-0.01,-0.01,
0,18,0.01,-10,-0.13,-0.01,-0.01,
0,18,-0.01,-10,-0.12,-0.01,-0.01,
0,18,-0.01,-10,-0.12,-0.01,-0.01,
0,18,-0.01,-10,-0.12,-0.01,-0.01,
0,18,0.07,-10.03,-0.1,0,-0.01,
0,18,0.07,-10.03,-0.1,0,-0.01,
0,18,0,-10.04,-0.17,0,-0.01,
0,18,0,-10.04,-0.17,0,-0.01,
0,18,0,-10.04,-0.17,0,-0.01,
0,18,-0.01,-9.97,-0.14,0,-0.01,
0,18,-0.01,-9.97,-0.14,-0.01,-0.01,
0,18,-0.01,-9.97,-0.14,0,-0.01,
0,18,0.07,-10.07,-0.13,0,-0.01,
0,18,0.07,-10.07,-0.13,-0.01,-0.01,
0,18,0.07,-10.07,-0.13,0,0,
0,18,0.02,-10.07,-0.13,0,0,
0,18,0.02,-10.07,-0.13,-0.01,-0.01,
0,18,0.02,-10.07,-0.13,-0.01,-0.01,
0,18,-0.02,-10.04,-0.11,-0.01,-0.01,
0,18,-0.02,-10.04,-0.11,-0.01,-0.01,
0,18,0.02,-10.02,-0.19,-0.01,-0.01,
0,18,0.02,-10.02,-0.19,-0.01,-0.01,
0,18,0.02,-10.02,-0.19,-0.01,-0.01,
0,18,0,-10.02,-0.15,-0.01,-0.01,
0,18,0,-10.02,-0.15,-0.01,-0.01,
0,18,0,-10.02,-0.15,-0.01,-0.01,
0,18,0.04,-10.01,-0.15,0,-0.01,
0,18,0.04,-10.01,-0.15,0,-0.01,
0,18,0.04,-10.01,-0.15,0,-0.01,
0,18,-0.03,-10.06,-0.13,-0.01,-0.01,
0,18,-0.03,-10.06,-0.13,-0.01,-0.01,
0,18,-0.03,-10.06,-0.13,-0.01,-0.01,
0,18,0,-10.07,-0.18,-0.01,-0.01,
0,18,0,-10.07,-0.18,-0.01,-0.01,
0,18,0,-10.07,-0.18,-0.01,-0.01,
0,18,0.04,-10.01,-0.11,-0.01,-0.01,
0,18,0.04,-10.01,-0.11,-0.01,-0.01,
0,18,0.04,-10.01,-0.11,-0.01,-0.01,
0,18,0,-10.05,-0.16,-0.01,-0.01,
0,18,0,-10.05,-0.16,-0.01,-0.01,
0,18,0,-10.05,-0.16,0,-0.01,
0,18,-0.01,-10.03,-0.17,0,-0.01,
0,18,-0.01,-10.03,-0.17,0,-0.01,
0,18,-0.01,-10.03,-0.17,-0.01,-0.01,
0,18,0.09,-10,-0.09,-0.01,-0.01,
0,18,0.09,-10,-0.09,-0.01,-0.01,
0,18,0.09,-10,-0.09,0,-0.01,
0,18,-0.01,-10.02,-0.12,-0.01,-0.01,
0,18,-0.01,-10.02,-0.12,-0.01,-0.01,
0,19,-0.01,-10.02,-0.12,-0.01,-0.01,
0,19,0,-10.1,-0.12,-0.01,-0.01,
0,19,0,-10.1,-0.12,-0.01,-0.01,
0,19,0,-10.1,-0.12,-0.01,-0.01,
0,19,-0.01,-10.03,-0.13,-0.01,-0.01,
0,19,-0.01,-10.03,-0.13,0,-0.01,
0,19,-0.01,-10.03,-0.13,-0.01,-0.01,
0,19,0.05,-10.03,-0.14,-0.01,-0.01,
0,19,0.05,-10.03,-0.14,-0.01,-0.01,
0,19,-0.01,-10.09,-0.11,-0.01,-0.01,
0,19,-0.01,-10.09,-0.11,-0.01,-0.01,
0,19,-0.01,-10.09,-0.11,-0.01,-0.01,
0,19,-0.02,-10.07,-0.13,-0.01,-0.01,
0,19,-0.02,-10.07,-0.13,-0.01,-0.01,
0,19,-0.02,-10.07,-0.13,0,-0.01,
0,19,0.03,-10.08,-0.13,0,-0.01,
0,19,0.03,-10.08,-0.13,0,-0.01,
0,19,0.03,-10.08,-0.13,0,-0.01,
0,19,0.06,-10.01,-0.15,0,-0.01,
0,19,0.06,-10.01,-0.15,0,-0.01,
0,19,0.06,-10.01,-0.15,0,-0.01,
0,19,-0.01,-10.07,-0.15,-0.01,-0.01,
0,19,-0.01,-10.07,-0.15,0,-0.01,
0,19,-0.01,-10.07,-0.15,0,-0.01,
0,19,-0.04,-10.05,-0.11,-0.01,-0.01,
0,19,-0.04,-10.05,-0.11,-0.01,-0.01,
0,19,0.03,-9.99,-0.17,-0.01,-0.01,
0,19,0.03,-9.99,-0.17,-0.01,-0.01,
0,19,0.03,-9.99,-0.17,-0.01,-0.01,
0,19,0.01,-10.02,-0.12,-0.01,-0.01,
0,19,0.01,-10.02,-0.12,-0.01,-0.01,
0,19,0.01,-10.02,-0.12,-0.01,-0.01,
0,19,0.07,-10.03,-0.11,-0.01,-0.01,
0,19,0.07,-10.03,-0.11,-0.01,-0.01,
0,19,0.07,-10.03,-0.11,-0.01,-0.01,
0,19,0.04,-9.99,-0.15,-0.01,-0.01,
0,19,0.04,-9.99,-0.15,-0.01,-0.01,
0,19,0.04,-9.99,-0.15,0,-0.01,
0,19,0.04,-10.12,-0.09,0,-0.01,
0,19,0.04,-10.12,-0.09,-0.01,-0.01,
0,19,0.04,-10.12,-0.09,-0.01,-0.01,
0,19,0.02,-10.01,-0.13,-0.01,-0.01,
0,19,0.02,-10.01,-0.13,0,-0.01,
0,19,0.04,-10.02,-0.12,0,-0.01,
0,19,0.04,-10.02,-0.12,0,-0.01,
0,19,0.04,-10.02,-0.12,-0.01,-0.01,
0,19,-0.02,-10.05,-0.13,-0.01,-0.01,
0,19,-0.02,-10.05,-0.13,-0.01,-0.01,
0,19,-0.02,-10.05,-0.13,-0.01,-0.01,
0,19,-0.03,-10.03,-0.1,0,-0.01,
0,19,-0.03,-10.03,-0.1,0,-0.01,
0,19,-0.03,-10.03,-0.1,-0.01,-0.01,
0,19,0.02,-9.98,-0.12,-0.01,-0.01,
0,19,0.02,-9.98,-0.12,-0.01,-0.01,
0,19,0.02,-9.98,-0.12,-0.01,-0.01,
0,19,-0.04,-10.07,-0.16,-0.01,-0.01,
0,19,-0.04,-10.07,-0.16,-0.01,-0.01,
0,19,-0.04,-10.07,-0.16,-0.01,-0.01,
0,19,0.07,-10.02,-0.11,0,0,
0,19,0.07,-10.02,-0.11,0,0,
0,19,0.07,-10.02,-0.11,-0.01,-0.01,
0,19,0.06,-10.03,-0.1,-0.01,-0.01,
0,19,0.06,-10.03,-0.1,-0.01,-0.01,
0,19,0.01,-10.06,-0.06,-0.01,-0.01,
0,19,0.01,-10.06,-0.06,-0.01,-0.01,
0,19,0.01,-10.06,-0.06,-0.01,-0.01,
0,19,-0.03,-10.04,-0.1,-0.01,-0.01,
0,19,-0.03,-10.04,-0.1,-0.01,-0.01,
0,19,-0.03,-10.04,-0.1,-0.01,-0.01,
0,19,0.05,-10.1,-0.18,-0.01,-0.01,
0,19,0.05,-10.1,-0.18,-0.01,-0.01,
0,19,0.05,-10.1,-0.18,-0.01,-0.01,
0,19,0.01,-10.02,-0.11,-0.01,-0.01,
0,19,0.01,-10.02,-0.11,-0.01,-0.01,
0,19,0.01,-10.02,-0.11,-0.01,-0.01,
0,19,0.07,-9.99,-0.11,0,-0.01,
0,19,0.07,-9.99,-0.11,-0.01,-0.01,
0,19,0.07,-9.99,-0.11,-0.01,-0.01,
0,19,0.05,-10.03,-0.11,-0.01,-0.01,
0,19,0.05,-10.03,-0.11,-0.01,-0.01,
0,19,0.05,-10.03,-0.11,-0.01,-0.01,
0,19,0.11,-10.05,-0.15,-0.01,-0.01,
0,19,0.11,-10.05,-0.15,-0.01,-0.01,
0,19,0.11,-10.05,-0.15,-0.01,-0.01,
0,19,0.03,-10.02,-0.17,-0.01,-0.01,
0,19,0.03,-10.02,-0.17,0,-0.01,
0,19,0.03,-10.02,-0.17,0,-0.01,
0,19,0.09,-10.09,-0.13,-0.01,-0.01,
0,19,0.09,-10.09,-0.13,0,-0.01,
0,19,0.02,-9.96,-0.13,0,-0.01,
0,19,0.02,-9.96,-0.13,-0.01,-0.01,
0,19,0.02,-9.96,-0.13,-0.01,-0.01,
0,19,0.06,-10.04,-0.1,-0.01,-0.01,
0,19,0.06,-10.04,-0.1,-0.01,-0.01,
0,19,0.06,-10.04,-0.1,-0.01,-0.01,
0,19,0.01,-10.07,-0.11,-0.01,0,
0,19,0.01,-10.07,-0.11,-0.01,-0.01,
0,19,0.01,-10.07,-0.11,-0.01,-0.01,
0,19,0.01,-10.01,-0.14,-0.01,-0.01,
0,19,0.01,-10.01,-0.14,-0.01,-0.01,
0,19,0.01,-10.01,-0.14,-0.01,-0.01,
0,19,0.04,-10.01,-0.12,-0.01,-0.01,
0,19,0.04,-10.01,-0.12,-0.01,-0.01,
0,19,0.04,-10.01,-0.12,-0.01,-0.01,
0,19,0.07,-10.02,-0.14,-0.01,-0.01,
0,19,0.07,-10.02,-0.14,0,-0.01,
0,19,0.07,-10.02,-0.14,0,-0.01,
0,19,-0.01,-10.06,-0.11,-0.01,-0.01,
0,19,-0.01,-10.06,-0.11,0,-0.01,
0,19,-0.01,-10.06,-0.11,0,-0.01,
0,19,0,-10.07,-0.13,0,-0.01,
0,19,0,-10.07,-0.13,0,-0.01,
0,19,0,-10.07,-0.13,0,-0.01,
0,19,0,-10.02,-0.07,-0.01,-0.01,
0,19,0,-10.02,-0.07,-0.01,-0.01,
0,19,0.06,-10.02,-0.13,-0.01,-0.01,
0,19,0.06,-10.02,-0.13,0,-0.02,
0,19,0.06,-10.02,-0.13,-0.01,-0.01,
0,19,0.04,-10,-0.14,-0.01,-0.01,
0,19,0.04,-10,-0.14,0,-0.01,
0,19,0.04,-10,-0.14,-0.01,-0.01,
0,19,0.01,-10.03,-0.11,-0.01,-0.01,
0,19,0.01,-10.03,-0.11,0,-0.01,
0,19,0.01,-10.03,-0.11,-0.01,-0.01,
0,19,0,-10.03,-0.16,-0.01,-0.01,
0,19,0,-10.03,-0.16,-0.01,0,
0,19,0,-10.03,-0.16,0,-0.01,
0,19,-0.05,-10.05,-0.13,0,-0.01,
0,19,-0.05,-10.05,-0.13,-0.01,-0.02,
0,19,-0.05,-10.05,-0.13,0,-0.01,
0,19,-0.04,-10.05,-0.06,0,-0.01,
0,19,-0.04,-10.05,-0.06,0,-0.01,
0,19,0.11,-10.03,-0.15,0,-0.01,
0,19,0.11,-10.03,-0.15,0,-0.01,
0,19,0.11,-10.03,-0.15,-0.01,-0.01,
0,19,0.05,-9.96,-0.08,-0.01,-0.01,
0,19,0.05,-9.96,-0.08,-0.01,-0.01,
0,19,0.05,-9.96,-0.08,-0.01,-0.01,
0,19,0.02,-10.03,-0.15,-0.01,-0.01,
0,19,0.02,-10.03,-0.15,0,-0.01,
0,19,0.02,-10.03,-0.15,0,-0.01,
0,19,0.01,-10.02,-0.14,-0.01,-0.01,
0,19,0.01,-10.02,-0.14,-0.01,-0.01,
0,19,0.01,-10.02,-0.14,-0.01,-0.01,
0,19,0,-9.98,-0.15,0,-0.01,
0,19,0,-9.98,-0.15,0,-0.01,
0,19,0,-9.98,-0.15,0,-0.01,
0,19,0.01,-10.02,-0.12,-0.01,-0.01,
0,19,0.01,-10.02,-0.12,-0.01,-0.01,
0,19,0.01,-10.02,-0.16,-0.01,-0.01,
0,19,0.01,-10.02,-0.16,-0.01,0,
0,19,0.01,-10.02,-0.16,-0.01,-0.01,
0,19,0.04,-10.04,-0.15,-0.01,-0.01,
0,19,0.04,-10.04,-0.15,0,-0.01,
0,20,0.04,-10.04,-0.15,0,-0.01,
0,20,-0.05,-10.01,-0.14,0,-0.01,
0,20,-0.05,-10.01,-0.14,-0.01,0,
0,20,-0.05,-10.01,-0.14,-0.01,-0.01,
0,20,0.02,-10.1,-0.13,-0.01,-0.01,
0,20,0.02,-10.1,-0.13,-0.01,-0.01,
0,20,0.02,-10.1,-0.13,-0.01,-0.01,
0,20,-0.06,-10.02,-0.11,-0.01,-0.01,
0,20,-0.06,-10.02,-0.11,-0.01,-0.01,
0,20,-0.06,-10.02,-0.11,-0.01,-0.01,
0,20,0.03,-10.06,-0.13,-0.01,-0.01,
0,20,0.03,-10.06,-0.13,0,-0.01,
0,20,-0.02,-10.04,-0.07,-0.01,-0.01,
0,20,-0.02,-10.04,-0.07,-0.01,-0.01,
0,20,-0.02,-10.04,-0.07,-0.01,-0.01,
0,20,-0.06,-10.03,-0.13,-0.01,-0.01,
0,20,-0.06,-10.03,-0.13,-0.01,-0.01,
0,20,-0.06,-10.03,-0.13,-0.01,-0.01,
0,20,0.04,-10.02,-0.11,-0.01,-0.01,
0,20,0.04,-10.02,-0.11,-0.01,-0.01,
0,20,0.04,-10.02,-0.11,0,-0.01,
0,20,0.07,-9.96,-0.17,-0.01,-0.01,
0,20,0.07,-9.96,-0.17,-0.01,-0.01,
0,20,0.07,-9.96,-0.17,0,-0.01,
0,20,-0.05,-10.01,-0.11,0,-0.01,
0,20,-0.05,-10.01,-0.11,0,-0.01,
0,20,-0.05,-10.01,-0.11,-0.01,-0.01,
0,20,-0.02,-10,-0.15,0,-0.01,
0,20,-0.02,-10,-0.15,0,-0.01,
0,20,-0.02,-10,-0.15,0,-0.01,
0,20,0.06,-10.08,-0.11,0,-0.01,
0,20,0.06,-10.08,-0.11,0,-0.01,
0,20,0.06,-10.08,-0.11,0,-0.01,
0,20,-0.02,-10.05,-0.14,0,-0.01,
0,20,-0.02,-10.05,-0.14,0,-0.01,
0,20,-0.02,-10.05,-0.14,-0.01,-0.01,
0,20,0,-10.05,-0.1,-0.01,-0.01,
0,20,0,-10.05,-0.1,0,-0.01,
0,20,0,-10.05,-0.1,0,-0.01,
0,20,0.05,-10.07,-0.13,0,-0.01,
0,20,0.05,-10.07,-0.13,-0.01,-0.01,
0,20,0.05,-10.07,-0.13,0,-0.01,
0,20,0.01,-10.07,-0.08,0,-0.01,
0,20,0.01,-10.07,-0.08,-0.01,-0.01,
0,20,0.01,-10.07,-0.08,-0.01,-0.01,
0,20,-0.03,-10.01,-0.15,-0.01,-0.01,
0,20,-0.03,-10.01,-0.15,-0.01,-0.01,
0,20,-0.03,-10.01,-0.15,-0.01,-0.01,
0,20,0.02,-10.04,-0.1,-0.01,-0.01,
0,20,0.02,-10.04,-0.1,-0.01,-0.01,
0,20,0.02,-10.04,-0.1,-0.01,-0.01,
0,20,0,-10.04,-0.08,-0.01,-0.01,
0,20,0,-10.04,-0.08,-0.01,-0.01,
0,20,0.01,-10.07,-0.1,-0.01,-0.01,
0,20,0.01,-10.07,-0.1,-0.01,-0.01,
0,20,0.01,-10.07,-0.1,0,-0.01,
0,20,0,-10.03,-0.08,0,-0.01,
0,20,0,-10.03,-0.08,0,-0.01,
0,20,0,-10.03,-0.08,-0.01,-0.01,
0,20,0.05,-10.03,-0.14,-0.01,-0.01,
0,20,0.05,-10.03,-0.14,-0.01,-0.01,
0,20,0.05,-10.03,-0.14,-0.01,-0.01,
0,20,0.07,-10.06,-0.13,-0.01,-0.01,
0,20,0.07,-10.06,-0.13,-0.01,-0.01,
0,20,0.07,-10.06,-0.13,0,-0.01,
0,20,-0.03,-10.05,-0.15,0,-0.01,
0,20,-0.03,-10.05,-0.15,-0.01,-0.01,
0,20,-0.03,-10.05,-0.15,0,-0.01,
0,20,0.03,-10.05,-0.15,0,-0.01,
0,20,0.03,-10.05,-0.15,-0.01,-0.01,
0,20,0.03,-10.05,-0.15,-0.01,-0.01,
0,20,0.05,-10.01,-0.1,-0.01,-0.01,
0,20,0.05,-10.01,-0.1,-0.01,-0.01,
0,20,0.09,-9.99,-0.14,0,-0.01,
0,20,0.09,-9.99,-0.14,0,-0.01,
0,20,0.09,-9.99,-0.14,-0.01,0,
0,20,0.04,-10.05,-0.11,-0.01,-0.01,
0,20,0.04,-10.05,-0.11,-0.01,-0.01,
0,20,0.04,-10.05,-0.11,-0.01,-0.01,
0,20,-0.01,-10.09,-0.13,-0.01,-0.01,
0,20,-0.01,-10.09,-0.13,-0.01,-0.01,
0,20,-0.01,-10.09,-0.13,-0.01,-0.01,
0,20,0.07,-10.05,-0.11,-0.01,-0.01,
0,20,0.07,-10.05,-0.11,-0.01,-0.01,
0,20,0.07,-10.05,-0.11,0,-0.01,
0,20,0,-10.04,-0.11,-0.01,-0.01,
0,20,0,-10.04,-0.11,-0.01,-0.01,
0,20,0,-10.04,-0.11,-0.01,-0.01,
0,20,0.09,-10.02,-0.15,0,-0.01,
0,20,0.09,-10.02,-0.15,0,-0.01,
0,20,0.09,-10.02,-0.15,0,-0.01,
0,20,0.01,-10.07,-0.07,-0.01,-0.01,
0,20,0.01,-10.07,-0.07,-0.01,-0.01,
0,20,0.01,-10.07,-0.07,-0.01,-0.01,
0,20,0.02,-10,-0.1,-0.01,-0.01,
0,20,0.02,-10,-0.1,-0.01,-0.01,
0,20,0.02,-10,-0.1,-0.01,-0.01,
0,20,0.04,-10.03,-0.11,-0.01,-0.01,
0,20,0.04,-10.03,-0.11,-0.01,-0.01,
0,20,0.04,-10.03,-0.11,-0.01,-0.01,
0,20,0.04,-10.03,-0.11,0,-0.01,
0,20,0.04,-10.03,-0.11,0,-0.01,
0,20,0.03,-10.07,-0.17,0,-0.01,
0,20,0.03,-10.07,-0.17,-0.01,-0.01,
0,20,0.03,-10.07,-0.17,-0.01,-0.01,
0,20,0.03,-10.06,-0.1,-0.01,-0.01,
0,20,0.03,-10.06,-0.1,0,-0.01,
0,20,0.03,-10.06,-0.1,0,-0.01,
0,20,-0.01,-10.02,-0.05,-0.01,0,
0,20,-0.01,-10.02,-0.05,-0.01,-0.01,
0,20,-0.01,-10.02,-0.05,-0.01,-0.01,
0,20,0.04,-10.05,-0.05,-0.01,-0.01,
0,20,0.04,-10.05,-0.05,-0.01,-0.01,
0,20,0.04,-10.05,-0.05,-0.01,-0.01,
0,20,0.05,-9.99,-0.1,-0.01,-0.01,
0,20,0.05,-9.99,-0.1,-0.01,-0.01,
0,20,0.05,-9.99,-0.1,-0.01,-0.01,
0,20,0.01,-10.02,-0.11,0,-0.01,
0,20,0.01,-10.02,-0.11,-0.01,-0.01,
0,20,0.01,-10.02,-0.11,-0.01,-0.01,
0,20,-0.03,-10.01,-0.14,-0.01,-0.01,
0,20,-0.03,-10.01,-0.14,-0.01,-0.01,
0,20,-0.03,-10.01,-0.14,-0.01,-0.01,
0,20,-0.01,-10,-0.1,0,-0.01,
0,20,-0.01,-10,-0.1,0,-0.01,
0,20,0.04,-10.01,-0.13,0,-0.01,
0,20,0.04,-10.01,-0.13,-0.01,-0.01,
0,20,0.04,-10.01,-0.13,0,-0.01,
0,20,0.01,-10,-0.16,0,-0.01,
0,20,0.01,-10,-0.16,-0.01,-0.01,
0,20,0.01,-10,-0.16,-0.01,-0.01,
0,20,0.04,-10.06,-0.11,-0.01,-0.01,
0,20,0.04,-10.06,-0.11,-0.01,-0.01,
0,20,0.04,-10.06,-0.11,-0.01,-0.01,
0,20,0.01,-10.05,-0.09,-0.01,-0.01,
0,20,0.01,-10.05,-0.09,-0.01,-0.01,
0,20,0.01,-10.05,-0.09,-0.01,-0.01,
0,20,-0.02,-10.03,-0.13,0,-0.01,
0,20,-0.02,-10.03,-0.13,-0.01,-0.01,
0,20,-0.02,-10.03,-0.13,-0.01,-0.01,
0,20,-0.04,-10.03,-0.11,-0.01,-0.01,
0,20,-0.04,-10.03,-0.11,0,-0.01,
0,20,-0.04,-10.03,-0.11,0,-0.01,
0,20,0.05,-10.04,-0.08,-0.01,-0.01,
0,20,0.05,-10.04,-0.08,-0.01,-0.01,
0,20,0.05,-10.04,-0.08,-0.01,-0.01,
0,20,0,-10.01,-0.16,-0.01,0,
0,20,0,-10.01,-0.16,-0.01,-0.01,
0,20,0,-10.01,-0.16,-0.01,-0.01,
0,20,0,-10.02,-0.15,-0.01,-0.01,
0,20,0,-10.02,-0.15,-0.01,-0.01,
0,20,-0.02,-9.97,-0.12,-0.01,-0.01,
0,20,-0.02,-9.97,-0.12,-0.01,-0.01,
0,20,-0.02,-9.97,-0.12,-0.01,-0.01,
0,20,0,-10.03,-0.16,-0.01,-0.01,
0,20,0,-10.03,-0.16,-0.01,-0.01,
0,21,0,-10.03,-0.16,-0.01,-0.01,
0,21,0.01,-9.98,-0.1,-0.01,-0.01,
0,21,0.01,-9.98,-0.1,-0.01,-0.01,
0,21,0.01,-9.98,-0.1,-0.01,-0.01,
0,21,0,-10.02,-0.12,-0.01,-0.01,
0,21,0,-10.02,-0.12,-0.01,0,
0,21,0,-10.02,-0.12,0,-0.01,
0,21,0.02,-10.04,-0.14,0,-0.01,
0,21,0.02,-10.04,-0.14,-0.01,-0.01,
0,21,0.02,-10.04,-0.14,0,-0.01,
0,21,0,-10.05,-0.09,0,-0.01,
0,21,0,-10.05,-0.09,0,-0.01,
0,21,0,-10.05,-0.09,0,-0.01,
0,21,0.02,-10.06,-0.06,0,-0.01,
0,21,0.02,-10.06,-0.06,0,-0.01,
0,21,0.01,-10.03,-0.11,0,-0.01,
0,21,0.01,-10.03,-0.11,0,-0.01,
0,21,0.01,-10.03,-0.11,0,-0.01,
0,21,0.01,-10,-0.14,0,-0.01,
0,21,0.01,-10,-0.14,0,-0.01,
0,21,0.01,-10,-0.14,-0.01,-0.01,
0,21,-0.01,-10.04,-0.13,-0.01,-0.01,
0,21,-0.01,-10.04,-0.13,-0.01,-0.01,
0,21,-0.01,-10.04,-0.13,-0.01,-0.01,
0,21,-0.02,-10.05,-0.09,0,-0.01,
0,21,-0.02,-10.05,-0.09,0,-0.01,
0,21,-0.02,-10.05,-0.09,-0.01,-0.01,
0,21,0,-10.04,-0.12,-0.01,-0.01,
0,21,0,-10.04,-0.12,-0.01,-0.01,
0,21,0,-10.04,-0.12,-0.01,-0.01,
0,21,0.03,-10,-0.13,-0.01,-0.01,
0,21,0.03,-10,-0.13,-0.01,-0.01,
0,21,0.03,-10,-0.13,-0.01,-0.01,
0,21,0.02,-9.98,-0.13,-0.01,-0.01,
0,21,0.02,-9.98,-0.13,-0.01,-0.01,
0,21,0.02,-9.98,-0.13,-0.01,0,
0,21,0.02,-10.06,-0.11,0,-0.01,
0,21,0.02,-10.06,-0.11,0,-0.01,
0,21,0.02,-10.06,-0.11,-0.01,-0.01,
0,21,0,-10.03,-0.09,-0.01,-0.01,
0,21,0,-10.03,-0.09,-0.01,-0.01,
0,21,0,-10.03,-0.12,-0.01,-0.01,
0,21,0,-10.03,-0.12,-0.01,-0.01,
0,21,0,-10.03,-0.12,-0.01,-0.01,
0,21,-0.03,-10.05,-0.07,0,-0.01,
0,21,-0.03,-10.05,-0.07,-0.01,-0.01,
0,21,-0.03,-10.05,-0.07,-0.01,-0.01,
0,21,-0.03,-10.03,-0.11,-0.01,-0.01,
0,21,-0.03,-10.03,-0.11,-0.01,-0.01,
0,21,-0.03,-10.03,-0.11,-0.01,-0.01,
0,21,0.03,-10.05,-0.16,-0.01,-0.01,
0,21,0.03,-10.05,-0.16,-0.01,-0.01,
0,21,0.03,-10.05,-0.16,-0.01,-0.01,
0,21,-0.02,-10.03,-0.11,0,-0.01,
0,21,-0.02,-10.03,-0.11,-0.01,-0.01,
0,21,-0.02,-10.03,-0.11,-0.01,-0.01,
0,21,0.07,-10.04,-0.15,-0.01,-0.01,
0,21,0.07,-10.04,-0.15,-0.01,-0.01,
0,21,0.07,-10.04,-0.15,-0.01,-0.01,
0,21,-0.02,-10.04,-0.09,-0.01,-0.01,
0,21,-0.02,-10.04,-0.09,-0.01,-0.01,
0,21,-0.02,-10.04,-0.09,-0.01,-0.01,
0,21,-0.01,-10.03,-0.13,-0.01,-0.01,
0,21,-0.01,-10.03,-0.13,-0.01,-0.01,
0,21,-0.01,-10.03,-0.13,-0.01,-0.01,
0,21,-0.02,-10.01,-0.19,0,-0.01,
0,21,-0.02,-10.01,-0.19,0,-0.01,
0,21,-0.02,-10.01,-0.19,-0.01,-0.01,
0,21,0.05,-10,-0.07,-0.01,-0.01,
0,21,0.05,-10,-0.07,-0.01,-0.01,
0,21,0.05,-10,-0.07,-0.01,-0.01,
0,21,0.02,-10.02,-0.09,-0.01,-0.01,
0,21,0.02,-10.02,-0.09,-0.01,-0.01,
0,21,0.03,-10.06,-0.12,-0.01,-0.01,
0,21,0.03,-10.06,-0.12,-0.01,-0.01,
0,21,0.03,-10.06,-0.12,-0.01,-0.01,
0,21,0.02,-9.98,-0.11,-0.01,-0.01,
0,21,0.02,-9.98,-0.11,-0.01,-0.01,
0,21,0.02,-9.98,-0.11,-0.01,-0.01,
0,21,0.03,-10.01,-0.08,-0.01,-0.01,
0,21,0.03,-10.01,-0.08,-0.01,-0.01,
0,21,0.03,-10.01,-0.08,-0.01,-0.01,
0,21,0.04,-10.03,-0.11,-0.01,-0.01,
0,21,0.04,-10.03,-0.11,-0.01,-0.01,
0,21,0.04,-10.03,-0.11,-0.01,-0.01,
0,21,-0.03,-9.96,-0.11,-0.01,-0.01,
0,21,-0.03,-9.96,-0.11,-0.01,-0.01,
0,21,-0.03,-9.96,-0.11,-0.01,-0.01,
0,21,0.02,-10.06,-0.09,-0.01,-0.01,
0,21,0.02,-10.06,-0.09,-0.01,-0.01,
0,21,0.02,-10.06,-0.09,-0.01,-0.01,
0,21,0,-10.01,-0.1,-0.01,-0.01,
0,21,0,-10.01,-0.1,-0.01,-0.01,
0,21,0,-10.01,-0.1,-0.01,-0.01,
0,21,-0.04,-10.05,-0.11,-0.01,-0.01,
0,21,-0.04,-10.05,-0.11,-0.01,-0.01,
0,21,0.04,-10.08,-0.15,-0.01,-0.01,
0,21,0.04,-10.08,-0.15,0,-0.01,
0,21,0.04,-10.08,-0.15,0,-0.01,
0,21,0.01,-10.01,-0.1,0,-0.01,
0,21,0.01,-10.01,-0.1,-0.01,-0.01,
0,21,0.01,-10.01,-0.1,-0.01,-0.01,
0,21,0,-10.02,-0.14,-0.01,-0.01,
0,21,0,-10.02,-0.14,-0.01,-0.01,
0,21,0,-10.02,-0.14,0,-0.01,
0,21,0.07,-10.05,-0.12,0,-0.01,
0,21,0.07,-10.05,-0.12,0,-0.01,
0,21,0.07,-10.05,-0.12,-0.01,-0.01,
0,21,0.04,-10.05,-0.13,-0.01,-0.01,
0,21,0.04,-10.05,-0.13,-0.01,-0.01,
0,21,0.04,-10.05,-0.13,-0.01,-0.01,
0,21,-0.01,-10.06,-0.13,-0.01,-0.01,
0,21,-0.01,-10.06,-0.13,-0.01,-0.01,
0,21,-0.01,-10.06,-0.13,-0.01,-0.01,
0,21,-0.01,-10.06,-0.1,-0.01,-0.01,
0,21,-0.01,-10.06,-0.1,-0.01,-0.01,
0,21,0.02,-9.99,-0.12,0,-0.01,
0,21,0.02,-9.99,-0.12,0,-0.01,
0,21,0.02,-9.99,-0.12,-0.01,-0.01,
0,21,0.03,-10.03,-0.15,-0.01,-0.01,
0,21,0.03,-10.03,-0.15,-0.01,-0.01,
0,21,0.03,-10.03,-0.15,-0.01,-0.01,
0,21,0.03,-10,-0.11,-0.01,-0.01,
0,21,0.03,-10,-0.11,-0.01,-0.01,
0,21,0.03,-10,-0.11,-0.01,-0.01,
0,21,0,-10.03,-0.11,-0.01,-0.01,
0,21,0,-10.03,-0.11,-0.01,-0.01,
0,21,0,-10.03,-0.11,0,-0.01,
0,21,-0.02,-10.03,-0.08,0,-0.01,
0,21,-0.02,-10.03,-0.08,0,-0.01,
0,21,-0.02,-10.03,-0.08,-0.01,-0.01,
0,21,0,-9.97,-0.15,0,-0.01,
0,21,0,-9.97,-0.15,0,-0.01,
0,21,0.04,-10.07,-0.14,-0.01,-0.01,
0,21,0.04,-10.07,-0.14,-0.01,-0.01,
0,21,0.04,-10.07,-0.14,-0.01,-0.01,
0,21,0.01,-10.01,-0.1,-0.01,-0.01,
0,21,0.01,-10.01,-0.1,-0.01,-0.01,
0,21,0.01,-10.01,-0.1,-0.01,-0.01,
0,21,0.02,-10.03,-0.09,-0.01,-0.01,
0,21,0.02,-10.03,-0.09,-0.01,-0.01,
0,21,0.02,-10.03,-0.09,-0.01,-0.01,
0,21,0,-10.06,-0.17,0,-0.01,
0,21,0,-10.06,-0.17,-0.01,-0.01,
0,21,0,-10.06,-0.17,-0.01,-0.01,
0,21,0.04,-10.06,-0.11,-0.01,-0.01,
0,21,0.04,-10.06,-0.11,0,-0.01,
0,21,0.04,-10.06,-0.11,0,-0.01,
0,21,0.02,-10.02,-0.12,0,-0.01,
0,21,0.02,-10.02,-0.12,0,-0.01,
0,21,0.02,-10.02,-0.12,0,-0.01,
0,21,0,-10.01,-0.1,-0.01,-0.01,
0,21,0,-10.01,-0.1,-0.01,-0.01,
0,21,0.04,-10.02,-0.12,-0.01,-0.01,
0,21,0.04,-10.02,-0.12,-0.01,-0.01,
0,22,0.04,-10.02,-0.12,-0.01,-0.01,
0,22,-0.04,-9.96,-0.15,-0.01,-0.01,
0,22,-0.04,-9.96,-0.15,-0.01,-0.01,
0,22,-0.04,-9.96,-0.15,-0.01,-0.01,
0,22,0.01,-10.04,-0.09,-0.01,-0.01,
0,22,0.01,-10.04,-0.09,-0.01,-0.01,
0,22,0.01,-10.04,-0.09,-0.01,-0.01,
0,22,0.04,-9.98,-0.09,-0.01,-0.01,
0,22,0.04,-9.98,-0.09,-0.01,-0.01,
0,22,0.04,-9.98,-0.09,-0.01,-0.01,
0,22,0.03,-10.01,-0.16,-0.01,-0.01,
0,22,0.03,-10.01,-0.16,-0.01,-0.01,
0,22,0.03,-10.01,-0.16,-0.01,-0.01,
0,22,-0.04,-10.02,-0.09,-0.01,-0.01,
0,22,-0.04,-10.02,-0.09,-0.01,-0.01,
0,22,-0.04,-10.02,-0.09,-0.01,-0.01,
0,22,0.07,-10.02,-0.14,-0.01,-0.01,
0,22,0.07,-10.02,-0.14,-0.01,-0.01,
0,22,-0.01,-10.02,-0.15,-0.01,-0.01,
0,22,-0.01,-10.02,-0.15,-0.01,-0.01,
0,22,-0.01,-10.02,-0.15,-0.01,-0.01,
0,22,0.04,-9.97,-0.1,-0.01,0,
0,22,0.04,-9.97,-0.1,-0.01,0,
0,22,0.04,-9.97,-0.1,-0.01,-0.01,
0,22,0.01,-9.96,-0.06,-0.01,-0.01,
0,22,0.01,-9.96,-0.06,-0.01,-0.01,
0,22,0.01,-9.96,-0.06,-0.01,-0.01,
0,22,0.07,-10.07,-0.18,-0.01,-0.01,
0,22,0.07,-10.07,-0.18,0,-0.01,
0,22,0.07,-10.07,-0.18,0,-0.01,
0,22,-0.1,-10.02,-0.12,-0.01,-0.01,
0,22,-0.1,-10.02,-0.12,-0.01,-0.01,
0,22,0.04,-10.02,-0.13,-0.01,-0.01,
0,22,0.04,-10.02,-0.13,0,-0.01,
0,22,0.04,-10.02,-0.13,-0.01,-0.01,
0,22,0.07,-9.95,-0.1,-0.01,-0.01,
0,22,0.07,-9.95,-0.1,0,-0.01,
0,22,0.07,-9.95,-0.1,-0.01,-0.01,
0,22,0.01,-10.04,-0.15,-0.01,-0.01,
0,22,0.01,-10.04,-0.15,-0.01,-0.01,
0,22,0.01,-10.04,-0.15,-0.01,-0.01,
0,22,0.04,-9.98,-0.14,-0.01,-0.01,
0,22,0.04,-9.98,-0.14,-0.01,-0.01,
0,22,0.02,-10.01,-0.05,-0.01,-0.01,
0,22,0.02,-10.01,-0.05,0,-0.01,
0,22,0.02,-10.01,-0.05,0,-0.01,
0,22,0.08,-10.01,-0.1,0,-0.01,
0,22,0.08,-10.01,-0.1,-0.01,-0.01,
0,22,0.08,-10.01,-0.1,-0.01,-0.01,
0,22,0.02,-10.03,-0.12,-0.01,-0.01,
0,22,0.02,-10.03,-0.12,-0.01,-0.01,
0,22,0.02,-10.03,-0.12,-0.01,-0.01,
0,22,-0.01,-10.09,-0.15,0,-0.01,
0,22,-0.01,-10.09,-0.15,0,-0.01,
0,22,-0.01,-10.09,-0.15,0,-0.01,
0,22,-0.05,-10.06,-0.13,-0.01,-0.01,
0,22,-0.05,-10.06,-0.13,-0.01,-0.01,
0,22,-0.05,-10.06,-0.13,-0.01,-0.01,
0,22,0,-10.04,-0.13,-0.01,-0.01,
0,22,0,-10.04,-0.13,-0.01,-0.01,
0,22,0,-10.04,-0.13,-0.01,-0.01,
0,22,0.02,-10.03,-0.08,-0.01,-0.01,
0,22,0.02,-10.03,-0.08,-0.01,-0.01,
0,22,0.03,-10,-0.08,-0.01,-0.01,
0,22,0.03,-10,-0.08,-0.01,-0.01,
0,22,0.03,-10,-0.08,-0.01,-0.01,
0,22,0.03,-10.03,-0.12,-0.01,-0.01,
0,22,0.03,-10.03,-0.12,-0.01,-0.01,
0,22,0.03,-10.03,-0.12,-0.01,-0.01,
0,22,0.05,-10.03,-0.15,-0.01,-0.01,
0,22,0.05,-10.03,-0.15,0,-0.01,
0,22,0.05,-10.03,-0.15,-0.01,-0.01,
0,22,-0.01,-10.04,-0.15,-0.01,-0.01,
0,22,-0.01,-10.04,-0.15,-0.01,-0.01,
0,22,-0.01,-10.04,-0.15,-0.01,-0.01,
0,22,0.01,-10.04,-0.13,-0.01,-0.01,
0,22,0.01,-10.04,-0.13,-0.01,-0.01,
0,22,0.01,-10.04,-0.13,-0.01,-0.01,
0,22,-0.03,-10.07,-0.12,-0.01,-0.01,
0,22,-0.03,-10.07,-0.12,-0.01,-0.01,
0,22,0.04,-10.01,-0.19,-0.01,-0.01,
0,22,0.04,-10.01,-0.19,-0.01,-0.01,
0,22,0.04,-10.01,-0.19,0,0,
0,22,0.02,-10,-0.13,-0.01,-0.01,
0,22,0.02,-10,-0.13,-0.01,-0.01,
0,22,0.02,-10,-0.13,-0.01,-0.01,
0,22,0.03,-10.04,-0.13,-0.01,-0.01,
0,22,0.03,-10.04,-0.13,-0.01,-0.01,
0,22,0.03,-10.04,-0.13,-0.01,-0.01,
0,22,0.05,-10.01,-0.09,-0.01,-0.01,
0,22,0.05,-10.01,-0.09,-0.01,-0.01,
0,22,0.05,-10.01,-0.09,-0.01,0,
0,22,-0.01,-10.02,-0.07,0,-0.01,
0,22,-0.01,-10.02,-0.07,0,-0.01,
0,22,-0.01,-10.02,-0.07,-0.01,-0.01,
0,22,0.08,-10.01,-0.1,-0.01,-0.01,
0,22,0.08,-10.01,-0.1,-0.01,-0.01,
0,22,0.08,-10.01,-0.1,-0.01,-0.01,
0,22,0.07,-10.08,-0.13,-0.01,-0.01,
0,22,0.07,-10.08,-0.13,-0.01,-0.01,
0,22,0.07,-10.08,-0.13,0,-0.01,
0,22,0,-10.05,-0.21,0,-0.01,
0,22,0,-10.05,-0.21,-0.01,-0.01,
0,22,0,-10.05,-0.21,-0.01,-0.01,
0,22,0.14,-10.07,-0.05,-0.01,-0.01,
0,22,0.14,-10.07,-0.05,-0.01,-0.01,
0,22,0.14,-10.07,-0.05,-0.01,-0.01,
0,22,-0.1,-9.98,-0.04,-0.01,-0.01,
0,22,-0.1,-9.98,-0.04,-0.01,-0.01,
0,22,-0.1,-9.98,-0.04,-0.01,-0.01,
0,22,0.06,-10.07,-0.13,-0.01,-0.01,
0,22,0.06,-10.07,-0.13,-0.01,-0.01,
0,22,0.06,-10.07,-0.13,0,-0.01,
0,22,-0.16,-10.1,-0.13,0,-0.01,
0,22,-0.16,-10.1,-0.13,-0.01,-0.01,
0,22,0.03,-10.07,-0.18,-0.01,-0.01,
0,22,0.03,-10.07,-0.18,-0.01,-0.01,
0,22,0.03,-10.07,-0.18,-0.01,-0.01,
0,22,0.05,-10,-0.1,-0.01,-0.01,
0,22,0.05,-10,-0.1,-0.01,-0.01,
0,22,0.05,-10,-0.1,-0.01,-0.01,
0,22,0.01,-10.05,-0.13,-0.01,-0.01,
0,22,0.01,-10.05,-0.13,-0.01,-0.01,
0,22,0.01,-10.05,-0.13,-0.01,-0.01,
0,22,-0.01,-10.03,-0.11,-0.01,0,
0,22,-0.01,-10.03,-0.11,-0.01,0,
0,22,-0.01,-10.03,-0.11,-0.01,-0.01,
0,22,-0.02,-10.06,-0.15,0,-0.01,
0,22,-0.02,-10.06,-0.15,0,-0.01,
0,22,-0.02,-10.06,-0.15,-0.01,-0.01,
0,22,0.12,-9.99,-0.09,-0.01,-0.01,
0,22,0.12,-9.99,-0.09,-0.01,-0.01,
0,22,-0.09,-10.14,-0.11,-0.01,-0.01,
0,22,-0.09,-10.14,-0.11,-0.01,-0.01,
0,22,-0.09,-10.14,-0.11,0,-0.01,
0,22,-0.08,-10.13,-0.12,0,-0.01,
0,22,-0.08,-10.13,-0.12,0,-0.01,
0,22,-0.08,-10.13,-0.12,-0.01,-0.01,
0,22,0.04,-10.04,-0.11,-0.01,-0.01,
0,22,0.04,-10.04,-0.11,-0.01,-0.01,
0,22,0.04,-10.04,-0.11,-0.01,-0.01,
0,22,-0.03,-9.99,-0.13,-0.01,-0.01,
0,22,-0.03,-9.99,-0.13,0,-0.01,
0,22,-0.03,-9.99,-0.13,-0.01,-0.01,
0,22,0.07,-10.1,-0.11,-0.01,-0.01,
0,22,0.07,-10.1,-0.11,-0.01,-0.01,
0,22,0.02,-9.94,-0.12,0,-0.01,
0,22,0.02,-9.94,-0.12,0,-0.01,
0,22,0.02,-9.94,-0.12,-0.01,-0.01,
0,22,0.06,-10.01,-0.1,-0.01,-0.01,
0,22,0.06,-10.01,-0.1,-0.01,-0.01,
0,22,0.06,-10.01,-0.1,-0.01,-0.01,
0,22,0.04,-9.99,-0.06,-0.01,-0.01,
0,22,0.04,-9.99,-0.06,-0.01,-0.01,
0,23,0.04,-9.99,-0.06,-0.01,-0.01,
0,23,-0.03,-10.07,-0.21,0,-0.01,
0,23,-0.03,-10.07,-0.21,0,-0.01,
0,23,-0.03,-10.07,-0.21,-0.01,-0.01,
0,23,0.06,-10.06,-0.18,-0.01,-0.01,
0,23,0.06,-10.06,-0.18,-0.01,-0.01,
0,23,0.06,-10.06,-0.18,0,-0.01,
0,23,0.04,-10.04,-0.09,-0.01,-0.01,
0,23,0.04,-10.04,-0.09,-0.01,-0.01,
0,23,0.07,-9.98,-0.07,-0.01,-0.01,
0,23,0.07,-9.98,-0.07,-0.01,-0.01,
0,23,0.07,-9.98,-0.07,0,-0.01,
0,23,0.03,-10.06,-0.1,0,-0.01,
0,23,0.03,-10.06,-0.1,-0.01,-0.01,
0,23,0.03,-10.06,-0.1,0,-0.01,
0,23,-0.02,-10.02,-0.14,0,-0.01,
0,23,-0.02,-10.02,-0.14,-0.01,-0.01,
0,23,-0.02,-10.02,-0.14,-0.01,-0.01,
0,23,0.02,-10.06,-0.11,-0.01,-0.01,
0,23,0.02,-10.06,-0.11,-0.01,-0.01,
0,23,0.02,-10.06,-0.11,0,-0.01,
0,23,0.08,-10.01,-0.11,0,-0.01,
0,23,0.08,-10.01,-0.11,0,-0.01,
0,23,0.08,-10.01,-0.11,-0.01,-0.01,
0,23,0,-10.04,-0.16,-0.01,-0.01,
0,23,0,-10.04,-0.16,-0.01,-0.01,
0,23,0.04,-10.07,-0.11,0,-0.01,
0,23,0.04,-10.07,-0.11,0,-0.01,
0,23,0.04,-10.07,-0.11,-0.01,-0.01,
0,23,0.04,-10.07,-0.11,-0.01,-0.01,
0,23,0.08,-10.08,-0.11,0,-0.01,
0,23,0.08,-10.08,-0.11,-0.01,-0.01,
0,23,0.02,-9.99,-0.11,-0.01,-0.01,
0,23,0.02,-9.99,-0.11,-0.01,-0.01,
0,23,0.02,-9.99,-0.11,-0.01,-0.01,
0,23,0.02,-10.05,-0.1,-0.01,-0.01,
0,23,0.02,-10.05,-0.1,-0.01,-0.01,
0,23,0.02,-10.05,-0.1,-0.01,-0.01,
0,23,0.01,-10,-0.11,-0.01,-0.01,
0,23,0.01,-10,-0.11,-0.01,-0.01,
0,23,0.01,-10,-0.11,0,-0.01,
0,23,0.06,-10.03,-0.04,0,-0.01,
0,23,0.06,-10.03,-0.04,0,-0.01,
0,23,0.06,-10.03,-0.04,-0.01,-0.01,
0,23,0.06,-10,-0.08,-0.01,-0.01,
0,23,0.06,-10,-0.08,-0.01,-0.01,
0,23,0.06,-10,-0.08,-0.01,-0.01,
0,23,0,-10.02,-0.08,-0.01,-0.01,
0,23,0,-10.02,-0.08,-0.01,-0.01,
0,23,0,-10.02,-0.08,-0.01,-0.01,
0,23,0.03,-10.05,-0.09,-0.01,-0.01,
0,23,0.03,-10.05,-0.09,-0.01,-0.01,
0,23,0.03,-10.05,-0.09,-0.01,-0.01,
0,23,0.02,-10.01,-0.13,0,-0.01,
0,23,0.02,-10.01,-0.13,-0.01,-0.01,
0,23,0.02,-10.01,-0.13,-0.01,-0.01,
0,23,0.06,-10.02,-0.15,-0.01,-0.01,
0,23,0.06,-10.02,-0.15,-0.01,-0.01,
0,23,0.06,-10.02,-0.15,-0.01,-0.01,
0,23,0,-10.04,-0.11,-0.01,-0.01,
0,23,0,-10.04,-0.11,-0.01,-0.01,
0,23,0,-10.04,-0.11,-0.01,-0.01,
0,23,0.01,-10.07,-0.12,-0.01,-0.01,
0,23,0.01,-10.07,-0.12,-0.01,-0.01,
0,23,0.01,-10.07,-0.12,-0.01,-0.01,
0,23,-0.01,-10,-0.13,-0.01,-0.01,
0,23,-0.01,-10,-0.13,-0.01,-0.01,
0,23,-0.01,-10,-0.13,-0.01,-0.01,
0,23,-0.01,-9.99,-0.09,-0.01,-0.01,
0,23,-0.01,-9.99,-0.09,0,-0.01,
0,23,-0.01,-9.99,-0.09,0,-0.01,
0,23,-0.04,-10,-0.16,-0.01,-0.01,
0,23,-0.04,-10,-0.16,0,-0.01,
0,23,0,-10.12,-0.12,0,-0.01,
0,23,0,-10.12,-0.12,-0.01,-0.01,
0,23,0,-10.12,-0.12,0,-0.01,
0,23,-0.06,-10.07,-0.11,0,-0.01,
0,23,-0.06,-10.07,-0.11,-0.01,-0.01,
0,23,-0.06,-10.07,-0.11,0,-0.01,
0,23,0.05,-10.02,-0.06,0,-0.01,
0,23,0.05,-10.02,-0.06,0,-0.01,
0,23,0.05,-10.02,-0.06,0,-0.01,
0,23,0.13,-9.98,0,0,-0.01,
0,23,0.13,-9.98,0,-0.01,0,
0,23,0.13,-9.98,0,-0.01,0,
0,23,0,-10.03,-0.11,-0.01,-0.01,
0,23,0,-10.03,-0.11,0,-0.01,
0,23,0,-10.03,-0.11,0,-0.01,
0,23,-0.01,-10.04,-0.23,-0.01,0,
0,23,-0.01,-10.04,-0.23,-0.01,-0.01,
0,23,-0.01,-10.04,-0.23,-0.01,-0.01,
0,23,-0.07,-10.03,-0.18,0,-0.01,
0,23,-0.07,-10.03,-0.18,-0.01,-0.01,
0,23,-0.07,-10.03,-0.18,-0.01,-0.01,
0,23,0.08,-9.98,-0.05,0,-0.01,
0,23,0.08,-9.98,-0.05,0,-0.01,
0,23,0.08,-9.97,-0.02,0,-0.01,
0,23,0.08,-9.97,-0.02,-0.01,-0.01,
0,23,0.08,-9.97,-0.02,-0.01,-0.01,
0,23,-0.12,-10.1,-0.2,-0.01,-0.01,
0,23,-0.12,-10.1,-0.2,0,-0.01,
0,23,-0.12,-10.1,-0.2,0,-0.01,
0,23,-0.05,-10.05,-0.18,0,-0.01,
0,23,-0.05,-10.05,-0.18,0,-0.01,
0,23,-0.05,-10.05,-0.18,0,-0.01,
0,23,0.2,-9.92,0.05,0,-0.01,
0,23,0.2,-9.92,0.05,-0.01,-0.01,
0,23,0.2,-9.92,0.05,-0.01,-0.01,
0,23,0.06,-10,-0.03,-0.01,-0.01,
0,23,0.06,-10,-0.03,-0.01,-0.01,
0,23,0.06,-10,-0.03,-0.01,-0.01,
0,23,-0.1,-10.04,-0.23,-0.01,-0.01,
0,23,-0.1,-10.04,-0.23,0,-0.01,
0,23,-0.1,-10.04,-0.23,0,-0.01,
0,23,-0.11,-10.15,-0.23,0,-0.01,
0,23,-0.11,-10.15,-0.23,0,-0.01,
0,23,0.04,-9.96,-0.08,-0.01,-0.01,
0,23,0.04,-9.96,-0.08,-0.01,-0.01,
0,23,0.04,-9.96,-0.08,0,-0.01,
0,23,0.17,-10,-0.02,0,-0.01,
0,23,0.17,-10,-0.02,0,-0.01,
0,23,0.17,-10,-0.02,0,-0.01,
0,23,0.01,-10.08,-0.15,-0.01,-0.01,
0,23,0.01,-10.08,-0.15,-0.01,-0.01,
0,23,0.01,-10.08,-0.15,-0.01,-0.01,
0,23,-0.03,-10.04,-0.1,0,-0.01,
0,23,0,-10.03,-0.19,-0.01,-0.01,
0,24,-0.04,-10.01,-0.08,0,-0.01,
0,24,-0.01,-10.08,-0.18,-0.01,-0.01,
0,24,0.01,-10.03,-0.11,-0.01,-0.01,
0,24,0.05,-10.06,-0.07,-0.01,-0.01,
0,25,-0.05,-10.03,-0.09,-0.01,-0.01,
0,25,0.04,-10.04,-0.18,-0.01,-0.01,
0,25,0.04,-10.04,-0.18,-0.01,-0.01,
0,25,0.03,-10.05,-0.16,-0.01,-0.01,
0,25,0.03,-10.05,-0.16,-0.01,-0.01,
0,25,0.03,-10.05,-0.16,-0.01,-0.01,
0,25,0,-9.99,-0.09,-0.01,-0.01,
0,25,0,-9.99,-0.09,-0.01,-0.01,
0,25,0,-9.99,-0.09,-0.01,-0.01,
0,25,-0.01,-10.08,-0.11,-0.01,-0.01,
0,25,-0.01,-10.08,-0.11,-0.01,-0.01,
0,25,-0.01,-10.08,-0.11,-0.01,-0.01,
0,25,0.02,-10.04,-0.1,0,-0.01,
0,25,0.02,-10.04,-0.1,0,-0.01,
0,25,0.02,-10.04,-0.1,-0.01,-0.01,
0,25,-0.06,-10.01,-0.03,-0.01,-0.01,
0,25,-0.06,-10.01,-0.03,-0.01,-0.01,
0,25,-0.06,-10.01,-0.03,-0.01,-0.01,
0,25,-0.02,-10,-0.09,-0.01,-0.01,
0,25,-0.02,-10,-0.09,-0.01,-0.01,
0,25,-0.02,-10,-0.09,-0.01,-0.01,
0,25,0.04,-9.99,-0.16,-0.01,-0.01,
0,25,0.04,-9.99,-0.16,-0.01,-0.01,
0,25,0.04,-9.99,-0.16,0,-0.01,
0,25,0.01,-10.11,-0.15,0,-0.01,
0,25,0.01,-10.11,-0.15,0,-0.01,
0,25,0.01,-10.11,-0.15,-0.01,-0.01,
0,25,0.01,-10.02,-0.18,-0.01,-0.01,
0,25,0.01,-10.02,-0.18,-0.01,-0.01,
0,25,0.01,-10.02,-0.18,0,-0.01,
0,25,0.01,-10.06,-0.12,0,-0.01,
0,25,0.01,-10.06,-0.12,-0.01,-0.01,
0,25,-0.03,-10,-0.11,-0.01,-0.01,
0,25,-0.03,-10,-0.11,-0.01,-0.01,
0,25,-0.03,-10,-0.11,0,-0.01,
0,25,-0.03,-10.08,-0.09,-0.01,-0.01,
0,25,-0.03,-10.08,-0.09,-0.01,-0.01,
0,25,-0.03,-10.08,-0.09,-0.01,-0.01,
0,25,0.01,-10.05,-0.07,-0.01,-0.01,
0,25,0.01,-10.05,-0.07,-0.01,-0.01,
0,25,0.01,-10.05,-0.07,-0.01,-0.01,
0,25,0,-10.07,-0.1,-0.02,-0.01,
0,25,0,-10.07,-0.1,-0.02,-0.01,
0,25,0,-10.07,-0.1,0,-0.01,
0,25,0.03,-9.99,-0.13,-0.01,-0.01,
0,25,0.03,-9.99,-0.13,-0.01,-0.01,
0,25,0.03,-9.99,-0.13,-0.01,0,
0,25,0.03,-10.03,-0.16,-0.01,-0.01,
0,25,0.03,-10.03,-0.16,-0.01,-0.01,
0,25,0.03,-10.03,-0.16,0,-0.01,
0,25,0.09,-10.02,-0.11,0,-0.01,
0,25,0.09,-10.02,-0.11,0,-0.01,
0,25,0.09,-10.02,-0.11,-0.01,-0.01,
0,25,0.09,-9.98,-0.16,-0.01,-0.01,
0,25,0.09,-9.98,-0.16,-0.01,-0.01,
0,25,0.09,-9.98,-0.16,-0.01,-0.01,
0,25,0.01,-10.04,-0.11,-0.01,-0.01,
0,25,0.01,-10.04,-0.11,-0.01,-0.01,
0,25,0.01,-10.01,-0.13,0,-0.01,
0,25,0.01,-10.01,-0.13,0,-0.01,
0,25,0.01,-10.01,-0.13,0,-0.01,
0,25,-0.04,-10.02,-0.08,-0.01,-0.01,
0,25,-0.04,-10.02,-0.08,-0.01,-0.01,
0,25,-0.04,-10.02,-0.08,-0.01,-0.01,
0,25,-0.07,-10.02,-0.1,-0.01,-0.01,
0,25,-0.07,-10.02,-0.1,0,-0.01,
0,25,-0.07,-10.02,-0.1,0,-0.01,
0,25,-0.03,-10.09,-0.11,0,-0.01,
0,25,-0.03,-10.09,-0.11,-0.02,-0.01,
0,25,-0.03,-10.09,-0.11,-0.02,-0.01,
0,25,0.04,-10.08,-0.06,-0.01,-0.01,
0,25,0.04,-10.08,-0.06,-0.01,-0.01,
0,25,0.04,-10.08,-0.06,-0.01,-0.01,
0,25,0.05,-10.06,-0.12,-0.01,-0.01,
0,25,0.05,-10.06,-0.12,-0.01,-0.01,
0,25,0.05,-10.06,-0.12,-0.01,-0.01,
0,25,0.02,-10.08,-0.14,-0.01,-0.01,
0,25,0.02,-10.08,-0.14,-0.01,-0.01,
0,25,0.03,-10.1,-0.17,-0.01,-0.01,
0,25,0.03,-10.1,-0.17,-0.01,-0.01,
0,25,0.03,-10.1,-0.17,0,-0.02,
0,25,0.07,-9.95,-0.11,0,-0.02,
0,25,0.07,-9.95,-0.11,-0.01,-0.01,
0,25,0.07,-9.95,-0.11,0,-0.01,
0,25,-0.02,-10.06,-0.08,0,-0.01,
0,25,-0.02,-10.06,-0.08,-0.01,-0.01,
0,25,-0.02,-10.06,-0.08,0,-0.01,
0,25,-0.01,-10.06,-0.16,0,-0.01,
0,25,-0.01,-10.06,-0.16,0,-0.01,
0,25,-0.01,-10.06,-0.16,-0.01,-0.01,
0,25,0,-10.01,-0.11,-0.01,-0.01,
0,25,0,-10.01,-0.11,-0.01,-0.01,
0,25,0.06,-10.01,-0.06,-0.01,-0.01,
0,25,0.06,-10.01,-0.06,-0.01,-0.01,
0,25,0.06,-10.01,-0.06,-0.01,-0.01,
0,25,0.05,-10,-0.07,0,-0.01,
0,25,0.05,-10,-0.07,0,-0.01,
0,25,0.05,-10,-0.07,0,-0.01,
0,25,0.01,-10.07,-0.14,-0.01,-0.01,
0,25,0.01,-10.07,-0.14,0,-0.01,
0,25,0.01,-10.07,-0.14,0,-0.01,
0,25,0.02,-10.05,-0.14,-0.01,-0.01,
0,25,0.02,-10.05,-0.14,0,-0.01,
0,25,0.02,-10.05,-0.14,0,-0.01,
0,25,0.06,-10.01,-0.04,-0.01,-0.01,
0,25,0.06,-10.01,-0.04,-0.01,-0.01,
0,25,0.06,-10.01,-0.04,0,-0.01,
0,25,0.01,-10.08,-0.17,-0.01,-0.01,
0,25,0.01,-10.08,-0.17,-0.01,-0.01,
0,25,0.01,-10.08,-0.17,0,-0.01,
0,25,0.09,-10.01,-0.09,0,-0.01,
0,25,0.09,-10.01,-0.09,0,-0.01,
0,25,0.09,-10.01,-0.09,-0.01,-0.01,
0,25,0.06,-10.02,-0.08,-0.01,-0.01,
0,25,0.06,-10.02,-0.08,-0.01,-0.01,
0,25,0,-10.09,-0.16,-0.01,-0.01,
0,25,0,-10.09,-0.16,-0.01,-0.01,
0,25,0,-10.09,-0.16,-0.01,-0.01,
0,25,-0.03,-10.04,-0.07,-0.01,-0.01,
0,25,-0.03,-10.04,-0.07,-0.01,-0.01,
0,25,-0.03,-10.04,-0.07,-0.01,-0.01,
0,25,-0.01,-9.99,-0.11,-0.01,-0.01,
0,25,-0.01,-9.99,-0.11,0,-0.01,
0,25,-0.01,-9.99,-0.11,0,-0.01,
0,25,0.07,-10.07,-0.12,0,-0.01,
0,25,0.07,-10.07,-0.12,-0.01,-0.01,
0,25,0.07,-10.07,-0.12,-0.01,-0.01,
0,25,0.03,-10,-0.18,-0.01,-0.01,
0,26,0.03,-10,-0.18,-0.01,-0.01,
0,26,0.03,-10,-0.18,0,-0.01,
0,26,-0.03,-9.97,-0.22,0,-0.01,
0,26,-0.03,-9.97,-0.22,-0.01,-0.01,
0,26,-0.03,-9.97,-0.22,-0.01,-0.01,
0,26,0.09,-10.02,-0.21,-0.01,-0.01,
0,26,0.09,-10.02,-0.21,-0.01,-0.01,
0,26,0.08,-9.91,-0.08,0,-0.01,
0,26,0.08,-9.91,-0.08,0,-0.01,
0,26,0.08,-9.91,-0.08,0,-0.01,
0,26,0.05,-9.96,-0.02,0,-0.01,
0,26,0.05,-9.96,-0.02,-0.01,-0.01,
0,26,0.05,-9.96,-0.02,-0.01,-0.01,
0,26,-0.03,-10.05,-0.06,-0.01,-0.01,
0,26,-0.03,-10.05,-0.06,-0.01,-0.01,
0,26,-0.03,-10.05,-0.06,0,-0.01,
0,26,-0.05,-10.04,-0.03,0,-0.01,
0,26,-0.05,-10.04,-0.03,-0.01,-0.01,
0,26,-0.05,-10.04,-0.03,-0.01,-0.01,
0,26,-0.02,-9.97,0,-0.01,-0.01,
0,26,-0.02,-9.97,0,-0.01,-0.01,
0,26,-0.02,-9.97,0,-0.01,-0.01,
0,26,-0.06,-10.04,-0.18,-0.01,-0.01,
0,26,-0.06,-10.04,-0.18,0,-0.01,
0,26,-0.06,-10.04,-0.18,-0.01,-0.02,
0,26,0.02,-10.05,-0.21,-0.01,-0.02,
0,26,0.02,-10.05,-0.21,-0.01,-0.01,
0,26,0.02,-10.05,-0.21,-0.01,-0.01,
0,26,0.06,-10.13,-0.2,-0.01,-0.01,
0,26,0.06,-10.13,-0.2,-0.01,-0.01,
0,26,0.15,-10.06,-0.2,-0.01,-0.01,
0,26,0.15,-10.06,-0.2,-0.01,-0.01,
0,26,0.15,-10.06,-0.2,-0.01,-0.01,
0,26,0.05,-10.06,-0.13,-0.01,-0.01,
0,26,0.05,-10.06,-0.13,-0.01,0,
0,26,0.05,-10.06,-0.13,-0.01,0,
0,26,-0.01,-9.99,-0.15,-0.01,-0.01,
0,26,-0.01,-9.99,-0.15,0,-0.01,
0,26,-0.01,-9.99,-0.15,0,-0.01,
0,26,-0.02,-9.99,0,0,-0.01,
0,26,-0.02,-9.99,0,-0.01,-0.01,
0,26,-0.02,-9.99,0,-0.01,-0.01,
0,26,0.01,-9.93,-0.06,0,-0.01,
0,26,0.01,-9.93,-0.06,-0.01,0,
0,26,0.01,-9.93,-0.06,-0.01,0,
0,26,0.02,-10.08,-0.17,-0.01,-0.01,
0,26,0.02,-10.08,-0.17,0,-0.01,
0,26,0.03,-10.05,-0.15,0,-0.01,
0,26,0.03,-10.05,-0.15,-0.01,-0.01,
0,26,0.03,-10.05,-0.15,-0.01,-0.01,
0,26,0.02,-10.02,-0.12,-0.01,-0.01,
0,26,0.02,-10.02,-0.12,-0.01,-0.01,
0,26,0.02,-10.02,-0.12,0,-0.01,
0,26,0.07,-10.01,-0.17,0,-0.01,
0,26,0.07,-10.01,-0.17,-0.01,-0.01,
0,26,0.07,-10.01,-0.17,-0.01,-0.01,
0,26,-0.01,-10.02,-0.12,0,-0.01,
0,26,-0.01,-10.02,-0.12,0,-0.01,
0,26,-0.01,-10.02,-0.12,0,-0.01,
0,26,-0.01,-10.06,-0.07,0,-0.01,
0,26,-0.01,-10.06,-0.07,-0.01,-0.01,
0,26,-0.01,-10.06,-0.07,-0.01,-0.01,
0,26,0.03,-9.97,-0.03,-0.01,-0.01,
0,26,0.03,-9.97,-0.03,-0.01,-0.01,
0,26,0.03,-9.97,-0.03,-0.01,-0.01,
0,26,-0.01,-9.94,-0.08,0,-0.01,
0,26,-0.01,-9.94,-0.08,-0.01,-0.01,
0,26,-0.01,-9.94,-0.08,-0.01,-0.01,
0,26,0.02,-10.06,-0.11,-0.01,-0.01,
0,26,0.02,-10.06,-0.11,0,-0.01,
0,26,0.02,-10.06,-0.11,0,-0.01,
0,26,0.01,-10.01,-0.15,-0.01,-0.01,
0,26,0.01,-10.01,-0.15,-0.01,-0.01,
0,26,0.01,-10.01,-0.15,-0.01,-0.01,
0,26,-0.04,-10.08,-0.13,-0.01,-0.01,
0,26,-0.04,-10.08,-0.13,-0.01,-0.01,
0,26,-0.04,-10.08,-0.13,0,-0.01,
0,26,0.05,-9.99,-0.1,-0.01,-0.01,
0,26,0.05,-9.99,-0.1,-0.01,-0.01,
0,26,0.05,-9.99,-0.1,-0.01,-0.01,
0,26,0.06,-9.93,-0.03,-0.01,-0.01,
0,26,0.06,-9.93,-0.03,-0.01,-0.01,
0,26,-0.02,-10.05,-0.1,-0.01,-0.01,
0,26,-0.02,-10.05,-0.1,-0.01,-0.01,
0,26,-0.02,-10.05,-0.1,-0.01,-0.01,
0,26,-0.11,-10.03,-0.15,0,-0.01,
0,26,-0.11,-10.03,-0.15,0,-0.01,
0,26,-0.11,-10.03,-0.15,0,-0.01,
0,26,0,-10.04,-0.08,0,-0.01,
0,26,0,-10.04,-0.08,-0.01,-0.01,
0,26,0.04,-10,-0.07,0,-0.01,
0,26,0.04,-10,-0.07,-0.01,-0.01,
0,26,0,-10.02,-0.08,-0.01,-0.01,
0,26,0,-10.02,-0.08,-0.01,-0.01,
0,26,0.09,-9.99,-0.12,-0.01,0,
0,26,0.09,-9.99,-0.12,-0.01,0,
0,26,0.09,-9.99,-0.12,0,-0.01,
0,26,0.04,-10.06,-0.17,-0.01,-0.01,
0,26,0.04,-10.06,-0.17,-0.01,-0.01,
0,26,0.04,-10.06,-0.17,-0.01,-0.02,
0,26,0.08,-10.04,-0.16,0,-0.01,
0,26,0.08,-10.04,-0.16,0,-0.01,
0,26,0.08,-10.04,-0.16,0,-0.01,
0,26,0,-9.96,-0.11,0,-0.01,
0,26,0,-9.96,-0.11,0,-0.01,
0,26,0,-9.96,-0.11,-0.01,-0.01,
0,26,0.03,-10.03,-0.11,-0.01,-0.01,
0,26,0.03,-10.03,-0.11,-0.01,-0.01,
0,26,0.03,-10.03,-0.11,-0.01,-0.01,
0,26,0.03,-10.03,-0.07,-0.01,-0.01,
0,26,0.03,-10.03,-0.07,-0.01,-0.01,
0,26,0.03,-10.03,-0.07,-0.01,-0.01,
0,26,-0.04,-9.97,-0.06,-0.01,-0.01,
0,26,-0.04,-9.97,-0.06,-0.01,-0.01,
0,26,-0.01,-10.02,-0.14,-0.01,-0.01,
0,26,-0.01,-10.02,-0.14,0,-0.01,
0,26,-0.01,-10.02,-0.14,0,-0.01,
0,26,-0.06,-10.07,-0.19,-0.01,-0.01,
0,26,-0.06,-10.07,-0.19,-0.01,-0.01,
0,26,-0.06,-10.07,-0.19,-0.01,-0.01,
0,26,0.02,-10.05,-0.15,0,-0.01,
0,26,0.02,-10.05,-0.15,0,-0.01,
0,26,0.02,-10.05,-0.15,0,-0.01,
0,26,0.12,-10.03,-0.1,-0.01,-0.01,
0,26,0.12,-10.03,-0.1,-0.01,-0.01,
0,26,0.12,-10.03,-0.1,-0.01,-0.01,
0,26,0.03,-10.03,-0.07,-0.01,-0.01,
0,26,0.03,-10.03,-0.07,0,-0.01,
0,26,0.03,-10.03,-0.07,0,-0.01,
0,26,0,-10.07,-0.1,0,-0.01,
0,26,0,-10.07,-0.1,0,-0.01,
0,26,0.06,-10.04,-0.08,0,-0.01,
0,26,0.06,-10.04,-0.08,-0.01,-0.01,
0,26,0.06,-10.04,-0.08,0,-0.01,
0,26,0.02,-10.03,-0.14,-0.01,-0.01,
0,26,0.02,-10.03,-0.14,-0.01,-0.01,
0,26,0.02,-10.03,-0.14,-0.01,-0.01,
0,26,0.02,-10.03,-0.12,-0.01,-0.01,
0,26,0.02,-10.03,-0.12,-0.01,-0.01,
0,26,0.02,-10.03,-0.12,-0.01,-0.01,
0,26,0.01,-10.06,-0.15,-0.01,-0.01,
0,26,0.01,-10.06,-0.15,-0.01,-0.01,
0,26,0.01,-10.06,-0.15,-0.01,-0.01,
0,26,0.04,-10.03,-0.09,0,-0.01,
0,26,0.04,-10.03,-0.09,0,-0.01,
0,26,0.04,-10.03,-0.09,0,-0.01,
0,26,0,-9.99,-0.09,-0.01,0,
0,26,0,-9.99,-0.09,-0.01,0,
0,26,-0.01,-10.01,-0.17,-0.01,-0.01,
0,26,-0.01,-10.01,-0.17,-0.01,-0.01,
0,26,-0.01,-10.01,-0.17,-0.01,-0.01,
0,26,0.01,-10.04,-0.08,-0.01,-0.01,
0,27,0.01,-10.04,-0.08,-0.01,-0.01,
0,27,0.01,-10.04,-0.08,-0.01,-0.01,
0,27,0,-9.97,-0.12,-0.01,-0.01,
0,27,0,-9.97,-0.12,-0.01,-0.01,
0,27,0,-9.97,-0.12,-0.01,-0.01,
0,27,0.05,-10.02,-0.12,-0.01,-0.01,
0,27,0.05,-10.02,-0.12,-0.01,-0.01,
0,27,0.05,-10.02,-0.12,-0.01,-0.01,
0,27,0,-10.07,-0.12,-0.01,-0.01,
0,27,0,-10.07,-0.12,-0.01,-0.01,
0,27,0.06,-10.05,-0.1,-0.01,-0.01,
0,27,0.06,-10.05,-0.1,-0.01,-0.01,
0,27,0.06,-10.05,-0.1,-0.01,-0.01,
0,27,0,-10.06,-0.09,-0.01,-0.01,
0,27,0,-10.06,-0.09,-0.01,-0.01,
0,27,0,-10.06,-0.09,0,-0.01,
0,27,-0.03,-10.01,-0.1,-0.01,-0.01,
0,27,-0.03,-10.01,-0.1,-0.01,-0.01,
0,27,-0.03,-10.01,-0.1,-0.01,-0.01,
0,27,0.04,-10.02,-0.13,0,-0.01,
0,27,0.04,-10.02,-0.13,0,-0.01,
0,27,0.04,-10.02,-0.13,-0.01,-0.01,
0,27,0.02,-9.97,-0.14,-0.01,-0.01,
0,27,0.02,-9.97,-0.14,-0.01,-0.01,
0,27,0.02,-9.97,-0.14,-0.01,-0.01,
0,27,0.04,-10.06,-0.14,-0.01,-0.01,
0,27,0.04,-10.06,-0.14,-0.01,-0.01,
0,27,0.01,-10.07,-0.13,0,-0.01,
0,27,0.01,-10.07,-0.13,-0.01,-0.01,
0,27,0.01,-10.07,-0.13,-0.01,-0.01,
0,27,0.02,-10.05,-0.14,-0.01,-0.01,
0,27,0.02,-10.05,-0.14,-0.01,-0.01,
0,27,0.02,-10.05,-0.14,-0.01,-0.01,
0,27,-0.02,-10.04,-0.15,-0.01,-0.01,
0,27,-0.02,-10.04,-0.15,-0.01,-0.01,
0,27,-0.02,-10.04,-0.15,-0.01,-0.01,
0,27,0,-10.1,-0.15,0,-0.01,
0,27,0,-10.1,-0.15,0,-0.01,
0,27,0,-10.1,-0.15,0,-0.01,
0,27,0.04,-10.07,-0.13,0,-0.01,
0,27,0.04,-10.07,-0.13,-0.01,-0.01,
0,27,0.04,-10.07,-0.13,-0.01,-0.01,
0,27,0.04,-9.99,-0.07,-0.01,-0.01,
0,27,0.04,-9.99,-0.07,0,-0.01,
0,27,0.04,-9.99,-0.07,0,-0.01,
0,27,0.04,-10.07,-0.15,0,-0.01,
0,27,0.04,-10.07,-0.15,0,-0.01,
0,27,0.04,-10.07,-0.15,0,-0.01,
0,27,0.03,-10.01,-0.17,-0.01,-0.01,
0,27,0.03,-10.01,-0.17,-0.01,-0.02,
0,27,0.02,-10.01,-0.08,-0.01,-0.02,
0,27,0.02,-10.01,-0.08,0,-0.01,
0,27,0.02,-10.01,-0.08,-0.01,-0.01,
0,27,0,-10.07,-0.09,-0.01,-0.01,
0,27,0,-10.07,-0.09,0,-0.01,
0,27,0,-10.07,-0.09,-0.01,-0.01,
0,27,0,-10.04,-0.12,-0.01,-0.01,
0,27,0,-10.04,-0.12,-0.01,-0.01,
0,27,0,-10.04,-0.12,-0.01,-0.01,
0,27,-0.01,-10.04,-0.12,0,-0.01,
0,27,-0.01,-10.04,-0.12,-0.01,-0.01,
0,27,-0.01,-10.04,-0.12,-0.01,-0.01,
0,27,0.06,-10.04,-0.14,0,-0.01,
0,27,0.06,-10.04,-0.14,0,-0.01,
0,27,0.06,-10.04,-0.14,0,-0.01,
0,27,0.07,-10.03,-0.1,0,-0.01,
0,27,0.07,-10.03,-0.1,0,-0.01,
0,27,0.07,-10.03,-0.1,0,-0.01,
0,27,0.05,-9.96,-0.12,0,-0.01,
0,27,0.05,-9.96,-0.12,-0.01,-0.01,
0,27,0.05,-9.96,-0.12,-0.01,-0.01,
0,27,0.04,-10.02,-0.08,-0.01,-0.01,
0,27,0.04,-10.02,-0.08,-0.01,-0.01,
0,27,0.04,-10.02,-0.08,-0.01,-0.01,
0,27,0.03,-10,-0.19,0,-0.01,
0,27,0.03,-10,-0.19,-0.01,-0.01,
0,27,0.03,-10.08,-0.11,-0.01,-0.01,
0,27,0.03,-10.08,-0.11,-0.01,-0.01,
0,27,0.03,-10.08,-0.11,-0.01,-0.01,
0,27,0.03,-10.04,-0.1,-0.01,-0.01,
0,27,0.03,-10.04,-0.1,0,-0.01,
0,27,0.03,-10.04,-0.1,-0.01,-0.01,
0,27,-0.03,-10.01,-0.07,-0.01,-0.01,
0,27,-0.03,-10.01,-0.07,-0.01,-0.01,
0,27,-0.03,-10.01,-0.07,-0.01,-0.01,
0,27,-0.03,-10.04,-0.14,-0.01,-0.01,
0,27,-0.03,-10.04,-0.14,0,-0.01,
0,27,-0.03,-10.04,-0.14,-0.01,-0.01,
0,27,0.04,-10.08,-0.08,-0.01,-0.01,
0,27,0.04,-10.08,-0.08,-0.01,-0.01,
0,27,0.04,-10.08,-0.08,-0.01,-0.01,
0,27,-0.77,-12.18,-0.92,0.06,-0.02,
0,27,-0.77,-12.18,-0.92,0.06,-0.02,
0,27,-0.03,-10.86,-1,-0.08,-0.01,
0,27,-0.03,-10.86,-1,-0.03,0.01,
0,27,-0.03,-10.86,-1,-0.03,0.01,
0,27,0.58,-10.59,0.45,0,-0.02,
0,27,0.58,-10.59,0.45,0,-0.02,
0,27,0.58,-10.59,0.45,0.02,-0.01,
0,27,-1.61,-9,-0.04,-0.02,0,
0,27,-1.61,-9,-0.04,-0.02,0,
0,27,-1.61,-9,-0.04,0,0.03,
0,27,-0.81,-10.13,3.51,0.08,-0.01,
0,27,-0.81,-10.13,3.51,0.08,-0.01,
0,27,-0.81,-10.13,3.51,-0.05,0,
0,27,1.18,-9.63,-0.26,0.01,-0.01,
0,27,1.18,-9.63,-0.26,0.01,-0.01,
0,27,1.18,-9.63,-0.26,-0.04,0,
0,27,0.62,-10,-1.09,0.01,-0.01,
0,27,0.62,-10,-1.09,0.01,-0.01,
0,27,0.62,-10,-1.09,0,0,
0,27,-0.48,-10.08,-0.76,0,0,
0,27,-0.48,-10.08,-0.76,-0.02,0,
0,27,-0.48,-10.08,-0.76,0.03,-0.01,
0,27,0.85,-9.73,0.88,0.03,-0.01,
0,27,0.85,-9.73,0.88,-0.03,0,
0,27,0.85,-9.73,0.88,0,-0.01,
0,27,1.15,-9.47,0.91,0,-0.01,
0,27,1.15,-9.47,0.91,-0.03,-0.01,
0,27,1.15,-9.47,0.91,0.01,-0.01,
0,27,-0.08,-9.98,0.08,0.01,-0.01,
0,27,-0.08,-9.98,0.08,-0.01,-0.01,
0,27,-0.08,-9.98,0.08,0,0,
0,27,-0.67,-10.18,-0.63,0,0,
0,27,-0.67,-10.18,-0.63,0.01,-0.01,
0,27,-0.67,-10.18,-0.63,0,-0.01,
0,27,0.44,-10.1,-0.31,0,-0.01,
0,27,0.44,-10.1,-0.31,0,-0.01,
0,27,0.44,-10.1,-0.31,0,-0.01,
0,27,-0.09,-9.84,0.16,0,-0.01,
0,27,-0.09,-9.84,0.16,-0.01,-0.01,
0,27,0.45,-9.93,-0.22,-0.01,-0.01,
0,27,0.45,-9.93,-0.22,-0.01,-0.01,
0,27,0.45,-9.93,-0.22,-0.01,0,
0,27,-0.51,-10.18,-0.2,-0.01,-0.01,
0,27,-0.51,-10.18,-0.2,-0.01,-0.01,
0,27,-0.51,-10.18,-0.2,0,-0.01,
0,27,0.27,-10.03,-0.05,-0.01,-0.01,
0,27,0.27,-10.03,-0.05,-0.01,-0.01,
0,27,0.27,-10.03,-0.05,0,-0.01,
0,27,-0.13,-9.94,0.13,-0.01,-0.01,
0,27,-0.13,-9.94,0.13,-0.01,-0.01,
0,27,-0.13,-9.94,0.13,-0.01,-0.01,
0,27,0.17,-9.97,-0.12,-0.01,-0.01,
0,27,0.17,-9.97,-0.12,-0.01,-0.01,
0,27,0.17,-9.97,-0.12,-0.01,-0.01,
0,27,-0.24,-10.18,-0.25,-0.01,-0.01,
0,27,-0.24,-10.18,-0.25,-0.01,-0.01,
0,27,-0.24,-10.18,-0.25,0,-0.01,
0,27,0.12,-10.08,-0.2,0,-0.01,
0,27,0.12,-10.08,-0.2,0,-0.01,
0,27,0.12,-10.08,-0.2,-0.01,-0.01,
0,27,0.02,-10.09,-0.21,-0.01,-0.01,
0,27,0.02,-10.09,-0.21,-0.01,-0.01,
0,27,0.07,-10.01,-0.11,-0.01,-0.01,
0,28,0.07,-10.01,-0.11,0,-0.01,
0,28,0.07,-10.01,-0.11,0,-0.01,
0,28,-0.01,-10.05,-0.13,-0.01,-0.01,
0,28,-0.01,-10.05,-0.13,-0.01,-0.01,
0,28,-0.01,-10.05,-0.13,-0.01,-0.01,
0,28,0.07,-9.98,-0.08,0,-0.01,
0,28,0.07,-9.98,-0.08,-0.01,-0.01,
0,28,0.07,-9.98,-0.08,-0.01,-0.01,
0,28,0.13,-10.04,-0.03,-0.01,-0.01,
0,28,0.13,-10.04,-0.03,0,-0.01,
0,28,0.13,-10.04,-0.03,0,-0.01,
0,28,0,-10.06,-0.09,-0.01,-0.01,
0,28,0,-10.06,-0.09,-0.01,-0.01,
0,28,0,-10.06,-0.09,-0.01,-0.01,
0,28,0,-10.03,-0.1,-0.01,-0.01,
0,28,0,-10.03,-0.1,-0.01,-0.01,
0,28,0,-10.03,-0.1,-0.01,-0.01,
0,28,0.05,-10.03,-0.04,0,-0.01,
0,28,0.05,-10.03,-0.04,-0.01,-0.01,
0,28,0.05,-10.03,-0.04,-0.01,-0.01,
0,28,0.07,-10.02,-0.1,-0.01,-0.01,
0,28,0.07,-10.02,-0.1,-0.01,-0.01,
0,28,0.07,-10.03,-0.13,-0.01,-0.01,
0,28,0.07,-10.03,-0.13,-0.01,-0.01,
0,28,0.07,-10.03,-0.13,-0.01,-0.01,
0,28,0.01,-10.01,-0.16,-0.01,-0.01,
0,28,0.01,-10.01,-0.16,0,-0.01,
0,28,0.01,-10.01,-0.16,-0.01,-0.01,
0,28,-0.01,-10.05,-0.18,-0.01,-0.01,
0,28,-0.01,-10.05,-0.18,0,-0.01,
0,28,-0.01,-10.05,-0.18,-0.01,-0.01,
0,28,0.02,-10.01,-0.11,-0.01,-0.01,
0,28,0.02,-10.01,-0.11,-0.01,-0.01,
0,28,0.02,-10.04,-0.12,0,-0.01,
0,28,0.02,-10.04,-0.12,0,-0.01,
0,28,0.02,-10.04,-0.12,-0.01,-0.01,
0,28,0.01,-10.06,-0.13,-0.01,-0.01,
0,28,0.01,-10.06,-0.13,-0.01,-0.01,
0,28,0.01,-10.06,-0.13,-0.01,-0.01,
0,28,0,-10.01,-0.08,0,-0.01,
0,28,0,-10.01,-0.08,0,-0.01,
0,28,0,-10.01,-0.08,0,-0.01,
0,28,-0.02,-10.03,-0.11,-0.01,-0.01,
0,28,-0.02,-10.03,-0.11,-0.01,-0.01,
0,28,-0.02,-10.03,-0.11,-0.01,-0.01,
0,28,0.05,-10.02,-0.15,-0.01,-0.01,
0,28,0.05,-10.02,-0.15,-0.01,-0.01,
0,28,0.05,-10.02,-0.15,-0.01,-0.01,
0,28,0.04,-10.06,-0.11,-0.01,-0.01,
0,28,0.04,-10.06,-0.11,-0.01,-0.01,
0,28,0.04,-10.06,-0.11,0,-0.01,
0,28,0,-10.04,-0.14,0,-0.01,
0,28,0,-10.04,-0.14,-0.01,-0.01,
0,28,0,-10.04,-0.14,-0.01,-0.01,
0,28,0.04,-10.03,-0.11,-0.01,-0.01,
0,28,0.04,-10.03,-0.11,0,0,
0,28,0.04,-10.03,-0.11,-0.01,-0.01,
0,28,0,-10.06,-0.16,-0.01,-0.01,
0,28,0,-10.06,-0.16,0,-0.01,
0,28,0,-10.06,-0.16,-0.01,-0.01,
0,28,-0.01,-10.03,-0.1,-0.01,-0.01,
0,28,-0.01,-10.03,-0.1,-0.01,-0.01,
0,28,-0.01,-10.03,-0.1,-0.01,-0.01,
0,28,0,-9.98,-0.11,-0.01,-0.01,
0,28,0,-9.98,-0.11,-0.01,-0.01,
0,28,0.05,-10,-0.11,-0.01,-0.01,
0,28,0.05,-10,-0.11,0,-0.01,
0,28,0.05,-10,-0.11,0,-0.01,
0,28,-0.02,-10,-0.11,-0.01,-0.01,
0,28,-0.02,-10,-0.11,-0.01,-0.01,
0,28,-0.02,-10,-0.11,-0.01,-0.01,
0,28,0.01,-9.99,-0.12,-0.01,0,
0,28,0.01,-9.99,-0.12,-0.01,-0.01,
0,28,0.01,-9.99,-0.12,-0.01,-0.01,
0,28,0.02,-10.02,-0.12,0,-0.01,
0,28,0.02,-10.02,-0.12,-0.01,-0.01,
0,28,0.02,-10.02,-0.12,-0.01,-0.01,
0,28,0,-10.02,-0.12,-0.01,-0.01,
0,28,0,-10.02,-0.12,-0.01,-0.01,
0,28,0.01,-10.05,-0.11,-0.01,-0.01,
0,28,0.01,-10.05,-0.11,-0.01,-0.01,
0,28,0.01,-10.05,-0.11,0,-0.01,
0,28,0,-10.05,-0.1,0,-0.01,
0,28,0,-10.05,-0.1,0,-0.01,
0,28,0,-10.05,-0.1,-0.01,-0.01,
0,28,0.09,-10.02,-0.13,-0.01,-0.01,
0,28,0.09,-10.02,-0.13,-0.01,-0.01,
0,28,0.09,-10.02,-0.13,-0.01,-0.01,
0,28,0.05,-10.04,-0.06,-0.01,-0.01,
0,28,0.05,-10.04,-0.06,-0.01,-0.01,
0,28,0.05,-10.04,-0.06,-0.01,-0.01,
0,28,0.04,-10.04,-0.09,-0.01,-0.01,
0,28,0.04,-10.04,-0.09,-0.01,-0.01,
0,28,-0.05,-10,-0.18,-0.01,-0.01,
0,28,-0.05,-10,-0.18,-0.01,0,
0,28,-0.05,-10,-0.18,-0.01,0,
0,28,0,-10.07,-0.15,-0.01,-0.01,
0,28,0,-10.07,-0.15,-0.01,-0.02,
0,28,0,-10.07,-0.15,-0.01,-0.02,
0,28,0.01,-10.06,-0.07,0,-0.01,
0,28,0.01,-10.06,-0.07,-0.01,-0.01,
0,28,0.01,-10.06,-0.07,-0.01,-0.01,
0,28,0.09,-9.97,-0.1,-0.01,-0.01,
0,28,0.09,-9.97,-0.1,-0.01,-0.01,
0,28,0.09,-9.97,-0.1,-0.01,-0.01,
0,28,-0.03,-10.02,-0.14,-0.01,-0.01,
0,28,-0.03,-10.02,-0.14,-0.01,-0.01,
0,28,0.04,-10.07,-0.13,-0.01,-0.01,
0,28,0.04,-10.07,-0.13,-0.01,-0.01,
0,28,0.04,-10.07,-0.13,-0.01,-0.01,
0,28,0.11,-9.99,-0.11,0,-0.01,
0,28,0.11,-9.99,-0.11,0,-0.01,
0,28,0.11,-9.99,-0.11,-0.01,-0.01,
0,28,0,-10.05,-0.1,-0.01,-0.01,
0,28,0,-10.05,-0.1,-0.01,-0.01,
0,28,0,-10.05,-0.1,-0.01,-0.01,
0,28,-0.05,-9.99,-0.21,0,-0.01,
0,28,-0.05,-9.99,-0.21,0,-0.01,
0,28,0.01,-10.08,-0.09,0,-0.01,
0,28,0.01,-10.08,-0.09,0,-0.01,
0,28,0.01,-10.08,-0.09,-0.01,-0.01,
0,28,0.06,-10.06,-0.05,-0.01,-0.01,
0,28,0.06,-10.06,-0.05,-0.01,-0.01,
0,28,0.06,-10.06,-0.05,-0.01,-0.01,
0,28,0.04,-10.02,-0.04,-0.01,-0.01,
0,28,0.04,-10.02,-0.04,-0.01,-0.01,
0,28,0.04,-10.02,-0.04,0,-0.01,
0,28,-0.02,-10.01,-0.16,0,-0.01,
0,28,-0.02,-10.01,-0.16,-0.01,0,
0,28,0.03,-10.02,-0.14,0,-0.01,
0,28,0.03,-10.02,-0.14,0,-0.01,
0,28,0.03,-10.02,-0.14,-0.01,-0.01,
0,28,-0.03,-10.02,-0.12,0,-0.01,
0,28,-0.03,-10.02,-0.12,0,-0.01,
0,28,-0.03,-10.02,-0.12,-0.01,-0.01,
0,28,0,-10.05,-0.11,-0.01,-0.01,
0,28,0,-10.05,-0.11,-0.01,-0.01,
0,28,0,-10.05,-0.11,-0.01,-0.01,
0,28,-0.03,-10.03,-0.11,-0.01,-0.01,
0,28,-0.03,-10.03,-0.11,-0.01,-0.01,
0,28,-0.03,-10.03,-0.11,-0.01,-0.01,
0,28,0.01,-10.07,-0.15,-0.01,-0.01,
0,28,0.01,-10.07,-0.15,-0.01,-0.01,
0,28,0.01,-10.07,-0.15,0,-0.01,
0,28,0.05,-9.95,-0.09,-0.01,-0.01,
0,28,0.05,-9.95,-0.09,-0.01,-0.01,
0,28,0.05,-9.95,-0.09,-0.01,-0.01,
0,28,0.06,-10.01,-0.15,-0.01,-0.01,
0,28,0.06,-10.01,-0.15,-0.01,-0.01,
0,28,0.06,-10.01,-0.15,-0.01,-0.01,
0,28,-0.08,-10.02,-0.15,-0.01,-0.01,
0,28,-0.08,-10.02,-0.15,-0.01,-0.01,
0,28,-0.01,-10.03,-0.16,-0.01,-0.01,
0,29,-0.01,-10.03,-0.16,-0.01,-0.01,
0,29,-0.01,-10.03,-0.16,-0.01,-0.01,
0,29,0.03,-10.01,-0.1,-0.01,-0.01,
0,29,0.03,-10.01,-0.1,-0.01,-0.01,
0,29,0.03,-10.01,-0.1,-0.01,-0.01,
0,29,0.1,-9.99,-0.08,-0.01,-0.01,
0,29,0.1,-9.99,-0.08,-0.01,-0.01,
0,29,0.1,-9.99,-0.08,0,-0.01,
0,29,0.05,-10.06,-0.07,0,-0.01,
0,29,0.05,-10.06,-0.07,-0.01,-0.01,
0,29,0.02,-10.01,-0.14,-0.01,-0.01,
0,29,0.02,-10.01,-0.14,-0.01,-0.01,
0,29,0.02,-10.01,-0.14,0,-0.01,
0,29,0.02,-10.07,-0.16,-0.01,-0.01,
0,29,0.02,-10.07,-0.16,-0.01,-0.01,
0,29,0.02,-10.07,-0.16,-0.01,-0.01,
0,29,0.09,-10.06,-0.16,-0.01,-0.01,
0,29,0.09,-10.06,-0.16,-0.01,-0.01,
0,29,0.09,-10.06,-0.16,-0.01,-0.01,
0,29,0.07,-10.02,-0.13,-0.01,-0.01,
0,29,0.07,-10.02,-0.13,-0.01,-0.01,
0,29,0.07,-10.02,-0.13,-0.01,-0.01,
0,29,-0.34,-8.87,-0.84,0,-0.01,
0,29,-0.34,-8.87,-0.84,0.03,-0.02,
0,29,1.26,-8.55,2.13,0.03,-0.02,
0,29,1.26,-8.55,2.13,-0.06,0.01,
0,29,1.26,-8.55,2.13,-0.01,-0.01,
0,29,0.48,-9.36,-0.53,-0.01,-0.01,
0,29,0.48,-9.36,-0.53,0,-0.01,
0,29,0.48,-9.36,-0.53,0,-0.01,
0,29,-1.47,-10.51,0.57,0,-0.01,
0,29,-1.47,-10.51,0.57,-0.02,-0.01,
0,29,-1.47,-10.51,0.57,0.01,-0.01,
0,29,-0.52,-10.43,-0.34,0.01,-0.01,
0,29,-0.52,-10.43,-0.34,-0.01,-0.02,
0,29,0.68,-9.9,0.15,-0.01,-0.01,
0,29,0.68,-9.9,0.15,-0.01,-0.01,
0,29,0.68,-9.9,0.15,-0.01,-0.01,
0,29,0.6,-9.98,-0.34,-0.02,-0.01,
0,29,0.6,-9.98,-0.34,0.02,-0.01,
0,29,0.6,-9.98,-0.34,0.02,-0.01,
0,29,-0.72,-10.34,-0.46,-0.02,-0.01,
0,29,-0.72,-10.34,-0.46,0,-0.01,
0,29,-0.72,-10.34,-0.46,0,-0.01,
0,29,-0.14,-9.84,0.07,-0.02,-0.01,
0,29,-0.14,-9.84,0.07,0.01,-0.01,
0,29,-0.14,-9.84,0.07,0.01,-0.01,
0,29,-0.29,-9.98,0,0,-0.01,
0,29,-0.29,-9.98,0,-0.02,-0.01,
0,29,0.12,-9.89,0.04,-0.02,-0.01,
0,29,0.12,-9.89,0.04,-0.01,-0.01,
0,29,0.12,-9.89,0.04,-0.01,-0.01,
0,29,-0.33,-10.32,-0.44,-0.01,-0.01,
0,29,-0.33,-10.32,-0.44,-0.01,-0.01,
0,29,-0.33,-10.32,-0.44,-0.01,-0.01,
0,29,0.02,-10,0.01,0,-0.01,
0,29,0.02,-10,0.01,0,-0.01,
0,29,0.02,-10,0.01,0,-0.01,
0,29,0.13,-9.95,-0.11,-0.01,-0.01,
0,29,0.13,-9.95,-0.11,-0.01,-0.01,
0,29,0.28,-9.88,-0.13,-0.01,-0.01,
0,29,0.28,-9.88,-0.13,0,-0.01,
0,29,0.28,-9.88,-0.13,-0.01,-0.01,
0,29,-0.13,-10.13,-0.24,-0.01,-0.01,
0,29,-0.13,-10.13,-0.24,0,-0.01,
0,29,-0.13,-10.13,-0.24,-0.01,-0.01,
0,29,-0.06,-10.01,-0.23,-0.01,-0.01,
0,29,-0.06,-10.01,-0.23,-0.01,-0.01,
0,29,-0.06,-10.01,-0.23,-0.01,-0.01,
0,29,0.04,-10.02,-0.02,-0.01,-0.01,
0,29,0.04,-10.02,-0.02,-0.01,-0.01,
0,29,0.19,-9.92,-0.04,0,-0.01,
0,29,0.19,-9.92,-0.04,0,-0.01,
0,29,0.19,-9.92,-0.04,-0.01,-0.01,
0,29,-0.11,-10.07,-0.05,-0.01,-0.01,
0,29,-0.11,-10.07,-0.05,-0.01,-0.01,
0,29,-0.11,-10.07,-0.05,-0.01,-0.01,
0,29,0,-10.04,-0.13,0,-0.01,
0,29,0,-10.04,-0.13,0,-0.01,
0,29,0,-10.04,-0.13,0,-0.01,
0,29,0,-9.96,-0.1,-0.01,-0.01,
0,29,0,-9.96,-0.1,-0.01,-0.01,
0,29,0,-9.96,-0.1,-0.01,-0.01,
0,29,0.11,-9.96,-0.11,-0.01,-0.01,
0,29,0.11,-9.96,-0.11,-0.01,-0.01,
0,29,0.11,-9.96,-0.11,-0.01,-0.01,
0,29,-0.06,-10.07,-0.15,-0.01,-0.01,
0,29,-0.06,-10.07,-0.15,-0.01,-0.01,
0,29,-0.06,-10.07,-0.15,0,-0.01,
0,29,0,-10.07,-0.18,-0.01,-0.01,
0,29,0,-10.07,-0.18,-0.01,-0.01,
0,29,0,-10.07,-0.18,-0.01,-0.01,
0,29,0.09,-10.01,-0.08,-0.01,-0.01,
0,29,0.09,-10.01,-0.08,-0.01,-0.01,
0,29,0.09,-10.01,-0.08,-0.01,-0.01,
0,29,0.04,-10.02,-0.11,-0.01,-0.01,
0,29,0.04,-10.02,-0.11,-0.01,-0.01,
0,29,-0.09,-10.06,-0.07,-0.01,-0.01,
0,29,-0.09,-10.06,-0.07,-0.01,-0.01,
0,29,-0.09,-10.06,-0.07,-0.01,-0.01,
0,29,-0.06,-10,-0.15,-0.01,-0.01,
0,29,-0.06,-10,-0.15,-0.01,-0.01,
0,29,-0.06,-10,-0.15,-0.01,-0.01,
0,29,-0.01,-10.09,-0.15,-0.01,-0.01,
0,29,-0.01,-10.09,-0.15,-0.01,-0.01,
0,29,-0.01,-10.09,-0.15,-0.01,-0.01,
0,29,0.02,-10.09,-0.14,-0.01,-0.01,
0,29,0.02,-10.09,-0.14,-0.01,0,
0,29,0.02,-10.09,-0.14,-0.01,0,
0,29,0.02,-10.07,-0.15,-0.01,-0.01,
0,29,0.02,-10.07,-0.15,-0.01,-0.01,
0,29,0,-10.02,-0.16,-0.01,-0.01,
0,29,0,-10.02,-0.16,0,-0.01,
0,29,0,-10.02,-0.16,-0.01,-0.01,
0,29,0.09,-10.04,-0.06,-0.01,-0.01,
0,29,0.09,-10.04,-0.06,-0.01,-0.01,
0,29,0.09,-10.04,-0.06,0,-0.01,
0,29,0.03,-10.02,-0.08,0,-0.01,
0,29,0.03,-10.02,-0.08,-0.01,-0.01,
0,29,0.03,-10.02,-0.08,-0.01,-0.01,
0,29,-0.02,-10.07,-0.15,-0.01,-0.01,
0,29,-0.02,-10.07,-0.15,-0.01,-0.01,
0,29,-0.02,-10.07,-0.15,-0.01,0,
0,29,-0.01,-10.05,-0.1,-0.01,0,
0,29,-0.01,-10.05,-0.1,-0.01,-0.01,
0,29,0.03,-10.09,-0.06,0,-0.01,
0,29,0.03,-10.09,-0.06,-0.01,-0.01,
0,29,0.03,-10.09,-0.06,-0.01,-0.01,
0,29,0.04,-10.05,-0.05,-0.01,-0.01,
0,29,0.04,-10.05,-0.05,0,-0.02,
0,29,0.04,-10.05,-0.05,0,-0.02,
0,29,0.06,-10.04,-0.16,-0.01,-0.01,
0,29,0.06,-10.04,-0.16,-0.01,-0.01,
0,29,0.06,-10.04,-0.16,-0.01,-0.01,
0,29,-0.04,-10.03,-0.15,-0.01,-0.01,
0,29,-0.04,-10.03,-0.15,0,-0.01,
0,29,-0.04,-10.03,-0.15,0,-0.01,
0,29,0.02,-9.99,-0.15,-0.01,-0.01,
0,29,0.02,-9.99,-0.15,-0.01,-0.01,
0,29,0.02,-9.99,-0.15,-0.01,-0.01,
0,29,0.06,-10.02,-0.13,-0.01,-0.01,
0,29,0.06,-10.02,-0.13,-0.01,-0.01,
0,29,-0.03,-10.06,-0.11,-0.01,-0.01,
0,29,-0.03,-10.06,-0.11,-0.01,-0.01,
0,29,-0.03,-10.06,-0.11,-0.01,0,
0,29,-0.01,-10.12,-0.13,-0.01,0,
0,29,-0.01,-10.12,-0.13,-0.01,-0.01,
0,29,-0.01,-10.12,-0.13,-0.01,-0.01,
0,29,0.01,-10.08,-0.08,-0.01,-0.01,
0,29,0.01,-10.08,-0.08,0,-0.01,
0,29,0.01,-10.08,-0.08,-0.01,-0.01,
0,30,0.02,-9.98,-0.14,-0.01,-0.01,
0,30,0.02,-9.98,-0.14,-0.01,-0.01,
0,30,0,-10.01,-0.14,-0.01,-0.01,
0,30,0,-10.01,-0.14,0,-0.01,
0,30,0,-10.01,-0.14,0,-0.01,
0,30,0.03,-10.01,-0.11,-0.01,-0.01,
0,30,0.03,-10.01,-0.11,-0.01,-0.01,
0,30,0.03,-10.01,-0.11,-0.01,-0.01,
0,30,0.11,-10.03,-0.11,-0.01,-0.01,
0,30,0.11,-10.03,-0.11,-0.01,-0.01,
0,30,0.11,-10.03,-0.11,0,-0.01,
0,30,0.06,-10.09,-0.12,0,-0.01,
0,30,0.06,-10.09,-0.12,-0.01,-0.01,
0,30,0.06,-10.09,-0.12,0,-0.01,
0,30,0,-9.98,-0.12,0,-0.01,
0,30,0,-9.98,-0.12,-0.01,-0.01,
0,30,0,-9.98,-0.12,-0.01,-0.01,
0,30,0.03,-10.03,-0.09,0,-0.01,
0,30,0.03,-10.03,-0.09,-0.01,-0.01,
0,30,0.06,-10,-0.1,-0.01,-0.01,
0,30,0.06,-10,-0.1,-0.01,-0.01,
0,30,0.06,-10,-0.1,-0.01,-0.01,
0,30,0.09,-10.06,-0.09,-0.01,-0.01,
0,30,0.09,-10.06,-0.09,-0.01,-0.01,
0,30,0.09,-10.06,-0.09,-0.01,-0.01,
0,30,-0.09,-10.07,-0.12,-0.01,-0.01,
0,30,-0.09,-10.07,-0.12,-0.01,-0.01,
0,30,-0.09,-10.07,-0.12,-0.01,-0.01,
0,30,-0.02,-10.06,-0.12,-0.01,-0.01,
0,30,-0.02,-10.06,-0.12,-0.01,-0.01,
0,30,-0.02,-10.06,-0.12,0,-0.01,
0,30,0.04,-10,-0.11,0,-0.01,
0,30,0.04,-10,-0.11,-0.01,-0.01,
0,30,0.04,-10,-0.11,-0.01,-0.01,
0,30,0,-10.02,-0.01,-0.01,-0.01,
0,30,0,-10.02,-0.01,-0.01,-0.01,
0,30,0,-10.02,-0.01,0,-0.01,
0,30,0.01,-9.93,-0.15,0,-0.01,
0,30,0.01,-9.93,-0.15,-0.01,-0.01,
0,30,0.01,-9.93,-0.15,-0.01,-0.01,
0,30,-0.01,-10.09,-0.15,0,-0.01,
0,30,-0.01,-10.09,-0.15,-0.01,-0.01,
0,30,-0.01,-10.09,-0.15,-0.01,-0.01,
0,30,0.05,-10.03,-0.04,-0.01,-0.01,
0,30,0.05,-10.03,-0.04,-0.01,-0.01,
0,30,0.05,-10.03,-0.04,-0.01,-0.01,
0,30,-0.29,-10.62,-0.14,0.01,-0.01,
0,30,-0.29,-10.62,-0.14,-0.02,-0.01,
0,30,-0.29,-10.62,-0.14,-0.02,-0.01,
0,30,0.77,-9.79,0.68,0.01,-0.01,
0,30,0.77,-9.79,0.68,-0.01,0,
0,30,0.77,-9.79,0.68,-0.01,0,
0,30,-0.04,-10.47,0.11,-0.02,-0.01,
0,30,-0.04,-10.47,0.11,-0.01,-0.01,
0,30,0.14,-9.67,0.17,-0.01,-0.01,
0,30,0.14,-9.67,0.17,-0.02,-0.01,
0,30,0.14,-9.67,0.17,0.01,-0.02,
0,30,0.19,-10.52,-0.13,0.01,-0.02,
0,30,0.19,-10.52,-0.13,-0.01,-0.01,
0,30,0.19,-10.52,-0.13,0,-0.01,
0,30,-0.38,-10.18,-0.16,0,-0.01,
0,30,-0.38,-10.18,-0.16,-0.01,0,
0,30,-0.38,-10.18,-0.16,-0.01,-0.01,
0,30,-0.02,-10.07,-0.04,-0.01,-0.01,
0,30,-0.02,-10.07,-0.04,-0.01,0,
0,30,-0.02,-10.07,-0.04,-0.01,-0.01,
0,30,0.11,-10,-0.23,-0.01,-0.01,
0,30,0.11,-10,-0.23,-0.01,-0.01,
0,30,0.11,-10,-0.23,-0.01,0,
0,30,0.2,-10.02,0.01,-0.01,0,
0,30,0.2,-10.02,0.01,-0.01,-0.01,
0,30,0.2,-10.02,0.01,-0.01,-0.01,
0,30,0.19,-10.09,-0.06,-0.01,-0.01,
0,30,0.19,-10.09,-0.06,0,-0.01,
0,30,0.19,-10.09,-0.06,-0.01,-0.01,
0,30,-0.02,-10.06,-0.15,-0.01,-0.01,
0,30,-0.02,-10.06,-0.15,-0.01,-0.01,
0,30,-0.27,-10.14,-0.35,-0.01,0,
0,30,-0.27,-10.14,-0.35,-0.01,0,
0,30,-0.27,-10.14,-0.35,-0.01,-0.01,
0,30,-0.01,-10.08,-0.23,0,-0.01,
0,30,-0.01,-10.08,-0.23,0,-0.01,
0,30,-0.01,-10.08,-0.23,-0.01,-0.01,
0,30,0.08,-9.98,0,0,-0.01,
0,30,0.08,-9.98,0,0,-0.01,
0,30,0.08,-9.98,0,-0.01,0,
0,30,0.14,-9.99,0,-0.01,-0.01,
0,30,0.14,-9.99,0,-0.01,-0.01,
0,30,0.14,-9.99,0,-0.01,-0.01,
0,30,-0.15,-10.01,-0.04,-0.01,-0.01,
0,30,-0.15,-10.01,-0.04,-0.01,-0.01,
0,30,-0.15,-10.01,-0.04,-0.01,-0.01,
0,30,0,-9.94,-0.07,-0.01,-0.01,
0,30,0,-9.94,-0.07,-0.01,-0.01,
0,30,0.05,-10.09,-0.09,-0.01,-0.01,
0,30,0.05,-10.09,-0.09,-0.01,-0.01,
0,30,0.05,-10.09,-0.09,-0.01,-0.01,
0,30,-0.02,-10,-0.12,-0.01,-0.01,
0,30,-0.02,-10,-0.12,-0.01,-0.01,
0,30,-0.02,-10,-0.12,-0.01,-0.01,
0,30,-0.09,-10.07,-0.18,-0.01,-0.01,
0,30,-0.09,-10.07,-0.18,-0.01,-0.01,
0,30,-0.09,-10.07,-0.18,-0.01,-0.01,
0,30,0.13,-10.01,-0.09,-0.01,-0.01,
0,30,0.13,-10.01,-0.09,-0.01,-0.01,
0,30,0.13,-10.01,-0.09,-0.01,-0.01,
0,30,0.01,-10.05,-0.11,-0.01,-0.01,
0,30,0.01,-10.05,-0.11,-0.01,-0.01,
0,30,0.01,-10.05,-0.11,-0.01,-0.01,
0,30,0.06,-10.07,-0.19,0,-0.01,
0,30,0.06,-10.07,-0.19,-0.01,-0.01,
0,30,0.06,-10.07,-0.19,-0.01,-0.01,
0,30,-0.05,-10.07,-0.13,0,-0.01,
0,30,-0.05,-10.07,-0.13,-0.01,-0.01,
0,30,-0.05,-10.07,-0.13,-0.01,-0.01,
0,30,0.03,-10.03,-0.06,-0.01,-0.01,
0,30,0.03,-10.03,-0.06,-0.01,-0.01,
0,30,0.03,-10.03,-0.06,-0.01,-0.01,
0,30,0,-10.08,-0.06,-0.01,0,
0,30,0,-10.08,-0.06,-0.01,-0.01,
0,30,-0.04,-10.01,-0.15,-0.01,-0.01,
0,30,-0.04,-10.01,-0.15,0,-0.01,
0,30,-0.04,-10.01,-0.15,-0.01,-0.01,
0,30,0.03,-9.97,-0.15,-0.01,-0.01,
0,30,0.03,-9.97,-0.15,0,0,
0,30,0.03,-9.97,-0.15,-0.01,-0.01,
0,30,0.07,-9.92,-0.11,-0.01,-0.01,
0,30,0.07,-9.92,-0.11,-0.01,-0.01,
0,30,0.07,-9.92,-0.11,-0.01,-0.01,
0,30,0.05,-10,-0.07,-0.01,-0.01,
0,30,0.05,-10,-0.07,-0.01,-0.01,
0,30,0.05,-10,-0.07,-0.01,-0.01,
0,30,-0.03,-10.07,-0.13,-0.01,-0.01,
0,30,-0.03,-10.07,-0.13,-0.01,-0.01,
0,30,-0.03,-10.07,-0.13,-0.01,-0.01,
0,30,-0.09,-10.04,-0.14,-0.01,-0.01,
0,30,-0.09,-10.04,-0.14,0,-0.01,
0,30,-0.09,-10.04,-0.14,0,-0.01,
0,30,0.08,-10.03,-0.07,0,-0.01,
0,30,0.08,-10.03,-0.07,0,-0.01,
0,30,0.08,-10.03,-0.07,0,-0.01,
0,30,0.03,-10,-0.08,-0.01,-0.01,
0,30,0.03,-10,-0.08,-0.01,-0.01,
0,30,0.03,-10,-0.08,-0.01,-0.01,
0,30,0.08,-10.11,-0.15,-0.01,-0.01,
0,30,0.08,-10.11,-0.15,-0.01,-0.02,
0,30,0.08,-10.11,-0.15,-0.01,-0.02,
0,30,0.06,-10.06,-0.14,-0.01,-0.01,
0,30,0.05,-9.98,-0.15,0,-0.01,
0,30,0.05,-9.98,-0.15,0,-0.01,
0,31,0.05,-9.98,-0.15,-0.01,0,
0,31,0,-10.06,-0.13,-0.01,-0.01,
0,31,0,-10.06,-0.13,-0.01,-0.01,
0,31,0,-10.06,-0.13,-0.01,-0.01,
0,31,-0.02,-10.06,-0.13,-0.01,-0.01,
0,31,-0.02,-10.06,-0.13,-0.01,-0.01,
0,31,-0.03,-10.05,-0.04,-0.01,-0.01,
0,31,-0.03,-10.05,-0.04,0,-0.01,
0,31,-0.03,-10.05,-0.04,0,-0.01,
0,31,0.08,-10,-0.08,-0.01,-0.01,
0,31,0.08,-10,-0.08,0,-0.01,
0,31,0.08,-10,-0.08,0,-0.01,
0,31,-0.05,-10.05,-0.14,0,-0.01,
0,31,-0.05,-10.05,-0.14,-0.01,-0.01,
0,31,-0.05,-10.05,-0.14,-0.01,-0.01,
0,31,0.01,-10.01,-0.19,-0.01,-0.01,
0,31,0.01,-10.01,-0.19,-0.01,-0.01,
0,31,0.01,-10.01,-0.19,-0.01,-0.01,
0,31,0.07,-10.02,-0.11,-0.01,-0.01,
0,31,0.07,-10.02,-0.11,-0.01,-0.01,
0,31,0.07,-10.02,-0.11,-0.01,-0.01,
0,31,0.02,-10.05,-0.11,0,-0.01,
0,31,0.02,-10.05,-0.11,-0.01,-0.01,
0,31,0.02,-10.05,-0.11,-0.01,-0.01,
0,31,0.01,-10.02,-0.09,0,-0.01,
0,31,0.01,-10.02,-0.09,-0.01,-0.01,
0,31,0.01,-10.02,-0.09,-0.01,-0.01,
0,31,0,-10.06,-0.14,-0.01,-0.01,
0,31,0,-10.06,-0.14,-0.01,-0.01,
0,31,0,-10.06,-0.14,-0.01,-0.01,
0,31,0,-10.08,-0.11,0,-0.01,
0,31,0,-10.08,-0.11,0,-0.01,
0,31,0.02,-9.98,-0.09,0,-0.01,
0,31,0.02,-9.98,-0.09,-0.01,-0.01,
0,31,0.02,-9.98,-0.09,0,-0.01,
0,31,0.08,-10.03,-0.17,0,-0.01,
0,31,0.08,-10.03,-0.17,-0.01,-0.01,
0,31,0.08,-10.03,-0.17,-0.01,-0.01,
0,31,0.1,-10,-0.11,-0.01,-0.01,
0,31,0.1,-10,-0.11,0,-0.01,
0,31,0.1,-10,-0.11,-0.01,-0.01,
0,31,0.03,-10.01,-0.14,-0.01,-0.01,
0,31,0.03,-10.01,-0.14,-0.01,-0.01,
0,31,0.03,-10.01,-0.14,-0.01,-0.01,
0,31,0.05,-9.99,-0.07,-0.01,-0.01,
0,31,0.05,-9.99,-0.07,-0.01,-0.01,
0,31,0.02,-9.96,-0.12,-0.01,-0.01,
0,31,0.02,-9.96,-0.12,-0.01,-0.01,
0,31,0.02,-9.96,-0.12,-0.01,-0.01,
0,31,0,-10.01,-0.14,-0.01,-0.01,
0,31,0,-10.01,-0.14,-0.01,-0.01,
0,31,0,-10.01,-0.14,-0.01,-0.01,
0,31,-0.09,-10.06,-0.16,-0.01,-0.01,
0,31,-0.09,-10.06,-0.16,-0.01,-0.01,
0,31,-0.09,-10.06,-0.16,0,-0.01,
0,31,0.08,-10.09,-0.18,-0.01,-0.01,
0,31,0.08,-10.09,-0.18,-0.01,-0.01,
0,31,0.08,-10.09,-0.18,-0.01,-0.01,
0,31,0.12,-10,-0.11,-0.01,-0.01,
0,31,0.12,-10,-0.11,-0.01,-0.01,
0,31,0.12,-10,-0.11,-0.01,-0.01,
0,31,0.04,-10.04,-0.17,-0.01,-0.01,
0,31,0.04,-10.04,-0.17,-0.01,-0.01,
0,31,0.04,-10.04,-0.17,-0.01,0,
0,31,0,-10.03,-0.11,-0.01,0,
0,31,0,-10.03,-0.11,-0.01,-0.01,
0,31,0,-10.03,-0.11,-0.01,-0.01,
0,31,-0.01,-10.07,-0.13,-0.01,-0.01,
0,31,-0.01,-10.07,-0.13,-0.01,-0.01,
0,31,-0.01,-10.07,-0.13,-0.01,-0.01,
0,31,-0.05,-10.07,-0.15,-0.01,-0.01,
0,31,-0.05,-10.07,-0.15,0,-0.01,
0,31,-0.05,-10.07,-0.15,-0.01,-0.01,
0,31,0.04,-10.05,-0.11,-0.01,-0.01,
0,31,0.04,-10.05,-0.11,-0.01,-0.01,
0,31,0.04,-10.05,-0.11,-0.01,-0.01,
0,31,0.02,-9.99,-0.1,-0.01,-0.01,
0,31,0.02,-9.99,-0.1,0,-0.01,
0,31,0.02,-9.99,-0.1,-0.01,-0.01,
0,31,0,-9.98,-0.15,-0.01,-0.01,
0,31,0,-9.98,-0.15,0,-0.01,
0,31,0,-9.98,-0.15,0,-0.01,
0,31,-0.04,-10.02,-0.17,0,0,
0,31,-0.04,-10.02,-0.17,-0.01,-0.01,
0,31,-0.04,-10.02,-0.17,-0.01,-0.01,
0,31,0.01,-10.12,-0.21,-0.01,-0.01,
0,31,0.01,-10.12,-0.21,0,-0.01,
0,31,0.02,-10.07,-0.19,-0.01,-0.01,
0,31,0.02,-10.07,-0.19,-0.01,-0.01,
0,31,0.02,-10.07,-0.19,-0.01,-0.01,
0,31,-0.05,-10.16,-0.27,-0.01,-0.01,
0,31,-0.05,-10.16,-0.27,-0.01,-0.01,
0,31,-0.05,-10.16,-0.27,0,-0.01,
0,31,0.08,-10.07,-0.18,-0.01,-0.01,
0,31,0.08,-10.07,-0.18,-0.01,-0.01,
0,31,0.08,-10.07,-0.18,0,-0.01,
0,31,0.02,-10.1,-0.08,-0.01,-0.01,
0,31,0.02,-10.1,-0.08,-0.01,-0.01,
0,31,0.02,-10.1,-0.08,-0.01,-0.01,
0,31,0.09,-9.96,-0.08,-0.01,-0.01,
0,31,0.09,-9.96,-0.08,-0.01,-0.01,
0,31,0.09,-9.96,-0.08,-0.01,-0.01,
0,31,0,-10.04,-0.07,-0.01,-0.01,
0,31,0,-10.04,-0.07,-0.01,-0.01,
0,31,0.03,-10.05,-0.07,0,-0.01,
0,31,0.03,-10.05,-0.07,-0.01,-0.01,
0,31,0.03,-10.05,-0.07,-0.01,-0.01,
0,31,0.01,-10.12,-0.17,-0.01,-0.01,
0,31,0.01,-10.12,-0.17,-0.01,-0.01,
0,31,0.01,-10.12,-0.17,-0.01,-0.01,
0,31,0.08,-9.97,-0.17,-0.01,-0.01,
0,31,0.08,-9.97,-0.17,0,-0.01,
0,31,0.08,-9.97,-0.17,0,-0.01,
0,31,0.05,-10.06,-0.18,-0.01,-0.01,
0,31,0.05,-10.06,-0.18,0,-0.01,
0,31,0.05,-10.06,-0.18,0,-0.01,
0,31,0.06,-10.01,-0.12,-0.01,0,
0,31,0.06,-10.01,-0.12,-0.01,0,
0,31,0.06,-10.01,-0.12,-0.01,0,
0,31,-0.01,-10,-0.18,-0.01,-0.01,
0,31,-0.01,-10,-0.18,-0.01,0,
0,31,-0.07,-10.04,-0.06,-0.01,0,
0,31,-0.07,-10.04,-0.06,-0.01,-0.01,
0,31,-0.07,-10.04,-0.06,0,-0.01,
0,31,-0.09,-10.06,-0.08,0,-0.01,
0,31,-0.09,-10.06,-0.08,0,-0.01,
0,31,-0.09,-10.06,-0.08,-0.01,-0.01,
0,31,0.01,-10.03,-0.08,-0.01,-0.01,
0,31,0.01,-10.03,-0.08,-0.01,-0.01,
0,31,0.01,-10.03,-0.08,0,0,
0,31,0.01,-10.03,-0.06,-0.01,-0.01,
0,31,0.01,-10.03,-0.06,-0.01,-0.01,
0,31,0.01,-10.04,-0.12,-0.01,-0.01,
0,31,0.01,-10.04,-0.12,-0.01,-0.01,
0,31,0.01,-10.04,-0.12,-0.01,-0.01,
0,31,0.04,-10.05,-0.24,0,-0.01,
0,31,0.04,-10.05,-0.24,0,-0.01,
0,31,0.04,-10.05,-0.24,0,-0.01,
0,31,0.04,-9.98,-0.17,0,-0.01,
0,31,0.04,-9.98,-0.17,0,-0.01,
0,31,0.04,-9.98,-0.17,0,-0.01,
0,31,-0.03,-10.02,-0.07,0,-0.01,
0,31,-0.03,-10.02,-0.07,0,-0.01,
0,31,-0.03,-10.02,-0.07,0,-0.01,
0,31,0.03,-10.08,-0.13,-0.01,-0.01,
0,31,0.03,-10.08,-0.13,0,-0.01,
0,31,0.03,-10.08,-0.13,0,-0.01,
0,31,-0.04,-10.05,-0.1,0,-0.01,
0,31,-0.04,-10.05,-0.1,-0.01,-0.01,
0,31,-0.04,-10.05,-0.1,-0.01,-0.01,
0,31,0,-10.05,-0.11,-0.01,-0.01,
0,31,0,-10.05,-0.11,0,-0.01,
0,31,0,-10.05,-0.11,0,-0.01,
0,31,0.04,-10.04,-0.06,-0.01,-0.01,
0,31,0.04,-10.04,-0.06,-0.01,-0.01,
0,32,-0.01,-9.95,-0.1,-0.01,-0.01,
0,32,-0.01,-9.95,-0.1,-0.01,-0.01,
0,32,-0.01,-9.95,-0.1,-0.01,-0.01,
0,32,0.04,-10,-0.07,-0.01,-0.01,
0,32,0.04,-10,-0.07,0,-0.01,
0,32,0.04,-10,-0.07,0,0,
0,32,0.07,-10.04,-0.12,0,0,
0,32,0.07,-10.04,-0.12,0,-0.01,
0,32,0.07,-10.04,-0.12,0,0,
0,32,0.03,-10.04,-0.12,0,0,
0,32,0.03,-10.04,-0.12,-0.01,-0.01,
0,32,0.03,-10.04,-0.12,-0.01,-0.01,
0,32,-0.08,-10.01,-0.12,-0.01,-0.01,
0,32,-0.08,-10.01,-0.12,0,-0.01,
0,32,-0.08,-10.01,-0.12,-0.01,-0.01,
0,32,-0.03,-10.04,-0.13,-0.01,-0.01,
0,32,-0.03,-10.04,-0.13,0,-0.01,
0,32,-0.03,-10.04,-0.13,-0.01,-0.02,
0,32,-0.06,-10.04,-0.09,-0.01,-0.02,
0,32,-0.06,-10.04,-0.09,0,-0.01,
0,32,-0.06,-10.04,-0.09,0,-0.01,
0,32,0.01,-10.06,-0.11,0,-0.01,
0,32,0.01,-10.06,-0.11,0,-0.01,
0,32,-0.03,-10.05,-0.05,0,-0.01,
0,32,-0.03,-10.05,-0.05,0,-0.01,
0,32,-0.03,-10.05,-0.05,-0.01,-0.01,
0,32,-0.05,-10.12,-0.33,-0.01,-0.01,
0,32,-0.05,-10.12,-0.33,-0.01,-0.01,
0,32,-0.05,-10.12,-0.33,0.01,-0.01,
0,32,0.11,-9.57,0.16,-0.01,-0.01,
0,32,0.11,-9.57,0.16,-0.01,-0.01,
0,32,0.11,-9.57,0.16,-0.01,0,
0,32,0.04,-10.08,-0.29,0,-0.01,
0,32,0.04,-10.08,-0.29,0,-0.01,
0,32,0.04,-10.08,-0.29,-0.02,0,
0,32,-0.12,-10.25,-0.34,0,-0.01,
0,32,-0.12,-10.25,-0.34,0,-0.01,
0,32,-0.12,-10.25,-0.34,-0.01,-0.01,
0,32,-0.01,-9.89,-0.23,0,-0.01,
0,32,-0.01,-9.89,-0.23,0,-0.01,
0,32,0.17,-9.96,0.21,0.01,-0.01,
0,32,0.17,-9.96,0.21,-0.01,-0.01,
0,32,0.17,-9.96,0.21,-0.01,-0.01,
0,32,0.2,-9.9,-0.01,-0.01,-0.01,
0,32,0.2,-9.9,-0.01,-0.01,-0.01,
0,32,0.2,-9.9,-0.01,-0.01,-0.01,
0,32,-0.12,-10.05,-0.03,-0.01,-0.01,
0,32,-0.12,-10.05,-0.03,-0.01,-0.01,
0,32,-0.12,-10.05,-0.03,-0.01,-0.01,
0,32,-0.11,-10.08,-0.27,-0.01,-0.01,
0,32,-0.11,-10.08,-0.27,-0.01,-0.01,
0,32,-0.11,-10.08,-0.27,-0.01,-0.01,
0,32,0.02,-10.04,-0.12,0,-0.01,
0,32,0.02,-10.04,-0.12,-0.01,-0.01,
0,32,0.02,-10.04,-0.12,-0.01,-0.01,
0,32,0.17,-9.95,-0.1,-0.01,-0.01,
0,32,0.17,-9.95,-0.1,-0.01,-0.01,
0,32,0.17,-9.95,-0.1,-0.01,-0.01,
0,32,0,-10.08,-0.06,-0.01,-0.01,
0,32,0,-10.08,-0.06,-0.01,-0.01,
0,32,0.05,-10,-0.17,-0.01,-0.01,
0,32,0.05,-10,-0.17,-0.01,-0.01,
0,32,0.05,-10,-0.17,0,-0.01,
0,32,0.03,-10.07,-0.15,-0.01,-0.01,
0,32,0.03,-10.07,-0.15,-0.01,-0.01,
0,32,0.03,-10.07,-0.15,-0.01,-0.01,
0,32,0.11,-10.07,-0.06,-0.01,-0.01,
0,32,0.11,-10.07,-0.06,-0.01,-0.01,
0,32,0.11,-10.07,-0.06,-0.01,-0.01,
0,32,-0.04,-10.17,-0.09,-0.01,-0.01,
0,32,-0.04,-10.17,-0.09,-0.01,-0.01,
0,32,-0.04,-10.17,-0.09,-0.01,-0.01,
0,32,0.03,-10.03,-0.1,-0.01,-0.01,
0,32,0.03,-10.03,-0.1,-0.01,-0.01,
0,32,0.04,-10,-0.13,0,-0.01,
0,32,0.04,-10,-0.13,-0.01,-0.01,
0,32,0.04,-10,-0.13,-0.01,-0.01,
0,32,0.08,-10.05,-0.11,0,-0.01,
0,32,0.08,-10.05,-0.11,-0.01,-0.01,
0,32,0.08,-10.05,-0.11,-0.01,-0.01,
0,32,0.06,-10.04,-0.08,0,-0.01,
0,32,0.06,-10.04,-0.08,-0.01,-0.01,
0,32,0.06,-10.04,-0.08,-0.01,-0.01,
0,32,0.07,-10.04,-0.21,-0.01,-0.01,
0,32,0.07,-10.04,-0.21,-0.01,-0.01,
0,32,0.07,-10.04,-0.21,-0.01,-0.01,
0,32,0,-10.12,-0.16,0,-0.01,
0,32,0,-10.12,-0.16,0,-0.01,
0,32,0,-10.12,-0.16,0,-0.01,
0,32,0.03,-10.04,-0.1,-0.01,-0.01,
0,32,0.03,-10.04,-0.1,-0.01,-0.01,
0,32,0.03,-10.04,-0.1,-0.01,-0.01,
0,32,-0.03,-10.06,-0.04,0,-0.01,
0,32,-0.03,-10.06,-0.04,-0.01,-0.01,
0,32,-0.03,-10.06,-0.04,-0.01,-0.01,
0,32,-0.02,-9.99,-0.1,-0.01,-0.01,
0,32,-0.02,-9.99,-0.1,-0.01,-0.01,
0,32,-0.07,-10.07,-0.15,-0.01,-0.01,
0,32,-0.07,-10.07,-0.15,-0.01,-0.01,
0,32,-0.07,-10.07,-0.15,-0.01,-0.01,
0,32,-0.07,-10.07,-0.15,-0.01,-0.01,
0,32,0.05,-10.02,-0.16,0,-0.01,
0,32,0.05,-10.02,-0.16,0,-0.01,
0,32,0.01,-10.09,-0.11,-0.01,-0.01,
0,32,0.01,-10.09,-0.11,-0.01,-0.01,
0,32,0.01,-10.09,-0.11,-0.01,-0.01,
0,32,0.11,-10.07,-0.17,-0.01,-0.01,
0,32,0.11,-10.07,-0.17,-0.01,-0.01,
0,32,0.11,-10.07,-0.17,-0.01,-0.01,
0,32,0.09,-10.04,-0.12,0,-0.01,
0,32,0.09,-10.04,-0.12,-0.01,-0.01,
0,32,0.09,-10.04,-0.12,-0.01,-0.01,
0,32,-0.01,-10.04,-0.14,-0.01,-0.01,
0,32,-0.01,-10.04,-0.14,-0.01,-0.01,
0,32,-0.01,-10.04,-0.14,-0.01,-0.01,
0,32,-0.03,-10.05,-0.11,0,-0.01,
0,32,-0.03,-10.05,-0.11,0,-0.01,
0,32,-0.03,-10.05,-0.11,0,-0.01,
0,32,-0.01,-9.97,-0.08,-0.01,-0.01,
0,32,-0.01,-9.97,-0.08,-0.01,-0.01,
0,32,-0.01,-9.97,-0.08,-0.01,-0.01,
0,32,0.06,-10.01,-0.1,0,-0.01,
0,32,0.06,-10.01,-0.1,-0.01,-0.01,
0,32,0.06,-10.01,-0.1,-0.01,-0.01,
0,32,-0.03,-10.04,-0.15,-0.01,-0.01,
0,32,-0.03,-10.04,-0.15,0,-0.01,
0,32,0.05,-10.05,-0.16,0,-0.01,
0,32,0.05,-10.05,-0.16,-0.01,-0.01,
0,32,0.05,-10.05,-0.16,0,-0.01,
0,32,0.11,-10.02,-0.12,0,-0.01,
0,32,0.11,-10.02,-0.12,-0.01,-0.01,
0,32,0.11,-10.02,-0.12,-0.01,-0.01,
0,32,0,-10.06,-0.1,-0.01,-0.01,
0,32,0,-10.06,-0.1,-0.01,-0.01,
0,32,0,-10.06,-0.1,-0.01,-0.01,
0,32,0.01,-10.02,-0.21,-0.01,-0.01,
0,32,0.01,-10.02,-0.21,-0.01,-0.01,
0,32,0.01,-10.02,-0.21,-0.01,-0.01,
0,32,0.04,-10.02,-0.12,-0.01,-0.01,
0,32,0.04,-10.02,-0.12,-0.01,-0.01,
0,32,0.04,-10.02,-0.12,0,-0.01,
0,32,0.08,-10,-0.13,0,-0.01,
0,32,0.08,-10,-0.13,-0.01,-0.01,
0,32,0.08,-10,-0.13,-0.01,-0.01,
0,32,0.04,-10.02,-0.17,-0.01,-0.01,
0,32,0.04,-10.02,-0.17,-0.01,-0.01,
0,32,0,-10.08,-0.14,-0.01,-0.01,
0,32,0,-10.08,-0.14,-0.01,-0.01,
0,32,0,-10.08,-0.14,-0.01,0,
0,32,-0.01,-10.08,-0.11,-0.01,-0.01,
0,32,-0.01,-10.08,-0.11,-0.01,-0.01,
0,32,-0.01,-10.08,-0.11,0,-0.01,
0,32,-0.01,-9.98,-0.11,-0.01,0,
0,32,-0.01,-9.98,-0.11,-0.01,-0.01,
0,33,0.04,-10.06,-0.16,-0.01,-0.01,
0,33,0.04,-10.06,-0.16,-0.01,-0.01,
0,33,0.04,-10.06,-0.16,-0.01,-0.01,
0,33,-0.05,-10.06,-0.18,-0.01,-0.01,
0,33,-0.05,-10.06,-0.18,0,-0.01,
0,33,-0.05,-10.06,-0.18,0,-0.01,
0,33,-0.02,-10.02,-0.18,0,-0.01,
0,33,-0.02,-10.02,-0.18,-0.01,-0.01,
0,33,-0.02,-10.02,-0.18,-0.01,-0.01,
0,33,-0.04,-10.01,-0.11,-0.01,-0.01,
0,33,-0.04,-10.01,-0.11,-0.01,-0.01,
0,33,-0.04,-10.01,-0.11,-0.01,-0.01,
0,33,0.05,-9.97,-0.09,-0.01,-0.01,
0,33,0.05,-9.97,-0.09,0,-0.01,
0,33,0.05,-9.97,-0.09,-0.01,-0.01,
0,33,-0.11,-10.08,-0.12,-0.01,-0.01,
0,33,-0.11,-10.08,-0.12,-0.01,-0.01,
0,33,-0.11,-10.08,-0.12,-0.01,-0.01,
0,33,0,-9.96,-0.12,-0.01,-0.01,
0,33,0,-9.96,-0.12,0,-0.01,
0,33,0,-10.07,-0.13,-0.01,-0.01,
0,33,0,-10.07,-0.13,-0.01,-0.01,
0,33,0,-10.07,-0.13,0,-0.01,
0,33,0.07,-9.98,-0.1,0,-0.01,
0,33,0.07,-9.98,-0.1,0,-0.01,
0,33,0.07,-9.98,-0.1,-0.01,0,
0,33,0,-9.99,-0.13,-0.01,-0.01,
0,33,0,-9.99,-0.13,-0.01,-0.01,
0,33,0,-9.99,-0.13,-0.01,0,
0,33,0.02,-10.01,-0.14,-0.01,-0.01,
0,33,0.02,-10.01,-0.14,-0.01,-0.01,
0,33,0.02,-10.01,-0.14,-0.01,-0.01,
0,33,0,-10.03,-0.1,-0.01,-0.01,
0,33,0,-10.03,-0.1,-0.01,-0.01,
0,33,0,-10.03,-0.1,0,-0.01,
0,33,0.07,-10,-0.13,0,0,
0,33,0.07,-10,-0.13,0,0,
0,33,0.07,-10,-0.13,-0.01,-0.01,
0,33,0.04,-10.01,-0.14,-0.01,-0.01,
0,33,0.04,-10.01,-0.14,-0.01,-0.01,
0,33,0.04,-10.01,-0.14,-0.01,-0.01,
0,33,-0.05,-10.07,-0.06,-0.01,-0.01,
0,33,-0.05,-10.07,-0.06,-0.01,-0.01,
0,33,-0.05,-10.07,-0.06,-0.01,-0.01,
0,33,0.04,-10.08,-0.1,0,-0.01,
0,33,0.04,-10.08,-0.1,0,-0.01,
0,33,0.04,-10.08,-0.1,0,-0.01,
0,33,-0.05,-9.99,-0.1,0,-0.01,
0,33,-0.05,-9.99,-0.1,-0.01,-0.01,
0,33,-0.05,-9.99,-0.1,-0.01,-0.01,
0,33,0,-10.04,-0.07,-0.01,-0.01,
0,33,0,-10.04,-0.07,0,0,
0,33,0,-10.04,-0.07,-0.01,-0.01,
0,33,0,-10.01,-0.15,-0.01,-0.01,
0,33,0,-10.01,-0.15,0,-0.01,
0,33,0,-10.01,-0.15,-0.01,-0.01,
0,33,0.09,-10.05,-0.14,-0.01,-0.01,
0,33,0.09,-10.05,-0.14,-0.01,-0.01,
0,33,0.09,-10.04,-0.2,0,-0.01,
0,33,0.09,-10.04,-0.2,0,-0.01,
0,33,0.09,-10.04,-0.2,-0.01,-0.01,
0,33,0.07,-9.98,-0.09,-0.01,-0.01,
0,33,0.07,-9.98,-0.09,-0.01,-0.01,
0,33,0.07,-9.98,-0.09,-0.01,-0.01,
0,33,-0.02,-10.11,-0.12,0,-0.01,
0,33,-0.02,-10.11,-0.12,0,-0.01,
0,33,-0.02,-10.11,-0.12,-0.01,-0.01,
0,33,-0.03,-10.06,-0.19,-0.01,-0.01,
0,33,-0.03,-10.06,-0.19,-0.01,-0.01,
0,33,-0.03,-10.06,-0.19,-0.01,-0.01,
0,33,-0.02,-10.04,-0.11,-0.01,-0.01,
0,33,-0.02,-10.04,-0.11,-0.01,-0.01,
0,33,-0.02,-10.04,-0.11,0,-0.01,
0,33,0.1,-10.05,-0.04,-0.01,-0.01,
0,33,0.1,-10.05,-0.04,-0.01,-0.01,
0,33,0.1,-10.05,-0.04,-0.01,-0.01,
0,33,0.04,-10.04,-0.07,-0.01,-0.01,
0,33,0.04,-10.04,-0.07,-0.01,-0.01,
0,33,0.04,-10.04,-0.07,-0.01,-0.01,
0,33,0.02,-9.98,-0.16,-0.01,-0.01,
0,33,0.02,-9.98,-0.16,-0.01,-0.01,
0,33,0.06,-10.02,-0.15,0,-0.01,
0,33,0.06,-10.02,-0.15,0,-0.01,
0,33,0.06,-10.02,-0.15,0,-0.01,
0,33,0.05,-10.02,-0.11,0,-0.01,
0,33,0.05,-10.02,-0.11,0,-0.01,
0,33,0.05,-10.02,-0.11,0,-0.01,
0,33,-0.03,-10.05,-0.13,-0.01,-0.01,
0,33,-0.03,-10.05,-0.13,0,-0.01,
0,33,-0.03,-10.05,-0.13,0,-0.01,
0,33,-0.03,-10.07,-0.19,0,-0.01,
0,33,-0.03,-10.07,-0.19,0,-0.01,
0,33,0.02,-10.02,-0.12,0,-0.01,
0,33,0.02,-10.02,-0.12,-0.01,-0.01,
0,33,0.02,-10.02,-0.12,0,-0.01,
0,33,0.06,-10.03,-0.13,0,-0.01,
0,33,0.06,-10.03,-0.13,-0.01,-0.01,
0,33,0.06,-10.03,-0.13,-0.01,-0.01,
0,33,0.04,-10.04,-0.08,-0.01,-0.01,
0,33,0.04,-10.04,-0.08,-0.01,-0.01,
0,33,0.04,-10.04,-0.08,-0.01,-0.01,
0,33,0.07,-10.04,-0.11,-0.01,-0.01,
0,33,0.07,-10.04,-0.11,-0.01,0,
0,33,0.07,-10.04,-0.11,0,-0.01,
0,33,-0.02,-10.02,-0.14,0,-0.01,
0,33,-0.02,-10.02,-0.14,-0.01,-0.01,
0,33,-0.02,-10.02,-0.14,-0.01,-0.01,
0,33,0.03,-9.95,-0.14,-0.01,-0.01,
0,33,0.03,-9.95,-0.14,-0.01,-0.01,
0,33,0.03,-9.95,-0.14,-0.01,-0.01,
0,33,-0.3,-9.76,-0.46,-0.01,-0.01,
0,33,-0.3,-9.76,-0.46,0,-0.02,
0,33,-0.3,-9.76,-0.46,0.02,-0.01,
0,33,0.8,-8.94,1.07,0.02,-0.01,
0,33,0.8,-8.94,1.07,-0.02,0,
0,33,0.85,-9.52,-0.21,-0.02,0,
0,33,0.85,-9.52,-0.21,-0.02,0,
0,33,0.85,-9.52,-0.21,0,-0.01,
0,33,-1.02,-10.65,-0.38,-0.02,-0.01,
0,33,-1.02,-10.65,-0.38,-0.02,-0.01,
0,33,-1.02,-10.65,-0.38,0,-0.01,
0,33,0.19,-9.97,-0.32,0,-0.01,
0,33,0.19,-9.97,-0.32,0,-0.01,
0,33,0.19,-9.97,-0.32,0,-0.01,
0,33,0.27,-10.07,0.25,0.01,-0.01,
0,33,0.27,-10.07,0.25,0.01,-0.01,
0,33,0.27,-10.07,0.25,-0.01,-0.01,
0,33,0.57,-9.86,0.46,-0.02,-0.01,
0,33,0.57,-9.86,0.46,-0.02,-0.01,
0,33,0.57,-9.86,0.46,-0.01,0,
0,33,0.08,-10.29,-0.15,-0.01,0,
0,33,0.08,-10.29,-0.15,-0.01,0,
0,33,0.08,-10.29,-0.15,-0.01,-0.01,
0,33,-0.53,-9.96,-0.31,0,-0.01,
0,33,-0.53,-9.96,-0.31,0,-0.01,
0,33,-0.53,-9.96,-0.31,-0.01,-0.01,
0,33,0.39,-10.14,-0.46,-0.01,-0.01,
0,33,0.39,-10.14,-0.46,0,-0.01,
0,33,0.39,-10.14,-0.46,-0.01,-0.01,
0,33,0.06,-9.92,-0.05,-0.01,-0.01,
0,33,0.06,-9.92,-0.05,-0.01,-0.01,
0,33,0.06,-9.92,-0.05,-0.01,-0.01,
0,33,0.13,-10.24,-0.13,-0.01,-0.01,
0,33,0.13,-10.24,-0.13,-0.01,-0.01,
0,33,0.13,-10.24,-0.13,0,-0.01,
0,33,-0.07,-9.98,-0.07,0,-0.01,
0,33,-0.07,-9.98,-0.07,-0.01,-0.01,
0,33,-0.07,-9.98,-0.07,0,-0.01,
0,33,0.11,-9.96,0.07,0,-0.01,
0,33,0.11,-9.96,0.07,-0.01,-0.01,
0,33,0.11,-9.96,0.07,-0.01,-0.01,
0,33,0.14,-9.97,-0.05,-0.01,-0.01,
0,33,0.14,-9.97,-0.05,0,-0.01,
0,33,0.14,-9.97,-0.05,-0.01,-0.01,
0,33,-0.22,-10.16,-0.27,-0.01,-0.01,
0,34,-0.22,-10.16,-0.27,-0.01,-0.01,
0,34,-0.05,-10.07,-0.23,0,-0.01,
0,34,-0.05,-10.07,-0.23,0,-0.01,
0,34,-0.05,-10.07,-0.23,-0.01,-0.01,
0,34,0.02,-10,-0.03,0,-0.01,
0,34,0.02,-10,-0.03,0,-0.01,
0,34,0.02,-10,-0.03,0,-0.01,
0,34,0.12,-9.94,-0.12,-0.01,-0.01,
0,34,0.12,-9.94,-0.12,-0.01,-0.01,
0,34,0.12,-9.94,-0.12,0,0,
0,34,-0.02,-10.11,-0.12,-0.01,-0.01,
0,34,-0.02,-10.11,-0.12,-0.01,-0.01,
0,34,-0.02,-10.11,-0.12,-0.01,-0.01,
0,34,0.04,-10.06,-0.17,-0.01,-0.01,
0,34,0.04,-10.06,-0.17,-0.01,-0.01,
0,34,0.04,-10.06,-0.17,-0.01,-0.01,
0,34,-0.03,-10.04,-0.11,-0.01,-0.01,
0,34,-0.03,-10.04,-0.11,-0.01,-0.01,
0,34,0,-9.96,-0.02,-0.01,-0.01,
0,34,0,-9.96,-0.02,-0.01,-0.01,
0,34,0,-9.96,-0.02,-0.01,-0.01,
0,34,0,-10.02,-0.17,0,-0.01,
0,34,0,-10.02,-0.17,-0.01,-0.01,
0,34,0,-10.02,-0.17,-0.01,-0.01,
0,34,-0.07,-10.04,-0.06,-0.01,-0.01,
0,34,-0.07,-10.04,-0.06,0,-0.01,
0,34,-0.07,-10.04,-0.06,0,-0.01,
0,34,0,-10.03,-0.08,0,-0.01,
0,34,0,-10.03,-0.08,-0.01,-0.01,
0,34,0,-10.03,-0.08,-0.01,-0.01,
0,34,-0.06,-10.07,-0.15,-0.01,-0.01,
0,34,-0.06,-10.07,-0.15,-0.01,-0.01,
0,34,0.06,-10.02,-0.15,0,-0.01,
0,34,0.06,-10.02,-0.15,0,-0.01,
0,34,0.06,-10.02,-0.15,-0.01,-0.01,
0,34,-0.01,-10.04,-0.08,-0.01,-0.01,
0,34,-0.01,-10.04,-0.08,-0.01,-0.01,
0,34,-0.01,-10.04,-0.08,-0.01,-0.01,
0,34,0.08,-9.98,-0.18,-0.01,-0.01,
0,34,0.08,-9.98,-0.18,-0.01,-0.01,
0,34,0.08,-9.98,-0.18,-0.01,-0.01,
0,34,-0.05,-10.07,-0.08,0,-0.01,
0,34,-0.05,-10.07,-0.08,0,-0.01,
0,34,-0.05,-10.07,-0.08,-0.01,0,
0,34,0.06,-9.99,-0.15,-0.01,-0.01,
0,34,0.06,-9.99,-0.15,-0.01,-0.01,
0,34,0.03,-10.05,-0.06,-0.01,-0.01,
0,34,0.03,-10.05,-0.06,-0.01,-0.01,
0,34,0.03,-10.05,-0.06,-0.01,-0.01,
0,34,0.03,-10.02,-0.13,0,-0.01,
0,34,0.03,-10.02,-0.13,-0.01,-0.01,
0,34,0.03,-10.02,-0.13,-0.01,-0.01,
0,34,0.05,-10.09,-0.16,-0.01,-0.01,
0,34,0.05,-10.09,-0.16,-0.01,-0.01,
0,34,0.05,-10.09,-0.16,-0.01,-0.01,
0,34,0,-10.05,-0.14,0,-0.01,
0,34,0,-10.05,-0.14,-0.01,-0.01,
0,34,0,-10.05,-0.14,-0.01,-0.01,
0,34,-0.03,-10.08,-0.13,-0.01,-0.01,
0,34,-0.03,-10.08,-0.13,-0.01,-0.01,
0,34,-0.03,-10.08,-0.13,-0.01,-0.01,
0,34,0.02,-10.01,-0.16,0,-0.01,
0,34,0.02,-10.01,-0.16,0,-0.01,
0,34,0.03,-10.07,-0.13,-0.01,-0.01,
0,34,0.03,-10.07,-0.13,-0.01,-0.01,
0,34,0.03,-10.07,-0.13,-0.01,-0.01,
0,34,-0.01,-10.01,-0.13,-0.01,-0.01,
0,34,-0.01,-10.01,-0.13,-0.01,-0.01,
0,34,-0.01,-10.01,-0.13,-0.01,-0.01,
0,34,-0.02,-10.07,-0.14,-0.01,-0.01,
0,34,-0.02,-10.07,-0.14,-0.01,-0.01,
0,34,-0.02,-10.07,-0.14,-0.01,-0.01,
0,34,0.08,-10.03,-0.11,-0.01,-0.01,
0,34,0.08,-10.03,-0.11,-0.01,-0.01,
0,34,0.08,-10.03,-0.11,-0.01,-0.01,
0,34,0.03,-10.01,-0.08,-0.01,-0.01,
0,34,0.03,-10.01,-0.08,-0.01,-0.01,
0,34,0.03,-10.01,-0.08,-0.01,-0.01,
0,34,0.05,-10.06,-0.04,-0.01,-0.01,
0,34,0.05,-10.06,-0.04,0,-0.01,
0,34,0.05,-10.06,-0.04,-0.01,-0.01,
0,34,-0.03,-10.06,-0.1,-0.01,-0.01,
0,34,-0.03,-10.06,-0.1,0,-0.01,
0,34,-0.03,-10.06,-0.1,0,-0.01,
0,34,0.02,-10.07,-0.12,0,-0.01,
0,34,0.02,-10.07,-0.12,-0.01,-0.01,
0,34,0.02,-10.07,-0.12,-0.01,-0.01,
0,34,0.04,-10.06,-0.14,-0.01,-0.01,
0,34,0.04,-10.06,-0.14,0,-0.01,
0,34,0.04,-10.06,-0.14,-0.01,-0.01,
0,34,0.09,-10,-0.15,-0.01,-0.01,
0,34,0.09,-10,-0.15,-0.01,-0.01,
0,34,-0.04,-10,-0.1,0,-0.01,
0,34,-0.04,-10,-0.1,0,-0.01,
0,34,-0.04,-10,-0.1,-0.01,-0.01,
0,34,0.07,-10.07,-0.12,-0.01,-0.01,
0,34,0.07,-10.07,-0.12,-0.01,-0.01,
0,34,0.07,-10.07,-0.12,0,-0.01,
0,34,0.02,-10.01,-0.11,0,-0.01,
0,34,0.02,-10.01,-0.11,0,-0.01,
0,34,0.02,-10.01,-0.11,0,-0.01,
0,34,0.06,-9.99,-0.13,-0.01,-0.01,
0,34,0.06,-9.99,-0.13,-0.01,-0.01,
0,34,0.06,-9.99,-0.13,-0.01,-0.01,
0,34,-0.01,-10.01,-0.18,0,-0.01,
0,34,-0.01,-10.01,-0.18,0,-0.01,
0,34,-0.01,-10.01,-0.18,-0.01,-0.01,
0,34,-0.03,-10.06,-0.13,-0.01,-0.01,
0,34,-0.03,-10.06,-0.13,-0.01,-0.01,
0,34,0.04,-10.02,-0.12,-0.01,-0.01,
0,34,0.04,-10.02,-0.12,-0.01,-0.01,
0,34,0.04,-10.02,-0.12,-0.01,-0.01,
0,34,0.08,-10.03,-0.1,-0.01,-0.01,
0,34,0.08,-10.03,-0.1,-0.01,-0.01,
0,34,0.08,-10.03,-0.1,-0.01,-0.01,
0,34,0.06,-10.05,-0.12,-0.01,-0.01,
0,34,0.06,-10.05,-0.12,-0.01,-0.01,
0,34,0.06,-10.05,-0.12,-0.01,-0.01,
0,34,-0.01,-10.07,-0.1,0,-0.01,
0,34,-0.01,-10.07,-0.1,0,-0.01,
0,34,-0.01,-10.07,-0.1,0,-0.01,
0,34,0.02,-9.99,-0.16,-0.01,-0.01,
0,34,0.02,-9.99,-0.16,-0.01,0,
0,34,0.02,-10.04,-0.08,-0.01,-0.01,
0,34,0.02,-10.04,-0.08,-0.01,-0.01,
0,34,0.02,-10.04,-0.08,-0.01,-0.01,
0,34,-0.07,-10.07,-0.11,-0.01,-0.01,
0,34,-0.07,-10.07,-0.11,-0.01,-0.01,
0,34,-0.07,-10.07,-0.11,0,-0.01,
0,34,0,-10.07,-0.11,-0.01,-0.01,
0,34,0,-10.07,-0.11,-0.01,-0.01,
0,34,0,-10.07,-0.11,-0.01,-0.01,
0,34,-0.03,-10.02,-0.11,0,-0.01,
0,34,-0.03,-10.02,-0.11,-0.01,-0.01,
0,34,0.05,-10.02,-0.1,-0.01,-0.01,
0,34,0.05,-10.02,-0.1,-0.01,-0.01,
0,34,0.05,-10.02,-0.1,0,-0.01,
0,34,-0.02,-10.07,-0.13,0,-0.01,
0,34,-0.02,-10.07,-0.13,-0.01,-0.01,
0,34,-0.02,-10.07,-0.13,-0.01,-0.01,
0,34,0.04,-10.06,-0.14,-0.01,-0.01,
0,34,0.04,-10.06,-0.14,0,-0.01,
0,34,0.04,-10.06,-0.14,-0.01,-0.01,
0,34,0,-10,-0.13,-0.01,-0.01,
0,34,0,-10,-0.13,-0.01,-0.01,
0,34,0,-10,-0.13,-0.01,-0.01,
0,34,0.01,-10.07,-0.09,-0.01,-0.01,
0,34,0.01,-10.07,-0.09,0,-0.01,
0,34,0,-10.07,-0.1,-0.01,-0.01,
0,34,0,-10.07,-0.1,-0.01,-0.01,
0,34,0,-10.07,-0.1,-0.01,-0.01,
0,34,0.01,-10.09,-0.13,0,-0.01,
0,34,0.01,-10.09,-0.13,0,0,
0,35,0.01,-10.09,-0.13,0,0,
0,35,0.04,-10.01,-0.17,-0.01,-0.01,
0,35,0.04,-10.01,-0.17,-0.01,-0.01,
0,35,0.04,-10.01,-0.17,-0.01,-0.01,
0,35,0.04,-10.06,-0.19,-0.01,-0.01,
0,35,0.04,-10.06,-0.19,0,-0.01,
0,35,-0.05,-10.04,-0.14,0,-0.01,
0,35,-0.05,-10.04,-0.14,0,-0.01,
0,35,-0.05,-10.04,-0.14,-0.01,-0.01,
0,35,0.04,-10.05,-0.11,-0.01,-0.01,
0,35,0.04,-10.05,-0.11,-0.01,-0.01,
0,35,0.04,-10.05,-0.11,-0.01,-0.01,
0,35,0.01,-9.99,-0.1,-0.01,-0.01,
0,35,0.01,-9.99,-0.1,0,-0.01,
0,35,0.01,-9.99,-0.1,-0.01,-0.01,
0,35,-0.04,-10.05,-0.13,-0.01,-0.01,
0,35,-0.04,-10.05,-0.13,-0.01,-0.01,
0,35,-0.04,-10.05,-0.13,-0.01,-0.01,
0,35,0.02,-10.05,-0.14,-0.01,-0.01,
0,35,0.02,-10.05,-0.14,-0.01,-0.01,
0,35,0.02,-10.05,-0.14,-0.01,-0.01,
0,35,0.04,-9.97,-0.1,-0.01,-0.01,
0,35,0.04,-9.97,-0.1,-0.01,-0.01,
0,35,0.04,-9.97,-0.1,0,-0.01,
0,35,0.11,-10.05,-0.13,0,-0.01,
0,35,0.11,-10.05,-0.13,-0.01,-0.01,
0,35,0.11,-10.05,-0.13,-0.01,-0.01,
0,35,0.03,-10.02,-0.13,-0.01,-0.01,
0,35,0.03,-10.02,-0.13,-0.01,0,
0,35,-0.02,-10.03,-0.18,-0.01,-0.01,
0,35,-0.02,-10.03,-0.18,-0.01,-0.01,
0,35,-0.02,-10.03,-0.18,-0.01,-0.01,
0,35,0.01,-9.99,-0.03,-0.01,-0.01,
0,35,0.01,-9.99,-0.03,-0.01,-0.01,
0,35,0.01,-9.99,-0.03,-0.01,-0.01,
0,35,0,-10.05,-0.14,0,-0.01,
0,35,0,-10.05,-0.14,0,-0.01,
0,35,0,-10.05,-0.14,-0.01,-0.01,
0,35,-0.02,-10.02,-0.13,-0.01,-0.01,
0,35,-0.02,-10.02,-0.13,-0.01,-0.01,
0,35,-0.02,-10.02,-0.13,0,-0.01,
0,35,0.07,-10.06,-0.1,-0.01,-0.01,
0,35,0.07,-10.06,-0.1,-0.01,-0.01,
0,35,0.07,-10.06,-0.1,0,-0.01,
0,35,0.03,-10.02,-0.09,-0.01,0,
0,35,0.03,-10.02,-0.09,-0.01,0,
0,35,0.01,-10.02,-0.14,-0.01,0,
0,35,0.01,-10.02,-0.14,-0.01,-0.01,
0,35,0.01,-10.02,-0.14,-0.01,-0.01,
0,35,-0.03,-10.08,-0.12,-0.01,-0.01,
0,35,-0.03,-10.08,-0.12,0,-0.01,
0,35,-0.03,-10.08,-0.12,0,-0.01,
0,35,0,-10.03,-0.15,-0.01,-0.01,
0,35,0,-10.03,-0.15,-0.01,-0.01,
0,35,0,-10.03,-0.15,-0.01,-0.01,
0,35,0.03,-10.05,-0.08,0,-0.01,
0,35,0.03,-10.05,-0.08,-0.01,-0.01,
0,35,0.03,-10.05,-0.08,-0.01,-0.01,
0,35,0.03,-10,-0.06,-0.01,-0.01,
0,35,0.03,-10,-0.06,-0.01,-0.01,
0,35,0.03,-10,-0.06,0,-0.01,
0,35,0.04,-10.05,-0.18,-0.01,-0.01,
0,35,0.04,-10.05,-0.18,-0.01,-0.01,
0,35,-0.01,-10.07,-0.16,0,-0.01,
0,35,-0.01,-10.07,-0.16,-0.01,-0.02,
0,35,-0.01,-10.07,-0.16,-0.01,-0.02,
0,35,0,-10.04,-0.15,-0.01,-0.01,
0,35,0,-10.04,-0.15,-0.01,-0.01,
0,35,0,-10.04,-0.15,-0.01,-0.01,
0,35,0.03,-10,-0.08,0,-0.01,
0,35,0.03,-10,-0.08,-0.01,-0.01,
0,35,0.03,-10,-0.08,-0.01,-0.01,
0,35,0.01,-9.99,-0.11,-0.01,-0.01,
0,35,0.01,-9.99,-0.11,-0.01,-0.01,
0,35,-0.01,-10.06,-0.09,-0.01,-0.01,
0,35,-0.01,-10.06,-0.09,-0.01,-0.01,
0,35,-0.01,-10.06,-0.09,-0.01,-0.01,
0,35,0.01,-10,-0.13,-0.01,-0.01,
0,35,0.01,-10,-0.13,-0.01,-0.01,
0,35,0.01,-10,-0.13,-0.01,-0.01,
0,35,0.01,-10.05,-0.16,-0.01,-0.01,
0,35,0.01,-10.05,-0.16,-0.01,-0.01,
0,35,0.01,-10.05,-0.16,-0.01,-0.01,
0,35,-0.01,-10.04,-0.15,-0.01,-0.01,
0,35,-0.01,-10.04,-0.15,-0.01,-0.01,
0,35,-0.01,-10.04,-0.15,-0.01,-0.01,
0,35,0.02,-9.98,-0.12,-0.01,-0.01,
0,35,0.02,-9.98,-0.12,-0.01,-0.01,
0,35,0.02,-9.98,-0.12,0,-0.01,
0,35,0.01,-10,-0.11,0,-0.01,
0,35,0.01,-10,-0.11,-0.01,-0.01,
0,35,0,-10.02,-0.11,-0.01,-0.01,
0,35,0,-10.02,-0.11,-0.01,-0.01,
0,35,0,-10.02,-0.11,-0.01,-0.01,
0,35,-0.06,-10.03,-0.1,-0.01,-0.01,
0,35,-0.06,-10.03,-0.1,-0.01,-0.01,
0,35,-0.06,-10.03,-0.1,0,-0.01,
0,35,-0.01,-10.05,-0.1,-0.01,-0.01,
0,35,-0.01,-10.05,-0.1,0,-0.01,
0,35,-0.01,-10.05,-0.1,0,-0.01,
0,35,0.03,-10,-0.1,-0.01,-0.01,
0,35,0.03,-10,-0.1,-0.01,-0.01,
0,35,0.03,-10,-0.1,-0.01,-0.01,
0,35,0.1,-9.99,-0.1,-0.01,-0.01,
0,35,0.1,-9.99,-0.1,-0.01,-0.01,
0,35,0.04,-10,-0.13,-0.01,-0.01,
0,35,0.04,-10,-0.13,-0.01,-0.01,
0,35,0.04,-10,-0.13,-0.01,-0.01,
0,35,0.02,-10.04,-0.11,-0.01,-0.01,
0,35,0.02,-10.04,-0.11,-0.01,-0.01,
0,35,0.02,-10.04,-0.11,-0.01,-0.01,
0,35,0.07,-10.01,-0.06,-0.01,-0.01,
0,35,0.07,-10.01,-0.06,-0.01,-0.01,
0,35,0.07,-10.01,-0.06,-0.01,-0.01,
0,35,-0.05,-10.05,-0.14,0,-0.01,
0,35,-0.05,-10.05,-0.14,-0.01,-0.01,
0,35,-0.05,-10.05,-0.14,-0.01,-0.01,
0,35,0.05,-10.03,-0.15,-0.01,-0.01,
0,35,0.05,-10.03,-0.15,0,-0.01,
0,35,0.05,-10.03,-0.15,0,-0.01,
0,35,0.01,-10.03,-0.13,-0.01,-0.01,
0,35,0.01,-10.03,-0.13,-0.01,-0.01,
0,35,0.01,-10.03,-0.13,-0.01,-0.01,
0,35,0.08,-10.09,-0.09,-0.01,-0.01,
0,35,0.08,-10.09,-0.09,-0.01,0,
0,35,0.08,-10.09,-0.09,-0.01,0,
0,35,-0.01,-9.98,-0.09,-0.01,-0.01,
0,35,-0.01,-9.98,-0.09,-0.01,-0.01,
0,35,-0.01,-9.98,-0.09,-0.01,-0.01,
0,35,-0.03,-10.06,-0.11,-0.01,-0.01,
0,35,-0.03,-10.06,-0.11,-0.01,-0.01,
0,35,-0.03,-9.99,-0.1,-0.01,-0.01,
0,35,-0.03,-9.99,-0.1,-0.01,-0.01,
0,35,-0.03,-9.99,-0.1,-0.01,-0.01,
0,35,0,-10.01,-0.12,-0.01,-0.01,
0,35,0,-10.01,-0.12,-0.01,-0.01,
0,35,0,-10.01,-0.12,-0.01,-0.01,
0,35,0,-10.06,-0.13,-0.01,-0.01,
0,35,0,-10.06,-0.13,-0.01,-0.01,
0,35,0,-10.06,-0.13,-0.01,-0.01,
0,35,-0.02,-9.99,-0.09,0,-0.01,
0,35,-0.02,-9.99,-0.09,0,-0.01,
0,35,-0.02,-9.99,-0.09,-0.01,-0.01,
0,35,0.07,-10.03,-0.11,-0.01,-0.01,
0,35,0.07,-10.03,-0.11,-0.01,-0.01,
0,35,0.02,-10.07,-0.13,0,-0.01,
0,35,0.02,-10.07,-0.13,-0.01,0,
0,35,0.02,-10.07,-0.13,-0.01,0,
0,35,0.05,-10.05,-0.17,-0.01,-0.01,
0,35,0.05,-10.05,-0.17,-0.01,-0.01,
0,35,0.05,-10.05,-0.17,-0.01,-0.01,
0,35,0,-10.05,-0.11,-0.01,-0.01,
0,35,0,-10.05,-0.11,-0.01,-0.01,
0,36,0,-10.05,-0.11,0,-0.01,
0,36,0.03,-9.99,-0.11,0,-0.01,
0,36,0.03,-9.99,-0.11,-0.01,-0.01,
0,36,-0.03,-10.03,-0.12,-0.01,-0.01,
0,36,-0.03,-10.03,-0.12,-0.01,-0.01,
0,36,-0.03,-10.03,-0.12,-0.01,-0.01,
0,36,0.04,-10.06,-0.1,-0.01,-0.01,
0,36,0.04,-10.06,-0.1,-0.01,-0.01,
0,36,0.04,-10.06,-0.1,0,-0.01,
0,36,0.05,-10.01,-0.11,-0.01,-0.01,
0,36,0.05,-10.01,-0.11,-0.01,-0.01,
0,36,0.05,-10.01,-0.11,-0.01,-0.01,
0,36,0.04,-10.03,-0.11,-0.01,-0.01,
0,36,0.04,-10.03,-0.11,-0.01,-0.01,
0,36,0.04,-10.03,-0.11,0,-0.01,
0,36,0.02,-10.05,-0.11,0,-0.01,
0,36,0.02,-10.05,-0.11,0,-0.01,
0,36,0.02,-10.05,-0.11,-0.01,-0.01,
0,36,0,-10.02,-0.11,-0.01,-0.01,
0,36,0,-10.02,-0.11,-0.01,-0.01,
0,36,0,-10.02,-0.11,-0.01,-0.01,
0,36,0.03,-10.05,-0.13,-0.01,-0.01,
0,36,0.03,-10.05,-0.13,-0.01,-0.01,
0,36,0.02,-10.06,-0.14,-0.01,-0.01,
0,36,0.02,-10.06,-0.14,-0.01,-0.01,
0,36,0.02,-10.06,-0.14,-0.01,-0.01,
0,36,0.03,-9.97,-0.11,-0.01,-0.01,
0,36,0.03,-9.97,-0.11,-0.01,-0.01,
0,36,0.03,-9.97,-0.11,-0.01,-0.01,
0,36,0.01,-10.02,-0.11,-0.01,-0.01,
0,36,0.01,-10.02,-0.11,0,-0.01,
0,36,0.01,-10.02,-0.11,0,-0.01,
0,36,-0.01,-10,-0.11,-0.01,-0.01,
0,36,-0.01,-10,-0.11,-0.01,-0.01,
0,36,-0.01,-10,-0.11,-0.01,-0.01,
0,36,0,-10.02,-0.14,-0.01,-0.01,
0,36,0,-10.02,-0.14,0,-0.01,
0,36,0,-10.02,-0.14,0,-0.01,
0,36,0,-10.03,-0.15,-0.01,-0.01,
0,36,0,-10.03,-0.15,-0.01,-0.01,
0,36,0,-10.03,-0.15,-0.01,-0.01,
0,36,-0.08,-10.1,-0.2,-0.01,-0.01,
0,36,-0.08,-10.1,-0.2,-0.01,-0.01,
0,36,0.1,-10.07,-0.01,-0.01,-0.01,
0,36,0.1,-10.07,-0.01,0,-0.01,
0,36,0.1,-10.07,-0.01,-0.01,-0.01,
0,36,0.05,-10,0,-0.01,-0.01,
0,36,0.05,-10,0,-0.01,-0.01,
0,36,0.05,-10,0,-0.01,-0.01,
0,36,-0.09,-10.07,-0.23,-0.01,-0.01,
0,36,-0.09,-10.07,-0.23,-0.01,-0.01,
0,36,-0.09,-10.07,-0.23,-0.01,-0.01,
0,36,-0.07,-10.08,-0.22,-0.01,-0.01,
0,36,-0.07,-10.08,-0.22,0,-0.01,
0,36,-0.07,-10.08,-0.22,0,-0.01,
0,36,0.15,-10,-0.07,0,-0.01,
0,36,0.15,-10,-0.07,-0.01,-0.01,
0,36,0.15,-10,-0.07,-0.01,-0.01,
0,36,0.07,-9.95,-0.07,0,-0.01,
0,36,0.07,-9.95,-0.07,-0.01,-0.01,
0,36,0.07,-9.95,-0.07,-0.01,-0.01,
0,36,-0.06,-10.07,-0.17,-0.01,-0.01,
0,36,-0.06,-10.07,-0.17,-0.01,-0.01,
0,36,-0.06,-10.07,-0.17,-0.01,-0.01,
0,36,-0.04,-10.04,-0.12,-0.01,-0.01,
0,36,-0.04,-10.04,-0.12,-0.01,-0.01,
0,36,-0.04,-10.04,-0.12,0,-0.01,
0,36,0.02,-10.05,-0.05,0,-0.01,
0,36,0.02,-10.05,-0.05,0,-0.01,
0,36,0.02,-10.05,-0.05,-0.01,-0.01,
0,36,0.13,-10.01,-0.1,0,0,
0,36,0.13,-10.01,-0.1,0,0,
0,36,0.13,-10.01,-0.1,-0.01,-0.01,
0,36,0,-10.06,-0.14,-0.01,-0.01,
0,36,0,-10.06,-0.14,-0.01,-0.01,
0,36,0,-10.06,-0.14,-0.01,0,
0,36,-0.02,-10.06,-0.23,-0.01,-0.01,
0,36,-0.02,-10.06,-0.23,-0.01,-0.01,
0,36,-0.02,-10.06,-0.23,-0.01,-0.01,
0,36,-0.02,-10.01,-0.16,0,-0.01,
0,36,-0.02,-10.01,-0.16,0,-0.01,
0,36,-0.02,-10.01,-0.16,-0.01,-0.01,
0,36,0.07,-10,-0.07,-0.01,0,
0,36,0.07,-10,-0.07,-0.01,0,
0,36,0.07,-10,-0.07,-0.01,-0.01,
0,36,0,-10.03,-0.07,0,-0.01,
0,36,0,-10.03,-0.07,0,-0.01,
0,36,-0.06,-10.01,-0.15,-0.01,-0.01,
0,36,-0.06,-10.01,-0.15,-0.01,-0.01,
0,36,-0.06,-10.01,-0.15,-0.01,-0.01,
0,36,0.06,-9.93,-0.05,-0.01,0,
0,36,0.06,-9.93,-0.05,-0.01,-0.01,
0,36,0.06,-9.93,-0.05,-0.01,-0.01,
0,36,0.03,-10,-0.11,0,-0.01,
0,36,0.03,-10,-0.11,0,-0.01,
0,36,0.03,-10,-0.11,0,-0.01,
0,36,0.07,-10.06,-0.1,0,-0.01,
0,36,0.07,-10.06,-0.1,-0.01,-0.01,
0,36,0.07,-10.06,-0.1,-0.01,-0.01,
0,36,0.09,-10.03,-0.11,-0.01,-0.01,
0,36,0.09,-10.03,-0.11,0,-0.01,
0,36,0.01,-10,-0.11,0,-0.01,
0,36,0.01,-10,-0.11,0,-0.01,
0,36,0.01,-10,-0.11,0,-0.01,
0,36,0.11,-10,-0.1,-0.01,-0.01,
0,36,0.11,-10,-0.1,-0.01,-0.01,
0,36,0.11,-10,-0.1,-0.01,-0.01,
0,36,0.04,-10.03,-0.13,0,-0.01,
0,36,0.04,-10.03,-0.13,0,-0.01,
0,36,0.04,-10.03,-0.13,-0.01,-0.01,
0,36,0.06,-10.03,-0.14,-0.01,-0.01,
0,36,0.06,-10.03,-0.14,-0.01,-0.01,
0,36,0.06,-10.03,-0.14,0,-0.02,
0,36,0.06,-9.99,-0.14,-0.01,0,
0,36,0.06,-9.99,-0.14,-0.01,0,
0,36,0.06,-9.99,-0.14,-0.01,-0.01,
0,36,0.04,-10.01,-0.13,-0.01,-0.01,
0,36,0.04,-10.01,-0.13,-0.01,-0.01,
0,36,0.01,-10.05,-0.07,-0.01,-0.01,
0,36,0.01,-10.05,-0.07,-0.01,-0.01,
0,36,0.03,-9.96,-0.05,-0.01,-0.01,
0,36,0.03,-9.96,-0.05,-0.01,-0.01,
0,36,0.03,-9.96,-0.05,-0.01,-0.01,
0,36,0.06,-10.01,-0.02,-0.01,-0.01,
0,36,0.06,-10.01,-0.02,-0.01,-0.01,
0,36,0.06,-10.01,-0.02,-0.01,-0.01,
0,36,0.03,-10.09,-0.14,-0.01,-0.01,
0,36,0.03,-10.09,-0.14,-0.01,-0.01,
0,36,0.01,-10.09,-0.17,-0.01,-0.01,
0,36,0.01,-10.09,-0.17,-0.01,-0.01,
0,36,0.01,-10.09,-0.17,0,-0.01,
0,36,0.13,-10.07,-0.18,0,-0.01,
0,36,0.13,-10.07,-0.18,0,-0.01,
0,36,0.13,-10.07,-0.18,-0.01,-0.01,
0,36,0.09,-10,-0.11,-0.01,-0.01,
0,36,0.09,-10,-0.11,-0.01,-0.01,
0,36,0.09,-10,-0.11,-0.01,-0.01,
0,36,-0.01,-10.04,-0.13,-0.01,-0.01,
0,36,-0.01,-10.04,-0.13,-0.01,-0.01,
0,36,-0.01,-10.04,-0.13,-0.01,-0.01,
0,36,-0.03,-10.06,-0.11,-0.01,-0.01,
0,36,-0.03,-10.06,-0.11,-0.01,-0.01,
0,36,-0.03,-10.06,-0.11,0,-0.01,
0,36,-0.03,-10.03,-0.03,0,-0.01,
0,36,-0.03,-10.03,-0.03,-0.01,-0.01,
0,36,-0.03,-10.03,-0.03,-0.01,-0.01,
0,36,0.02,-10.02,-0.07,-0.01,-0.01,
0,36,0.02,-10.02,-0.07,-0.01,-0.01,
0,36,0.02,-10.02,-0.07,-0.01,0,
0,36,-0.01,-10.01,-0.15,-0.01,0,
0,37,-0.01,-10.01,-0.15,-0.01,-0.01,
0,37,-0.01,-10.01,-0.15,-0.01,0,
0,37,0.04,-10.03,-0.13,-0.01,-0.01,
0,37,0.04,-10.03,-0.13,-0.01,-0.01,
0,37,0.01,-10.02,-0.16,-0.01,-0.01,
0,37,0.01,-10.02,-0.16,-0.01,-0.01,
0,37,0.01,-10.02,-0.16,-0.01,-0.01,
0,37,0,-10.04,-0.16,0,0,
0,37,0,-10.04,-0.16,0,0,
0,37,0,-10.04,-0.16,0,-0.01,
0,37,0.03,-10.01,-0.03,0,-0.01,
0,37,0.03,-10.01,-0.03,0,-0.01,
0,37,0.03,-10.01,-0.03,-0.01,-0.01,
0,37,0,-10.03,-0.02,-0.01,-0.01,
0,37,0,-10.03,-0.02,-0.01,-0.01,
0,37,0,-10.03,-0.02,-0.01,-0.01,
0,37,0.05,-10.03,-0.12,-0.01,-0.01,
0,37,0.05,-10.03,-0.12,-0.01,-0.01,
0,37,0.05,-10.03,-0.12,-0.01,-0.01,
0,37,-0.04,-10.03,-0.17,0,-0.01,
0,37,-0.04,-10.03,-0.17,0,-0.01,
0,37,-0.04,-10.03,-0.17,-0.01,-0.01,
0,37,0.02,-10.01,-0.07,-0.01,-0.01,
0,37,0.02,-10.01,-0.07,-0.01,-0.02,
0,37,0.02,-10.01,-0.07,0,-0.01,
0,37,0.16,-9.99,-0.09,-0.01,-0.01,
0,37,0.16,-9.99,-0.09,-0.01,-0.01,
0,37,0.16,-9.99,-0.09,-0.01,-0.01,
0,37,-0.03,-10.02,-0.16,-0.01,-0.01,
0,37,-0.03,-10.02,-0.16,-0.01,-0.01,
0,37,0.01,-10,-0.16,-0.01,-0.01,
0,37,0.01,-10,-0.16,0,-0.01,
0,37,0.01,-10,-0.16,0,-0.01,
0,37,-0.07,-10.02,-0.14,-0.01,-0.01,
0,37,-0.07,-10.02,-0.14,0,-0.01,
0,37,-0.07,-10.02,-0.14,-0.01,-0.01,
0,37,0.06,-10,-0.12,-0.01,-0.01,
0,37,0.06,-10,-0.12,-0.01,-0.01,
0,37,0.06,-10,-0.12,-0.01,-0.01,
0,37,0.06,-9.97,-0.11,-0.01,-0.01,
0,37,0.06,-9.97,-0.11,-0.01,-0.01,
0,37,-0.01,-10.07,-0.14,-0.01,-0.01,
0,37,-0.01,-10.07,-0.14,-0.01,-0.01,
0,37,-0.01,-10.07,-0.14,-0.01,-0.01,
0,37,-0.01,-10.06,-0.18,0,-0.01,
0,37,-0.01,-10.06,-0.18,0,-0.01,
0,37,-0.01,-10.06,-0.18,0,-0.01,
0,37,-0.03,-10.02,-0.14,-0.01,-0.01,
0,37,-0.03,-10.02,-0.14,-0.01,-0.01,
0,37,-0.03,-10.02,-0.14,0,-0.01,
0,37,0.01,-10,-0.13,-0.01,-0.01,
0,37,0.01,-10,-0.13,-0.01,-0.01,
0,37,0.01,-10,-0.13,-0.01,-0.01,
0,37,-0.02,-10.06,-0.12,-0.01,-0.01,
0,37,-0.02,-10.06,-0.12,-0.01,-0.01,
0,37,-0.02,-10.06,-0.12,0,-0.01,
0,37,0,-10.02,-0.12,-0.01,-0.01,
0,37,0,-10.02,-0.12,-0.01,-0.01,
0,37,0.01,-10.02,-0.13,-0.01,-0.01,
0,37,0.01,-10.02,-0.13,-0.01,-0.01,
0,37,0.01,-10.02,-0.13,-0.01,-0.01,
0,37,0.03,-10.03,-0.07,-0.01,-0.01,
0,37,0.03,-10.03,-0.07,-0.01,-0.01,
0,37,0.03,-10.03,-0.07,-0.01,-0.01,
0,37,0.04,-10,-0.11,-0.01,-0.01,
0,37,0.04,-10,-0.11,-0.01,-0.01,
0,37,0.04,-10,-0.11,-0.01,-0.01,
0,37,0.03,-10.01,-0.16,-0.01,-0.01,
0,37,0.03,-10.01,-0.16,-0.01,-0.01,
0,37,0.03,-10.01,-0.16,-0.01,-0.01,
0,37,0,-10.02,-0.14,-0.01,-0.01,
0,37,0,-10.02,-0.14,0,-0.01,
0,37,0.06,-10.08,-0.12,0,-0.01,
0,37,0.06,-10.08,-0.12,-0.01,-0.01,
0,37,0.06,-10.08,-0.12,0,-0.01,
0,37,0.08,-10.07,-0.09,0,-0.01,
0,37,0.08,-10.07,-0.09,-0.01,-0.01,
0,37,0.08,-10.07,-0.09,-0.01,-0.01,
0,37,0.02,-10.06,-0.17,-0.01,-0.01,
0,37,0.02,-10.06,-0.17,-0.01,-0.01,
0,37,0.02,-10.06,-0.17,-0.01,-0.01,
0,37,0,-10.04,-0.12,-0.01,-0.01,
0,37,0,-10.04,-0.12,-0.01,-0.01,
0,37,0,-10.04,-0.12,-0.01,-0.01,
0,37,0.07,-10.07,-0.12,0,-0.01,
0,37,0.07,-10.07,-0.12,0,-0.01,
0,37,0.07,-10.07,-0.12,-0.01,-0.01,
0,37,0.11,-9.99,-0.13,-0.01,-0.01,
0,37,0.11,-9.99,-0.13,-0.01,-0.01,
0,37,0.11,-9.99,-0.13,-0.01,-0.01,
0,37,0.02,-10.05,-0.1,-0.01,-0.01,
0,37,0.02,-10.05,-0.1,-0.01,-0.01,
0,37,0.02,-10.05,-0.1,-0.01,-0.01,
0,37,-0.04,-10.05,-0.19,-0.01,-0.01,
0,37,-0.04,-10.05,-0.19,-0.01,-0.01,
0,37,-0.04,-10.05,-0.19,-0.01,-0.01,
0,37,-0.04,-10.03,-0.16,-0.01,-0.01,
0,37,-0.04,-10.03,-0.16,-0.01,0,
0,37,0,-10,-0.12,-0.01,-0.01,
0,37,0,-10,-0.12,-0.01,-0.01,
0,37,0,-10,-0.12,-0.01,-0.01,
0,37,0.04,-10.05,-0.15,0,-0.01,
0,37,0.04,-10.05,-0.15,0,-0.01,
0,37,0.04,-10.05,-0.15,-0.01,-0.01,
0,37,0.07,-9.99,-0.17,-0.01,-0.01,
0,37,0.07,-9.99,-0.17,0,-0.01,
0,37,0.07,-9.99,-0.17,-0.01,-0.01,
0,37,0.12,-10.04,-0.17,-0.01,-0.01,
0,37,0.12,-10.04,-0.17,0,-0.01,
0,37,0.12,-10.04,-0.17,0,-0.01,
0,37,0.03,-9.98,-0.05,0,-0.01,
0,37,0.03,-9.98,-0.05,-0.01,-0.01,
0,37,0.03,-9.98,-0.05,0,-0.01,
0,37,-0.05,-10.01,-0.05,0,-0.01,
0,37,-0.05,-10.01,-0.05,-0.01,-0.01,
0,37,-0.05,-10.01,-0.05,0,-0.01,
0,37,0.04,-10.03,-0.18,0,-0.01,
0,37,0.04,-10.03,-0.18,-0.01,-0.01,
0,37,0.04,-10.03,-0.18,-0.01,-0.01,
0,37,0.03,-10.01,-0.14,-0.01,-0.01,
0,37,0.03,-10.01,-0.14,-0.01,-0.01,
0,37,0.03,-10.01,-0.14,0,-0.01,
0,37,0.11,-10.01,-0.1,0,-0.01,
0,37,0.11,-10.01,-0.1,-0.01,-0.01,
0,37,0.11,-10.01,-0.1,-0.01,-0.01,
0,37,0.04,-10.02,-0.16,-0.01,-0.01,
0,37,0.04,-10.02,-0.16,-0.01,-0.01,
0,37,-0.04,-10.04,-0.11,-0.01,-0.01,
0,37,-0.04,-10.04,-0.11,0,-0.01,
0,37,-0.04,-10.04,-0.11,0,-0.01,
0,37,-0.06,-10.05,-0.12,-0.01,-0.01,
0,37,-0.06,-10.05,-0.12,-0.01,-0.01,
0,37,-0.06,-10.05,-0.12,-0.01,-0.01,
0,37,-0.06,-10.09,-0.14,0,-0.01,
0,37,-0.06,-10.09,-0.14,-0.01,0,
0,37,-0.06,-10.09,-0.14,-0.01,0,
0,37,-0.14,-9.53,-0.17,-0.01,-0.01,
0,37,-0.14,-9.53,-0.17,0,-0.02,
0,37,0.1,-9.76,-0.01,0,-0.02,
0,37,0.1,-9.76,-0.01,0,-0.01,
0,37,0.1,-9.76,-0.01,-0.01,-0.01,
0,37,0.11,-9.97,-0.05,-0.01,-0.01,
0,37,0.11,-9.97,-0.05,-0.01,-0.01,
0,37,0.11,-9.97,-0.05,0,-0.01,
0,37,-0.15,-10.07,-0.12,0,-0.01,
0,37,-0.15,-10.07,-0.12,0,-0.01,
0,37,-0.15,-10.07,-0.12,-0.01,-0.01,
0,37,0.09,-9.99,-0.13,-0.01,-0.01,
0,37,0.09,-9.99,-0.13,-0.01,-0.01,
0,37,0.09,-9.99,-0.13,0,-0.01,
0,37,0.2,-9.97,-0.01,0,-0.01,
0,37,0.2,-9.97,-0.01,-0.01,-0.01,
0,37,0.2,-9.97,-0.01,-0.01,-0.01,
0,37,0.08,-9.91,-0.09,-0.01,-0.01,
0,38,0.08,-9.91,-0.09,-0.01,-0.01,
0,38,0.08,-9.91,-0.09,-0.01,-0.01,
0,38,-0.07,-10.13,-0.15,-0.01,-0.01,
0,38,-0.07,-10.13,-0.15,0,-0.01,
0,38,-0.04,-10.06,-0.1,0,-0.01,
0,38,-0.04,-10.06,-0.1,0,-0.01,
0,38,-0.04,-10.06,-0.1,0,-0.01,
0,38,0.12,-10.1,-0.08,-0.01,-0.01,
0,38,0.12,-10.1,-0.08,-0.01,-0.01,
0,38,0.12,-10.1,-0.08,-0.01,-0.01,
0,38,-0.18,-10.07,-0.24,-0.01,-0.01,
0,38,-0.18,-10.07,-0.24,-0.01,-0.01,
0,38,-0.18,-10.07,-0.24,-0.01,-0.01,
0,38,-0.13,-10.13,-0.29,-0.01,-0.01,
0,38,-0.13,-10.13,-0.29,-0.01,-0.01,
0,38,-0.13,-10.13,-0.29,-0.01,-0.01,
0,38,-0.08,-10.04,-0.11,0,-0.01,
0,38,-0.08,-10.04,-0.11,0,-0.01,
0,38,-0.08,-10.04,-0.11,-0.01,-0.01,
0,38,0.26,-9.99,-0.03,0,-0.01,
0,38,0.26,-9.99,-0.03,0,-0.01,
0,38,0.26,-9.99,-0.03,-0.01,-0.01,
0,38,-0.09,-9.99,-0.16,0,-0.01,
0,38,-0.09,-9.99,-0.16,0,-0.01,
0,38,-0.09,-9.99,-0.16,-0.01,-0.01,
0,38,0.21,-9.69,0.36,-0.01,-0.01,
0,38,0.21,-9.69,0.36,-0.01,-0.01,
0,38,0.39,-10.14,-0.13,0,-0.01,
0,38,0.39,-10.14,-0.13,0,-0.01,
0,38,0.39,-10.14,-0.13,0,-0.01,
0,38,0.29,-9.93,0.3,-0.01,-0.01,
0,38,0.29,-9.93,0.3,-0.01,-0.01,
0,38,0.29,-9.93,0.3,-0.01,-0.01,
0,38,0.19,-10.06,-0.08,-0.01,-0.01,
0,38,0.19,-10.06,-0.08,-0.01,-0.01,
0,38,0.19,-10.06,-0.08,-0.01,-0.01,
0,38,-0.08,-9.96,-0.04,-0.01,-0.01,
0,38,-0.08,-9.96,-0.04,-0.01,-0.01,
0,38,-0.08,-9.96,-0.04,-0.01,-0.01,
0,38,-0.05,-10.08,-0.02,0,-0.01,
0,38,-0.05,-10.08,-0.02,0,-0.01,
0,38,-0.05,-10.08,-0.02,0,-0.01,
0,38,-0.11,-10.01,-0.18,-0.01,-0.01,
0,38,-0.11,-10.01,-0.18,-0.01,-0.01,
0,38,-0.11,-10.01,-0.18,-0.01,-0.01,
0,38,-0.17,-10.15,-0.24,-0.01,-0.01,
0,38,-0.17,-10.15,-0.24,-0.01,-0.01,
0,38,-0.17,-10.15,-0.24,-0.01,-0.01,
0,38,-0.17,-10.15,-0.47,0,-0.01,
0,38,-0.17,-10.15,-0.47,0,-0.01,
0,38,-0.17,-10.15,-0.47,-0.02,-0.01,
0,38,-0.04,-10.11,-0.26,0,-0.01,
0,38,-0.04,-10.11,-0.26,0,-0.01,
0,38,-0.04,-10.11,-0.26,-0.01,-0.01,
0,38,0.07,-10,-0.09,-0.01,-0.01,
0,38,0.07,-10,-0.09,-0.01,-0.01,
0,38,0.07,-10,-0.09,-0.01,-0.01,
0,38,0.05,-9.96,0.01,-0.01,-0.01,
0,38,0.05,-9.96,0.01,-0.01,-0.01,
0,38,0.1,-10.05,-0.02,-0.01,-0.01,
0,38,0.1,-10.05,-0.02,-0.01,-0.01,
0,38,0.1,-10.05,-0.02,-0.01,-0.01,
0,38,-0.18,-10.25,-0.42,-0.01,-0.01,
0,38,-0.18,-10.25,-0.42,0,-0.01,
0,38,-0.18,-10.25,-0.42,0,-0.01,
0,38,-0.05,-10.13,-0.32,-0.01,-0.01,
0,38,-0.05,-10.13,-0.32,-0.01,-0.01,
0,38,-0.05,-10.13,-0.32,-0.01,-0.01,
0,38,-0.04,-10.03,-0.19,0,-0.01,
0,38,-0.04,-10.03,-0.19,-0.01,-0.01,
0,38,-0.04,-10.03,-0.19,-0.01,-0.01,
0,38,0.22,-9.92,0.08,0,-0.01,
0,38,0.22,-9.92,0.08,-0.01,-0.01,
0,38,0.22,-9.92,0.08,-0.01,-0.01,
0,38,0.08,-10.03,0.11,0,-0.01,
0,38,0.08,-10.03,0.11,0,-0.01,
0,38,0.01,-9.98,-0.08,0,-0.01,
0,38,0.01,-9.98,-0.08,-0.01,-0.01,
0,38,0.01,-9.98,-0.08,0,-0.01,
0,38,0.01,-10.12,-0.18,0,-0.01,
0,38,0.01,-10.12,-0.18,-0.01,-0.01,
0,38,0.01,-10.12,-0.18,0,-0.01,
0,38,-0.09,-10.1,-0.23,0,-0.01,
0,38,-0.09,-10.1,-0.23,0,-0.01,
0,38,-0.09,-10.1,-0.23,0,0,
0,38,0.02,-10,-0.14,0,0,
0,38,0.02,-10,-0.14,-0.01,-0.01,
0,38,0.02,-10,-0.14,-0.01,-0.01,
0,38,0.09,-10,0,-0.01,-0.01,
0,38,0.09,-10,0,-0.01,-0.01,
0,38,0.09,-10,0,-0.01,-0.01,
0,38,0.09,-10.04,0.03,-0.01,-0.01,
0,38,0.09,-10.04,0.03,-0.02,-0.01,
0,38,-0.04,-10.09,-0.04,0,-0.01,
0,38,-0.04,-10.09,-0.04,0,-0.01,
0,38,-0.04,-10.09,-0.04,0,-0.01,
0,38,0.06,-10.04,-0.12,-0.01,-0.01,
0,38,0.06,-10.04,-0.12,-0.01,-0.01,
0,38,0.06,-10.04,-0.12,-0.01,-0.01,
0,38,-0.02,-10.08,-0.13,-0.01,-0.01,
0,38,-0.02,-10.08,-0.13,-0.01,-0.01,
0,38,-0.02,-10.08,-0.13,-0.01,-0.01,
0,38,0.02,-10.05,-0.19,-0.01,-0.01,
0,38,0.02,-10.05,-0.19,-0.01,-0.01,
0,38,0.02,-10.05,-0.19,-0.01,-0.01,
0,38,0.1,-10.02,-0.11,-0.01,-0.01,
0,38,0.1,-10.02,-0.11,-0.01,-0.01,
0,38,0.1,-10.02,-0.11,-0.01,-0.01,
0,38,0.07,-10,-0.12,-0.01,-0.01,
0,38,0.07,-10,-0.12,-0.01,-0.01,
0,38,0.07,-10,-0.12,-0.01,-0.01,
0,38,0.09,-10.02,-0.12,0,-0.01,
0,38,0.09,-10.02,-0.12,-0.01,-0.01,
0,38,0.01,-10.04,-0.13,-0.01,-0.01,
0,38,0.01,-10.04,-0.13,-0.01,-0.01,
0,38,0.01,-10.04,-0.13,-0.01,-0.01,
0,38,-0.06,-10.09,-0.15,-0.01,-0.01,
0,38,-0.06,-10.09,-0.15,0,-0.01,
0,38,-0.06,-10.09,-0.15,-0.01,-0.01,
0,38,-0.04,-10.06,-0.09,-0.01,-0.01,
0,38,-0.04,-10.06,-0.09,0,-0.01,
0,38,-0.04,-10.06,-0.09,-0.01,-0.01,
0,38,0,-9.98,-0.07,-0.01,-0.01,
0,38,0,-9.98,-0.07,-0.01,-0.01,
0,38,0,-9.98,-0.07,0,-0.02,
0,38,-0.01,-10.07,-0.18,0,-0.02,
0,38,-0.01,-10.07,-0.18,-0.01,-0.01,
0,38,-0.01,-10.07,-0.18,0,-0.01,
0,38,-0.03,-10.05,-0.17,0,-0.01,
0,38,-0.03,-10.05,-0.17,-0.01,-0.01,
0,38,-0.03,-10.05,-0.17,0,-0.01,
0,38,0.01,-10.11,-0.11,0,-0.01,
0,38,0.01,-10.11,-0.11,-0.01,-0.01,
0,38,0.01,-10.11,-0.11,-0.01,-0.01,
0,38,0.09,-10,-0.08,-0.01,-0.01,
0,38,0.09,-10,-0.08,-0.01,-0.01,
0,38,0.09,-10,-0.08,-0.01,-0.01,
0,38,-0.02,-10.01,-0.11,0,-0.01,
0,38,-0.02,-10.01,-0.11,-0.01,-0.02,
0,38,-0.02,-10.01,-0.11,-0.01,-0.02,
0,38,0.05,-10.02,-0.11,-0.01,-0.01,
0,38,0.05,-10.02,-0.11,-0.01,-0.01,
0,38,0.05,-10.02,-0.11,-0.01,-0.01,
0,38,0.02,-10.02,-0.23,-0.01,-0.01,
0,38,0.02,-10.02,-0.23,0,-0.01,
0,38,0.02,-10.02,-0.23,0,-0.01,
0,38,-0.06,-10.18,-0.19,-0.01,-0.01,
0,38,-0.06,-10.18,-0.19,-0.01,-0.01,
0,38,-0.06,-10.18,-0.19,-0.01,-0.01,
0,38,0,-9.93,-0.05,-0.01,-0.01,
0,38,0,-9.93,-0.05,-0.01,-0.01,
0,38,0,-10.07,-0.12,0,-0.01,
0,38,0,-10.07,-0.12,0,-0.01,
0,38,0,-10.07,-0.12,0,-0.01,
0,38,0,-10.01,-0.09,0,-0.01,
0,39,0,-10.01,-0.09,-0.01,-0.01,
0,39,0,-10.01,-0.09,-0.01,-0.01,
0,39,0,-10.07,-0.17,-0.01,-0.01,
0,39,0,-10.07,-0.17,-0.01,-0.01,
0,39,0,-10.07,-0.17,-0.01,-0.01,
0,39,-0.03,-10.11,-0.18,-0.01,-0.01,
0,39,-0.03,-10.11,-0.18,-0.01,-0.01,
0,39,-0.03,-10.11,-0.18,-0.01,-0.01,
0,39,0.06,-10.01,-0.14,-0.01,-0.01,
0,39,0.06,-10.01,-0.14,-0.01,-0.01,
0,39,0.06,-10.01,-0.14,-0.01,-0.01,
0,39,0.01,-10.07,-0.15,-0.01,-0.01,
0,39,0.01,-10.07,-0.15,0,-0.01,
0,39,0.01,-10.07,-0.15,0,-0.01,
0,39,0.07,-10.03,-0.19,-0.01,-0.01,
0,39,0.07,-10.03,-0.19,0,-0.01,
0,39,0.07,-10.03,-0.19,0,-0.01,
0,39,0.06,-10.01,-0.13,-0.01,0,
0,39,0.06,-10.01,-0.13,-0.01,-0.01,
0,39,0.07,-10.07,-0.05,-0.01,-0.01,
0,39,0.07,-10.07,-0.05,-0.01,-0.01,
0,39,0.07,-10.07,-0.05,-0.01,-0.01,
0,39,0,-10.07,-0.15,-0.01,-0.01,
0,39,0,-10.07,-0.15,-0.01,-0.01,
0,39,0,-10.07,-0.15,-0.01,-0.01,
0,39,0.01,-10.07,-0.15,-0.01,-0.01,
0,39,0.01,-10.07,-0.15,-0.01,-0.01,
0,39,0.01,-10.07,-0.15,-0.01,-0.01,
0,39,-0.03,-10.01,-0.09,-0.01,-0.01,
0,39,-0.03,-10.01,-0.09,0,-0.01,
0,39,-0.03,-10.01,-0.09,-0.01,-0.01,
0,39,0.07,-10,-0.1,-0.01,-0.01,
0,39,0.07,-10,-0.1,-0.01,-0.01,
0,39,0.07,-10,-0.1,-0.01,-0.01,
0,39,0.03,-10,-0.09,-0.01,-0.01,
0,39,0.03,-10,-0.09,0,-0.01,
0,39,0.03,-10,-0.09,-0.01,-0.01,
0,39,-0.01,-10.13,-0.13,-0.01,-0.01,
0,39,-0.01,-10.13,-0.13,-0.01,-0.01,
0,39,-0.01,-10.13,-0.13,0,0,
0,39,-0.01,-9.99,-0.13,0,0,
0,39,-0.01,-9.99,-0.13,-0.01,-0.01,
0,39,-0.01,-9.99,-0.13,0,-0.01,
0,39,0.06,-9.99,-0.11,0,-0.01,
0,39,0.06,-9.99,-0.11,-0.01,-0.01,
0,39,0.01,-10.02,-0.13,-0.01,-0.01,
0,39,0.01,-10.02,-0.13,-0.01,-0.01,
0,39,0.01,-10.02,-0.13,-0.01,-0.01,
0,39,0,-10.07,-0.12,0,-0.01,
0,39,0,-10.07,-0.12,0,-0.01,
0,39,0,-10.07,-0.12,-0.01,-0.01,
0,39,0.05,-10.03,-0.09,-0.01,-0.01,
0,39,0.05,-10.03,-0.09,-0.01,-0.01,
0,39,0.05,-10.03,-0.09,-0.01,-0.01,
0,39,0,-10.02,-0.08,0,-0.01,
0,39,0,-10.02,-0.08,0,-0.01,
0,39,0,-10.02,-0.08,0,-0.01,
0,39,0.02,-10.02,-0.12,-0.01,-0.01,
0,39,0.02,-10.02,-0.12,-0.01,-0.01,
0,39,0.02,-10.02,-0.12,0,-0.01,
0,39,-0.04,-10.04,-0.11,0,-0.01,
0,39,-0.04,-10.04,-0.11,0,-0.01,
0,39,-0.04,-10.04,-0.11,-0.01,-0.01,
0,39,0.04,-10.02,-0.13,-0.01,-0.01,
0,39,0.04,-10.02,-0.13,-0.01,-0.01,
0,39,0.04,-10.02,-0.13,-0.01,-0.01,
0,39,-0.03,-10.02,-0.14,-0.01,-0.01,
0,39,-0.03,-10.02,-0.14,0,-0.01,
0,39,-0.03,-10.02,-0.14,-0.01,-0.01,
0,39,-0.04,-9.97,-0.11,-0.01,-0.01,
0,39,-0.04,-9.97,-0.11,-0.01,0,
0,39,-0.04,-9.97,-0.11,-0.01,-0.01,
0,39,-0.05,-10.07,-0.1,-0.01,-0.01,
0,39,-0.05,-10.07,-0.1,0,-0.01,
0,39,0.04,-10.01,-0.05,-0.01,-0.01,
0,39,0.04,-10.01,-0.05,-0.01,-0.01,
0,39,0.04,-10.01,-0.05,0,-0.01,
0,39,-0.06,-10.02,-0.09,-0.01,0,
0,39,-0.06,-10.02,-0.09,-0.01,0,
0,39,-0.06,-10.02,-0.09,-0.01,-0.01,
0,39,-0.05,-10.02,-0.1,-0.01,-0.01,
0,39,-0.05,-10.02,-0.1,-0.01,-0.01,
0,39,-0.05,-10.02,-0.1,-0.01,-0.01,
0,39,0.04,-10.03,-0.17,-0.01,-0.01,
0,39,0.04,-10.03,-0.17,-0.01,-0.01,
0,39,0.04,-10.03,-0.17,-0.01,-0.01,
0,39,0.06,-10.04,-0.07,-0.01,-0.01,
0,39,0.06,-10.04,-0.07,-0.01,-0.01,
0,39,0.06,-10.04,-0.07,-0.01,-0.01,
0,39,0.1,-10,-0.06,-0.01,-0.01,
0,39,0.1,-10,-0.06,-0.01,-0.01,
0,39,0.1,-10,-0.06,-0.01,-0.01,
0,39,-0.02,-10.09,-0.09,-0.01,-0.01,
0,39,-0.02,-10.09,-0.09,-0.01,-0.01,
0,39,-0.02,-10.09,-0.09,-0.01,-0.01,
0,39,-0.01,-10.03,-0.09,-0.01,-0.01,
0,39,-0.01,-10.03,-0.09,-0.01,-0.01,
0,39,-0.01,-10.03,-0.09,-0.01,-0.01,
0,39,0.02,-10.03,-0.11,-0.01,-0.01,
0,39,0.02,-10.03,-0.11,-0.01,-0.01,
0,39,0.02,-10.03,-0.11,-0.01,-0.01,
0,39,0.04,-10.01,-0.11,-0.01,-0.01,
0,39,0.04,-10.01,-0.11,-0.01,-0.01,
0,39,0.04,-10.01,-0.11,-0.01,-0.01,
0,39,-0.03,-9.99,-0.04,-0.01,-0.01,
0,39,-0.03,-9.99,-0.04,-0.01,-0.01,
0,39,0,-10.03,-0.14,-0.01,0,
0,39,0,-10.03,-0.14,-0.01,0,
0,39,0,-10.03,-0.14,0,-0.01,
0,39,0.02,-10.02,-0.13,0,-0.01,
0,39,0.02,-10.02,-0.13,0,-0.01,
0,39,0.02,-10.02,-0.13,-0.01,-0.01,
0,39,0.06,-10.05,-0.12,0,-0.01,
0,39,0.06,-10.05,-0.12,0,-0.01,
0,39,0.06,-10.05,-0.12,-0.01,-0.01,
0,39,0.02,-10.04,-0.17,-0.01,-0.01,
0,39,0.02,-10.04,-0.17,-0.01,-0.01,
0,39,0.02,-10.04,-0.17,-0.01,-0.01,
0,39,-0.07,-10.07,-0.12,-0.01,-0.01,
0,39,-0.07,-10.07,-0.12,-0.01,-0.01,
0,39,-0.07,-10.07,-0.12,-0.01,-0.01,
0,39,-0.03,-10.02,-0.17,0,-0.01,
0,39,-0.03,-10.02,-0.17,0,-0.01,
0,39,-0.03,-10.02,-0.17,-0.01,-0.01,
0,39,0.1,-10.01,-0.06,-0.01,-0.01,
0,39,0.1,-10.01,-0.06,-0.01,-0.01,
0,39,0.02,-9.97,-0.11,-0.01,-0.01,
0,39,0.02,-9.97,-0.11,-0.01,-0.01,
0,39,0.02,-9.97,-0.11,-0.01,-0.01,
0,39,0.06,-10.02,-0.11,-0.01,-0.01,
0,39,0.06,-10.02,-0.11,0,-0.01,
0,39,0.06,-10.02,-0.11,0,-0.01,
0,39,0.04,-10.05,-0.12,-0.01,-0.01,
0,39,0.04,-10.05,-0.12,-0.01,-0.01,
0,39,0.04,-10.05,-0.12,-0.01,-0.01,
0,39,-0.04,-10.01,-0.15,-0.01,-0.01,
0,39,-0.04,-10.01,-0.15,-0.01,-0.01,
0,39,-0.04,-10.01,-0.15,-0.01,-0.01,
0,39,-0.04,-10.05,-0.12,-0.01,-0.01,
0,39,-0.04,-10.05,-0.12,-0.01,-0.01,
0,39,-0.04,-10.05,-0.12,-0.01,-0.01,
0,39,0.05,-10.01,-0.15,-0.01,-0.01,
0,39,0.05,-10.01,-0.15,0,-0.01,
0,39,0.05,-10.01,-0.15,0,-0.01,
0,39,0.04,-10.03,-0.13,-0.01,-0.01,
0,39,0.04,-10.03,-0.13,0,-0.01,
0,39,0.04,-10.03,-0.13,0,-0.01,
0,39,0.07,-9.98,-0.05,-0.01,-0.01,
0,39,0.07,-9.98,-0.05,-0.01,-0.01,
0,39,0.1,-9.97,-0.1,-0.01,-0.01,
0,39,0.1,-9.97,-0.1,-0.01,-0.01,
0,39,0.1,-9.97,-0.1,-0.01,-0.01,
0,39,0,-10.05,-0.13,-0.01,-0.01,
0,39,0,-10.05,-0.13,-0.01,-0.01,
0,39,0,-10.05,-0.13,-0.01,-0.01,
0,39,0.02,-10.11,-0.08,-0.01,-0.01,
0,40,0.02,-10.11,-0.08,0,-0.01,
0,40,0.02,-10.11,-0.08,-0.01,-0.01,
0,40,0.05,-10.08,-0.12,-0.01,-0.01,
0,40,0.05,-10.08,-0.12,-0.01,-0.01,
0,40,0.05,-10.08,-0.12,-0.01,-0.01,
0,40,-0.01,-10.04,-0.14,-0.01,-0.01,
0,40,-0.01,-10.04,-0.14,-0.01,-0.01,
0,40,-0.01,-10.04,-0.14,-0.01,-0.01,
0,40,-0.01,-10.07,-0.15,-0.01,-0.01,
0,40,-0.01,-10.07,-0.15,-0.01,-0.01,
0,40,-0.01,-10.07,-0.15,-0.01,-0.01,
0,40,-0.4,-10.09,-0.46,0,-0.01,
0,40,-0.4,-10.09,-0.46,0.01,-0.01,
0,40,-0.4,-10.09,-0.46,0.01,-0.01,
0,40,0.58,-9.86,0.14,-0.02,-0.01,
0,40,0.58,-9.86,0.14,-0.01,-0.01,
0,40,0.58,-9.86,0.14,-0.01,-0.01,
0,40,0.06,-9.82,0.08,0,0,
0,40,0.06,-9.82,0.08,-0.01,0,
0,40,0.06,-9.82,0.08,-0.01,0,
0,40,-0.43,-10.26,-0.31,0,-0.01,
0,40,-0.43,-10.26,-0.31,-0.01,-0.01,
0,40,-0.43,-10.26,-0.31,-0.01,-0.01,
0,40,0.01,-10.13,-0.12,0,-0.01,
0,40,0.01,-10.13,-0.12,0,-0.01,
0,40,0.01,-10.13,-0.12,-0.01,-0.01,
0,40,0.36,-9.81,0.11,0,-0.01,
0,40,0.36,-9.81,0.11,0,-0.01,
0,40,0.36,-9.81,0.11,-0.01,-0.01,
0,40,0.02,-9.99,-0.21,-0.01,0,
0,40,0.02,-9.99,-0.21,-0.01,-0.01,
0,40,-0.12,-10.16,-0.27,-0.01,-0.01,
0,40,-0.12,-10.16,-0.27,-0.01,-0.01,
0,40,-0.12,-10.16,-0.27,0,-0.01,
0,40,-0.02,-10.04,-0.14,0,-0.01,
0,40,-0.02,-10.04,-0.14,0,-0.01,
0,40,-0.02,-10.04,-0.14,-0.01,-0.01,
0,40,0.13,-9.89,0.1,-0.01,-0.01,
0,40,0.13,-9.89,0.1,-0.01,-0.01,
0,40,0.13,-9.89,0.1,-0.01,-0.01,
0,40,0.08,-9.97,-0.02,-0.01,-0.01,
0,40,0.08,-9.97,-0.02,-0.01,-0.01,
0,40,0.08,-9.97,-0.02,-0.01,-0.01,
0,40,-0.19,-10.12,-0.11,-0.01,-0.01,
0,40,-0.19,-10.12,-0.11,-0.01,-0.01,
0,40,-0.19,-10.12,-0.11,0,-0.01,
0,40,-0.07,-10.02,-0.18,0,-0.01,
0,40,-0.07,-10.02,-0.18,0,-0.01,
0,40,0.06,-10.03,-0.05,-0.01,-0.01,
0,40,0.06,-10.03,-0.05,-0.01,-0.01,
0,40,0.06,-10.03,-0.05,-0.01,-0.01,
0,40,0.08,-9.92,-0.12,-0.01,-0.01,
0,40,0.08,-9.92,-0.12,-0.01,-0.01,
0,40,0.08,-9.92,-0.12,-0.01,0,
0,40,-0.11,-10.13,-0.16,-0.01,-0.01,
0,40,-0.11,-10.13,-0.16,-0.01,-0.01,
0,40,-0.11,-10.13,-0.16,-0.01,-0.01,
0,40,0.06,-10.05,-0.16,-0.01,-0.01,
0,40,0.06,-10.05,-0.16,-0.01,-0.01,
0,40,0.06,-10.05,-0.16,-0.01,-0.01,
0,40,-0.04,-10.09,-0.08,0,-0.01,
0,40,-0.04,-10.09,-0.08,0,-0.01,
0,40,-0.04,-10.09,-0.08,-0.01,-0.01,
0,40,0.1,-9.98,-0.04,-0.01,-0.01,
0,40,0.1,-9.98,-0.04,-0.01,-0.01,
0,40,0,-10.06,-0.09,-0.01,-0.01,
0,40,0,-10.06,-0.09,-0.01,-0.01,
0,40,0,-10.06,-0.09,-0.01,-0.01,
0,40,-0.04,-10.01,-0.1,0,-0.01,
0,40,-0.04,-10.01,-0.1,-0.01,-0.01,
0,40,-0.04,-10.01,-0.1,-0.01,-0.01,
0,40,-0.01,-10.01,-0.08,0,-0.01,
0,40,-0.01,-10.01,-0.08,0,-0.01,
0,40,-0.01,-10.01,-0.08,0,-0.01,
0,40,0.03,-9.98,-0.05,0,-0.01,
0,40,0.03,-9.98,-0.05,-0.01,-0.01,
0,40,0.03,-9.98,-0.05,-0.01,-0.01,
0,40,0.02,-10.11,-0.11,-0.01,-0.01,
0,40,0.02,-10.11,-0.11,-0.01,-0.01,
0,40,0.02,-10.11,-0.11,-0.01,-0.01,
0,40,0,-10,-0.13,-0.01,-0.01,
0,40,0,-10,-0.13,-0.01,-0.01,
0,40,0,-10,-0.13,-0.01,-0.01,
0,40,-0.1,-10.07,-0.12,0,-0.01,
0,40,-0.1,-10.07,-0.12,-0.01,-0.02,
0,40,0.05,-10.05,-0.11,-0.01,-0.02,
0,40,0.05,-10.05,-0.11,-0.01,-0.01,
0,40,0.05,-10.05,-0.11,-0.01,-0.01,
0,40,0.04,-10.06,-0.13,-0.01,-0.01,
0,40,0.04,-10.06,-0.13,0,-0.01,
0,40,0.04,-10.06,-0.13,-0.01,-0.01,
0,40,0.04,-10.02,-0.11,-0.01,-0.01,
0,40,0.04,-10.02,-0.11,-0.01,-0.01,
0,40,0.04,-10.02,-0.11,-0.01,-0.01,
0,40,-0.03,-10.05,-0.12,-0.01,-0.01,
0,40,-0.03,-10.05,-0.12,-0.01,-0.01,
0,40,-0.03,-10.05,-0.12,0,-0.01,
0,40,0,-10.05,-0.11,0,-0.01,
0,40,0,-10.05,-0.11,0,-0.01,
0,40,0,-10.05,-0.11,-0.01,-0.01,
0,40,0.09,-10.04,-0.07,-0.01,-0.01,
0,40,0.09,-10.04,-0.07,-0.01,-0.01,
0,40,0.07,-10.03,-0.13,-0.01,-0.01,
0,40,0.07,-10.03,-0.13,-0.01,-0.01,
0,40,0.07,-10.03,-0.13,-0.01,-0.01,
0,40,0,-10.09,-0.17,-0.01,-0.01,
0,40,0,-10.09,-0.17,-0.01,-0.01,
0,40,0,-10.09,-0.17,-0.01,-0.01,
0,40,-0.04,-10,-0.06,-0.01,-0.01,
0,40,-0.04,-10,-0.06,-0.01,-0.01,
0,40,-0.04,-10,-0.06,-0.01,-0.01,
0,40,0.04,-10.03,-0.06,0,-0.01,
0,40,0.04,-10.03,-0.06,0,-0.01,
0,40,0.04,-10.03,-0.06,-0.01,-0.01,
0,40,0.01,-9.98,-0.05,-0.01,-0.01,
0,40,0.01,-9.98,-0.05,-0.01,-0.01,
0,40,0.01,-9.98,-0.05,-0.01,-0.01,
0,40,-0.08,-10.05,-0.14,-0.01,-0.01,
0,40,-0.08,-10.05,-0.14,-0.01,-0.01,
0,40,-0.08,-10.05,-0.14,-0.01,-0.01,
0,40,0.04,-9.97,-0.12,-0.01,-0.01,
0,40,0.04,-9.97,-0.12,-0.01,-0.01,
0,40,0.01,-10.03,-0.05,-0.01,-0.01,
0,40,0.01,-10.03,-0.05,0,-0.01,
0,40,0.01,-10.03,-0.05,-0.01,-0.01,
0,40,-0.01,-10.06,-0.12,-0.01,-0.01,
0,40,-0.01,-10.06,-0.12,0,-0.01,
0,40,-0.01,-10.06,-0.12,-0.01,-0.01,
0,40,-0.02,-10.08,-0.15,-0.01,-0.01,
0,40,-0.02,-10.08,-0.15,-0.01,-0.01,
0,40,-0.02,-10.08,-0.15,-0.01,-0.01,
0,40,0,-10.05,-0.1,-0.01,-0.01,
0,40,0,-10.05,-0.1,0,-0.01,
0,40,0,-10.05,-0.1,0,-0.01,
0,40,0,-10,-0.08,0,-0.01,
0,40,0,-10,-0.08,0,-0.01,
0,40,0.11,-10,-0.11,-0.01,-0.01,
0,40,0.11,-10,-0.11,-0.01,-0.01,
0,40,0.11,-10,-0.11,-0.01,0,
0,40,0.04,-10.07,-0.16,0,-0.01,
0,40,0.04,-10.07,-0.16,-0.01,-0.01,
0,40,0.04,-10.07,-0.16,-0.01,-0.01,
0,40,-0.03,-10.11,-0.19,-0.01,-0.01,
0,40,-0.03,-10.11,-0.19,-0.01,-0.01,
0,40,-0.03,-10.11,-0.19,-0.01,-0.01,
0,40,0.07,-10.01,-0.1,-0.01,-0.01,
0,40,0.07,-10.01,-0.1,0,-0.01,
0,40,0.07,-9.99,-0.12,0,-0.01,
0,40,0.07,-9.99,-0.12,-0.01,-0.01,
0,40,0.07,-9.99,-0.12,-0.01,-0.01,
0,40,0.01,-10.07,-0.14,-0.01,-0.01,
0,40,0.01,-10.07,-0.14,-0.01,-0.01,
0,40,0.01,-10.07,-0.14,-0.01,-0.01,
0,41,0.09,-9.97,-0.16,0,-0.01,
0,41,0.09,-9.97,-0.16,0,-0.01,
0,41,0.09,-9.97,-0.16,-0.01,-0.01,
0,41,-0.04,-10.05,-0.08,-0.01,-0.01,
0,41,-0.04,-10.05,-0.08,-0.01,-0.01,
0,41,-0.04,-10.05,-0.08,-0.01,-0.01,
0,41,-0.03,-10.02,-0.13,0,0,
0,41,-0.03,-10.02,-0.13,0,0,
0,41,-0.03,-10.02,-0.13,-0.01,-0.01,
0,41,0.01,-10.06,-0.05,-0.01,0,
0,41,0.01,-10.06,-0.05,-0.01,0,
0,41,0.06,-10.02,-0.14,0,-0.01,
0,41,0.06,-10.02,-0.14,-0.01,-0.01,
0,41,0.06,-10.02,-0.14,-0.01,-0.01,
0,41,0.06,-9.99,-0.13,0,0,
0,41,0.06,-9.99,-0.13,-0.01,-0.01,
0,41,0.06,-9.99,-0.13,-0.01,-0.01,
0,41,0.14,-9.98,-0.13,-0.01,-0.01,
0,41,0.14,-9.98,-0.13,-0.01,-0.01,
0,41,0.14,-9.98,-0.13,-0.01,-0.01,
0,41,-0.02,-10.04,-0.11,0,-0.01,
0,41,-0.02,-10.04,-0.11,-0.01,-0.01,
0,41,-0.02,-10.04,-0.11,-0.01,-0.01,
0,41,0.05,-10.07,-0.12,-0.01,-0.01,
0,41,0.05,-10.07,-0.12,-0.01,-0.01,
0,41,0.05,-10.07,-0.12,-0.01,-0.01,
0,41,-0.02,-10.06,-0.05,-0.01,-0.01,
0,41,-0.02,-10.06,-0.05,-0.01,-0.01,
0,41,0.04,-10.04,-0.09,-0.01,-0.01,
0,41,0.04,-10.04,-0.09,-0.01,-0.01,
0,41,0.04,-10.04,-0.09,-0.01,-0.01,
0,41,0.02,-10.02,-0.14,-0.01,-0.01,
0,41,0.02,-10.02,-0.14,0,-0.01,
0,41,0.02,-10.02,-0.14,0,-0.01,
0,41,0.02,-10.04,-0.15,0,-0.01,
0,41,0.02,-10.04,-0.15,-0.01,-0.01,
0,41,0.02,-10.04,-0.15,-0.01,-0.01,
0,41,0.06,-10.07,-0.12,-0.01,-0.01,
0,41,0.06,-10.07,-0.12,0,-0.01,
0,41,0.06,-10.07,-0.12,-0.01,-0.01,
0,41,-0.01,-9.97,-0.13,-0.01,-0.01,
0,41,-0.01,-9.97,-0.13,0,-0.01,
0,41,-0.01,-9.97,-0.13,-0.01,-0.01,
0,41,-0.01,-9.98,-0.09,-0.01,-0.01,
0,41,-0.01,-9.98,-0.09,-0.01,0,
0,41,-0.01,-9.98,-0.09,0,-0.01,
0,41,0,-10.06,-0.11,0,-0.01,
0,41,0,-10.06,-0.11,0,-0.01,
0,41,0,-10.06,-0.11,0,-0.01,
0,41,0.07,-10.04,-0.09,0,-0.01,
0,41,0.07,-10.04,-0.09,-0.01,-0.01,
0,41,0.07,-10.04,-0.09,-0.01,-0.01,
0,41,0.07,-9.99,-0.1,-0.01,-0.01,
0,41,0.07,-9.99,-0.1,-0.01,-0.01,
0,41,0.07,-9.99,-0.1,-0.01,-0.01,
0,41,-0.06,-10.06,-0.11,-0.01,-0.01,
0,41,-0.06,-10.06,-0.11,-0.01,-0.01,
0,41,0,-10.05,-0.19,-0.01,-0.01,
0,41,0,-10.05,-0.19,-0.01,-0.01,
0,41,0,-10.05,-0.19,-0.01,-0.01,
0,41,0,-10.11,-0.11,-0.01,-0.01,
0,41,0,-10.11,-0.11,0,-0.01,
0,41,0,-10.11,-0.11,-0.01,-0.01,
0,41,0.13,-9.95,-0.08,-0.01,-0.01,
0,41,0.13,-9.95,-0.08,-0.01,-0.01,
0,41,0.13,-9.95,-0.08,-0.01,-0.01,
0,41,0.1,-10.06,-0.09,-0.01,-0.01,
0,41,0.1,-10.06,-0.09,-0.01,-0.01,
0,41,0.1,-10.06,-0.09,0,-0.01,
0,41,-0.02,-10.01,-0.17,0,-0.01,
0,41,-0.02,-10.01,-0.17,-0.01,-0.01,
0,41,-0.02,-10.01,-0.17,0,-0.01,
0,41,-0.02,-10.04,-0.11,0,-0.01,
0,41,-0.02,-10.04,-0.11,-0.01,-0.01,
0,41,-0.01,-9.94,-0.12,-0.01,-0.01,
0,41,-0.01,-9.94,-0.12,-0.01,-0.01,
0,41,-0.01,-9.94,-0.12,-0.01,-0.01,
0,41,0.02,-10.05,-0.12,-0.01,-0.01,
0,41,0.02,-10.05,-0.12,0,-0.01,
0,41,0.02,-10.05,-0.12,0,-0.01,
0,41,0.03,-10.07,-0.12,-0.01,-0.01,
0,41,0.03,-10.07,-0.12,-0.01,-0.01,
0,41,0.03,-10.07,-0.12,-0.01,-0.01,
0,41,0.02,-9.99,-0.1,-0.01,-0.01,
0,41,0.02,-9.99,-0.1,0,-0.01,
0,41,0.02,-9.99,-0.1,0,-0.01,
0,41,0.09,-10.06,-0.05,-0.01,-0.01,
0,41,0.09,-10.06,-0.05,-0.01,0,
0,41,0.09,-10.06,-0.05,-0.01,0,
0,41,0.05,-10.04,-0.11,-0.01,-0.01,
0,41,0.05,-10.04,-0.11,0,-0.01,
0,41,0.03,-10.07,-0.15,0,-0.01,
0,41,0.03,-10.07,-0.15,-0.01,-0.01,
0,41,0.03,-10.07,-0.15,0,-0.01,
0,41,-0.01,-10.04,-0.12,0,-0.01,
0,41,-0.01,-10.04,-0.12,-0.01,0,
0,41,-0.01,-10.04,-0.12,0,-0.01,
0,41,0.02,-10.06,-0.14,0,-0.01,
0,41,0.02,-10.06,-0.14,0,-0.01,
0,41,0.02,-10.06,-0.14,-0.01,-0.01,
0,41,0.01,-10.04,-0.1,-0.01,-0.01,
0,41,0.01,-10.04,-0.1,0,-0.01,
0,41,0.01,-10.04,-0.1,-0.01,-0.01,
0,41,0.03,-10.05,-0.1,-0.01,-0.01,
0,41,0.03,-10.05,-0.1,-0.01,-0.01,
0,41,-0.02,-10.02,-0.12,0,-0.01,
0,41,-0.02,-10.02,-0.12,-0.01,-0.01,
0,41,-0.02,-10.02,-0.12,-0.01,-0.01,
0,41,0.1,-10.03,-0.14,-0.01,-0.01,
0,41,0.1,-10.03,-0.14,0,-0.01,
0,41,0.1,-10.03,-0.14,0,-0.01,
0,41,0.05,-10.06,-0.12,0,-0.01,
0,41,0.05,-10.06,-0.12,-0.01,-0.01,
0,41,0.05,-10.06,-0.12,-0.01,-0.01,
0,41,0.05,-9.98,-0.12,-0.01,-0.01,
0,41,0.05,-9.98,-0.12,-0.01,-0.01,
0,41,0.05,-9.98,-0.12,-0.01,-0.01,
0,41,-0.02,-9.95,-0.1,-0.01,-0.01,
0,41,-0.02,-9.95,-0.1,0,-0.01,
0,41,-0.02,-9.95,-0.1,0,-0.01,
0,41,-0.03,-10.01,-0.12,-0.01,0,
0,41,-0.03,-10.01,-0.12,0,-0.01,
0,41,0.01,-10.07,-0.06,0,-0.01,
0,41,0.01,-10.07,-0.06,-0.01,-0.01,
0,41,0.01,-10.07,-0.06,-0.01,-0.01,
0,41,0.04,-9.99,-0.11,-0.01,-0.01,
0,41,0.04,-9.99,-0.11,-0.01,-0.01,
0,41,0.04,-9.99,-0.11,0,-0.01,
0,41,0.08,-9.98,-0.08,0,-0.01,
0,41,0.08,-9.98,-0.08,-0.01,-0.01,
0,41,0.08,-9.98,-0.08,-0.01,-0.01,
0,41,0.11,-10.01,-0.13,-0.01,-0.01,
0,41,0.11,-10.01,-0.13,-0.01,-0.01,
0,41,0.11,-10.01,-0.13,-0.01,-0.01,
0,41,-0.02,-9.99,-0.1,-0.01,-0.01,
0,41,-0.02,-9.99,-0.1,-0.01,-0.01,
0,41,-0.02,-9.99,-0.1,-0.01,-0.01,
0,41,0.03,-10.08,-0.16,-0.01,-0.01,
0,41,0.03,-10.08,-0.16,0,-0.01,
0,41,0.03,-10.08,-0.16,-0.01,-0.01,
0,41,0.05,-10.05,-0.08,-0.01,-0.01,
0,41,0.05,-10.05,-0.08,0,-0.01,
0,41,0.05,-10.05,-0.08,0,-0.01,
0,41,0.03,-10.07,-0.05,0,-0.01,
0,41,0.03,-10.07,-0.05,-0.01,-0.01,
0,41,-0.03,-10.02,-0.12,-0.01,-0.01,
0,41,-0.03,-10.02,-0.12,-0.01,-0.01,
0,41,-0.03,-10.02,-0.12,-0.01,-0.01,
0,41,0.03,-10.04,-0.15,0,-0.01,
0,41,0.03,-10.04,-0.15,0,-0.01,
0,41,0.03,-10.04,-0.15,-0.01,-0.01,
0,41,0.01,-10.06,-0.1,0,-0.01,
0,41,0.01,-10.06,-0.1,0,-0.01,
0,41,0.01,-10.06,-0.1,-0.01,-0.01,
0,42,0.01,-10.07,-0.18,-0.01,-0.01,
0,42,0.01,-10.07,-0.18,-0.01,-0.01,
0,42,0.01,-10.07,-0.18,0,-0.01,
0,42,0.05,-9.98,-0.1,-0.01,-0.01,
0,42,0.05,-9.98,-0.1,-0.01,-0.01,
0,42,0.05,-9.98,-0.1,-0.01,-0.01,
0,42,0,-10.08,-0.11,-0.01,-0.01,
0,42,0,-10.08,-0.11,-0.01,-0.01,
0,42,0,-10.08,-0.11,0,-0.01,
0,42,0.02,-10.08,-0.12,0,-0.01,
0,42,0.02,-10.08,-0.12,0,-0.01,
0,42,0.02,-10.08,-0.12,0,-0.01,
0,42,0.08,-10.01,-0.09,0,-0.01,
0,42,0.08,-10.01,-0.09,0,-0.01,
0,42,0.08,-10.01,-0.09,-0.01,-0.01,
0,42,0.07,-9.97,-0.11,-0.01,-0.01,
0,42,0.07,-9.97,-0.11,-0.01,-0.01,
0,42,0.07,-9.97,-0.11,-0.01,-0.01,
0,42,-0.04,-10.04,-0.15,-0.01,-0.01,
0,42,-0.04,-10.04,-0.15,-0.01,-0.01,
0,42,0.01,-10.04,-0.1,-0.01,-0.01,
0,42,0.01,-10.04,-0.1,-0.01,-0.01,
0,42,0.01,-10.04,-0.1,0,-0.01,
0,42,0.06,-10.02,-0.12,-0.01,-0.01,
0,42,0.06,-10.02,-0.12,-0.01,-0.01,
0,42,0.06,-10.02,-0.12,0,-0.01,
0,42,0,-10.1,-0.06,0,-0.01,
0,42,0,-10.1,-0.06,0,-0.01,
0,42,0,-10.1,-0.06,-0.01,-0.01,
0,42,-0.01,-10.04,-0.12,-0.01,-0.01,
0,42,-0.01,-10.04,-0.12,-0.01,-0.01,
0,42,-0.01,-10.04,-0.12,-0.01,-0.01,
0,42,0.05,-10,-0.09,-0.01,-0.01,
0,42,0.05,-10,-0.09,-0.01,-0.01,
0,42,0.05,-10,-0.09,-0.01,-0.01,
0,42,0,-10.04,-0.1,0,-0.01,
0,42,0,-10.04,-0.1,0,-0.01,
0,42,0,-10.04,-0.1,-0.01,-0.01,
0,42,0.06,-10.05,-0.13,-0.01,0,
0,42,0.06,-10.05,-0.13,-0.01,0,
0,42,0.06,-10.05,-0.13,-0.01,-0.01,
0,42,0.05,-10.04,-0.13,-0.01,-0.01,
0,42,0.05,-10.04,-0.13,-0.01,-0.01,
0,42,-0.01,-10.08,-0.15,0,-0.01,
0,42,-0.01,-10.08,-0.15,-0.01,-0.01,
0,42,-0.01,-10.08,-0.15,-0.01,-0.01,
0,42,-0.01,-9.99,-0.09,0,-0.01,
0,42,-0.01,-9.99,-0.09,-0.01,-0.01,
0,42,-0.01,-9.99,-0.09,-0.01,-0.01,
0,42,0.02,-10.04,-0.14,-0.01,-0.01,
0,42,0.02,-10.04,-0.14,-0.01,-0.01,
0,42,0.02,-10.04,-0.14,-0.01,-0.01,
0,42,0.04,-10.1,-0.11,-0.01,-0.01,
0,42,0.04,-10.1,-0.11,-0.01,-0.01,
0,42,0.04,-10.1,-0.11,-0.01,-0.01,
0,42,-0.02,-10.03,-0.12,-0.01,-0.01,
0,42,-0.02,-10.03,-0.12,-0.01,-0.01,
0,42,-0.02,-10.03,-0.12,-0.01,-0.01,
0,42,0.05,-10.09,-0.11,-0.01,-0.01,
0,42,0.05,-10.09,-0.11,-0.01,-0.01,
0,42,0.05,-10.09,-0.11,0,-0.01,
0,42,0.08,-10.02,-0.11,-0.01,-0.01,
0,42,0.08,-10.02,-0.11,-0.01,-0.01,
0,42,0.08,-10.02,-0.11,-0.01,-0.01,
0,42,0.04,-10.04,-0.14,-0.01,-0.01,
0,42,0.04,-10.04,-0.14,-0.01,-0.01,
0,42,0,-10.02,-0.18,-0.01,-0.01,
0,42,0,-10.02,-0.18,-0.01,-0.01,
0,42,0,-10.02,-0.18,0,-0.01,
0,42,0.01,-10.02,-0.1,0,-0.01,
0,42,0.01,-10.02,-0.1,-0.01,-0.01,
0,42,0.01,-10.02,-0.1,0,-0.01,
0,42,0,-10.05,-0.1,0,-0.01,
0,42,0,-10.05,-0.1,-0.01,-0.01,
0,42,0,-10.05,-0.1,-0.01,-0.01,
0,42,0.02,-10.01,-0.14,-0.01,-0.01,
0,42,0.02,-10.01,-0.14,-0.01,-0.01,
0,42,0.02,-10.01,-0.14,-0.01,-0.01,
0,42,-0.02,-10.08,-0.13,-0.01,-0.01,
0,42,-0.02,-10.08,-0.13,0,-0.01,
0,42,-0.02,-10.08,-0.13,0,-0.01,
0,42,0.01,-10.02,-0.11,-0.01,-0.01,
0,42,0.01,-10.02,-0.11,-0.01,-0.01,
0,42,0.01,-10.02,-0.11,-0.01,-0.01,
0,42,-0.02,-10.02,-0.13,-0.01,-0.01,
0,42,0,-10.05,-0.1,0,-0.01,
0,42,0,-10.05,-0.1,-0.01,-0.01,
0,42,-0.06,-10.02,-0.09,-0.01,-0.01,
0,42,-0.06,-10.02,-0.09,-0.01,-0.01,
0,42,-0.06,-10.02,-0.09,-0.01,-0.01,
0,42,0.03,-9.97,-0.11,-0.01,-0.01,
0,42,0.03,-9.97,-0.11,-0.01,-0.01,
0,42,0.03,-9.97,-0.11,-0.01,-0.01,
0,42,0.01,-10.02,-0.13,-0.01,-0.01,
0,42,0.01,-10.02,-0.13,-0.01,-0.01,
0,42,0.01,-10.02,-0.13,-0.01,-0.01,
0,42,0.01,-9.98,-0.12,-0.01,-0.01,
0,42,0.01,-9.98,-0.12,-0.01,-0.01,
0,42,0.01,-9.98,-0.12,-0.01,-0.01,
0,42,-0.01,-9.99,-0.14,-0.01,-0.01,
0,42,-0.01,-9.99,-0.14,0,-0.01,
0,42,-0.01,-9.99,-0.14,0,-0.01,
0,42,0.03,-10.03,-0.12,-0.01,-0.01,
0,42,0.03,-10.03,-0.12,-0.01,-0.01,
0,42,0.03,-10.03,-0.12,-0.01,-0.01,
0,42,0.03,-10.03,-0.12,-0.01,-0.01,
0,42,0.04,-10.05,-0.08,-0.01,-0.01,
0,42,0.04,-10.05,-0.08,-0.01,-0.01,
0,42,0.04,-10.05,-0.08,-0.01,0,
0,42,0,-10.01,-0.13,-0.01,0,
0,42,0,-10.01,-0.13,-0.01,-0.01,
0,42,0,-10.01,-0.13,-0.01,-0.01,
0,42,0.02,-9.99,-0.15,-0.01,-0.01,
0,42,0.02,-9.99,-0.15,-0.01,-0.01,
0,42,0.02,-9.99,-0.15,-0.01,-0.01,
0,42,0.04,-10,-0.07,-0.01,-0.01,
0,42,0.04,-10,-0.07,-0.01,-0.01,
0,42,-0.03,-10.01,-0.08,-0.01,-0.01,
0,42,-0.03,-10.01,-0.08,0,-0.01,
0,42,-0.03,-10.01,-0.08,-0.01,-0.01,
0,42,0.09,-10.02,-0.12,-0.01,-0.01,
0,42,0.09,-10.02,-0.12,-0.01,-0.01,
0,42,0.09,-10.02,-0.12,-0.01,-0.01,
0,42,0.06,-10.01,-0.11,-0.01,-0.01,
0,42,0.06,-10.01,-0.11,0,-0.01,
0,42,0.06,-10.01,-0.11,-0.01,-0.01,
0,42,0.06,-10.01,-0.11,-0.01,-0.01,
0,42,0.07,-10.01,-0.1,-0.01,-0.01,
0,42,0.07,-10.01,-0.1,-0.01,-0.01,
0,42,0.07,-10.01,-0.1,-0.01,-0.01,
0,42,0.05,-10.02,-0.11,-0.01,-0.01,
0,42,0.05,-10.02,-0.11,-0.01,-0.01,
0,42,0.05,-10.02,-0.11,0,-0.01,
0,42,0,-10,-0.12,0,-0.01,
0,42,0,-10,-0.12,0,-0.01,
0,42,0,-10,-0.12,-0.01,-0.01,
0,42,-0.01,-10.03,-0.09,-0.01,-0.01,
0,42,-0.01,-10.03,-0.09,-0.01,-0.01,
0,42,-0.01,-10.03,-0.09,0,-0.01,
0,42,0,-10,-0.1,0,-0.01,
0,42,0,-10,-0.1,0,-0.01,
0,42,0,-10,-0.1,-0.01,-0.01,
0,42,0.06,-10.1,-0.13,-0.01,-0.01,
0,42,0.06,-10.1,-0.13,0,-0.01,
0,42,0.06,-10.1,-0.13,-0.01,-0.01,
0,42,0,-9.98,-0.12,-0.01,-0.01,
0,42,0,-9.98,-0.12,-0.01,-0.01,
0,42,0.03,-10.03,-0.1,-0.01,0,
0,42,0.03,-10.03,-0.1,-0.01,0,
0,42,0.03,-10.03,-0.1,0,0,
0,42,-0.04,-10.04,-0.15,0,0,
0,42,-0.04,-10.04,-0.15,0,-0.01,
0,42,-0.04,-10.04,-0.15,-0.01,-0.01,
0,43,0.03,-10,-0.08,-0.01,-0.01,
0,43,0.03,-10,-0.08,-0.01,-0.01,
0,43,0.03,-10,-0.08,-0.01,-0.01,
0,43,0.04,-10.01,-0.12,-0.01,-0.01,
0,43,0.04,-10.01,-0.12,-0.01,-0.01,
0,43,0.04,-10.01,-0.12,-0.01,-0.01,
0,43,0,-10.06,-0.11,-0.01,-0.01,
0,43,0,-10.06,-0.11,-0.01,-0.01,
0,43,0,-10.06,-0.11,-0.01,-0.01,
0,43,-0.01,-10.04,-0.07,-0.01,-0.01,
0,43,-0.01,-10.04,-0.07,-0.01,-0.01,
0,43,-0.01,-10.04,-0.07,-0.01,-0.01,
0,43,0.01,-10.02,-0.1,0,-0.01,
0,43,0.01,-10.02,-0.1,0,-0.01,
0,43,0.01,-10.02,-0.1,0,-0.01,
0,43,0.03,-10,-0.12,0,-0.01,
0,43,0.03,-10,-0.12,-0.01,-0.01,
0,43,0.03,-10,-0.12,-0.01,-0.01,
0,43,-0.03,-10.06,-0.11,0,-0.01,
0,43,-0.03,-10.06,-0.11,-0.01,-0.01,
0,43,-0.03,-10.06,-0.11,-0.01,-0.01,
0,43,0.02,-9.98,-0.11,-0.01,-0.01,
0,43,0.02,-9.98,-0.11,-0.01,-0.01,
0,43,0.02,-9.98,-0.11,-0.01,-0.01,
0,43,0.04,-10.02,-0.12,0,-0.01,
0,43,0.04,-10.02,-0.12,0,-0.01,
0,43,0.04,-10.02,-0.12,-0.01,-0.01,
0,43,0.01,-9.97,-0.12,0,-0.01,
0,43,0.01,-9.97,-0.12,0,-0.01,
0,43,0.01,-9.97,-0.12,0,-0.01,
0,43,0.04,-10.01,-0.14,0,-0.01,
0,43,0.04,-10.01,-0.14,0,-0.01,
0,43,0.04,-10.01,-0.14,0,-0.01,
0,43,0,-10.07,-0.11,0,-0.01,
0,43,0,-10.07,-0.11,-0.01,-0.01,
0,43,0,-10.07,-0.11,-0.01,-0.01,
0,43,0.07,-10.01,-0.11,-0.01,-0.01,
0,43,0.07,-10.01,-0.11,0,-0.01,
0,43,0.07,-10.01,-0.11,0,-0.01,
0,43,0.03,-10,-0.16,0,-0.01,
0,43,0.03,-10,-0.16,0,-0.02,
0,43,0.03,-10,-0.16,0,-0.02,
0,43,0.02,-10.09,-0.09,0,-0.01,
0,43,0.02,-10.09,-0.09,-0.01,-0.01,
0,43,0.02,-10.09,-0.09,-0.01,-0.01,
0,43,0.02,-10.06,-0.17,-0.01,-0.01,
0,43,0.02,-10.06,-0.17,0,-0.01,
0,43,0.02,-10.06,-0.17,0,-0.01,
0,43,-0.01,-10.03,-0.14,-0.01,-0.01,
0,43,-0.01,-10.03,-0.14,-0.01,-0.01,
0,43,-0.01,-10.03,-0.14,-0.01,-0.01,
0,43,0.08,-10.01,-0.17,0,-0.01,
0,43,0.08,-10.01,-0.17,0,-0.01,
0,43,0.08,-10.01,-0.17,0,-0.01,
0,43,0.03,-10.03,-0.07,-0.01,-0.01,
0,43,0.03,-10.03,-0.07,-0.01,-0.01,
0,43,0.03,-10.03,-0.07,-0.01,-0.01,
0,43,0.04,-10.02,-0.11,-0.01,-0.01,
0,43,0.04,-10.02,-0.11,-0.01,0,
0,43,0.04,-10.02,-0.11,-0.01,0,
0,43,0.04,-10.03,-0.13,-0.01,-0.01,
0,43,0.04,-10.03,-0.13,-0.01,-0.01,
0,43,0.04,-10.03,-0.13,-0.01,-0.01,
0,43,-0.01,-10.08,-0.09,-0.01,0,
0,43,-0.01,-10.08,-0.09,-0.01,0,
0,43,-0.01,-10.08,-0.09,-0.01,-0.01,
0,43,0.01,-10.03,-0.09,-0.01,-0.01,
0,43,0.01,-10.03,-0.09,-0.01,-0.01,
0,43,0.01,-10.03,-0.09,0,-0.01,
0,43,-0.02,-10.01,-0.06,0,-0.01,
0,43,-0.02,-10.01,-0.06,0,-0.01,
0,43,-0.02,-10.01,-0.06,0,-0.01,
0,43,0,-10.04,-0.14,-0.01,-0.01,
0,43,0,-10.04,-0.14,-0.01,-0.01,
0,43,0,-10.04,-0.14,-0.01,-0.01,
0,43,-0.02,-10.04,-0.17,-0.01,-0.01,
0,43,-0.02,-10.04,-0.17,-0.01,-0.01,
0,43,-0.02,-10.04,-0.17,-0.01,0,
0,43,0,-10.04,-0.1,-0.01,0,
0,43,0,-10.04,-0.1,-0.01,-0.01,
0,43,0,-10.04,-0.1,-0.01,-0.01,
0,43,0,-10.06,-0.14,-0.01,-0.01,
0,43,0,-10.06,-0.14,-0.01,-0.01,
0,43,0,-10.06,-0.14,-0.01,-0.01,
0,43,0.02,-10.07,-0.14,-0.01,-0.01,
0,43,0.02,-10.07,-0.14,-0.01,-0.01,
0,43,0.02,-10.07,-0.14,-0.01,-0.01,
0,43,0.02,-10.03,-0.14,-0.01,-0.01,
0,43,0.02,-10.03,-0.14,-0.01,-0.01,
0,43,0.02,-10.03,-0.14,-0.01,-0.01,
0,43,0,-10,-0.12,-0.01,-0.01,
0,43,0,-10,-0.12,-0.01,-0.01,
0,43,0,-10,-0.12,-0.01,-0.01,
0,43,0.03,-10.02,-0.11,-0.01,-0.01,
0,43,0.03,-10.02,-0.11,0,-0.01,
0,43,0.03,-10.02,-0.11,0,-0.01,
0,43,0.06,-9.97,-0.15,-0.01,-0.01,
0,43,0.06,-9.97,-0.15,0,-0.01,
0,43,0.06,-9.97,-0.15,0,-0.01,
0,43,-0.06,-10.06,-0.13,0,-0.01,
0,43,-0.06,-10.06,-0.13,0,-0.01,
0,43,-0.06,-10.06,-0.13,0,-0.01,
0,43,0,-10.01,-0.1,0,0,
0,43,0,-10.01,-0.1,0,0,
0,43,0,-10.01,-0.1,0,-0.01,
0,43,0.07,-9.99,-0.19,0,-0.01,
0,43,0.07,-9.99,-0.19,0,-0.01,
0,43,0.07,-9.99,-0.19,0,-0.01,
0,43,0.09,-10.02,-0.11,-0.01,-0.01,
0,43,0.09,-10.02,-0.11,-0.01,-0.01,
0,43,0.09,-10.02,-0.11,-0.01,-0.01,
0,43,0,-10.07,-0.13,-0.01,-0.01,
0,43,0,-10.07,-0.13,-0.01,-0.01,
0,43,0,-10.07,-0.13,0,-0.01,
0,43,0.07,-10.04,-0.13,0,-0.01,
0,43,0.07,-10.04,-0.13,0,-0.01,
0,43,0.07,-10.04,-0.13,-0.01,-0.01,
0,43,-0.03,-10.02,-0.11,-0.01,-0.01,
0,43,-0.03,-10.02,-0.11,-0.01,-0.01,
0,43,-0.03,-10.02,-0.11,-0.01,-0.01,
0,43,-0.01,-9.96,-0.07,-0.01,-0.01,
0,43,-0.01,-9.96,-0.07,0,-0.01,
0,43,-0.01,-9.96,-0.07,0,-0.01,
0,43,0.01,-10.02,-0.06,0,-0.01,
0,43,0.01,-10.02,-0.06,-0.01,-0.01,
0,43,0.01,-10.02,-0.06,-0.01,-0.01,
0,43,0,-10.01,-0.07,-0.01,-0.01,
0,43,0,-10.01,-0.07,-0.01,-0.01,
0,43,0,-10.01,-0.07,-0.01,-0.01,
0,43,0.03,-10.02,-0.12,-0.01,-0.01,
0,43,0.03,-10.02,-0.12,-0.01,-0.01,
0,43,0.03,-10.02,-0.12,-0.01,-0.01,
0,43,0,-10.02,-0.11,-0.01,-0.01,
0,43,0,-10.02,-0.11,-0.01,0,
0,43,0,-10.02,-0.11,-0.01,-0.01,
0,43,0.06,-10.07,-0.11,-0.01,-0.01,
0,43,0.06,-10.07,-0.11,-0.01,0,
0,43,0.06,-10.07,-0.11,0,-0.01,
0,43,0.02,-10,-0.16,0,-0.01,
0,43,0.02,-10,-0.16,-0.01,-0.01,
0,43,0.02,-10,-0.16,-0.01,-0.01,
0,43,0.02,-9.98,-0.11,-0.01,-0.01,
0,43,0.02,-9.98,-0.11,-0.01,-0.01,
0,43,0.02,-9.98,-0.11,-0.01,-0.01,
0,43,-0.01,-10.07,-0.13,-0.01,-0.01,
0,43,-0.01,-10.07,-0.13,0,-0.01,
0,43,-0.01,-10.07,-0.13,0,-0.01,
0,43,0,-10.03,-0.07,0,-0.01,
0,43,0,-10.03,-0.07,0,-0.01,
0,43,0,-10.03,-0.07,0,-0.01,
0,43,0.06,-10.04,-0.12,0,-0.01,
0,43,0.06,-10.04,-0.12,-0.01,-0.01,
0,43,0.06,-10.04,-0.12,-0.01,-0.01,
0,43,0.09,-10.05,-0.11,-0.01,-0.01,
0,43,0.09,-10.05,-0.11,-0.01,-0.01,
0,43,0.09,-10.05,-0.11,-0.01,-0.01,
0,43,-0.01,-10.02,-0.15,-0.01,-0.01,
0,43,-0.01,-10.02,-0.15,-0.01,-0.01,
0,43,-0.01,-10.02,-0.15,-0.01,-0.01,
0,43,-0.06,-10.07,-0.13,-0.01,-0.01,
0,43,-0.06,-10.07,-0.13,-0.01,-0.01,
0,43,-0.06,-10.07,-0.13,-0.01,-0.01,
0,44,0.03,-10.05,-0.1,0,-0.01,
0,44,0.03,-10.05,-0.1,0,-0.01,
0,44,0.03,-10.05,-0.1,-0.01,-0.01,
0,44,0.04,-10.02,-0.07,-0.01,-0.01,
0,44,0.04,-10.02,-0.07,-0.01,-0.01,
0,44,0.04,-10.02,-0.07,-0.01,-0.01,
0,44,0.02,-10.02,-0.12,-0.01,-0.01,
0,44,0.02,-10.02,-0.12,-0.01,-0.01,
0,44,0.02,-10.02,-0.12,-0.01,-0.01,
0,44,0.05,-10.08,-0.08,-0.01,-0.01,
0,44,0.05,-10.08,-0.08,-0.01,-0.01,
0,44,0.05,-10.08,-0.08,-0.01,-0.01,
0,44,0.03,-10.01,-0.13,-0.01,-0.01,
0,44,0.03,-10.01,-0.13,-0.01,-0.01,
0,44,0.03,-10.01,-0.13,-0.01,-0.01,
0,44,0.01,-10.03,-0.15,-0.01,-0.01,
0,44,0.01,-10.03,-0.15,-0.01,-0.01,
0,44,0.01,-10.03,-0.15,-0.01,-0.01,
0,44,0.01,-10.05,-0.08,0,-0.01,
0,44,0.01,-10.05,-0.08,-0.01,-0.01,
0,44,0.01,-10.05,-0.08,-0.01,-0.01,
0,44,0.05,-10.04,-0.05,-0.01,-0.01,
0,44,0.05,-10.04,-0.05,-0.01,-0.01,
0,44,0.05,-10.04,-0.05,-0.01,-0.01,
0,44,0.01,-10.02,-0.12,-0.01,-0.01,
0,44,0.01,-10.02,-0.12,-0.01,-0.01,
0,44,0.01,-10.02,-0.12,-0.01,-0.01,
0,44,0.01,-9.97,-0.13,-0.01,-0.01,
0,44,0.01,-9.97,-0.13,-0.01,-0.01,
0,44,0.01,-9.97,-0.13,-0.01,-0.01,
0,44,-0.04,-10.02,-0.11,0,-0.01,
0,44,-0.04,-10.02,-0.11,0,-0.01,
0,44,-0.04,-10.02,-0.11,0,-0.01,
0,44,0.03,-10.02,-0.11,-0.01,-0.01,
0,44,0.03,-10.02,-0.11,-0.01,-0.01,
0,44,0.03,-10.02,-0.11,0,-0.01,
0,44,0.02,-10.05,-0.09,-0.01,-0.01,
0,44,0.02,-10.05,-0.09,-0.01,-0.01,
0,44,0.02,-10.05,-0.09,0,-0.01,
0,44,0,-9.97,-0.11,0,-0.01,
0,44,0,-9.97,-0.11,0,-0.01,
0,44,0,-9.97,-0.11,0,-0.01,
0,44,0.07,-10.06,-0.15,-0.01,-0.01,
0,44,0.07,-10.06,-0.15,-0.01,-0.01,
0,44,0.07,-10.06,-0.15,-0.01,-0.01,
0,44,0.07,-10.01,-0.14,-0.01,-0.01,
0,44,0.07,-10.01,-0.14,-0.01,-0.01,
0,44,0.07,-10.01,-0.14,-0.01,-0.01,
0,44,0.08,-10.1,-0.1,-0.01,-0.01,
0,44,0.08,-10.1,-0.1,-0.01,-0.01,
0,44,0.08,-10.1,-0.1,-0.01,-0.01,
0,44,0.04,-10.03,-0.13,-0.01,-0.01,
0,44,0.04,-10.03,-0.13,0,-0.01,
0,44,0.04,-10.03,-0.13,0,-0.01,
0,44,0.01,-10.07,-0.09,0,-0.01,
0,44,0.01,-10.07,-0.09,-0.01,-0.01,
0,44,0.01,-10.07,-0.09,-0.01,-0.01,
0,44,0,-10.07,-0.11,-0.01,-0.01,
0,44,0,-10.07,-0.11,-0.01,-0.01,
0,44,0,-10.07,-0.11,-0.01,-0.01,
0,44,0.01,-9.96,-0.08,0,-0.01,
0,44,0.01,-9.96,-0.08,0,-0.01,
0,44,0.01,-9.96,-0.08,0,-0.01,
0,44,0.09,-10.06,-0.08,-0.01,-0.01,
0,44,0.09,-10.06,-0.08,0,-0.01,
0,44,0.09,-10.06,-0.08,0,-0.01,
0,44,0.07,-9.98,-0.11,-0.01,-0.01,
0,44,0.07,-9.98,-0.11,-0.01,-0.01,
0,44,0.07,-9.98,-0.11,-0.01,-0.01,
0,44,-0.07,-10.22,-0.13,-0.01,-0.01,
0,44,-0.07,-10.22,-0.13,-0.01,-0.01,
0,44,-0.07,-10.22,-0.13,0,-0.01,
0,44,0.05,-9.95,-0.03,0,-0.01,
0,44,0.05,-9.95,-0.03,0,-0.01,
0,44,0.05,-9.95,-0.03,-0.01,-0.01,
0,44,0,-10.06,-0.12,-0.01,-0.01,
0,44,0,-10.06,-0.12,-0.01,-0.01,
0,44,0,-10.06,-0.12,-0.01,-0.01,
0,44,0.04,-10,-0.1,-0.01,-0.01,
0,44,0.04,-10,-0.1,-0.01,-0.01,
0,44,0.04,-10,-0.1,-0.01,-0.01,
0,44,0.05,-10.07,-0.11,-0.01,-0.01,
0,44,0.05,-10.07,-0.11,-0.01,-0.01,
0,44,0.05,-10.07,-0.11,0,-0.01,
0,44,-0.01,-10,-0.07,0,-0.01,
0,44,-0.01,-10,-0.07,-0.01,-0.01,
0,44,-0.01,-10,-0.07,-0.01,-0.01,
0,44,-0.02,-9.99,-0.11,-0.01,-0.01,
0,44,-0.02,-9.99,-0.11,0,-0.01,
0,44,-0.02,-9.99,-0.11,0,-0.01,
0,44,0.03,-10,-0.11,0,-0.01,
0,44,0.03,-10,-0.11,0,-0.01,
0,44,0.03,-10,-0.11,-0.01,-0.01,
0,44,0.05,-10.06,-0.14,-0.01,-0.01,
0,44,0.05,-10.06,-0.14,-0.01,-0.01,
0,44,0.05,-10.06,-0.14,-0.01,-0.01,
0,44,0.03,-9.92,-0.19,-0.01,-0.01,
0,44,0.03,-9.92,-0.19,-0.01,0,
0,44,0.03,-9.92,-0.19,-0.01,0,
0,44,-0.08,-10.03,-0.13,-0.01,-0.01,
0,44,-0.08,-10.03,-0.13,0,-0.01,
0,44,-0.08,-10.03,-0.13,0,-0.01,
0,44,0.04,-10.01,-0.12,-0.01,-0.01,
0,44,0.04,-10.01,-0.12,-0.01,-0.01,
0,44,0.04,-10.01,-0.12,-0.01,-0.01,
0,44,0.04,-10.04,-0.09,-0.01,-0.01,
0,44,0.04,-10.04,-0.09,-0.01,-0.01,
0,44,0.04,-10.04,-0.09,-0.01,-0.01,
0,44,0.05,-10.04,-0.14,0,-0.01,
0,44,0.05,-10.04,-0.14,0,-0.01,
0,44,0.05,-10.04,-0.14,-0.01,0,
0,44,0.01,-10.1,-0.11,-0.01,-0.01,
0,44,0.01,-10.1,-0.11,-0.01,-0.01,
0,44,0.01,-10.1,-0.11,-0.01,-0.01,
0,44,0.01,-10.07,-0.11,-0.01,-0.01,
0,44,0.01,-10.07,-0.11,-0.01,-0.01,
0,44,0.01,-10.07,-0.11,-0.01,-0.01,
0,44,0.03,-10.06,-0.13,-0.01,-0.01,
0,44,0.03,-10.06,-0.13,-0.01,-0.01,
0,44,0.03,-10.06,-0.13,-0.01,-0.01,
0,44,0.08,-10.01,-0.12,-0.01,-0.01,
0,44,0.08,-10.01,-0.12,-0.01,-0.01,
0,44,0.08,-10.01,-0.12,-0.01,-0.01,
0,44,0.05,-10.05,-0.07,-0.01,-0.01,
0,44,0.05,-10.05,-0.07,-0.01,-0.01,
0,44,0.05,-10.05,-0.07,0,-0.01,
0,44,0.02,-10.04,-0.08,0,-0.01,
0,44,0.02,-10.04,-0.08,-0.01,-0.01,
0,44,0.02,-10.04,-0.08,-0.01,-0.01,
0,44,0.02,-10.04,-0.1,-0.01,-0.01,
0,44,0.02,-10.04,-0.1,-0.01,-0.01,
0,44,0.02,-10.04,-0.1,-0.01,-0.01,
0,44,0.01,-9.97,-0.17,-0.01,-0.01,
0,44,0.01,-9.97,-0.17,-0.01,-0.01,
0,44,0.01,-9.97,-0.17,-0.01,-0.01,
0,44,-0.01,-10.07,-0.11,-0.01,-0.01,
0,44,-0.01,-10.07,-0.11,-0.01,-0.01,
0,44,-0.01,-10.07,-0.11,-0.01,-0.01,
0,44,-0.01,-10.03,-0.09,-0.01,-0.01,
0,44,-0.01,-10.03,-0.09,-0.01,-0.01,
0,44,-0.01,-10.03,-0.09,-0.01,-0.01,
0,44,0.01,-10.07,-0.14,-0.01,-0.01,
0,44,0.01,-10.07,-0.14,-0.01,-0.01,
0,44,0.01,-10.07,-0.14,-0.01,-0.01,
0,44,0.06,-10.03,-0.12,-0.01,-0.01,
0,44,0.06,-10.03,-0.12,0,-0.01,
0,44,0.06,-10.03,-0.12,-0.01,-0.01,
0,44,-0.04,-9.99,-0.15,-0.01,-0.01,
0,44,-0.04,-9.99,-0.15,0,-0.01,
0,44,-0.04,-9.99,-0.15,0,-0.01,
0,44,0.02,-10.02,-0.08,0,-0.01,
0,44,0.02,-10.02,-0.08,-0.01,-0.01,
0,44,0.02,-10.02,-0.08,-0.01,-0.01,
0,44,0,-10.02,-0.11,-0.01,-0.01,
0,44,0,-10.02,-0.11,-0.01,-0.01,
0,44,0,-10.02,-0.11,-0.01,-0.01,
0,44,0.01,-10.03,-0.11,-0.01,-0.01,
0,44,0.01,-10.03,-0.11,-0.01,-0.01,
0,44,0.01,-10.03,-0.11,-0.01,-0.01,
0,44,0.06,-10.01,-0.1,-0.01,-0.01,
0,44,0.06,-10.01,-0.1,-0.01,-0.01,
0,44,0.06,-10.01,-0.1,0,-0.01,
0,45,0.06,-10.01,-0.1,0,-0.01,
0,45,0.04,-10,-0.12,-0.01,-0.01,
0,45,0.04,-10,-0.12,0,-0.01,
0,45,0.04,-10,-0.12,0,-0.01,
0,45,0.03,-9.99,-0.12,-0.01,-0.01,
0,45,0.03,-9.99,-0.12,-0.01,-0.01,
0,45,0.03,-9.99,-0.12,-0.01,-0.01,
0,45,0,-10.04,-0.11,0,-0.01,
0,45,0,-10.04,-0.11,-0.01,-0.01,
0,45,0,-10.04,-0.11,-0.01,-0.01,
0,45,-0.05,-10.04,-0.07,0,-0.01,
0,45,-0.05,-10.04,-0.07,0,-0.01,
0,45,-0.05,-10.04,-0.07,-0.01,-0.01,
0,45,-0.01,-10.04,-0.1,-0.01,-0.01,
0,45,-0.01,-10.04,-0.1,-0.01,-0.01,
0,45,-0.01,-10.04,-0.1,-0.01,-0.01,
0,45,0.01,-9.93,-0.09,-0.01,-0.01,
0,45,0.01,-9.93,-0.09,-0.01,-0.01,
0,45,0.01,-9.93,-0.09,-0.01,-0.01,
0,45,0.03,-10,-0.12,0,-0.01,
0,45,0.03,-10,-0.12,0,-0.01,
0,45,0.03,-10,-0.12,-0.01,-0.01,
0,45,-0.02,-10.02,-0.11,-0.01,-0.01,
0,45,-0.02,-10.02,-0.11,0,-0.01,
0,45,-0.02,-10.02,-0.11,0,-0.01,
0,45,0.02,-9.99,-0.05,0,-0.01,
0,45,0.02,-9.99,-0.05,0,-0.01,
0,45,0.02,-9.99,-0.05,0,-0.01,
0,45,0.02,-10.06,-0.05,0,-0.01,
0,45,0.02,-10.06,-0.05,0,-0.01,
0,45,0.02,-10.06,-0.05,-0.01,-0.01,
0,45,0.05,-10.05,-0.06,-0.01,-0.01,
0,45,0.05,-10.05,-0.06,-0.01,-0.01,
0,45,0.05,-10.05,-0.06,-0.01,-0.01,
0,45,-0.01,-10.07,-0.12,-0.01,-0.01,
0,45,-0.01,-10.07,-0.12,0,-0.01,
0,45,-0.01,-10.07,-0.12,0,-0.01,
0,45,-0.03,-10.04,-0.12,0,-0.01,
0,45,-0.03,-10.04,-0.12,-0.01,-0.01,
0,45,-0.03,-10.04,-0.12,-0.01,-0.01,
0,45,0,-10.02,-0.14,-0.01,-0.01,
0,45,0,-10.02,-0.14,-0.01,-0.01,
0,45,0,-10.02,-0.14,-0.01,-0.01,
0,45,0.03,-10.05,-0.09,-0.01,-0.01,
0,45,0.03,-10.05,-0.09,-0.01,-0.01,
0,45,0.03,-10.05,-0.09,-0.01,-0.01,
0,45,-0.04,-10.05,-0.16,0,0,
0,45,-0.04,-10.05,-0.16,0,0,
0,45,-0.04,-10.05,-0.16,-0.01,-0.01,
0,45,0,-10.02,-0.09,-0.01,-0.01,
0,45,0,-10.02,-0.09,-0.01,-0.01,
0,45,0,-10.02,-0.09,-0.01,-0.01,
0,45,0.06,-10.04,-0.06,-0.01,-0.01,
0,45,0.06,-10.04,-0.06,-0.01,-0.01,
0,45,0.06,-10.04,-0.06,-0.01,-0.01,
0,45,0.03,-10.01,-0.12,-0.01,-0.01,
0,45,0.03,-10.01,-0.12,0,-0.01,
0,45,0.03,-10.01,-0.12,-0.01,-0.01,
0,45,-0.04,-10.08,-0.11,-0.01,-0.01,
0,45,-0.04,-10.08,-0.11,0,-0.01,
0,45,-0.04,-10.08,-0.11,-0.01,-0.01,
0,45,0,-9.97,-0.13,-0.01,-0.01,
0,45,0,-9.97,-0.13,0,-0.02,
0,45,0,-9.97,-0.13,0,-0.01,
0,45,0,-10,-0.1,0,-0.01,
0,45,0,-10,-0.1,-0.01,-0.01,
0,45,0,-10,-0.1,-0.01,-0.01,
0,45,0.04,-10.07,-0.09,-0.01,-0.01,
0,45,0.04,-10.07,-0.09,-0.01,-0.01,
0,45,0.04,-10.07,-0.09,-0.01,-0.01,
0,45,-0.01,-10.09,-0.12,-0.01,-0.01,
0,45,-0.01,-10.09,-0.12,-0.01,-0.01,
0,45,-0.01,-10.09,-0.12,-0.01,-0.01,
0,45,0.03,-10.04,-0.14,-0.01,-0.01,
0,45,0.03,-10.04,-0.14,-0.01,-0.01,
0,45,0.03,-10.04,-0.14,-0.01,-0.01,
0,45,0.03,-10.01,-0.1,0,-0.01,
0,45,0.03,-10.01,-0.1,0,-0.01,
0,45,0.03,-10.01,-0.1,-0.01,-0.01,
0,45,0.04,-10.03,-0.1,-0.01,-0.01,
0,45,0.04,-10.03,-0.1,-0.01,-0.01,
0,45,0.04,-10.03,-0.1,-0.01,-0.01,
0,45,-0.02,-10.03,-0.11,-0.01,0,
0,45,-0.02,-10.03,-0.11,-0.01,0,
0,45,-0.02,-10.03,-0.11,-0.01,-0.01,
0,45,0.06,-9.97,-0.13,-0.01,-0.01,
0,45,0.06,-9.97,-0.13,0,-0.01,
0,45,0.06,-9.97,-0.13,0,-0.01,
0,45,-0.02,-10.05,-0.11,0,-0.01,
0,45,-0.02,-10.05,-0.11,-0.01,-0.01,
0,45,-0.02,-10.05,-0.11,0,-0.01,
0,45,-0.04,-10.06,-0.08,0,-0.01,
0,45,-0.04,-10.06,-0.08,-0.01,-0.01,
0,45,-0.04,-10.06,-0.08,-0.01,-0.01,
0,45,-0.04,-9.98,-0.09,-0.01,-0.01,
0,45,-0.04,-9.98,-0.09,-0.01,-0.01,
0,45,-0.04,-9.98,-0.09,-0.01,-0.01,
0,45,0.07,-9.99,-0.12,0,-0.01,
0,45,0.07,-9.99,-0.12,0,-0.01,
0,45,0.07,-9.99,-0.12,0,-0.01,
0,45,0.01,-10.05,-0.08,-0.01,-0.01,
0,45,0.01,-10.05,-0.08,-0.01,-0.01,
0,45,0.01,-10.05,-0.08,-0.01,-0.01,
0,45,0.05,-10.04,-0.16,-0.01,-0.01,
0,45,0.05,-10.04,-0.16,-0.01,-0.01,
0,45,0.05,-10.04,-0.16,0,-0.01,
0,45,0.02,-10.02,-0.13,-0.01,-0.01,
0,45,0.02,-10.02,-0.13,-0.01,-0.01,
0,45,0.02,-10.02,-0.13,-0.01,-0.01,
0,45,0,-9.96,-0.08,0,-0.01,
0,45,0,-9.96,-0.08,0,-0.01,
0,45,0,-9.96,-0.08,-0.01,-0.01,
0,45,0,-10,-0.11,-0.01,-0.01,
0,45,0,-10,-0.11,-0.01,-0.01,
0,45,0,-10,-0.11,0,-0.01,
0,45,0.02,-9.96,-0.12,-0.01,-0.01,
0,45,0.02,-9.96,-0.12,-0.01,-0.01,
0,45,0.02,-9.96,-0.12,-0.01,-0.01,
0,45,0.1,-10,-0.11,-0.01,-0.01,
0,45,0.1,-10,-0.11,-0.01,-0.01,
0,45,0.1,-10,-0.11,-0.01,-0.01,
0,45,0.04,-10.07,-0.11,-0.01,-0.01,
0,45,0.04,-10.07,-0.11,0,-0.01,
0,45,0.04,-10.07,-0.11,-0.01,-0.01,
0,45,0,-10.03,-0.14,-0.01,-0.01,
0,45,0,-10.03,-0.14,-0.01,-0.01,
0,45,0,-10.03,-0.14,-0.01,-0.01,
0,45,0.04,-10.03,-0.12,-0.01,-0.01,
0,45,0.04,-10.03,-0.12,-0.01,-0.01,
0,45,0.04,-10.03,-0.12,0,-0.01,
0,45,0.06,-9.98,-0.12,0,-0.01,
0,45,0.06,-9.98,-0.12,-0.01,-0.01,
0,45,0.06,-9.98,-0.12,0,-0.01,
0,45,0.04,-10.03,-0.12,0,-0.01,
0,45,0.04,-10.03,-0.12,-0.01,-0.01,
0,45,0.01,-10.04,-0.13,0,0,
0,45,0.01,-10.04,-0.13,0,0,
0,45,0.01,-10.04,-0.13,-0.01,-0.01,
0,45,0.01,-10.05,-0.07,-0.01,-0.01,
0,45,0.01,-10.05,-0.07,0,-0.01,
0,45,0.01,-10.05,-0.07,-0.01,0,
0,45,0.02,-10.04,-0.08,-0.01,0,
0,45,0.02,-10.04,-0.08,-0.01,-0.01,
0,45,0.02,-10.04,-0.08,-0.01,-0.01,
0,45,0,-9.99,-0.12,-0.01,-0.01,
0,45,0,-9.99,-0.12,-0.01,-0.01,
0,45,0,-9.99,-0.12,-0.01,-0.01,
0,45,0.01,-9.99,-0.11,-0.01,-0.01,
0,45,0.01,-9.99,-0.11,-0.01,-0.01,
0,45,0.01,-9.99,-0.11,0,-0.01,
0,45,-0.02,-10.06,-0.09,0,-0.01,
0,45,-0.02,-10.06,-0.09,-0.01,-0.01,
0,45,-0.02,-10.06,-0.09,-0.01,-0.01,
0,45,0.01,-10.06,-0.15,-0.01,-0.01,
0,45,0.01,-10.06,-0.15,-0.01,-0.01,
0,45,0.01,-10.06,-0.15,-0.01,-0.01,
0,45,0.05,-9.99,-0.17,0,-0.01,
0,45,0.05,-9.99,-0.17,-0.01,-0.01,
0,45,0.05,-9.99,-0.17,-0.01,-0.01,
0,45,0,-10.05,-0.17,-0.01,-0.01,
0,45,0,-10.05,-0.17,-0.01,-0.01,
0,46,0,-10.05,-0.17,-0.01,-0.01,
0,46,-0.01,-10.07,-0.14,0,0,
0,46,-0.01,-10.07,-0.14,-0.01,-0.01,
0,46,-0.01,-10.07,-0.14,-0.01,-0.01,
0,46,0.02,-9.98,-0.11,0,-0.01,
0,46,0.02,-9.98,-0.11,-0.01,-0.01,
0,46,0.02,-9.98,-0.11,-0.01,-0.01,
0,46,-0.03,-10,-0.07,-0.01,-0.01,
0,46,-0.03,-10,-0.07,-0.01,-0.01,
0,46,-0.03,-10,-0.07,-0.01,-0.01,
0,46,0.08,-10.03,-0.1,0,-0.01,
0,46,0.08,-10.03,-0.1,0,-0.01,
0,46,0.08,-10.03,-0.1,-0.01,-0.01,
0,46,0.05,-10.09,-0.13,0,-0.01,
0,46,0.05,-10.09,-0.13,0,-0.01,
0,46,0.05,-10.09,-0.13,-0.01,-0.01,
0,46,0.01,-10.05,-0.08,-0.01,-0.01,
0,46,0.01,-10.05,-0.08,-0.01,-0.01,
0,46,0.01,-10.05,-0.08,-0.01,-0.01,
0,46,-0.02,-10.04,-0.11,-0.01,-0.01,
0,46,-0.02,-10.04,-0.11,0,-0.01,
0,46,-0.02,-10.04,-0.11,0,-0.01,
0,46,0.01,-9.99,-0.1,0,-0.01,
0,46,0.01,-9.99,-0.1,-0.01,-0.01,
0,46,0.01,-9.99,-0.1,-0.01,-0.01,
0,46,0.03,-10.08,-0.14,-0.01,-0.01,
0,46,0.03,-10.08,-0.14,-0.01,-0.01,
0,46,0.03,-10.08,-0.14,-0.01,-0.01,
0,46,-0.01,-10.08,-0.11,-0.01,-0.01,
0,46,-0.01,-10.08,-0.11,-0.01,-0.01,
0,46,-0.01,-10.08,-0.11,-0.01,-0.01,
0,46,0.03,-10.08,-0.07,-0.01,-0.01,
0,46,0.03,-10.08,-0.07,0,-0.01,
0,46,0.03,-10.08,-0.07,0,-0.01,
0,46,0.03,-10.05,-0.14,-0.01,-0.01,
0,46,0.03,-10.05,-0.14,0,-0.01,
0,46,0.03,-10.05,-0.14,0,-0.01,
0,46,0,-10.05,-0.14,-0.01,-0.01,
0,46,0,-10.05,-0.14,0,0,
0,46,0,-10.05,-0.14,0,0,
0,46,0.03,-10,-0.18,-0.01,-0.01,
0,46,0.03,-10,-0.18,-0.01,-0.01,
0,46,0.03,-10,-0.18,-0.01,-0.01,
0,46,0.07,-10.03,-0.11,-0.01,-0.01,
0,46,0.07,-10.03,-0.11,0,-0.01,
0,46,0.07,-10.03,-0.11,0,-0.01,
0,46,0.04,-10.03,-0.11,-0.01,-0.01,
0,46,0.04,-10.03,-0.11,-0.01,-0.01,
0,46,0.04,-10.03,-0.11,0,-0.01,
0,46,0.01,-10.02,-0.11,0,-0.01,
0,46,0.01,-10.02,-0.11,0,-0.01,
0,46,0.03,-10.05,-0.12,-0.01,-0.01,
0,46,0.03,-10.05,-0.12,-0.01,-0.01,
0,46,0.03,-10.05,-0.12,-0.01,-0.01,
0,46,0.1,-10.08,-0.1,0,-0.01,
0,46,0.1,-10.08,-0.1,0,-0.01,
0,46,0.1,-10.08,-0.1,0,-0.01,
0,46,0.05,-10.02,-0.11,-0.01,-0.01,
0,46,0.05,-10.02,-0.11,0,-0.01,
0,46,0.05,-10.02,-0.11,0,-0.01,
0,46,-0.01,-10.03,-0.12,-0.01,0,
0,46,-0.01,-10.03,-0.12,-0.01,-0.01,
0,46,-0.01,-10.03,-0.12,-0.01,-0.01,
0,46,0,-10.05,-0.14,-0.01,-0.01,
0,46,0,-10.05,-0.14,0,-0.01,
0,46,0,-10.05,-0.14,0,-0.01,
0,46,0.05,-10.02,-0.07,-0.01,-0.01,
0,46,0.05,-10.02,-0.07,-0.01,-0.01,
0,46,0.05,-10.02,-0.07,-0.01,-0.01,
0,46,-0.02,-10.05,-0.12,-0.01,-0.01,
0,46,-0.02,-10.05,-0.12,-0.01,-0.01,
0,46,-0.02,-10.05,-0.12,-0.01,-0.01,
0,46,-0.05,-10.06,-0.12,-0.01,-0.01,
0,46,-0.05,-10.06,-0.12,-0.01,-0.01,
0,46,-0.05,-10.06,-0.12,-0.01,-0.01,
0,46,-0.07,-10.03,-0.14,-0.01,0,
0,46,-0.07,-10.03,-0.14,0,-0.01,
0,46,0.04,-10.08,-0.11,0,-0.01,
0,46,0.04,-10.08,-0.11,-0.01,-0.01,
0,46,0.04,-10.08,-0.11,0,-0.01,
0,46,0.02,-9.99,-0.1,0,-0.01,
0,46,0.02,-9.99,-0.1,0,-0.01,
0,46,0.02,-9.99,-0.1,-0.01,-0.01,
0,46,-0.03,-10.04,-0.19,-0.01,-0.01,
0,46,-0.03,-10.04,-0.19,-0.01,-0.01,
0,46,-0.03,-10.04,-0.19,0,-0.01,
0,46,0,-10.06,-0.09,0,-0.01,
0,46,0,-10.06,-0.09,-0.01,-0.01,
0,46,0,-10.06,-0.09,-0.01,-0.01,
0,46,0.01,-10.03,-0.07,-0.01,-0.01,
0,46,0.01,-10.03,-0.07,-0.01,-0.01,
0,46,0.01,-10.03,-0.07,-0.01,-0.01,
0,46,0.02,-10.05,-0.09,-0.01,-0.01,
0,46,0.02,-10.05,-0.09,-0.01,-0.01,
0,46,0.02,-10.05,-0.09,-0.01,-0.01,
0,46,0.03,-9.99,-0.1,-0.01,-0.01,
0,46,0.03,-9.99,-0.1,-0.01,0,
0,46,0.03,-9.99,-0.1,-0.01,-0.01,
0,46,-0.02,-10.07,-0.1,-0.01,-0.01,
0,46,-0.02,-10.07,-0.1,-0.01,-0.01,
0,46,0,-10,-0.1,-0.01,-0.01,
0,46,0,-10,-0.1,-0.01,-0.01,
0,46,0,-10,-0.1,0,-0.01,
0,46,0,-10.07,-0.17,-0.01,-0.01,
0,46,0,-10.07,-0.17,-0.01,-0.01,
0,46,0,-10.07,-0.17,-0.01,-0.01,
0,46,0.06,-9.99,-0.1,-0.01,-0.01,
0,46,0.06,-9.99,-0.1,-0.01,-0.01,
0,46,0.06,-9.99,-0.1,-0.01,-0.01,
0,46,0,-9.98,-0.11,-0.01,-0.01,
0,46,0,-9.98,-0.11,-0.01,-0.01,
0,46,0,-9.98,-0.11,0,-0.01,
0,46,0.04,-10.04,-0.08,0,-0.01,
0,46,0.04,-10.04,-0.08,0,-0.01,
0,46,0.04,-10.04,-0.08,0,-0.01,
0,46,0.03,-10.02,-0.13,0,-0.01,
0,46,0.03,-10.02,-0.13,0,0,
0,46,0.03,-10.02,-0.13,-0.01,-0.01,
0,46,-0.04,-10.02,-0.12,-0.01,-0.01,
0,46,-0.04,-10.02,-0.12,0,-0.01,
0,46,-0.04,-10.02,-0.12,0,-0.01,
0,46,0.08,-10.07,-0.14,0,-0.01,
0,46,0.08,-10.07,-0.14,-0.01,-0.01,
0,46,0.08,-10.07,-0.14,0,-0.01,
0,46,0,-10.06,-0.14,0,-0.01,
0,46,0,-10.06,-0.14,-0.01,-0.01,
0,46,0,-10.06,-0.14,-0.01,-0.01,
0,46,0,-9.99,-0.15,-0.01,-0.01,
0,46,0,-9.99,-0.15,-0.01,-0.01,
0,46,0,-9.99,-0.15,-0.01,-0.01,
0,46,0.02,-10.03,-0.13,-0.01,-0.01,
0,46,0.02,-10.03,-0.13,-0.01,-0.02,
0,46,0.02,-10.03,-0.13,-0.01,-0.02,
0,46,0,-10.04,-0.15,-0.01,-0.01,
0,46,0,-10.04,-0.15,-0.01,-0.01,
0,46,0.03,-10.05,-0.06,-0.01,-0.01,
0,46,0.03,-10.05,-0.06,-0.01,-0.01,
0,46,0.03,-10.05,-0.06,-0.01,-0.01,
0,46,0.04,-10.02,-0.11,-0.01,-0.01,
0,46,0.04,-10.02,-0.11,0,-0.01,
0,46,0.04,-10.02,-0.11,0,-0.01,
0,46,0.04,-10.05,-0.12,0,-0.01,
0,46,0.04,-10.05,-0.12,-0.01,-0.01,
0,46,0.04,-10.05,-0.12,0,-0.01,
0,46,-0.07,-10.03,-0.14,0,-0.01,
0,46,-0.07,-10.03,-0.14,0,-0.01,
0,46,-0.07,-10.03,-0.14,0,0,
0,46,0.05,-10.01,-0.11,0,0,
0,46,0.05,-10.01,-0.11,0,-0.01,
0,46,0.05,-10.01,-0.11,0,-0.01,
0,46,0.05,-10.07,-0.13,0,-0.01,
0,46,0.05,-10.07,-0.13,-0.01,-0.01,
0,46,0.05,-10.07,-0.13,0,-0.01,
0,46,0.01,-10,-0.1,0,-0.01,
0,46,0.01,-10,-0.1,0,-0.01,
0,46,0.01,-10,-0.1,-0.01,-0.01,
0,46,0.02,-10.1,-0.04,-0.01,-0.01,
0,46,0.02,-10.1,-0.04,-0.01,-0.02,
0,47,0.02,-10.1,-0.04,-0.01,-0.01,
0,47,0.04,-9.95,-0.13,-0.01,-0.01,
0,47,0.04,-9.95,-0.13,0,-0.01,
0,47,0.03,-10,-0.11,-0.01,-0.01,
0,47,0.03,-10,-0.11,-0.01,-0.01,
0,47,0.03,-10,-0.11,-0.01,-0.01,
0,47,0.03,-10,-0.11,-0.01,-0.01,
0,47,0.03,-10,-0.11,-0.01,-0.01,
0,47,0.03,-10,-0.11,-0.01,-0.01,
0,47,0.06,-10.02,-0.13,-0.01,-0.01,
0,47,0.06,-10.02,-0.13,-0.01,-0.01,
0,47,0.06,-10.02,-0.13,-0.01,-0.01,
0,47,0.03,-10.06,-0.11,-0.01,-0.01,
0,47,0.03,-10.06,-0.11,-0.01,-0.01,
0,47,0.03,-10.06,-0.11,-0.01,-0.01,
0,47,0.03,-9.98,-0.11,-0.01,-0.01,
0,47,0.03,-9.98,-0.11,-0.01,-0.01,
0,47,0.03,-9.98,-0.11,-0.01,-0.01,
0,47,0.06,-10.03,-0.09,0,-0.01,
0,47,0.06,-10.03,-0.09,0,-0.01,
0,47,0.06,-10.03,-0.09,-0.01,-0.01,
0,47,0.04,-9.95,-0.13,-0.01,-0.01,
0,47,0.04,-9.95,-0.13,-0.01,-0.01,
0,47,0.04,-9.95,-0.13,-0.01,-0.01,
0,47,0.01,-10.02,-0.15,-0.01,-0.01,
0,47,0.01,-10.02,-0.15,-0.01,-0.01,
0,47,0.02,-10,-0.1,0,0,
0,47,0.02,-10,-0.1,-0.01,-0.01,
0,47,0.02,-10,-0.1,-0.01,-0.01,
0,47,0.01,-9.99,-0.09,-0.01,-0.01,
0,47,0.01,-9.99,-0.09,-0.01,-0.01,
0,47,0.01,-9.99,-0.09,-0.01,-0.01,
0,47,0,-10.04,-0.11,-0.01,-0.01,
0,47,0,-10.04,-0.11,-0.01,-0.01,
0,47,0,-10.04,-0.11,-0.01,-0.01,
0,47,-0.01,-10.03,-0.17,0,-0.01,
0,47,-0.01,-10.03,-0.17,-0.01,-0.01,
0,47,-0.01,-10.03,-0.17,-0.01,-0.01,
0,47,0.01,-9.99,-0.07,-0.01,-0.01,
0,47,0.01,-9.99,-0.07,0,-0.01,
0,47,0.01,-9.99,-0.07,0,-0.01,
0,47,-0.02,-10.03,-0.12,-0.01,-0.01,
0,47,-0.02,-10.03,-0.12,-0.01,-0.01,
0,47,-0.02,-10.03,-0.12,-0.01,-0.01,
0,47,0.03,-10.05,-0.19,0,-0.01,
0,47,0.03,-10.05,-0.19,0,-0.01,
0,47,0.03,-10.05,-0.19,-0.01,-0.01,
0,47,0.05,-9.96,-0.11,-0.01,-0.01,
0,47,0.05,-9.96,-0.11,-0.01,-0.01,
0,47,0.05,-9.96,-0.11,-0.01,-0.01,
0,47,-0.04,-10.02,-0.14,-0.01,-0.01,
0,47,-0.04,-10.02,-0.14,-0.01,-0.01,
0,47,-0.04,-10.02,-0.14,0,-0.01,
0,47,0.07,-9.99,-0.13,0,-0.01,
0,47,0.07,-9.99,-0.13,0,-0.01,
0,47,0.07,-9.99,-0.13,-0.01,-0.01,
0,47,0,-9.99,-0.08,-0.01,-0.01,
0,47,0,-9.99,-0.08,0,-0.01,
0,47,0,-9.99,-0.08,-0.01,-0.01,
0,47,0.03,-10.03,-0.09,-0.01,-0.01,
0,47,0.03,-10.03,-0.09,-0.01,-0.01,
0,47,0.03,-10.03,-0.09,-0.01,-0.01,
0,47,0.02,-10.07,-0.12,-0.01,-0.01,
0,47,0.02,-10.07,-0.12,0,-0.01,
0,47,0.02,-10.07,-0.12,-0.01,-0.01,
0,47,-0.03,-10.02,-0.12,-0.01,-0.01,
0,47,-0.03,-10.02,-0.12,-0.01,-0.01,
0,47,0.07,-10.01,-0.15,0,-0.01,
0,47,0.07,-10.01,-0.15,0,-0.01,
0,47,0.07,-10.01,-0.15,-0.01,-0.01,
0,47,-0.02,-10,-0.1,-0.01,-0.01,
0,47,-0.02,-10,-0.1,-0.01,-0.01,
0,47,-0.02,-10,-0.1,-0.01,-0.01,
0,47,0.02,-10.01,-0.13,-0.01,-0.01,
0,47,0.02,-10.01,-0.13,-0.01,-0.01,
0,47,0.02,-10.01,-0.13,-0.01,-0.01,
0,47,0.04,-10.03,-0.1,-0.01,-0.01,
0,47,0.04,-10.03,-0.1,0,-0.01,
0,47,0.04,-10.03,-0.1,-0.01,-0.01,
0,47,-0.03,-9.95,-0.11,-0.01,-0.01,
0,47,-0.03,-9.95,-0.11,-0.01,-0.01,
0,47,-0.03,-9.95,-0.11,-0.01,-0.01,
0,47,0.05,-10.06,-0.15,-0.01,-0.01,
0,47,0.05,-10.06,-0.15,-0.01,-0.01,
0,47,0.05,-10.06,-0.15,-0.01,-0.01,
0,47,0.05,-10.02,-0.09,-0.01,-0.01,
0,47,0.05,-10.02,-0.09,-0.01,-0.01,
0,47,0.05,-10.02,-0.09,-0.01,-0.01,
0,47,-0.02,-10,-0.12,-0.01,-0.01,
0,47,-0.02,-10,-0.12,-0.01,0,
0,47,-0.02,-10,-0.12,0,-0.01,
0,47,-0.01,-10.04,-0.11,0,-0.01,
0,47,-0.01,-10.04,-0.11,-0.01,-0.01,
0,47,-0.01,-10.04,-0.11,-0.01,-0.01,
0,47,-0.05,-10.07,-0.15,-0.01,-0.01,
0,47,-0.05,-10.07,-0.15,0,-0.01,
0,47,-0.05,-10.07,-0.15,0,-0.01,
0,47,0.06,-10.07,-0.11,-0.01,-0.01,
0,47,0.06,-10.07,-0.11,-0.01,-0.01,
0,47,0.06,-10.07,-0.11,-0.01,-0.01,
0,47,-0.06,-10,-0.09,-0.01,-0.01,
0,47,-0.06,-10,-0.09,0,-0.01,
0,47,-0.06,-10,-0.09,0,-0.01,
0,47,0.02,-10,-0.11,0,-0.01,
0,47,0.02,-10,-0.11,-0.01,-0.01,
0,47,0.02,-10,-0.11,-0.01,-0.01,
0,47,0.01,-10,-0.13,0,-0.01,
0,47,0.01,-10,-0.13,-0.01,-0.01,
0,47,0.01,-10,-0.13,-0.01,-0.01,
0,47,0.01,-10.03,-0.04,0,-0.01,
0,47,0.01,-10.03,-0.04,0,-0.01,
0,47,0.01,-10.03,-0.04,-0.01,-0.01,
0,47,0.05,-9.99,-0.09,-0.01,-0.01,
0,47,0.05,-9.99,-0.09,-0.01,-0.01,
0,47,0.05,-9.99,-0.09,-0.01,-0.01,
0,47,-0.01,-10.02,-0.08,-0.01,-0.01,
0,47,-0.01,-10.02,-0.08,-0.01,-0.01,
0,47,-0.01,-10.02,-0.08,-0.01,-0.01,
0,47,-0.02,-10.03,-0.1,-0.01,-0.01,
0,47,-0.02,-10.03,-0.1,-0.01,-0.01,
0,47,-0.02,-10.03,-0.1,-0.01,-0.01,
0,47,-0.03,-10.06,-0.15,-0.01,-0.01,
0,47,-0.03,-10.06,-0.15,-0.01,-0.01,
0,47,0.05,-10.03,-0.2,-0.01,-0.01,
0,47,0.05,-10.03,-0.2,-0.01,-0.01,
0,47,0.05,-10.03,-0.2,-0.01,-0.01,
0,47,-0.01,-10,-0.16,-0.01,-0.01,
0,47,-0.01,-10,-0.16,-0.01,-0.01,
0,47,-0.01,-10,-0.16,-0.01,-0.01,
0,47,0.05,-10.03,-0.14,-0.01,-0.01,
0,47,0.05,-10.03,-0.14,-0.01,-0.01,
0,47,0.05,-10.03,-0.14,-0.01,-0.01,
0,47,-0.02,-10.03,-0.06,-0.01,-0.01,
0,47,-0.02,-10.03,-0.06,-0.01,-0.01,
0,47,-0.02,-10.03,-0.06,-0.01,-0.01,
0,47,0,-10.07,-0.1,-0.01,-0.01,
0,47,0,-10.07,-0.1,-0.01,-0.01,
0,47,0,-10.07,-0.1,0,-0.01,
0,47,-0.01,-10.02,-0.13,-0.01,-0.01,
0,47,-0.01,-10.02,-0.13,-0.01,-0.01,
0,47,-0.01,-10.02,-0.13,-0.01,-0.01,
0,47,0,-10.02,-0.15,-0.01,-0.01,
0,47,0,-10.02,-0.15,-0.01,-0.01,
0,47,0,-10.02,-0.15,-0.01,-0.01,
0,47,0,-10.07,-0.14,-0.01,-0.01,
0,47,0,-10.07,-0.14,0,-0.01,
0,47,0,-10.07,-0.14,-0.01,-0.01,
0,47,0.04,-10.03,-0.16,-0.01,-0.01,
0,47,0.04,-10.03,-0.16,-0.01,-0.01,
0,47,0.04,-10.03,-0.16,-0.01,-0.01,
0,47,0.05,-10.02,-0.11,-0.01,-0.01,
0,47,0.05,-10.02,-0.11,0,-0.01,
0,47,0.05,-10.02,-0.11,0,-0.01,
0,47,0.01,-10,-0.11,-0.01,-0.01,
0,47,0.01,-10,-0.11,0,-0.01,
0,47,0.01,-10,-0.11,0,-0.01,
0,47,0.05,-9.99,-0.12,-0.01,-0.01,
0,47,0.05,-9.99,-0.12,-0.01,-0.01,
0,48,0.05,-9.99,-0.12,-0.01,-0.01,
0,48,-0.01,-10.02,-0.14,-0.01,-0.01,
0,48,-0.01,-10.02,-0.14,-0.01,-0.01,
0,48,-0.01,-10.02,-0.14,-0.01,-0.01,
0,48,0.02,-10.06,-0.19,-0.01,-0.01,
0,48,0.02,-10.06,-0.19,-0.01,-0.01,
0,48,0.02,-10.06,-0.19,-0.01,-0.01,
0,48,0.05,-10.03,-0.11,0,-0.01,
0,48,0.05,-10.03,-0.11,-0.01,-0.01,
0,48,0.05,-10.03,-0.11,-0.01,-0.01,
0,48,0.02,-10.02,-0.15,-0.01,-0.01,
0,48,0.02,-10.02,-0.15,-0.01,-0.01,
0,48,0.02,-10.02,-0.15,-0.01,-0.01,
0,48,-0.03,-10.1,-0.12,0,-0.01,
0,48,-0.03,-10.1,-0.12,-0.01,-0.01,
0,48,-0.03,-10.1,-0.12,-0.01,-0.01,
0,48,-0.01,-10.08,-0.08,0,-0.01,
0,48,-0.01,-10.08,-0.08,-0.01,-0.01,
0,48,-0.01,-10.08,-0.08,-0.01,-0.01,
0,48,0.02,-10.03,-0.07,0,-0.01,
0,48,0.02,-10.03,-0.07,0,-0.01,
0,48,0.05,-10.01,-0.15,-0.01,-0.01,
0,48,0.02,-10.05,-0.12,-0.01,-0.01,
0,48,0,-10.06,-0.13,0,-0.01,
0,48,-0.01,-9.99,-0.14,-0.01,-0.01,
0,49,0.06,-10.03,-0.1,-0.01,-0.01,
0,49,0.02,-10.07,-0.11,0,-0.01,
0,49,0.05,-10.03,-0.17,-0.01,-0.01,
0,49,0.03,-10.07,-0.11,0,-0.01,
0,49,0.03,-10.07,-0.11,0,-0.01,
0,49,0.03,-10.07,-0.11,0,-0.01,
0,49,0,-10.05,-0.15,-0.01,-0.01,
0,49,0,-10.05,-0.15,-0.01,-0.01,
0,49,0,-10.05,-0.15,-0.01,-0.01,
0,49,0.03,-10.03,-0.07,0,-0.01,
0,49,0.03,-10.03,-0.07,-0.01,-0.01,
0,49,0.05,-10,-0.14,-0.01,-0.01,
0,49,0.05,-10,-0.14,-0.01,-0.01,
0,49,0.05,-10,-0.14,0,-0.01,
0,49,0.02,-10.06,-0.15,0,-0.01,
0,49,0.02,-10.06,-0.15,-0.01,-0.01,
0,49,0.02,-10.06,-0.15,-0.01,-0.01,
0,49,0.01,-10.01,-0.14,-0.01,-0.01,
0,49,0.01,-10.01,-0.14,0,-0.01,
0,49,0.01,-10.01,-0.14,0,-0.01,
0,49,0.02,-9.96,-0.12,0,-0.01,
0,49,0.02,-9.96,-0.12,0,-0.01,
0,49,0.02,-9.96,-0.12,-0.01,-0.01,
0,49,0.08,-10,-0.12,-0.01,-0.01,
0,49,0.08,-10,-0.12,-0.01,-0.01,
0,49,0.08,-10,-0.12,0,-0.01,
0,49,-0.01,-9.99,-0.07,0,-0.01,
0,49,-0.01,-9.99,-0.07,0,-0.01,
0,49,-0.01,-9.99,-0.07,-0.01,-0.01,
0,49,0.02,-10.02,-0.08,-0.01,-0.01,
0,49,0.02,-10.02,-0.08,-0.01,-0.01,
0,49,0.05,-10.07,-0.11,-0.01,-0.01,
0,49,0.05,-10.07,-0.11,-0.01,-0.01,
0,49,0.05,-10.07,-0.11,-0.01,-0.01,
0,49,0.05,-10.03,-0.15,0,-0.01,
0,49,0.05,-10.03,-0.15,0,-0.01,
0,49,0.05,-10.03,-0.15,0,-0.01,
0,49,-0.01,-10.04,-0.14,0,-0.01,
0,49,-0.01,-10.04,-0.14,0,-0.01,
0,49,-0.01,-10.04,-0.14,-0.01,-0.01,
0,49,0.04,-9.99,-0.12,0,-0.01,
0,49,0.04,-9.99,-0.12,0,-0.01,
0,49,0.04,-9.99,-0.12,0,-0.01,
0,49,0.05,-10.02,-0.11,-0.01,-0.01,
0,49,0.05,-10.02,-0.11,-0.01,-0.01,
0,49,0,-10,-0.13,-0.01,-0.01,
0,49,0,-10,-0.13,-0.01,-0.01,
0,49,0,-10,-0.13,-0.01,-0.01,
0,49,0.04,-10.04,-0.11,-0.01,-0.01,
0,49,0.04,-10.04,-0.11,0,-0.01,
0,49,0.04,-10.04,-0.11,0,-0.01,
0,49,0.06,-10.02,-0.08,0,-0.01,
0,49,0.06,-10.02,-0.08,-0.01,-0.01,
0,49,0.06,-10.02,-0.08,-0.01,-0.01,
0,49,0.02,-10.03,-0.13,-0.01,-0.01,
0,49,0.02,-10.03,-0.13,-0.01,-0.01,
0,49,0.02,-10.03,-0.13,-0.01,-0.01,
0,49,0.05,-10.05,-0.1,-0.01,-0.01,
0,49,0.05,-10.05,-0.1,0,-0.01,
0,49,0.05,-10.05,-0.1,0,-0.01,
0,49,0,-10.03,-0.17,-0.01,-0.01,
0,49,0,-10.03,-0.17,-0.01,-0.01,
0,49,0,-10.03,-0.17,-0.01,-0.01,
0,49,0.04,-9.98,-0.12,-0.01,-0.01,
0,49,0.04,-9.98,-0.12,0,-0.01,
0,49,0.04,-9.98,-0.12,0,-0.01,
0,49,0.02,-9.97,-0.09,-0.01,-0.01,
0,49,0.02,-9.97,-0.09,-0.01,-0.01,
0,49,0.02,-9.97,-0.09,-0.01,-0.01,
0,49,0.01,-10.05,-0.15,0,-0.01,
0,49,0.01,-10.05,-0.15,0,-0.01,
0,49,0.01,-10.05,-0.15,-0.01,-0.01,
0,49,0.05,-10.05,-0.1,-0.01,-0.01,
0,49,0.05,-10.05,-0.1,-0.01,-0.01,
0,49,0,-10.02,-0.11,-0.01,-0.01,
0,49,0,-10.02,-0.11,-0.01,-0.01,
0,49,0,-10.02,-0.11,0,-0.01,
0,49,0,-10.03,-0.09,0,-0.01,
0,49,0,-10.03,-0.09,-0.01,-0.01,
0,49,0,-10.03,-0.09,0,-0.01,
0,49,0.06,-10.05,-0.11,0,-0.01,
0,49,0.06,-10.05,-0.11,-0.01,-0.01,
0,49,0.06,-10.05,-0.11,0,-0.01,
0,49,0.04,-10.04,-0.14,0,-0.01,
0,49,0.04,-10.04,-0.14,-0.01,-0.01,
0,49,0.04,-10.04,-0.14,-0.01,0,
0,49,0.04,-10.01,-0.08,-0.01,0,
0,49,0.04,-10.01,-0.08,0,-0.01,
0,49,0,-10.04,-0.1,-0.01,-0.01,
0,49,0,-10.04,-0.1,-0.01,-0.01,
0,49,0,-10.04,-0.1,-0.01,-0.01,
0,49,0,-10.08,-0.06,-0.01,-0.01,
0,49,0,-10.08,-0.06,-0.01,-0.01,
0,49,0,-10.08,-0.06,-0.01,-0.01,
0,49,0,-10,-0.12,-0.01,-0.01,
0,49,0,-10,-0.12,-0.01,-0.01,
0,49,0,-10,-0.12,-0.01,-0.01,
0,49,0.04,-10.05,-0.07,0,-0.01,
0,49,0.04,-10.05,-0.07,-0.01,-0.01,
0,49,0.04,-10.05,-0.07,-0.01,-0.01,
0,49,0.05,-9.99,-0.11,0,-0.01,
0,49,0.05,-9.99,-0.11,-0.01,-0.01,
0,49,0.04,-10.04,-0.11,-0.01,-0.01,
0,49,0.04,-10.04,-0.11,-0.01,-0.01,
0,49,0.04,-10.04,-0.11,0,-0.01,
0,49,-0.04,-10.03,-0.15,0,-0.01,
0,49,-0.04,-10.03,-0.15,-0.01,-0.01,
0,49,-0.04,-10.03,-0.15,-0.01,-0.01,
0,49,0.1,-10.07,-0.07,-0.01,-0.01,
0,50,0.1,-10.07,-0.07,-0.01,-0.01,
0,50,0.1,-10.07,-0.07,-0.01,-0.01,
0,50,0.05,-10.03,-0.11,-0.01,-0.01,
0,50,0.05,-10.03,-0.11,-0.01,-0.01,
0,50,0.05,-10.03,-0.11,-0.01,-0.01,
0,50,0.02,-10.03,-0.14,0,-0.01,
0,50,0.02,-10.03,-0.14,0,-0.01,
0,50,0.06,-10.07,-0.1,0,-0.01,
0,50,0.06,-10.07,-0.1,-0.01,-0.01,
0,50,0.06,-10.07,-0.1,-0.01,-0.01,
0,50,0.05,-10.07,-0.12,-0.01,-0.01,
0,50,0.05,-10.07,-0.12,0,-0.01,
0,50,0.05,-10.07,-0.12,0,-0.01,
0,50,0,-10.03,-0.14,-0.01,-0.01,
0,50,0,-10.03,-0.14,0,-0.01,
0,50,0,-10.03,-0.14,0,-0.01,
0,50,0.05,-10.02,-0.09,-0.01,-0.01,
0,50,0.05,-10.02,-0.09,-0.01,0,
0,50,0.05,-10.02,-0.09,-0.01,0,
0,50,0.02,-10.05,-0.11,0,-0.01,
0,50,0.02,-10.05,-0.11,-0.01,-0.01,
0,50,0.05,-10.04,-0.16,-0.01,-0.01,
0,50,0.05,-10.04,-0.16,-0.01,-0.01,
0,50,0.05,-10.04,-0.16,-0.01,-0.01,
0,50,0.05,-10.08,-0.13,-0.01,-0.01,
0,50,0.05,-10.08,-0.13,-0.01,-0.01,
0,50,0.05,-10.08,-0.13,0,-0.01,
0,50,0.06,-10.04,-0.12,-0.01,-0.01,
0,50,0.06,-10.04,-0.12,-0.01,-0.01,
0,50,0.06,-10.04,-0.12,0,-0.01,
0,50,0.02,-10.05,-0.06,-0.01,-0.01,
0,50,0.02,-10.05,-0.06,-0.01,-0.01,
0,50,0.02,-10.05,-0.06,0,-0.01,
0,50,0.01,-10.07,-0.13,0,-0.01,
0,50,0.01,-10.07,-0.13,-0.01,-0.01,
0,50,0.01,-10.07,-0.13,-0.01,-0.01,
0,50,0,-10,-0.12,-0.01,-0.01,
0,50,0,-10,-0.12,0,-0.01,
0,50,0,-10,-0.12,-0.01,-0.01,
0,50,0.08,-10.07,-0.05,-0.01,-0.01,
0,50,0.08,-10.07,-0.05,0,-0.01,
0,50,0.04,-10.02,-0.1,-0.01,-0.01,
0,50,0.04,-10.02,-0.1,-0.01,-0.01,
0,50,0.04,-10.02,-0.1,-0.01,-0.01,
0,50,0.01,-10.04,-0.15,-0.01,-0.01,
0,50,0.01,-10.04,-0.15,-0.01,-0.01,
0,50,0.01,-10.04,-0.15,-0.01,0,
0,50,0,-10,-0.15,-0.01,-0.01,
0,50,0,-10,-0.15,-0.01,-0.01,
0,50,0,-10,-0.15,0,-0.01,
0,50,0.03,-10.03,-0.08,-0.01,-0.01,
0,50,0.03,-10.03,-0.08,-0.01,-0.01,
0,50,0.03,-10.03,-0.08,-0.01,-0.01,
0,50,0.09,-10.01,-0.11,-0.01,-0.01,
0,50,0.09,-10.01,-0.11,-0.01,-0.01,
0,50,0.09,-10.01,-0.11,0,-0.01,
0,50,0.06,-10.04,-0.21,-0.01,-0.01,
0,50,0.06,-10.04,-0.21,-0.01,-0.01,
0,50,0.06,-10.04,-0.21,0,-0.01,
0,50,0.02,-10,-0.15,-0.01,0,
0,50,0.02,-10,-0.15,-0.01,0,
0,50,0.02,-10,-0.15,0,-0.01,
0,50,0,-10.07,-0.06,-0.01,-0.01,
0,50,0,-10.07,-0.06,-0.01,-0.01,
0,50,-0.01,-9.96,-0.11,-0.01,-0.01,
0,50,-0.01,-9.96,-0.11,-0.01,-0.01,
0,50,-0.01,-9.96,-0.11,-0.01,-0.01,
0,50,-0.01,-10.01,-0.06,-0.01,-0.01,
0,50,-0.01,-10.01,-0.06,-0.01,-0.01,
0,50,-0.01,-10.01,-0.06,-0.01,-0.01,
0,50,-0.04,-10.05,-0.12,-0.01,-0.01,
0,50,-0.04,-10.05,-0.12,0,-0.01,
0,50,-0.04,-10.05,-0.12,-0.01,-0.01,
0,50,0.03,-10.02,-0.11,-0.01,-0.01,
0,50,0.03,-10.02,-0.11,0,-0.01,
0,50,0.03,-10.02,-0.11,-0.01,-0.01,
0,50,0.04,-10.03,-0.15,-0.01,-0.01,
0,50,0.04,-10.03,-0.15,-0.01,-0.01,
0,50,0.08,-10.04,-0.17,-0.01,-0.01,
0,50,0.08,-10.04,-0.17,-0.01,-0.01,
0,50,0.08,-10.04,-0.17,-0.01,-0.01,
0,50,0.12,-10.04,-0.21,-0.01,-0.01,
0,50,0.12,-10.04,-0.21,-0.01,-0.01,
0,50,0.12,-10.04,-0.21,0,-0.01,
0,50,0.08,-10.05,-0.13,-0.01,0,
0,50,0.08,-10.05,-0.13,-0.01,0,
0,50,0.08,-10.05,-0.13,-0.01,-0.01,
0,50,-0.04,-9.98,-0.19,-0.01,-0.01,
0,50,-0.04,-9.98,-0.19,-0.01,-0.01,
0,50,-0.04,-9.98,-0.19,-0.01,-0.01,
0,50,0,-10.05,-0.13,-0.01,-0.01,
0,50,0,-10.05,-0.13,-0.01,-0.01,
0,50,0,-10.05,-0.13,-0.01,-0.01,
0,50,0.04,-10.09,-0.15,-0.01,-0.01,
0,50,0.04,-10.09,-0.15,-0.01,-0.01,
0,50,0.02,-10.01,-0.03,-0.01,-0.01,
0,50,0.02,-10.01,-0.03,0,-0.01,
0,50,0.02,-10.01,-0.03,0,-0.01,
0,50,0.03,-10.02,0,0,-0.01,
0,50,0.03,-10.02,0,-0.01,0,
0,50,0.03,-10.02,0,-0.01,0,
0,50,0.09,-10.03,-0.13,0,-0.01,
0,50,0.09,-10.03,-0.13,-0.01,-0.01,
0,50,0.09,-10.03,-0.13,-0.01,-0.01,
0,50,0.08,-10.02,-0.12,0,-0.01,
0,50,0.08,-10.02,-0.12,0,-0.01,
0,50,0.08,-10.02,-0.12,0,-0.01,
0,50,-0.06,-10.06,-0.15,-0.01,-0.01,
0,50,-0.06,-10.06,-0.15,0,-0.01,
0,50,-0.06,-10.06,-0.15,-0.01,-0.01,
0,50,-0.04,-10.06,-0.11,-0.01,-0.01,
0,50,-0.04,-10.06,-0.11,-0.01,-0.01,
0,50,0.06,-10.07,-0.12,-0.01,-0.01,
0,50,0.06,-10.07,-0.12,-0.01,-0.01,
0,50,0.06,-10.07,-0.12,-0.01,-0.01,
0,50,0.05,-10.04,-0.05,-0.01,-0.01,
0,50,0.05,-10.04,-0.05,-0.01,-0.01,
0,50,0.05,-10.04,-0.05,-0.01,-0.01,
0,50,0.02,-10.03,-0.06,-0.01,-0.01,
0,50,0.02,-10.03,-0.06,-0.01,-0.01,
0,50,0.02,-10.03,-0.06,-0.01,-0.01,
0,50,0.06,-10.02,-0.08,-0.01,-0.01,
0,50,0.06,-10.02,-0.08,-0.01,-0.01,
0,50,0.06,-10.02,-0.08,0,-0.01,
0,50,0.02,-10.03,-0.11,-0.01,-0.01,
0,50,0.02,-10.03,-0.11,-0.01,-0.01,
0,50,0.06,-9.99,-0.13,0,-0.01,
0,50,0.06,-9.99,-0.13,-0.01,-0.01,
0,50,0.06,-9.99,-0.13,-0.01,-0.01,
0,50,0.04,-9.98,-0.15,-0.01,-0.01,
0,50,0.04,-9.98,-0.15,-0.01,-0.01,
0,50,0.04,-9.98,-0.15,-0.01,-0.01,
0,50,0.03,-10.02,-0.13,-0.01,-0.01,
0,50,0.03,-10.02,-0.13,0,-0.01,
0,50,0.03,-10.02,-0.13,0,-0.01,
0,50,0.03,-10.05,-0.16,-0.01,-0.01,
0,50,0.03,-10.05,-0.16,-0.01,-0.01,
0,50,0.03,-10.05,-0.16,-0.01,-0.01,
0,50,0.02,-9.99,-0.14,-0.01,-0.01,
0,50,0.02,-9.99,-0.14,-0.01,-0.01,
0,50,0.02,-9.99,-0.14,-0.01,-0.01,
0,50,0.01,-10.04,-0.13,-0.01,0,
0,50,0.01,-10.04,-0.13,-0.01,-0.01,
0,50,0.01,-10.04,-0.13,-0.01,-0.01,
0,50,0.04,-10,-0.11,0,-0.01,
0,50,0.04,-10,-0.11,-0.01,-0.01,
0,50,0.04,-10,-0.11,-0.01,-0.01,
0,50,0.03,-10.05,-0.08,-0.01,-0.01,
0,50,0.03,-10.05,-0.08,-0.01,-0.01,
0,50,0.03,-10.05,-0.08,-0.01,-0.01,
0,50,0.06,-10.04,-0.09,0,-0.01,
0,50,0.06,-10.04,-0.09,0,-0.01,
0,50,0.06,-10.04,-0.09,-0.01,0,
0,50,0.01,-10.07,-0.14,-0.01,-0.01,
0,51,0.01,-10.07,-0.14,-0.01,-0.01,
0,51,0.03,-10.02,-0.14,-0.01,-0.01,
0,51,0.03,-10.02,-0.14,0,-0.01,
0,51,0.03,-10.02,-0.14,0,-0.01,
0,51,0.02,-10.03,-0.15,-0.01,-0.01,
0,51,0.02,-10.03,-0.15,-0.01,-0.01,
0,51,0.02,-10.03,-0.15,-0.01,0,
0,51,0,-10.05,-0.09,-0.01,0,
0,51,0,-10.05,-0.09,0,-0.01,
0,51,0,-10.05,-0.09,-0.01,-0.01,
0,51,0.02,-10,-0.13,-0.01,-0.01,
0,51,0.02,-10,-0.13,-0.01,0,
0,51,0.02,-10,-0.13,-0.01,-0.01,
0,51,0.05,-9.99,-0.08,-0.01,-0.01,
0,51,0.05,-9.99,-0.08,0,-0.01,
0,51,0.05,-9.99,-0.08,-0.01,-0.01,
0,51,0.04,-10.07,-0.07,-0.01,-0.01,
0,51,0.04,-10.07,-0.07,-0.01,-0.01,
0,51,-0.04,-10.04,-0.1,0,-0.01,
0,51,-0.04,-10.04,-0.1,0,-0.01,
0,51,-0.04,-10.04,-0.1,-0.01,-0.01,
0,51,-0.06,-9.97,-0.06,-0.01,-0.01,
0,51,-0.06,-9.97,-0.06,-0.01,-0.01,
0,51,-0.06,-9.97,-0.06,-0.01,-0.01,
0,51,0.04,-9.97,-0.12,-0.01,-0.01,
0,51,0.04,-9.97,-0.12,-0.01,-0.01,
0,51,0.04,-9.97,-0.12,-0.01,-0.01,
0,51,0.02,-10.01,-0.18,-0.01,-0.01,
0,51,0.02,-10.01,-0.18,0,-0.01,
0,51,0.01,-10.02,-0.21,0,-0.01,
0,51,0.01,-10.02,-0.21,-0.01,-0.01,
0,51,0.01,-10.02,-0.21,-0.01,-0.01,
0,51,0.06,-10.02,-0.1,-0.01,-0.01,
0,51,0.06,-10.02,-0.1,0,-0.01,
0,51,0.06,-10.02,-0.1,-0.01,-0.01,
0,51,0.09,-10.03,-0.09,-0.01,-0.01,
0,51,0.09,-10.03,-0.09,-0.01,-0.01,
0,51,0.09,-10.03,-0.09,-0.01,-0.01,
0,51,0.04,-10.03,-0.06,-0.01,-0.01,
0,51,0.04,-10.03,-0.06,-0.01,-0.01,
0,51,0.04,-10.03,-0.06,-0.01,0,
0,51,-0.05,-10.02,-0.12,-0.01,0,
0,51,-0.05,-10.02,-0.12,0,-0.01,
0,51,-0.01,-10.06,-0.15,-0.01,-0.01,
0,51,-0.01,-10.06,-0.15,-0.01,-0.01,
0,51,-0.01,-10.06,-0.15,-0.01,-0.01,
0,51,0.07,-10.04,-0.12,0,-0.01,
0,51,0.07,-10.04,-0.12,0,-0.01,
0,51,0.07,-10.04,-0.12,0,-0.01,
0,51,0.03,-10,-0.19,-0.01,-0.01,
0,51,0.03,-10,-0.19,0,-0.01,
0,51,0.03,-10,-0.19,0,-0.01,
0,51,0.04,-10.04,-0.16,-0.01,-0.01,
0,51,0.04,-10.04,-0.16,-0.01,-0.01,
0,51,0.04,-10.04,-0.16,-0.01,-0.01,
0,51,-0.01,-10,-0.17,0,-0.01,
0,51,-0.01,-10,-0.17,-0.01,-0.01,
0,51,0.02,-10.03,-0.11,-0.01,-0.01,
0,51,0.02,-10.03,-0.11,-0.01,-0.01,
0,51,0.02,-10.03,-0.11,-0.01,-0.01,
0,51,0.03,-10.05,-0.07,-0.01,-0.01,
0,51,0.03,-10.05,-0.07,0,-0.01,
0,51,0.03,-10.05,-0.07,0,-0.01,
0,51,-0.02,-10,-0.11,0,-0.01,
0,51,-0.02,-10,-0.11,-0.01,-0.01,
0,51,-0.02,-10,-0.11,-0.01,-0.01,
0,51,-0.04,-10.02,-0.07,-0.01,-0.01,
0,51,-0.04,-10.02,-0.07,-0.01,-0.01,
0,51,-0.04,-10.02,-0.07,-0.01,-0.01,
0,51,0.05,-10.06,-0.15,-0.01,-0.01,
0,51,0.05,-10.06,-0.15,-0.01,-0.01,
0,51,0.05,-10.06,-0.15,0,-0.01,
0,51,0.05,-10.02,-0.13,0,-0.01,
0,51,0.05,-10.02,-0.13,-0.01,-0.01,
0,51,0.05,-10.02,-0.13,-0.01,0,
0,51,0.09,-10,-0.14,-0.01,0,
0,51,0.09,-10,-0.14,-0.01,-0.01,
0,51,0.09,-10,-0.14,-0.01,-0.01,
0,51,0.02,-10.01,-0.11,-0.01,-0.01,
0,51,0.02,-10.01,-0.11,0,-0.01,
0,51,0.05,-10.04,-0.12,-0.01,-0.01,
0,51,0.05,-10.04,-0.12,-0.01,-0.01,
0,51,0.05,-10.04,-0.12,-0.01,-0.01,
0,51,0.03,-10.03,-0.11,-0.01,-0.01,
0,51,0.03,-10.03,-0.11,-0.01,-0.01,
0,51,0.03,-10.03,-0.11,-0.01,-0.01,
0,51,0.05,-10.03,-0.14,-0.01,-0.01,
0,51,0.05,-10.03,-0.14,-0.01,-0.01,
0,51,0.05,-10.03,-0.14,0,-0.01,
0,51,0.04,-10.01,-0.08,0,-0.01,
0,51,0.04,-10.01,-0.08,-0.01,-0.01,
0,51,0.04,-10.01,-0.08,-0.01,-0.01,
0,51,0.04,-10.01,-0.08,-0.01,-0.01,
0,51,0.04,-10.01,-0.08,0,-0.01,
0,51,0.04,-10.01,-0.08,-0.01,-0.01,
0,51,0.05,-10.01,-0.05,-0.01,-0.01,
0,51,0.05,-10.01,-0.05,-0.01,-0.01,
0,51,0.05,-10.01,-0.05,-0.01,-0.01,
0,51,0.03,-10.01,-0.08,-0.01,-0.01,
0,51,0.03,-10.01,-0.08,0,-0.01,
0,51,0.03,-10.01,-0.08,-0.01,-0.01,
0,51,0.01,-10.04,-0.08,-0.01,-0.01,
0,51,0.01,-10.04,-0.08,-0.01,-0.01,
0,51,0.01,-10.04,-0.08,-0.01,-0.01,
0,51,-0.02,-9.99,-0.11,-0.01,-0.01,
0,51,-0.02,-9.99,-0.11,-0.01,-0.01,
0,51,0.06,-10.01,-0.12,-0.01,-0.01,
0,51,0.06,-10.01,-0.12,-0.01,-0.01,
0,51,0.06,-10.01,-0.12,0,-0.01,
0,51,0.08,-10.06,-0.16,-0.01,-0.01,
0,51,0.08,-10.06,-0.16,-0.01,-0.01,
0,51,0.08,-10.06,-0.16,0,-0.01,
0,51,0,-10.01,-0.15,0,-0.01,
0,51,0,-10.01,-0.15,-0.01,-0.01,
0,51,0,-10.01,-0.15,-0.01,-0.01,
0,51,0.04,-10.07,-0.13,-0.01,-0.01,
0,51,0.04,-10.07,-0.13,0,-0.02,
0,51,0.04,-10.07,-0.13,0,-0.02,
0,51,0.06,-10.06,-0.11,-0.01,-0.01,
0,51,0.06,-10.06,-0.11,-0.01,0,
0,51,0.05,-10.1,-0.07,-0.01,0,
0,51,0.05,-10.1,-0.07,-0.01,-0.01,
0,51,0.05,-10.1,-0.07,-0.01,0,
0,51,0.01,-10.04,-0.08,-0.01,0,
0,51,0.01,-10.04,-0.08,-0.01,-0.01,
0,51,0.01,-10.04,-0.08,0,-0.01,
0,51,0.06,-10.06,-0.11,0,-0.01,
0,51,0.06,-10.06,-0.11,-0.01,-0.01,
0,51,0.06,-10.06,-0.11,-0.01,-0.01,
0,51,0.04,-9.99,-0.13,-0.01,-0.01,
0,51,0.04,-9.99,-0.13,-0.01,-0.01,
0,51,0.04,-9.99,-0.13,-0.01,-0.01,
0,51,0.03,-10.06,-0.1,-0.01,-0.01,
0,51,0.03,-10.06,-0.1,-0.01,-0.01,
0,51,0.03,-10.06,-0.1,-0.01,-0.01,
0,51,0.06,-10.04,-0.11,-0.01,-0.01,
0,51,0.06,-10.04,-0.11,-0.01,-0.01,
0,51,0.06,-10.04,-0.11,-0.01,-0.01,
0,51,0,-10.06,-0.08,-0.01,-0.01,
0,51,0,-10.06,-0.08,0,-0.01,
0,51,0.01,-9.99,-0.06,0,-0.01,
0,51,0.01,-9.99,-0.06,0,-0.01,
0,51,0.01,-9.99,-0.06,0,-0.01,
0,51,0,-9.98,-0.11,0,-0.01,
0,51,0,-9.98,-0.11,0,-0.01,
0,51,0,-9.98,-0.11,-0.01,-0.01,
0,51,0.03,-10,-0.08,-0.01,-0.01,
0,51,0.03,-10,-0.08,-0.01,-0.01,
0,51,0.03,-10,-0.08,0,-0.01,
0,51,0,-10.08,-0.14,-0.01,-0.01,
0,51,0,-10.08,-0.14,-0.01,-0.01,
0,51,0,-10.08,-0.14,0,-0.01,
0,52,-0.03,-9.99,-0.12,0,-0.01,
0,52,-0.03,-9.99,-0.12,0,-0.01,
0,52,-0.03,-9.99,-0.12,-0.01,-0.01,
0,52,0.08,-10.07,-0.08,-0.01,-0.01,
0,52,0.08,-10.07,-0.08,-0.01,-0.01,
0,52,-0.01,-10.06,-0.06,-0.01,-0.01,
0,52,-0.01,-10.06,-0.06,-0.01,-0.01,
0,52,-0.01,-10.06,-0.06,0,-0.01,
0,52,-0.04,-10.01,-0.13,0,-0.01,
0,52,-0.04,-10.01,-0.13,-0.01,-0.01,
0,52,-0.04,-10.01,-0.13,-0.01,-0.01,
0,52,0.07,-10.03,-0.11,-0.01,-0.01,
0,52,0.07,-10.03,-0.11,-0.01,-0.01,
0,52,0.07,-10.03,-0.11,-0.01,-0.01,
0,52,0.02,-10.03,-0.03,-0.01,-0.01,
0,52,0.02,-10.03,-0.03,0,-0.01,
0,52,0.02,-10.03,-0.03,0,-0.01,
0,52,0.02,-10.06,-0.15,-0.01,-0.01,
0,52,0.02,-10.06,-0.15,-0.01,-0.01,
0,52,0.02,-10.06,-0.15,-0.01,-0.01,
0,52,0.04,-9.99,-0.1,0,-0.01,
0,52,0.04,-9.99,-0.1,0,-0.01,
0,52,0.04,-9.99,-0.1,0,-0.01,
0,52,0.06,-10.01,-0.11,0,-0.01,
0,52,0.06,-10.01,-0.11,-0.01,-0.01,
0,52,0.06,-10.01,-0.11,-0.01,-0.01,
0,52,0.01,-9.99,-0.04,-0.01,-0.01,
0,52,0.01,-9.99,-0.04,-0.01,-0.01,
0,52,0.01,-9.99,-0.04,-0.01,-0.01,
0,52,0.02,-10.02,-0.12,-0.01,-0.01,
0,52,0.02,-10.02,-0.12,-0.01,-0.01,
0,52,0.02,-10.02,-0.12,-0.01,-0.01,
0,52,-0.01,-10.06,-0.06,-0.01,-0.01,
0,52,-0.01,-10.06,-0.06,-0.01,-0.01,
0,52,0.05,-9.97,-0.07,-0.01,-0.01,
0,52,0.05,-9.97,-0.07,-0.01,-0.01,
0,52,0.05,-9.97,-0.07,-0.01,-0.01,
0,52,-0.05,-10.03,-0.11,-0.01,-0.01,
0,52,-0.05,-10.03,-0.11,-0.01,0,
0,52,-0.05,-10.03,-0.11,0,-0.01,
0,52,0,-9.98,-0.16,0,-0.01,
0,52,0,-9.98,-0.16,0,-0.01,
0,52,0,-9.98,-0.16,-0.01,-0.01,
0,52,0.01,-10.06,-0.13,-0.01,-0.01,
0,52,0.01,-10.06,-0.13,0,-0.01,
0,52,0.01,-10.06,-0.13,-0.01,-0.01,
0,52,-0.01,-10.02,-0.12,-0.01,-0.01,
0,52,-0.01,-10.02,-0.12,-0.01,-0.01,
0,52,-0.01,-10.02,-0.12,-0.01,-0.01,
0,52,0.06,-10,-0.1,-0.01,-0.01,
0,52,0.06,-10,-0.1,-0.01,-0.01,
0,52,0.06,-10,-0.1,-0.01,-0.01,
0,52,0.01,-10.07,-0.14,-0.01,-0.01,
0,52,0.01,-10.07,-0.14,-0.01,-0.01,
0,52,0.01,-10.04,-0.09,0,-0.01,
0,52,0.01,-10.04,-0.09,0,-0.01,
0,52,0.01,-10.04,-0.09,-0.01,-0.01,
0,52,0.05,-10.02,-0.1,-0.01,-0.01,
0,52,0.05,-10.02,-0.1,-0.01,-0.01,
0,52,0.05,-10.02,-0.1,-0.01,-0.01,
0,52,0.06,-10.03,-0.11,-0.01,-0.01,
0,52,0.06,-10.03,-0.11,-0.01,-0.01,
0,52,0.06,-10.03,-0.11,0,-0.01,
0,52,0.05,-9.97,-0.11,-0.01,-0.01,
0,52,0.05,-9.97,-0.11,-0.01,-0.01,
0,52,0.05,-9.97,-0.11,-0.01,0,
0,52,0.01,-10.03,-0.11,-0.01,-0.01,
0,52,0.01,-10.03,-0.11,-0.01,-0.01,
0,52,0.04,-10.05,-0.08,-0.01,-0.01,
0,52,0.04,-10.05,-0.08,-0.01,-0.01,
0,52,0.04,-10.05,-0.08,-0.01,-0.01,
0,52,0,-10.01,-0.05,-0.01,-0.01,
0,52,0,-10.01,-0.05,-0.01,-0.01,
0,52,0,-10.01,-0.05,-0.01,-0.01,
0,52,0.03,-9.98,0.01,-0.01,-0.01,
0,52,0.03,-9.98,0.01,0,-0.01,
0,52,0.03,-9.98,0.01,0,-0.01,
0,52,0.02,-10.02,-0.14,0,-0.01,
0,52,0.02,-10.02,-0.14,0,-0.01,
0,52,0.02,-10.02,-0.14,0,-0.01,
0,52,-0.03,-10.03,-0.11,0,-0.01,
0,52,-0.03,-10.03,-0.11,-0.01,-0.01,
0,52,0.08,-10.03,-0.11,-0.01,-0.01,
0,52,0.08,-10.03,-0.11,-0.01,-0.01,
0,52,0.08,-10.03,-0.11,-0.01,-0.01,
0,52,0,-10.01,-0.13,-0.01,-0.01,
0,52,0,-10.01,-0.13,-0.01,-0.01,
0,52,0,-10.01,-0.13,0,-0.01,
0,52,0.01,-9.94,-0.14,-0.01,-0.01,
0,52,0.01,-9.94,-0.14,-0.01,-0.01,
0,52,0.01,-9.94,-0.14,-0.01,-0.01,
0,52,0.03,-10.02,-0.11,-0.01,-0.01,
0,52,0.03,-10.02,-0.11,-0.01,-0.01,
0,52,0.03,-10.02,-0.11,-0.01,-0.01,
0,52,0.03,-10.04,-0.11,-0.01,-0.01,
0,52,0.03,-10.04,-0.11,-0.01,0,
0,52,0.03,-10.07,-0.12,-0.01,0,
0,52,0.03,-10.07,-0.12,0,-0.01,
0,52,0.03,-10.07,-0.12,-0.01,-0.01,
0,52,0,-10.06,-0.1,-0.01,-0.01,
0,52,0,-10.06,-0.1,-0.01,-0.01,
0,52,0,-10.06,-0.1,-0.01,-0.01,
0,52,0,-10,-0.09,-0.01,-0.01,
0,52,0,-10,-0.09,-0.01,-0.01,
0,52,0,-10,-0.09,-0.01,-0.01,
0,52,0.04,-10.02,-0.15,-0.01,-0.01,
0,52,0.04,-10.02,-0.15,-0.01,-0.01,
0,52,0.04,-10.02,-0.15,-0.01,-0.01,
0,52,-0.01,-10.07,-0.07,-0.01,-0.01,
0,52,-0.01,-10.07,-0.07,-0.01,-0.01,
0,52,-0.01,-10.07,-0.07,-0.01,-0.01,
0,52,0.04,-10.05,-0.15,-0.01,-0.01,
0,52,0.04,-10.05,-0.15,0,-0.01,
0,52,0.04,-10.05,-0.15,0,-0.01,
0,52,0.03,-10.1,-0.11,0,-0.01,
0,52,0.03,-10.1,-0.11,0,-0.01,
0,52,0.07,-10.02,-0.09,0,-0.01,
0,52,0.07,-10.02,-0.09,0,-0.01,
0,52,0.07,-10.02,-0.09,-0.01,-0.01,
0,52,0.03,-10.03,-0.09,0,-0.01,
0,52,0.03,-10.03,-0.09,-0.01,-0.01,
0,52,0.03,-10.03,-0.09,-0.01,-0.01,
0,52,-0.01,-10.01,-0.18,-0.01,-0.01,
0,52,-0.01,-10.01,-0.18,-0.01,-0.01,
0,52,-0.01,-10.01,-0.18,-0.01,-0.01,
0,52,-0.02,-10.09,-0.09,-0.01,-0.01,
0,52,-0.02,-10.09,-0.09,-0.01,-0.01,
0,52,-0.02,-10.09,-0.09,0,-0.01,
0,52,0.08,-9.94,-0.05,-0.01,-0.01,
0,52,0.08,-9.94,-0.05,-0.01,-0.01,
0,52,0.05,-10.09,-0.11,-0.01,-0.01,
0,52,0.05,-10.09,-0.11,-0.01,0,
0,52,0.05,-10.09,-0.11,-0.01,0,
0,52,0.01,-10.03,-0.12,-0.01,-0.01,
0,52,0.01,-10.03,-0.12,-0.01,-0.01,
0,52,0.01,-10.03,-0.12,-0.01,-0.01,
0,52,0.05,-10.02,-0.18,0,-0.01,
0,52,0.05,-10.02,-0.18,-0.01,-0.01,
0,52,0.05,-10.02,-0.18,0,-0.01,
0,52,-0.03,-10.05,-0.08,0,-0.01,
0,52,-0.03,-10.05,-0.08,0,-0.01,
0,52,-0.03,-10.05,-0.08,0,-0.01,
0,52,0.02,-10.07,-0.04,0,-0.01,
0,52,0.02,-10.07,-0.04,-0.01,-0.01,
0,52,0,-10.09,-0.07,-0.01,-0.01,
0,52,0,-10.09,-0.07,-0.01,-0.01,
0,52,0,-10.09,-0.07,-0.01,-0.01,
0,52,-0.02,-10.01,-0.12,-0.01,-0.01,
0,52,-0.02,-10.01,-0.12,-0.01,-0.01,
0,52,-0.02,-10.01,-0.12,-0.01,-0.01,
0,52,-0.07,-10.05,-0.16,-0.01,-0.01,
0,52,-0.07,-10.05,-0.16,-0.01,-0.01,
0,52,-0.07,-10.05,-0.16,-0.01,-0.01,
0,53,0.09,-10.09,-0.11,-0.01,-0.01,
0,53,0.09,-10.09,-0.11,-0.01,-0.01,
0,53,0.09,-10.09,-0.11,-0.01,-0.01,
0,53,0.07,-10.05,-0.11,0,-0.01,
0,53,0.07,-10.05,-0.11,-0.01,-0.01,
0,53,0.06,-10.07,-0.12,-0.01,-0.01,
0,53,0.06,-10.07,-0.12,-0.01,-0.01,
0,53,0.06,-10.07,-0.12,-0.01,-0.01,
0,53,0.03,-9.99,-0.17,-0.01,-0.01,
0,53,0.03,-9.99,-0.17,-0.01,-0.01,
0,53,0.03,-9.99,-0.17,0,-0.01,
0,53,0.09,-10.02,-0.16,0,-0.01,
0,53,0.09,-10.02,-0.16,-0.01,-0.01,
0,53,0.09,-10.02,-0.16,-0.01,-0.01,
0,53,0.06,-10.03,-0.06,-0.01,-0.01,
0,53,0.06,-10.03,-0.06,-0.01,-0.01,
0,53,0.06,-10.03,-0.06,-0.01,-0.01,
0,53,-0.02,-10.01,-0.09,-0.01,-0.01,
0,53,-0.02,-10.01,-0.09,-0.01,-0.01,
0,53,-0.03,-10.07,-0.15,0,-0.01,
0,53,-0.03,-10.07,-0.15,0,-0.01,
0,53,-0.03,-10.07,-0.15,-0.01,-0.01,
0,53,0,-10.04,-0.15,-0.01,-0.01,
0,53,0,-10.04,-0.15,0,-0.01,
0,53,0,-10.04,-0.15,0,-0.01,
0,53,0.06,-9.98,-0.1,0,-0.01,
0,53,0.06,-9.98,-0.1,-0.01,-0.01,
0,53,0.06,-9.98,-0.1,-0.01,-0.01,
0,53,0.02,-10.02,-0.09,-0.01,-0.01,
0,53,0.02,-10.02,-0.09,-0.01,-0.01,
0,53,0.06,-10.04,-0.14,-0.01,-0.01,
0,53,0.06,-10.04,-0.14,-0.01,-0.01,
0,53,0.06,-10.04,-0.14,-0.01,-0.01,
0,53,0.08,-10.03,-0.1,-0.01,-0.01,
0,53,0.08,-10.03,-0.1,-0.01,-0.01,
0,53,0.08,-10.03,-0.1,-0.01,-0.01,
0,53,-0.01,-9.99,-0.1,-0.01,-0.01,
0,53,-0.01,-9.99,-0.1,-0.01,-0.01,
0,53,-0.01,-9.99,-0.1,-0.01,-0.01,
0,53,-0.03,-10.02,-0.13,-0.01,-0.01,
0,53,-0.03,-10.02,-0.13,-0.01,-0.01,
0,53,-0.03,-10.02,-0.13,-0.01,-0.01,
0,53,0,-10.02,-0.08,-0.01,-0.01,
0,53,0,-10.02,-0.08,-0.01,-0.01,
0,53,0.03,-9.98,-0.1,-0.01,0,
0,53,0.03,-9.98,-0.1,0,-0.01,
0,53,0.03,-9.98,-0.1,0,-0.01,
0,53,-0.02,-10,-0.14,-0.01,-0.01,
0,53,-0.02,-10,-0.14,-0.01,-0.01,
0,53,-0.02,-10,-0.14,-0.01,-0.01,
0,53,0.09,-10.03,-0.11,0,-0.01,
0,53,0.09,-10.03,-0.11,-0.01,-0.01,
0,53,0.09,-10.03,-0.11,-0.01,-0.01,
0,53,0.06,-10.04,-0.2,-0.01,-0.01,
0,53,0.06,-10.04,-0.2,0,-0.01,
0,53,0.06,-10.04,-0.2,-0.01,-0.01,
0,53,-0.01,-9.96,-0.11,-0.01,-0.01,
0,53,-0.01,-9.96,-0.11,0,-0.01,
0,53,0.05,-10.01,-0.05,-0.01,-0.01,
0,53,0.05,-10.01,-0.05,-0.01,-0.01,
0,53,0.05,-10.01,-0.05,-0.01,-0.01,
0,53,0.04,-10.02,-0.13,-0.01,-0.01,
0,53,0.04,-10.02,-0.13,-0.01,-0.01,
0,53,0.04,-10.02,-0.13,-0.01,-0.01,
0,53,-0.01,-9.99,-0.13,-0.01,-0.01,
0,53,-0.01,-9.99,-0.13,-0.01,-0.01,
0,53,-0.01,-9.99,-0.13,-0.01,0,
0,53,0.02,-10,-0.12,-0.01,-0.01,
0,53,0.02,-10,-0.12,-0.01,-0.01,
0,53,0.02,-10,-0.12,-0.01,-0.01,
0,53,0.03,-10.02,-0.09,-0.01,-0.01,
0,53,0.03,-10.02,-0.09,-0.01,-0.01,
0,53,0.03,-10.02,-0.09,-0.01,-0.01,
0,53,0.07,-10.01,-0.16,0,-0.01,
0,53,0.07,-10.01,-0.16,0,-0.01,
0,53,0,-10.07,-0.16,-0.01,0,
0,53,0,-10.07,-0.16,0,-0.01,
0,53,0,-10.07,-0.16,0,-0.01,
0,53,0.01,-10.03,-0.14,-0.01,-0.01,
0,53,0.01,-10.03,-0.14,-0.01,-0.01,
0,53,0.01,-10.03,-0.14,-0.01,-0.01,
0,53,0.04,-10,-0.07,-0.01,-0.01,
0,53,0.04,-10,-0.07,-0.01,-0.01,
0,53,0.04,-10,-0.07,-0.01,-0.01,
0,53,0,-10.03,-0.12,-0.01,-0.01,
0,53,0,-10.03,-0.12,-0.01,-0.01,
0,53,0,-10.02,-0.09,-0.01,-0.01,
0,53,0,-10.02,-0.09,-0.01,-0.01,
0,53,0,-10.02,-0.09,0,-0.01,
0,53,-0.03,-9.98,-0.12,-0.01,-0.01,
0,53,-0.03,-9.98,-0.12,-0.01,-0.01,
0,53,-0.03,-9.98,-0.12,-0.01,-0.01,
0,53,0.07,-10.01,-0.06,-0.01,-0.01,
0,53,0.07,-10.01,-0.06,-0.01,-0.01,
0,53,0.07,-10.01,-0.06,-0.01,-0.01,
0,53,0.06,-10.04,-0.14,-0.01,-0.01,
0,53,0.06,-10.04,-0.14,-0.01,-0.01,
0,53,0.06,-10.04,-0.14,-0.01,-0.01,
0,53,-0.04,-10.03,-0.11,-0.01,-0.01,
0,53,-0.04,-10.03,-0.11,-0.01,-0.01,
0,53,-0.04,-10.03,-0.11,0,-0.01,
0,53,0.04,-10.02,-0.1,0,-0.01,
0,53,0.04,-10.02,-0.1,0,-0.01,
0,53,0.03,-10.04,-0.14,0,-0.01,
0,53,0.03,-10.04,-0.14,-0.01,-0.01,
0,53,0.03,-10.04,-0.14,-0.01,-0.01,
0,53,0.06,-10,-0.09,0,-0.01,
0,53,0.06,-10,-0.09,0,-0.01,
0,53,0.06,-10,-0.09,0,-0.01,
0,53,0,-10.05,-0.13,0,-0.01,
0,53,0,-10.05,-0.13,-0.01,-0.01,
0,53,0,-10.05,-0.13,-0.01,-0.01,
0,53,-0.02,-9.99,-0.07,-0.01,-0.01,
0,53,-0.02,-9.99,-0.07,0,-0.01,
0,53,-0.02,-9.99,-0.07,0,-0.01,
0,53,0.01,-10.03,-0.12,-0.01,-0.01,
0,53,0.01,-10.03,-0.12,0,0,
0,53,0.07,-10.04,-0.08,-0.01,-0.01,
0,53,0.07,-10.04,-0.08,-0.01,-0.01,
0,53,0.07,-10.04,-0.08,0,-0.01,
0,53,0.04,-10.05,-0.1,-0.01,-0.01,
0,53,0.04,-10.05,-0.1,-0.01,-0.01,
0,53,0.04,-10.05,-0.1,0,-0.01,
0,53,0.06,-10.06,-0.14,-0.01,-0.01,
0,53,0.06,-10.06,-0.14,-0.01,-0.01,
0,53,0.06,-10.06,-0.14,-0.01,-0.01,
0,53,0,-10,-0.17,-0.01,-0.01,
0,53,0,-10,-0.17,-0.01,-0.01,
0,53,0,-10,-0.17,-0.01,-0.01,
0,53,0.01,-10.03,-0.15,-0.01,-0.01,
0,53,0.01,-10.03,-0.15,-0.01,-0.01,
0,53,0.08,-10.05,-0.11,-0.01,-0.01,
0,53,0.08,-10.05,-0.11,-0.01,-0.01,
0,53,0.08,-10.05,-0.11,-0.01,0,
0,53,-0.01,-10.03,-0.06,-0.01,0,
0,53,-0.01,-10.03,-0.06,-0.01,-0.01,
0,53,-0.01,-10.03,-0.06,-0.01,-0.01,
0,53,0.04,-10.01,-0.1,-0.01,-0.01,
0,53,0.04,-10.01,-0.1,-0.01,-0.01,
0,53,0.04,-10.01,-0.1,-0.01,-0.01,
0,53,0,-10,-0.08,-0.01,-0.01,
0,53,0,-10,-0.08,-0.01,-0.01,
0,53,0.01,-10.02,-0.13,-0.01,-0.01,
0,53,0.01,-10.02,-0.13,-0.01,-0.01,
0,53,0.01,-10.02,-0.13,-0.01,-0.01,
0,53,-0.01,-10.07,-0.09,-0.01,-0.01,
0,53,-0.01,-10.07,-0.09,-0.01,0,
0,53,-0.01,-10.07,-0.09,-0.01,0,
0,53,0.02,-9.96,-0.14,-0.01,-0.01,
0,53,0.02,-9.96,-0.14,0,-0.01,
0,53,0.02,-9.96,-0.14,0,-0.01,
0,54,0.02,-10.13,-0.15,0,-0.01,
0,54,0.02,-10.13,-0.15,-0.01,-0.01,
0,54,0.02,-10.13,-0.15,-0.01,-0.01,
0,54,0.1,-9.98,-0.04,-0.01,-0.01,
0,54,0.1,-9.98,-0.04,-0.01,-0.01,
0,54,0.03,-10.06,-0.14,-0.01,-0.01,
0,54,0.03,-10.06,-0.14,-0.01,-0.01,
0,54,0.03,-10.06,-0.14,0,-0.01,
0,54,0,-9.99,-0.09,0,-0.01,
0,54,0,-9.99,-0.09,-0.01,-0.01,
0,54,0,-9.99,-0.09,0,-0.01,
0,54,-0.01,-10.06,-0.15,0,-0.01,
0,54,-0.01,-10.06,-0.15,-0.01,-0.01,
0,54,-0.01,-10.06,-0.15,-0.01,-0.01,
0,54,0.1,-9.96,-0.07,-0.01,-0.01,
0,54,0.1,-9.96,-0.07,0,-0.01,
0,54,0.1,-9.96,-0.07,-0.01,-0.01,
0,54,0,-10.04,-0.08,-0.01,-0.01,
0,54,0,-10.04,-0.08,0,-0.01,
0,54,0,-10.04,-0.08,-0.01,-0.01,
0,54,-0.01,-9.99,-0.15,-0.01,-0.01,
0,54,-0.01,-9.99,-0.15,-0.01,-0.01,
0,54,-0.01,-9.99,-0.15,-0.01,-0.01,
0,54,0.04,-10.05,-0.04,-0.01,-0.01,
0,54,0.04,-10.05,-0.04,-0.01,-0.01,
0,54,0.07,-9.97,-0.11,-0.01,-0.01,
0,54,0.07,-9.97,-0.11,-0.01,0,
0,54,0.07,-9.97,-0.11,-0.01,0,
0,54,0.07,-10.01,-0.08,-0.01,-0.01,
0,54,0.07,-10.01,-0.08,-0.01,-0.01,
0,54,0.07,-10.01,-0.08,-0.01,-0.01,
0,54,0.01,-10.04,-0.13,-0.01,-0.01,
0,54,0.01,-10.04,-0.13,0,-0.01,
0,54,-0.03,-10,-0.11,0,-0.01,
0,54,-0.03,-10,-0.11,0,-0.01,
0,54,-0.03,-10,-0.11,-0.01,-0.01,
0,54,0.01,-9.99,-0.04,-0.01,-0.01,
0,54,0.01,-9.99,-0.04,0,-0.01,
0,54,0.01,-9.99,-0.04,0,-0.01,
0,54,0.06,-10.01,-0.11,0,-0.01,
0,54,0.06,-10.01,-0.11,-0.01,-0.01,
0,54,0.06,-10.01,-0.11,-0.01,-0.01,
0,54,-0.01,-10.09,-0.12,-0.01,-0.01,
0,54,-0.01,-10.09,-0.12,-0.01,-0.01,
0,54,-0.01,-10.09,-0.12,-0.01,-0.01,
0,54,0,-10.01,-0.11,-0.01,-0.01,
0,54,0,-10.01,-0.11,-0.01,-0.01,
0,54,0.06,-10.03,-0.13,0,-0.01,
0,54,0.06,-10.03,-0.13,-0.01,-0.01,
0,54,0.06,-10.03,-0.13,-0.01,-0.01,
0,54,0.01,-10.04,-0.14,-0.01,-0.01,
0,54,0.01,-10.04,-0.14,0,-0.01,
0,54,0.01,-10.04,-0.14,0,-0.01,
0,54,0.03,-10.09,-0.14,-0.01,0,
0,54,0.03,-10.09,-0.14,0,-0.01,
0,54,0.03,-10.09,-0.14,0,-0.01,
0,54,-0.03,-10.06,-0.12,-0.01,-0.01,
0,54,-0.03,-10.06,-0.12,-0.01,-0.01,
0,54,0.02,-9.97,-0.07,-0.01,-0.01,
0,54,0.02,-9.97,-0.07,-0.01,-0.01,
0,54,0.02,-9.97,-0.07,-0.01,-0.01,
0,54,-0.03,-9.96,-0.11,-0.01,-0.01,
0,54,-0.03,-9.96,-0.11,-0.01,-0.01,
0,54,-0.03,-9.96,-0.11,-0.01,-0.01,
0,54,-0.01,-10.07,-0.12,-0.01,-0.01,
0,54,-0.01,-10.07,-0.12,-0.01,-0.01,
0,54,-0.01,-10.07,-0.12,0,-0.01,
0,54,0.08,-10.02,-0.16,0,-0.01,
0,54,0.08,-10.02,-0.16,0,-0.01,
0,54,0.08,-10.02,-0.16,-0.01,-0.01,
0,54,-0.03,-10.04,-0.11,-0.01,-0.01,
0,54,-0.03,-10.04,-0.11,-0.01,-0.01,
0,54,-0.03,-10.04,-0.11,-0.01,-0.01,
0,54,0.02,-9.99,-0.12,0,-0.01,
0,54,0.02,-9.99,-0.12,0,-0.01,
0,54,-0.02,-9.99,-0.07,-0.01,-0.01,
0,54,-0.02,-9.99,-0.07,-0.01,-0.01,
0,54,-0.02,-9.99,-0.07,-0.01,-0.01,
0,54,0.03,-10.06,-0.11,0,-0.01,
0,54,0.03,-10.06,-0.11,-0.01,-0.01,
0,54,0.03,-10.06,-0.11,-0.01,-0.01,
0,54,0.02,-10.05,-0.1,-0.01,-0.01,
0,54,0.02,-10.05,-0.1,-0.01,-0.01,
0,54,0.02,-10.05,-0.1,-0.01,-0.01,
0,54,0.05,-10,-0.2,0,-0.01,
0,54,0.05,-10,-0.2,-0.01,-0.01,
0,54,0.05,-10,-0.2,-0.01,-0.01,
0,54,0.01,-10,-0.12,-0.01,-0.01,
0,54,0.01,-10,-0.12,-0.01,-0.01,
0,54,0.01,-10,-0.12,-0.01,-0.01,
0,54,-0.02,-10.04,-0.17,0,-0.01,
0,54,-0.02,-10.04,-0.17,-0.01,-0.01,
0,54,-0.02,-10.04,-0.17,-0.01,-0.01,
0,54,-0.01,-10.04,-0.17,-0.01,-0.01,
0,54,-0.01,-10.04,-0.17,-0.01,-0.01,
0,54,-0.01,-10.04,-0.17,-0.01,-0.01,
0,54,0.02,-9.96,-0.13,-0.01,-0.01,
0,54,0.02,-9.96,-0.13,0,-0.01,
0,54,0.04,-10,-0.09,0,-0.01,
0,54,0.04,-10,-0.09,-0.01,-0.01,
0,54,0.04,-10,-0.09,0,-0.01,
0,54,0.07,-10.08,-0.14,0,-0.01,
0,54,0.07,-10.08,-0.14,0,-0.01,
0,54,0.07,-10.08,-0.14,0,-0.01,
0,54,0.03,-9.98,-0.09,0,-0.01,
0,54,0.03,-9.98,-0.09,-0.01,-0.01,
0,54,0.03,-9.98,-0.09,-0.01,-0.01,
0,54,0.05,-10.03,-0.14,-0.01,-0.01,
0,54,0.05,-10.03,-0.14,-0.01,-0.01,
0,54,0.05,-10.03,-0.14,-0.01,-0.01,
0,54,0,-9.98,-0.14,-0.01,-0.01,
0,54,0,-9.98,-0.14,0,-0.01,
0,54,0,-9.98,-0.14,0,-0.01,
0,54,0,-10.05,-0.11,-0.01,-0.01,
0,54,0,-10.05,-0.11,0,-0.01,
0,54,0,-10.05,-0.11,0,-0.01,
0,54,0.01,-10.09,-0.08,-0.01,-0.01,
0,54,0.01,-10.09,-0.08,0,-0.01,
0,54,0.01,-10.09,-0.08,0,-0.01,
0,54,-0.03,-10.04,-0.12,-0.01,-0.01,
0,54,-0.03,-10.04,-0.12,0,-0.01,
0,54,-0.03,-10.04,-0.12,0,-0.01,
0,54,0.07,-10.03,-0.12,-0.01,-0.01,
0,54,0.07,-10.03,-0.12,-0.01,-0.01,
0,54,0.07,-10.03,-0.12,-0.01,-0.01,
0,54,0.09,-9.98,-0.16,-0.01,-0.01,
0,54,0.09,-9.98,-0.16,-0.01,-0.01,
0,54,0.07,-10.02,-0.07,-0.01,-0.01,
0,54,0.07,-10.02,-0.07,-0.01,-0.01,
0,54,0.07,-10.02,-0.07,-0.01,0,
0,54,-0.05,-10.03,-0.11,-0.01,0,
0,54,-0.05,-10.03,-0.11,-0.01,-0.01,
0,54,-0.05,-10.03,-0.11,-0.01,-0.01,
0,54,0.01,-10.07,-0.12,0,-0.01,
0,54,0.01,-10.07,-0.12,0,-0.01,
0,54,0.01,-10.07,-0.12,-0.01,-0.01,
0,54,0.06,-10.03,-0.11,-0.01,-0.01,
0,54,0.06,-10.03,-0.11,-0.01,-0.01,
0,54,0.06,-10.03,-0.11,-0.01,-0.01,
0,54,0.06,-10,-0.09,-0.01,-0.01,
0,54,0.06,-10,-0.09,-0.01,-0.01,
0,54,0.06,-10,-0.09,-0.01,-0.01,
0,54,0.02,-10.12,-0.12,0,-0.01,
0,54,0.02,-10.12,-0.12,0,-0.01,
0,54,0.05,-10.1,-0.07,-0.01,-0.01,
0,54,0.05,-10.1,-0.07,-0.01,0,
0,54,0.05,-10.1,-0.07,-0.01,0,
0,54,-0.01,-10.07,-0.11,-0.01,-0.01,
0,54,-0.01,-10.07,-0.11,-0.01,-0.01,
0,54,-0.01,-10.07,-0.11,-0.01,-0.01,
0,54,-0.01,-10,-0.2,0,-0.01,
0,54,-0.01,-10,-0.2,-0.01,0,
0,54,-0.01,-10,-0.2,-0.01,0,
0,55,0.02,-10,-0.06,-0.01,-0.01,
0,55,0.02,-10,-0.06,-0.01,-0.01,
0,55,0.02,-10,-0.06,-0.01,-0.01,
0,55,0.04,-10.06,-0.06,-0.01,-0.01,
0,55,0.04,-10.06,-0.06,-0.01,-0.01,
0,55,-0.04,-10.06,-0.11,-0.01,-0.01,
0,55,-0.04,-10.06,-0.11,-0.01,-0.01,
0,55,-0.04,-10.06,-0.11,0,-0.01,
0,55,0.02,-10.03,-0.14,0,-0.01,
0,55,0.02,-10.03,-0.14,-0.01,-0.01,
0,55,0.02,-10.03,-0.14,0,-0.01,
0,55,0.11,-10.04,-0.1,-0.01,-0.01,
0,55,0.11,-10.04,-0.1,-0.01,-0.01,
0,55,0.11,-10.04,-0.1,-0.01,-0.01,
0,55,0.05,-10.05,-0.11,-0.01,-0.01,
0,55,0,-10.08,-0.14,-0.01,-0.01,
0,55,0,-10.08,-0.14,0,-0.01,
0,55,0,-10.08,-0.14,-0.01,-0.01,
0,55,0.04,-10.02,-0.1,-0.01,-0.01,
0,55,0.04,-10.02,-0.1,0,-0.01,
0,55,0.04,-10.02,-0.1,-0.01,-0.01,
0,55,0.02,-10.04,-0.09,-0.01,-0.01,
0,55,0.02,-10.04,-0.09,-0.01,-0.01,
0,55,0.04,-10.04,-0.12,0,-0.01,
0,55,0.04,-10.04,-0.12,0,-0.01,
0,55,0.04,-10.04,-0.12,-0.01,-0.01,
0,55,0,-10,-0.11,-0.01,-0.01,
0,55,0,-10,-0.11,-0.01,-0.01,
0,55,0,-10,-0.11,-0.01,-0.01,
0,55,-0.03,-10.02,-0.09,-0.01,-0.01,
0,55,-0.03,-10.02,-0.09,-0.01,-0.01,
0,55,-0.03,-10.02,-0.09,0,-0.01,
0,55,0.1,-10.02,-0.08,-0.01,-0.01,
0,55,0.1,-10.02,-0.08,-0.01,-0.01,
0,55,0.1,-10.02,-0.08,0,-0.01,
0,55,0.11,-10.05,-0.07,-0.01,-0.01,
0,55,0.11,-10.05,-0.07,-0.01,-0.01,
0,55,0.11,-10.05,-0.07,0,-0.01,
0,55,0.02,-10.01,-0.19,-0.01,-0.01,
0,55,0.02,-10.01,-0.19,-0.01,-0.01,
0,55,0.02,-10.01,-0.19,0,-0.01,
0,55,-0.03,-10.07,-0.11,0,-0.01,
0,55,-0.03,-10.07,-0.11,0,-0.01,
0,55,-0.03,-10.07,-0.11,-0.01,0,
0,55,-0.01,-10,-0.13,0,-0.01,
0,55,-0.01,-10,-0.13,0,-0.01,
0,55,-0.01,-10,-0.13,-0.01,-0.01,
0,55,-0.01,-10.01,-0.07,-0.01,-0.01,
0,55,-0.01,-10.01,-0.07,-0.01,-0.01,
0,55,-0.01,-10.01,-0.07,-0.01,-0.01,
0,55,0.06,-10.02,-0.13,-0.01,-0.01,
0,55,0.06,-10.02,-0.13,0,-0.01,
0,55,0.03,-10.04,-0.11,-0.01,-0.01,
0,55,0.03,-10.04,-0.11,-0.01,-0.01,
0,55,0.03,-10.04,-0.11,0,-0.01,
0,55,0.1,-10.06,-0.13,-0.01,-0.01,
0,55,0.1,-10.06,-0.13,-0.01,-0.01,
0,55,0.1,-10.06,-0.13,-0.01,-0.01,
0,55,0.01,-9.99,-0.14,-0.01,-0.01,
0,55,0.01,-9.99,-0.14,-0.01,-0.01,
0,55,0.01,-9.99,-0.14,-0.01,-0.01,
0,55,-0.01,-10.03,-0.08,0,-0.01,
0,55,-0.01,-10.03,-0.08,0,-0.01,
0,55,-0.01,-10.03,-0.08,0,-0.01,
0,55,-0.02,-10.04,-0.08,-0.01,0,
0,55,-0.02,-10.04,-0.08,-0.01,0,
0,55,-0.02,-10.04,-0.08,-0.01,-0.01,
0,55,0.01,-10.06,-0.1,-0.01,-0.01,
0,55,0.01,-10.06,-0.1,-0.01,-0.01,
0,55,-0.01,-10.07,-0.11,-0.01,-0.01,
0,55,-0.01,-10.07,-0.11,-0.01,-0.01,
0,55,-0.01,-10.07,-0.11,-0.01,-0.01,
0,55,0.07,-10.01,-0.1,-0.01,-0.01,
0,55,0.07,-10.01,-0.1,-0.01,-0.01,
0,55,0.07,-10.01,-0.1,-0.01,-0.01,
0,55,0.01,-10.1,-0.09,-0.01,-0.01,
0,55,0.01,-10.1,-0.09,-0.01,-0.01,
0,55,0.01,-10.1,-0.09,-0.01,-0.01,
0,55,-0.01,-10.01,-0.16,-0.01,-0.01,
0,55,-0.01,-10.01,-0.16,-0.01,-0.01,
0,55,-0.01,-10.01,-0.16,-0.01,0,
0,55,0.03,-10.04,-0.07,-0.01,0,
0,55,0.03,-10.04,-0.07,0,-0.01,
0,55,0.03,-10.04,-0.11,0,-0.01,
0,55,0.03,-10.04,-0.11,0,-0.01,
0,55,0.03,-10.04,-0.11,-0.01,-0.01,
0,55,-0.03,-9.99,-0.13,-0.01,-0.01,
0,55,-0.03,-9.99,-0.13,-0.01,-0.01,
0,55,-0.03,-9.99,-0.13,0,0,
0,55,0.02,-10.02,-0.07,-0.01,-0.01,
0,55,0.02,-10.02,-0.07,-0.01,-0.01,
0,55,0.02,-10.02,-0.07,-0.01,-0.01,
0,55,0.03,-10.02,-0.14,-0.01,-0.01,
0,55,0.03,-10.02,-0.14,-0.01,-0.01,
0,55,0.03,-10.02,-0.14,-0.01,-0.01,
0,55,0.06,-10.02,-0.19,0,-0.01,
0,55,0.06,-10.02,-0.19,-0.01,-0.01,
0,55,0.04,-10.04,-0.07,-0.01,-0.01,
0,55,0.04,-10.04,-0.07,-0.01,-0.01,
0,55,0.04,-10.04,-0.07,-0.01,-0.01,
0,55,0.08,-10.06,-0.11,-0.01,-0.01,
0,55,0.08,-10.06,-0.11,-0.01,-0.01,
0,55,0.08,-10.06,-0.11,0,-0.01,
0,55,0.05,-10.02,-0.08,0,-0.01,
0,55,0.05,-10.02,-0.08,-0.01,-0.01,
0,55,0.05,-10.02,-0.08,0,-0.01,
0,55,0.04,-10.06,-0.17,0,-0.01,
0,55,0.04,-10.06,-0.17,-0.01,-0.01,
0,55,0.03,-10.06,-0.16,0,-0.01,
0,55,0.03,-10.06,-0.16,0,-0.01,
0,55,0.03,-10.06,-0.16,0,-0.01,
0,55,0.07,-9.99,-0.09,0,-0.01,
0,55,0.07,-9.99,-0.09,-0.01,-0.01,
0,55,0.07,-9.99,-0.09,-0.01,-0.01,
0,55,0,-10.03,-0.08,-0.01,-0.01,
0,55,0,-10.03,-0.08,-0.01,-0.01,
0,55,0,-10.03,-0.08,-0.01,-0.01,
0,55,0.06,-10.06,-0.1,0,-0.01,
0,55,0.06,-10.06,-0.1,-0.01,-0.01,
0,55,0.06,-10.06,-0.1,-0.01,-0.01,
0,55,0,-10.08,-0.1,-0.01,-0.01,
0,55,0,-10.08,-0.1,-0.01,-0.01,
0,55,0.05,-10.04,-0.13,-0.01,-0.01,
0,55,0.05,-10.04,-0.13,-0.01,-0.01,
0,55,0.05,-10.04,-0.13,-0.01,-0.01,
0,55,0,-10.07,-0.13,-0.01,-0.01,
0,55,0,-10.07,-0.13,-0.01,-0.01,
0,55,0,-10.07,-0.13,0,-0.01,
0,55,0.04,-10.03,-0.12,-0.01,-0.01,
0,55,0.04,-10.03,-0.12,-0.01,-0.01,
0,55,0.04,-10.03,-0.12,-0.01,-0.01,
0,55,0.03,-10.07,-0.14,-0.01,-0.01,
0,55,0.03,-10.07,-0.14,-0.01,-0.01,
0,55,0.03,-10.07,-0.14,-0.01,-0.01,
0,55,0.01,-9.99,-0.08,-0.01,-0.01,
0,55,0.01,-9.99,-0.08,-0.01,-0.01,
0,55,0.09,-10.04,-0.03,0,-0.01,
0,55,0.09,-10.04,-0.03,-0.01,-0.01,
0,55,0.09,-10.04,-0.03,-0.01,-0.01,
0,55,-0.07,-10.05,-0.08,-0.01,-0.01,
0,55,-0.07,-10.05,-0.08,0,-0.01,
0,55,-0.07,-10.05,-0.08,0,-0.01,
0,55,0.03,-10.04,-0.15,-0.01,-0.01,
0,55,0.03,-10.04,-0.15,0,-0.01,
0,55,0.03,-10.04,-0.15,0,-0.01,
0,55,0,-9.99,-0.11,0,-0.01,
0,55,0,-9.99,-0.11,0,-0.01,
0,55,0,-9.99,-0.11,0,-0.01,
0,56,-0.02,-10.01,-0.08,-0.01,-0.01,
0,56,-0.02,-10.01,-0.08,0,-0.01,
0,56,-0.02,-10.01,-0.08,0,-0.01,
0,56,0.02,-10.01,-0.07,-0.01,-0.01,
0,56,0.02,-10.01,-0.07,0,-0.01,
0,56,0.02,-10.01,-0.07,0,-0.01,
0,56,-0.02,-9.98,-0.16,-0.01,-0.01,
0,56,-0.02,-9.98,-0.16,0,-0.01,
0,56,-0.01,-10.04,-0.13,0,-0.01,
0,56,-0.01,-10.04,-0.13,-0.01,-0.01,
0,56,-0.01,-10.04,-0.13,-0.01,-0.01,
0,56,0.01,-10.02,-0.11,-0.01,-0.01,
0,56,0.01,-10.02,-0.11,-0.01,0,
0,56,0.01,-10.02,-0.11,0,-0.01,
0,56,0,-10.01,-0.12,0,-0.01,
0,56,0,-10.01,-0.12,-0.01,-0.01,
0,56,0,-10.01,-0.12,-0.01,-0.01,
0,56,0.06,-10.06,-0.08,-0.01,-0.01,
0,56,0.06,-10.06,-0.08,-0.01,-0.01,
0,56,0.06,-10.06,-0.08,-0.01,-0.01,
0,56,0.06,-9.96,-0.13,-0.01,-0.01,
0,56,0.06,-9.96,-0.13,-0.01,-0.01,
0,56,0.03,-10.06,-0.08,-0.01,-0.01,
0,56,0.03,-10.06,-0.08,-0.01,-0.01,
0,56,0.03,-10.06,-0.08,-0.01,-0.01,
0,56,0.01,-10,-0.07,0,-0.01,
0,56,0.01,-10,-0.07,-0.01,-0.01,
0,56,0.01,-10,-0.07,-0.01,-0.01,
0,56,0,-10.05,-0.13,-0.01,-0.01,
0,56,0,-10.05,-0.13,0,-0.01,
0,56,0,-10.05,-0.13,0,-0.01,
0,56,0.04,-10.07,-0.11,-0.01,-0.01,
0,56,0.04,-10.07,-0.11,0,-0.01,
0,56,0.04,-10.07,-0.11,0,-0.01,
0,56,0,-10.04,-0.13,0,-0.01,
0,56,0,-10.04,-0.13,-0.01,-0.01,
0,56,-0.01,-10.07,-0.12,-0.01,-0.01,
0,56,-0.01,-10.07,-0.12,-0.01,-0.01,
0,56,-0.01,-10.07,-0.12,-0.01,-0.01,
0,56,0.01,-10.02,-0.12,-0.01,-0.01,
0,56,0.01,-10.02,-0.12,-0.01,-0.01,
0,56,0.01,-10.02,-0.12,-0.01,-0.01,
0,56,0.01,-10.04,-0.12,-0.01,-0.02,
0,56,0.01,-10.04,-0.12,-0.01,-0.02,
0,56,0.01,-10.04,-0.12,0,-0.01,
0,56,0.02,-10,-0.15,-0.01,-0.01,
0,56,0.02,-10,-0.15,-0.01,-0.01,
0,56,0.02,-10,-0.15,-0.01,-0.01,
0,56,-0.01,-10.02,-0.15,-0.01,-0.01,
0,56,-0.01,-10.02,-0.15,-0.01,-0.01,
0,56,-0.02,-10.09,-0.12,-0.01,-0.01,
0,56,-0.02,-10.09,-0.12,-0.01,-0.01,
0,56,-0.02,-10.09,-0.12,-0.01,-0.01,
0,56,0.01,-10.05,-0.1,-0.01,-0.01,
0,56,0.01,-10.05,-0.1,-0.01,-0.01,
0,56,0.01,-10.05,-0.1,0,-0.01,
0,56,-0.06,-10.01,-0.06,0,-0.01,
0,56,-0.06,-10.01,-0.06,-0.01,-0.01,
0,56,-0.06,-10.01,-0.06,-0.01,-0.01,
0,56,0.06,-10.07,-0.11,-0.01,-0.01,
0,56,0.06,-10.07,-0.11,-0.01,-0.01,
0,56,0.06,-10.07,-0.11,-0.01,-0.01,
0,56,0.05,-10.02,-0.13,-0.01,-0.01,
0,56,0.05,-10.02,-0.13,0,-0.01,
0,56,0.06,-10.03,-0.09,-0.01,-0.01,
0,56,0.06,-10.03,-0.09,-0.01,-0.01,
0,56,0.06,-10.03,-0.09,-0.01,-0.01,
0,56,0.05,-9.95,-0.11,0,-0.01,
0,56,0.05,-9.95,-0.11,0,-0.01,
0,56,0.05,-9.95,-0.11,0,-0.01,
0,56,0.04,-9.98,-0.16,-0.01,-0.01,
0,56,0.04,-9.98,-0.16,-0.01,-0.01,
0,56,0.04,-9.98,-0.16,-0.01,-0.01,
0,56,0.02,-10.01,-0.11,-0.01,-0.01,
0,56,0.02,-10.01,-0.11,-0.01,-0.01,
0,56,0.02,-10.01,-0.11,-0.01,-0.01,
0,56,-0.05,-10.03,-0.1,-0.01,-0.01,
0,56,-0.05,-10.03,-0.1,-0.01,-0.01,
0,56,-0.05,-10.03,-0.1,-0.01,-0.01,
0,56,0.07,-10.06,-0.11,-0.01,-0.01,
0,56,0.07,-10.06,-0.11,-0.01,-0.01,
0,56,0.07,-10.06,-0.11,-0.01,-0.01,
0,56,0.01,-10.1,-0.06,-0.01,-0.01,
0,56,0.01,-10.1,-0.06,-0.01,-0.01,
0,56,0.02,-9.99,-0.1,-0.01,-0.01,
0,56,0.02,-9.99,-0.1,-0.01,-0.01,
0,56,0.02,-9.99,-0.1,-0.01,-0.01,
0,56,-0.02,-10.01,-0.1,-0.01,-0.01,
0,56,-0.02,-10.01,-0.1,-0.01,0,
0,56,-0.02,-10.01,-0.1,-0.01,0,
0,56,0.07,-9.99,-0.1,-0.01,-0.01,
0,56,0.07,-9.99,-0.1,-0.01,-0.01,
0,56,0.07,-9.99,-0.1,-0.01,-0.01,
0,56,0.04,-10,-0.12,0,-0.01,
0,56,0.04,-10,-0.12,0,-0.01,
0,56,0.04,-10,-0.12,0,-0.01,
0,56,0.06,-9.99,-0.12,0,-0.01,
0,56,0.06,-9.99,-0.12,0,-0.01,
0,56,0.06,-9.99,-0.12,0,-0.01,
0,56,0.05,-10.08,-0.2,-0.01,-0.01,
0,56,0.05,-10.08,-0.2,-0.01,-0.01,
0,56,0.05,-10.08,-0.2,-0.01,-0.01,
0,56,0.01,-10.08,-0.14,-0.01,-0.01,
0,56,0.01,-10.08,-0.14,-0.01,-0.01,
0,56,0.01,-10.08,-0.14,-0.01,-0.01,
0,56,0.02,-10.04,-0.12,0,-0.01,
0,56,0.02,-10.04,-0.12,0,-0.01,
0,56,0.02,-10.04,-0.12,-0.01,-0.01,
0,56,0.02,-10.06,-0.12,-0.01,-0.01,
0,56,0.02,-10.06,-0.12,-0.01,-0.01,
0,56,-0.03,-10.01,-0.11,-0.01,-0.01,
0,56,-0.03,-10.01,-0.11,-0.01,-0.01,
0,56,-0.03,-10.01,-0.11,-0.01,-0.01,
0,56,0.04,-10,-0.1,-0.01,-0.01,
0,56,0.04,-10,-0.1,-0.01,-0.01,
0,56,0.04,-10,-0.1,-0.01,-0.01,
0,56,0,-10.06,-0.11,-0.01,-0.01,
0,56,0,-10.06,-0.11,-0.01,-0.01,
0,56,0,-10.06,-0.11,-0.01,-0.01,
0,56,0.04,-10.02,-0.14,-0.01,-0.01,
0,56,0.04,-10.02,-0.14,-0.01,-0.01,
0,56,0,-10.02,-0.18,-0.01,-0.01,
0,56,0,-10.02,-0.18,-0.01,-0.01,
0,56,0,-10.02,-0.18,-0.01,-0.01,
0,56,0.02,-10.03,-0.13,-0.01,-0.01,
0,56,0.02,-10.03,-0.13,-0.01,-0.01,
0,56,0.02,-10.03,-0.13,-0.01,-0.01,
0,56,-0.01,-10.06,-0.11,0,-0.01,
0,56,-0.01,-10.06,-0.11,0,-0.01,
0,56,-0.01,-10.06,-0.11,-0.01,-0.01,
0,56,-0.01,-10.08,-0.11,-0.01,-0.01,
0,56,-0.01,-10.08,-0.11,-0.01,-0.01,
0,56,-0.01,-10.08,-0.11,-0.01,-0.01,
0,56,-0.01,-10.04,-0.14,0,-0.01,
0,56,-0.01,-10.04,-0.14,0,-0.01,
0,56,-0.02,-10.07,-0.08,0,-0.01,
0,56,-0.02,-10.07,-0.08,-0.01,-0.01,
0,56,-0.02,-10.07,-0.08,-0.01,-0.01,
0,56,0.01,-10.02,-0.17,-0.01,-0.01,
0,56,0.01,-10.02,-0.17,-0.01,-0.01,
0,56,0.01,-10.02,-0.17,-0.01,0,
0,56,-0.02,-10.03,-0.11,-0.01,0,
0,56,-0.02,-10.03,-0.11,-0.01,-0.01,
0,56,-0.02,-10.03,-0.11,0,-0.01,
0,56,-0.04,-10.03,-0.14,0,-0.01,
0,56,-0.04,-10.03,-0.14,0,-0.01,
0,56,-0.04,-10.03,-0.14,-0.01,-0.01,
0,56,0.08,-10.03,-0.13,0,-0.01,
0,56,0.08,-10.03,-0.13,0,-0.01,
0,56,-0.02,-10.05,-0.11,-0.01,-0.01,
0,56,-0.02,-10.05,-0.11,-0.01,-0.01,
0,56,-0.02,-10.05,-0.11,-0.01,-0.01,
0,57,-0.03,-10.06,-0.11,0,-0.01,
0,57,-0.03,-10.06,-0.11,-0.01,-0.01,
0,57,-0.03,-10.06,-0.11,-0.01,-0.01,
0,57,0.1,-10.07,-0.19,-0.01,-0.01,
0,57,0.1,-10.07,-0.19,-0.01,-0.01,
0,57,0.1,-10.07,-0.19,-0.01,-0.01,
0,57,-0.01,-10,-0.11,-0.01,-0.01,
0,57,-0.01,-10,-0.11,-0.01,-0.01,
0,57,0.01,-9.98,-0.11,-0.01,-0.01,
0,57,0.01,-9.98,-0.11,-0.01,-0.01,
0,57,0.01,-9.98,-0.11,-0.01,-0.01,
0,57,0,-10.1,-0.09,0,-0.01,
0,57,0,-10.1,-0.09,0,-0.01,
0,57,0,-10.1,-0.09,-0.01,-0.01,
0,57,0,-10.05,-0.11,-0.01,-0.01,
0,57,0,-10.05,-0.11,-0.01,-0.01,
0,57,0,-10.05,-0.11,-0.01,-0.01,
0,57,-0.09,-10.01,-0.1,-0.01,-0.01,
0,57,-0.09,-10.01,-0.1,-0.01,-0.01,
0,57,-0.09,-10.01,-0.1,0,-0.01,
0,57,0.09,-10.04,-0.07,0,-0.01,
0,57,0.09,-10.04,-0.07,0,-0.01,
0,57,0.09,-10.04,-0.07,-0.01,-0.01,
0,57,-0.01,-10.04,-0.14,0,-0.01,
0,57,-0.01,-10.04,-0.14,0,-0.01,
0,57,0,-10.01,-0.11,-0.01,-0.01,
0,57,0,-10.01,-0.11,-0.01,-0.01,
0,57,0,-10.01,-0.11,-0.01,-0.01,
0,57,0,-10.01,-0.11,0,0,
0,57,0,-10.01,-0.11,0,-0.01,
0,57,0,-10.01,-0.11,0,-0.01,
0,57,-0.01,-9.98,-0.11,-0.01,-0.01,
0,57,-0.01,-9.98,-0.11,-0.01,-0.01,
0,57,-0.01,-9.98,-0.11,-0.01,-0.01,
0,57,-0.02,-10.05,-0.12,0,-0.01,
0,57,-0.02,-10.05,-0.12,0,-0.01,
0,57,-0.02,-10.05,-0.12,0,-0.01,
0,57,0,-10.02,-0.15,-0.01,-0.01,
0,57,0,-10.02,-0.15,0,-0.01,
0,57,0,-10.02,-0.15,0,-0.01,
0,57,0.08,-10.06,-0.08,-0.01,-0.01,
0,57,0.08,-10.06,-0.08,-0.01,-0.01,
0,57,0.08,-10.06,-0.08,-0.01,-0.01,
0,57,-0.01,-9.99,-0.09,-0.01,-0.01,
0,57,-0.01,-9.99,-0.09,-0.01,-0.01,
0,57,0.02,-10.01,-0.15,-0.01,-0.01,
0,57,0.02,-10.01,-0.15,-0.01,-0.01,
0,57,0.02,-10.01,-0.15,-0.01,-0.01,
0,57,0.04,-10.04,-0.1,-0.01,-0.01,
0,57,0.04,-10.04,-0.1,-0.01,-0.01,
0,57,0.04,-10.04,-0.1,-0.01,-0.01,
0,57,0.03,-9.99,-0.07,-0.01,-0.01,
0,57,0.03,-9.99,-0.07,-0.01,0,
0,57,0.03,-9.99,-0.07,-0.01,-0.01,
0,57,0.03,-10.05,-0.1,-0.01,-0.01,
0,57,0.03,-10.05,-0.1,-0.01,-0.01,
0,57,0.03,-10.05,-0.1,-0.01,-0.01,
0,57,-0.02,-10.11,-0.13,-0.01,-0.01,
0,57,-0.02,-10.11,-0.13,0,-0.01,
0,57,0.06,-9.99,-0.08,-0.01,-0.01,
0,57,0.06,-9.99,-0.08,-0.01,-0.01,
0,57,0.06,-9.99,-0.08,0,0,
0,57,0.02,-10.06,-0.12,-0.01,-0.01,
0,57,0.02,-10.06,-0.12,-0.01,-0.01,
0,57,0.02,-10.06,-0.12,-0.01,-0.01,
0,57,0.02,-10.01,-0.13,-0.01,-0.01,
0,57,0.02,-10.01,-0.13,-0.01,-0.01,
0,57,0.02,-10.01,-0.13,-0.01,-0.01,
0,57,0.05,-10,-0.12,-0.01,0,
0,57,0.05,-10,-0.12,-0.01,-0.01,
0,57,0.05,-10,-0.12,-0.01,-0.01,
0,57,0.02,-10.05,-0.14,0,-0.01,
0,57,0.02,-10.05,-0.14,-0.01,-0.01,
0,57,0.02,-10.05,-0.14,-0.01,-0.01,
0,57,0.03,-10.02,-0.07,0,-0.01,
0,57,0.03,-10.02,-0.07,-0.01,-0.01,
0,57,0.03,-10.02,-0.07,-0.01,-0.01,
0,57,-0.05,-9.97,-0.07,-0.01,-0.01,
0,57,-0.05,-9.97,-0.07,-0.01,-0.01,
0,57,0.01,-10.1,-0.15,-0.01,-0.01,
0,57,0.01,-10.1,-0.15,-0.01,-0.01,
0,57,0.01,-10.1,-0.15,0,-0.01,
0,57,0,-10,-0.12,0,-0.01,
0,57,0,-10,-0.12,0,-0.01,
0,57,0,-10,-0.12,-0.01,-0.01,
0,57,0.02,-10.05,-0.11,-0.01,-0.01,
0,57,0.02,-10.05,-0.11,0,-0.01,
0,57,0.02,-10.05,-0.11,-0.01,-0.01,
0,57,-0.01,-10,-0.1,-0.01,-0.01,
0,57,-0.01,-10,-0.1,-0.01,-0.01,
0,57,-0.01,-10,-0.1,-0.01,-0.01,
0,57,-0.07,-10.1,-0.18,-0.01,-0.01,
0,57,-0.07,-10.1,-0.18,0,-0.01,
0,57,0.07,-10.07,-0.12,0,-0.01,
0,57,0.07,-10.07,-0.12,0,-0.01,
0,57,0.07,-10.07,-0.12,-0.01,-0.01,
0,57,-0.02,-10.07,-0.06,-0.01,-0.01,
0,57,-0.02,-10.07,-0.06,-0.01,-0.01,
0,57,-0.02,-10.07,-0.06,-0.01,-0.01,
0,57,-0.01,-10.04,-0.08,-0.01,-0.01,
0,57,-0.01,-10.04,-0.08,-0.01,-0.01,
0,57,-0.01,-10.04,-0.08,0,-0.01,
0,57,-0.01,-10.07,-0.16,-0.01,-0.01,
0,57,-0.01,-10.07,-0.16,-0.01,-0.01,
0,57,-0.01,-10.07,-0.16,-0.01,-0.01,
0,57,0.03,-10.03,-0.13,-0.01,-0.01,
0,57,0.03,-10.03,-0.13,0,-0.01,
0,57,0.03,-10.03,-0.13,0,-0.01,
0,57,0.06,-10.05,-0.1,-0.01,-0.01,
0,57,0.06,-10.05,-0.1,0,-0.01,
0,57,0,-10.05,-0.12,0,-0.01,
0,57,0,-10.05,-0.12,-0.01,-0.01,
0,57,0,-10.05,-0.12,-0.01,-0.01,
0,57,0,-10.09,-0.11,-0.01,-0.01,
0,57,0,-10.09,-0.11,-0.01,-0.01,
0,57,0,-10.09,-0.11,-0.01,-0.01,
0,57,0.01,-9.98,-0.09,-0.01,-0.01,
0,57,0.01,-9.98,-0.09,-0.01,-0.01,
0,57,0.01,-9.98,-0.09,-0.01,-0.01,
0,57,0.04,-10.05,-0.12,0,-0.01,
0,57,0.04,-10.05,-0.12,-0.01,-0.01,
0,57,0.04,-10.05,-0.12,-0.01,-0.01,
0,57,0.02,-10.02,-0.13,-0.01,-0.01,
0,57,0.02,-10.02,-0.13,-0.01,-0.01,
0,57,0.02,-10.02,-0.13,-0.01,-0.01,
0,57,0,-10.08,-0.13,-0.01,-0.01,
0,57,0,-10.08,-0.13,0,-0.01,
0,57,0,-10.08,-0.13,-0.01,-0.01,
0,57,0,-10.03,-0.1,-0.01,-0.01,
0,57,0,-10.03,-0.1,-0.01,-0.01,
0,57,0,-10.03,-0.1,-0.01,-0.01,
0,57,-0.06,-10.04,-0.11,-0.01,-0.01,
0,57,-0.06,-10.04,-0.11,-0.01,-0.01,
0,57,-0.06,-10.04,-0.11,-0.01,-0.01,
0,57,-0.04,-10,-0.12,-0.01,-0.01,
0,57,-0.04,-10,-0.12,-0.01,-0.01,
0,57,0,-10.03,-0.1,-0.01,-0.01,
0,57,0,-10.03,-0.1,0,-0.01,
0,57,0,-10.03,-0.1,-0.01,-0.01,
0,57,0,-10.01,-0.11,-0.01,-0.01,
0,57,0,-10.01,-0.11,-0.01,-0.01,
0,57,0,-10.01,-0.11,-0.01,-0.01,
0,57,0.02,-10.02,-0.12,-0.01,-0.01,
0,57,0.02,-10.02,-0.12,-0.01,-0.01,
0,57,0.02,-10.02,-0.12,0,-0.01,
0,57,0.06,-10.02,-0.11,-0.01,-0.01,
0,57,0.06,-10.02,-0.11,-0.01,-0.01,
0,57,0.06,-10.02,-0.11,0,-0.01,
0,57,-0.02,-10.06,-0.09,-0.01,-0.01,
0,57,-0.02,-10.06,-0.09,-0.01,-0.01,
0,57,0.01,-9.99,-0.07,-0.01,-0.01,
0,57,0.01,-9.99,-0.07,-0.01,-0.01,
0,57,0.01,-9.99,-0.07,-0.01,-0.01,
0,58,0.01,-10.05,-0.11,-0.01,-0.01,
0,58,0.01,-10.05,-0.11,-0.01,-0.01,
0,58,0.01,-10.05,-0.11,-0.01,-0.01,
0,58,0.05,-9.99,-0.13,-0.01,-0.01,
0,58,0.05,-9.99,-0.13,-0.01,-0.01,
0,58,0.05,-9.99,-0.13,-0.01,-0.01,
0,58,0,-10.06,-0.1,-0.01,-0.01,
0,58,0,-10.06,-0.1,-0.01,-0.01,
0,58,0,-10.06,-0.1,-0.01,-0.01,
0,58,0.06,-10.06,-0.13,-0.01,-0.01,
0,58,0.06,-10.06,-0.13,-0.01,-0.01,
0,58,0.06,-10.06,-0.13,-0.01,-0.01,
0,58,-0.03,-10.02,-0.12,-0.01,-0.01,
0,58,-0.03,-10.02,-0.12,0,-0.01,
0,58,0.02,-10,-0.15,0,-0.01,
0,58,0.02,-10,-0.15,-0.01,-0.01,
0,58,0.02,-10,-0.15,0,-0.01,
0,58,0.01,-10,-0.16,0,-0.01,
0,58,0.01,-10,-0.16,-0.01,0,
0,58,0.01,-10,-0.16,-0.01,-0.01,
0,58,0,-10.05,-0.1,-0.01,-0.01,
0,58,0,-10.05,-0.1,0,-0.01,
0,58,0,-10.05,-0.1,-0.01,-0.01,
0,58,0.02,-10.02,-0.12,-0.01,-0.01,
0,58,0.02,-10.02,-0.12,-0.01,-0.01,
0,58,0.02,-10.02,-0.12,0,-0.01,
0,58,0.01,-10.02,-0.14,-0.01,0,
0,58,0.01,-10.02,-0.14,-0.01,0,
0,58,0.03,-10.07,-0.15,-0.01,-0.01,
0,58,0.03,-10.07,-0.15,-0.01,-0.01,
0,58,0.03,-10.07,-0.15,-0.01,-0.01,
0,58,0,-10.03,-0.11,-0.01,-0.01,
0,58,0,-10.03,-0.11,-0.01,-0.01,
0,58,0,-10.03,-0.11,-0.01,-0.01,
0,58,-0.02,-10.04,-0.12,-0.01,-0.01,
0,58,-0.02,-10.04,-0.12,-0.01,0,
0,58,-0.02,-10.04,-0.12,-0.01,0,
0,58,-0.01,-10.07,-0.1,0,-0.01,
0,58,-0.01,-10.07,-0.1,-0.01,-0.01,
0,58,-0.01,-10.07,-0.1,-0.01,-0.01,
0,58,0.09,-10.01,-0.11,-0.01,-0.01,
0,58,0.09,-10.01,-0.11,-0.01,0,
0,58,0.09,-10.01,-0.11,-0.01,0,
0,58,0,-10.03,-0.14,-0.01,-0.01,
0,58,0,-10.03,-0.14,-0.01,-0.01,
0,58,0.06,-10.04,-0.11,-0.01,-0.01,
0,58,0.06,-10.04,-0.11,-0.01,-0.01,
0,58,0.06,-10.04,-0.11,-0.01,-0.01,
0,58,0,-10,-0.15,-0.01,-0.01,
0,58,0,-10,-0.15,-0.01,-0.01,
0,58,0,-10,-0.15,0,-0.01,
0,58,-0.03,-10.06,-0.11,0,-0.02,
0,58,-0.03,-10.06,-0.11,0,-0.02,
0,58,-0.03,-10.06,-0.11,0,-0.01,
0,58,0.01,-10.02,-0.09,0,-0.01,
0,58,0.01,-10.02,-0.09,-0.01,-0.01,
0,58,0.01,-10.02,-0.09,-0.01,-0.01,
0,58,0.05,-10.06,-0.11,-0.01,-0.01,
0,58,0.05,-10.06,-0.11,-0.01,-0.01,
0,58,0.05,-10.06,-0.11,-0.01,-0.01,
0,58,0.01,-10.04,-0.11,-0.01,-0.01,
0,58,0.01,-10.04,-0.11,-0.01,-0.01,
0,58,-0.06,-10.03,-0.16,0,-0.01,
0,58,-0.06,-10.03,-0.16,-0.01,-0.01,
0,58,-0.06,-10.03,-0.16,-0.01,-0.01,
0,58,0.1,-10.05,-0.17,-0.01,-0.01,
0,58,0.1,-10.05,-0.17,-0.01,0,
0,58,0.1,-10.05,-0.17,-0.01,0,
0,58,0.05,-10.03,-0.15,-0.01,-0.01,
0,58,0.05,-10.03,-0.15,-0.01,-0.01,
0,58,0.05,-10.03,-0.15,-0.01,-0.01,
0,58,0.01,-10.03,-0.13,-0.01,-0.01,
0,58,0.01,-10.03,-0.13,-0.01,-0.01,
0,58,0.01,-10.03,-0.13,-0.01,-0.01,
0,58,-0.04,-10.07,-0.11,-0.01,-0.01,
0,58,-0.04,-10.07,-0.11,-0.01,-0.01,
0,58,-0.04,-10.07,-0.11,-0.01,-0.01,
0,58,0.01,-10.06,-0.11,-0.01,-0.01,
0,58,0.01,-10.06,-0.11,-0.01,-0.01,
0,58,0.01,-10.06,-0.11,-0.01,-0.01,
0,58,0.06,-9.97,-0.11,-0.01,-0.01,
0,58,0.06,-9.97,-0.11,-0.01,-0.01,
0,58,0.02,-10.05,-0.14,-0.01,-0.01,
0,58,0.02,-10.05,-0.14,-0.01,-0.01,
0,58,0.02,-10.05,-0.14,-0.01,-0.01,
0,58,0.08,-10.04,-0.13,-0.01,-0.01,
0,58,0.08,-10.04,-0.13,-0.01,-0.01,
0,58,0.08,-10.04,-0.13,-0.01,-0.01,
0,58,0.05,-10,-0.11,-0.01,-0.01,
0,58,0.05,-10,-0.11,0,-0.01,
0,58,0.05,-10,-0.11,0,-0.01,
0,58,0.11,-10.03,-0.13,0,-0.01,
0,58,0.11,-10.03,-0.13,-0.01,-0.01,
0,58,0.11,-10.03,-0.13,-0.01,-0.01,
0,58,0.1,-9.97,-0.13,-0.01,-0.01,
0,58,0.1,-9.97,-0.13,0,-0.01,
0,58,-0.05,-10.04,-0.11,0,-0.01,
0,58,-0.05,-10.04,-0.11,0,-0.01,
0,58,-0.05,-10.04,-0.11,0,-0.01,
0,58,0.04,-10.05,-0.14,-0.01,-0.01,
0,58,0.04,-10.05,-0.14,-0.01,-0.01,
0,58,0.04,-10.05,-0.14,-0.01,-0.01,
0,58,0.02,-9.99,-0.11,-0.01,-0.01,
0,58,0.02,-9.99,-0.11,-0.01,-0.01,
0,58,0.02,-9.99,-0.11,-0.01,-0.01,
0,58,-0.04,-9.99,-0.07,-0.01,-0.01,
0,58,-0.04,-9.99,-0.07,-0.01,-0.01,
0,58,-0.04,-9.99,-0.07,-0.01,-0.01,
0,58,0.02,-10.06,-0.14,-0.01,-0.01,
0,58,0.02,-10.06,-0.14,0,-0.01,
0,58,0.04,-10.03,-0.13,0,-0.01,
0,58,0.04,-10.03,-0.13,-0.01,-0.01,
0,58,0.04,-10.03,-0.13,0,-0.01,
0,58,0.01,-10.02,-0.12,0,-0.01,
0,58,0.01,-10.02,-0.12,-0.01,-0.01,
0,58,0.01,-10.02,-0.12,-0.01,-0.01,
0,58,0.05,-10,-0.06,-0.01,-0.01,
0,58,0.05,-10,-0.06,-0.01,-0.01,
0,58,0.05,-10,-0.06,-0.01,0,
0,58,-0.01,-10.03,-0.12,-0.01,0,
0,58,-0.01,-10.03,-0.12,0,-0.01,
0,58,-0.01,-10.03,-0.12,-0.01,-0.01,
0,58,0,-10.02,-0.14,-0.01,-0.01,
0,58,0,-10.02,-0.14,0,-0.01,
0,58,0.08,-9.96,-0.05,-0.01,-0.01,
0,58,0.08,-9.96,-0.05,0,-0.01,
0,58,0.08,-9.96,-0.05,0,-0.01,
0,58,0.07,-10.01,-0.05,0,-0.01,
0,58,0.07,-10.01,-0.05,-0.01,-0.01,
0,58,0.07,-10.01,-0.05,-0.01,-0.01,
0,58,0.01,-10.02,-0.2,-0.01,-0.01,
0,58,0.01,-10.02,-0.2,-0.01,-0.01,
0,58,0.01,-10.02,-0.2,-0.01,-0.01,
0,58,0.01,-10.05,-0.13,0,-0.01,
0,58,0.01,-10.05,-0.13,-0.01,-0.01,
0,58,0.01,-10.05,-0.13,-0.01,-0.01,
0,58,0.11,-10.02,-0.11,-0.01,-0.01,
0,58,0.11,-10.02,-0.11,0,-0.01,
0,58,0.09,-9.97,-0.02,0,-0.01,
0,58,0.09,-9.97,-0.02,-0.01,-0.01,
0,58,0.09,-9.97,-0.02,-0.01,-0.01,
0,58,0.04,-9.96,-0.13,-0.01,-0.01,
0,58,0.04,-9.96,-0.13,0,-0.01,
0,58,0.04,-9.96,-0.13,-0.01,-0.01,
0,58,-0.02,-10,-0.16,0,-0.01,
0,58,-0.02,-10,-0.16,0,-0.01,
0,58,-0.02,-10,-0.16,-0.01,-0.01,
0,58,0.02,-10.04,-0.09,-0.01,-0.01,
0,58,0.02,-10.04,-0.09,-0.01,-0.01,
0,58,0.02,-10.04,-0.09,-0.01,-0.01,
0,58,0.15,-10.03,-0.09,-0.01,-0.01,
0,58,0.15,-10.03,-0.09,-0.01,-0.01,
0,59,-0.05,-10.06,-0.06,0,-0.01,
0,59,-0.05,-10.06,-0.06,-0.01,-0.01,
0,59,-0.05,-10.06,-0.06,-0.01,-0.01,
0,59,0.03,-10.01,-0.13,-0.01,-0.01,
0,59,0.03,-10.01,-0.13,-0.01,-0.01,
0,59,0.03,-10.01,-0.13,-0.01,-0.01,
0,59,0.06,-9.99,-0.15,-0.01,-0.01,
0,59,0.06,-9.99,-0.15,0,-0.01,
0,59,0.06,-9.99,-0.15,0,-0.01,
0,59,0.05,-9.98,-0.13,0,-0.01,
0,59,0.05,-9.98,-0.13,-0.01,-0.01,
0,59,0.05,-9.98,-0.13,-0.01,-0.01,
0,59,0.04,-10.02,-0.1,-0.01,-0.01,
0,59,0.04,-10.02,-0.1,0,-0.01,
0,59,0.04,-10.02,-0.1,0,-0.01,
0,59,0.05,-9.98,-0.11,0,-0.01,
0,59,0.05,-9.98,-0.11,0,-0.01,
0,59,0.05,-9.98,-0.11,0,-0.01,
0,59,0.05,-10.07,-0.1,-0.01,-0.01,
0,59,0.05,-10.07,-0.1,-0.01,-0.01,
0,59,0.1,-9.97,-0.07,-0.01,-0.01,
0,59,0.1,-9.97,-0.07,-0.01,-0.01,
0,59,0.1,-9.97,-0.07,-0.01,-0.01,
0,59,0.02,-10.06,-0.15,-0.01,-0.01,
0,59,0.02,-10.06,-0.15,-0.01,-0.01,
0,59,0.02,-10.06,-0.15,-0.01,-0.01,
0,59,-0.02,-9.98,-0.18,0,-0.01,
0,59,-0.02,-9.98,-0.18,0,-0.01,
0,59,-0.02,-9.98,-0.18,-0.01,-0.01,
0,59,0.03,-10.03,0,0,-0.01,
0,59,0.03,-10.03,0,0,-0.01,
0,59,0.05,-9.96,-0.05,-0.01,-0.01,
0,59,0.05,-9.96,-0.05,-0.01,-0.01,
0,59,0.05,-9.96,-0.05,-0.01,-0.01,
0,59,0,-10.04,-0.09,-0.01,-0.01,
0,59,0,-10.04,-0.09,0,-0.01,
0,59,0,-10.04,-0.09,0,-0.01,
0,59,-0.02,-10.05,-0.1,0,-0.01,
0,59,-0.02,-10.05,-0.1,0,-0.01,
0,59,-0.02,-10.05,-0.1,-0.01,-0.01,
0,59,0.03,-9.98,-0.11,-0.01,-0.01,
0,59,0.03,-9.98,-0.11,-0.01,-0.01,
0,59,0.06,-9.98,-0.12,-0.01,-0.02,
0,59,0.06,-9.98,-0.12,-0.01,-0.02,
0,59,0.06,-9.98,-0.12,0,-0.01,
0,59,0,-10.03,-0.11,-0.01,-0.01,
0,59,0,-10.03,-0.11,-0.01,-0.01,
0,59,0,-10.03,-0.11,-0.01,-0.01,
0,59,0,-10,-0.15,0,-0.01,
0,59,0,-10,-0.15,-0.01,0,
0,59,0,-10,-0.15,-0.01,0,
0,59,0.03,-10.05,-0.11,0,-0.01,
0,59,0.03,-10.05,-0.11,-0.01,-0.01,
0,59,0,-10.01,-0.1,-0.01,-0.01,
0,59,0,-10.01,-0.1,-0.01,-0.01,
0,59,0,-10.01,-0.1,0,-0.01,
0,59,0,-10,-0.11,0,-0.01,
0,59,0,-10,-0.11,-0.01,-0.01,
0,59,0,-10,-0.11,-0.01,-0.01,
0,59,0.01,-9.99,-0.12,-0.01,-0.01,
0,59,0.01,-9.99,-0.12,0,-0.01,
0,59,0.01,-10.07,-0.12,0,-0.01,
0,59,0.01,-10.07,-0.12,-0.01,-0.01,
0,59,0.01,-10.07,-0.12,-0.01,-0.01,
0,59,0.03,-9.99,-0.07,-0.01,-0.01,
0,59,0.03,-9.99,-0.07,-0.01,-0.01,
0,59,0.03,-9.99,-0.07,-0.01,-0.01,
0,59,0.01,-10.07,-0.11,-0.01,-0.01,
0,59,0.01,-10.07,-0.11,-0.01,-0.01,
0,59,0.01,-10.07,-0.11,-0.01,-0.01,
0,59,-0.01,-10.02,-0.12,0,-0.01,
0,59,-0.01,-10.02,-0.12,-0.01,-0.01,
0,59,-0.01,-10.02,-0.12,-0.01,-0.01,
0,59,0.02,-10.02,-0.11,0,-0.01,
0,59,0.02,-10.02,-0.11,0,-0.01,
0,59,0,-9.98,-0.1,0,-0.01,
0,59,0,-9.98,-0.1,0,-0.01,
0,59,0,-9.98,-0.1,-0.01,-0.01,
0,59,0.11,-10.03,-0.12,0,-0.01,
0,59,0.11,-10.03,-0.12,0,-0.01,
0,59,0.11,-10.03,-0.12,0,-0.01,
0,59,0.02,-10.01,-0.15,-0.01,-0.01,
0,59,0.02,-10.01,-0.15,-0.01,-0.01,
0,59,0.02,-10.01,-0.15,0,-0.01,
0,59,0.01,-10.07,-0.11,0,-0.01,
0,59,0.01,-10.07,-0.11,0,-0.01,
0,59,0.01,-10.07,-0.11,0,-0.01,
0,59,0.03,-10.05,-0.13,0,-0.01,
0,59,0.03,-10.05,-0.13,0,-0.01,
0,59,-0.01,-9.97,-0.05,-0.01,-0.01,
0,59,-0.01,-9.97,-0.05,-0.01,-0.01,
0,59,-0.01,-9.97,-0.05,-0.01,-0.01,
0,59,0.06,-10.07,-0.1,0,-0.01,
0,59,0.06,-10.07,-0.1,-0.01,-0.01,
0,59,0.06,-10.07,-0.1,-0.01,-0.01,
0,59,0,-9.99,-0.16,-0.01,-0.01,
0,59,0,-9.99,-0.16,0,-0.01,
0,59,0,-9.99,-0.16,0,-0.01,
0,59,0.04,-9.99,-0.15,0,-0.01,
0,59,0.04,-9.99,-0.15,-0.01,-0.01,
0,59,0.04,-9.99,-0.15,-0.01,-0.01,
0,59,0.09,-10.04,-0.15,-0.01,-0.01,
0,59,0.09,-10.04,-0.15,-0.01,-0.01,
0,59,-0.03,-10.03,-0.07,-0.01,-0.01,
0,59,-0.03,-10.03,-0.07,-0.01,-0.01,
0,59,-0.03,-10.03,-0.07,0,-0.01,
0,59,-0.04,-10.04,-0.12,0,-0.01,
0,59,-0.04,-10.04,-0.12,0,-0.01,
0,59,-0.04,-10.04,-0.12,-0.01,-0.01,
0,59,-0.01,-10.02,-0.08,-0.01,-0.01,
0,59,-0.01,-10.02,-0.08,-0.01,-0.01,
0,59,-0.01,-10.02,-0.08,-0.01,0,
0,59,0.07,-10.03,-0.17,-0.01,0,
0,59,0.07,-10.03,-0.17,0,-0.01,
0,59,0.07,-10.03,-0.17,0,-0.01,
0,59,0.02,-10.03,-0.12,0,-0.01,
0,59,0.02,-10.03,-0.12,0,-0.01,
0,59,0.02,-10.03,-0.12,0,-0.01,
0,59,-0.01,-10.01,-0.11,0,-0.01,
0,59,-0.01,-10.01,-0.11,0,-0.01,
0,59,-0.01,-10.01,-0.11,0,-0.01,
0,59,0.03,-10,-0.02,0,-0.01,
0,59,0.03,-10,-0.02,0,-0.01,
0,59,-0.01,-10.05,-0.15,-0.01,-0.01,
0,59,-0.01,-10.05,-0.15,-0.01,-0.01,
0,59,-0.01,-10.05,-0.15,-0.01,-0.01,
0,59,0.02,-9.99,-0.16,-0.01,-0.01,
0,59,0.02,-9.99,-0.16,0,-0.01,
0,59,0.02,-9.99,-0.16,0,-0.01,
0,59,0.05,-10.07,-0.12,-0.01,-0.01,
0,59,0.05,-10.07,-0.12,-0.01,-0.01,
0,59,0.05,-10.07,-0.12,-0.01,-0.01,
0,59,0.04,-10,-0.12,-0.01,-0.01,
0,59,0.04,-10,-0.12,-0.01,-0.01,
0,59,0.04,-10,-0.12,-0.01,-0.01,
0,59,0,-10.05,-0.12,-0.01,-0.01,
0,59,0,-10.05,-0.12,0,-0.01,
0,59,0.06,-10.03,-0.19,-0.01,-0.01,
0,59,0.06,-10.03,-0.19,-0.01,-0.01,
0,59,0.06,-10.03,-0.19,-0.01,-0.01,
0,59,0.02,-10.07,-0.12,-0.01,-0.01,
0,59,0.02,-10.07,-0.12,-0.01,-0.01,
0,59,0.02,-10.07,-0.12,0,-0.01,
0,59,0,-10.03,-0.11,-0.01,-0.01,
0,59,0,-10.03,-0.11,-0.01,-0.01,
0,59,0,-10.03,-0.11,-0.01,-0.01,
0,59,-0.01,-10.06,-0.07,0,-0.01,
0,59,-0.01,-10.06,-0.07,0,-0.01,
0,59,0,-10.03,-0.15,0,-0.01,
0,59,0,-10.03,-0.15,0,-0.01,
1,0,0,-10.03,-0.15,0,-0.01,
1,0,0.09,-9.98,-0.11,0,-0.01,
1,0,0.09,-9.98,-0.11,-0.01,-0.01,
1,0,0.09,-9.98,-0.11,-0.01,-0.01,
1,0,0.02,-10.03,-0.1,-0.01,-0.01,
1,0,0.02,-10.03,-0.1,-0.01,-0.01,
1,0,0.02,-10.03,-0.1,0,-0.01,
1,0,-0.03,-10.02,-0.09,0,-0.01,
1,0,-0.03,-10.02,-0.09,-0.01,-0.01,
1,0,0.05,-10.01,-0.1,-0.01,-0.01,
1,0,0.05,-10.01,-0.1,-0.01,-0.01,
1,0,0.05,-10.01,-0.1,0,-0.01,
1,0,0,-10,-0.08,0,-0.01,
1,0,0,-10,-0.08,0,-0.01,
1,0,0,-10,-0.08,0,-0.01,
1,0,0,-10.02,-0.1,0,-0.01,
1,0,0,-10.02,-0.1,-0.01,-0.01,
1,0,0,-10.02,-0.1,-0.01,-0.01,
1,0,0.01,-10.08,-0.07,0,-0.01,
1,0,0.01,-10.08,-0.07,-0.01,-0.01,
1,0,0.01,-10.08,-0.07,-0.01,-0.01,
1,0,0.06,-10.04,-0.13,-0.01,-0.01,
1,0,0.06,-10.04,-0.13,-0.01,-0.01,
1,0,0.01,-10.03,-0.1,-0.01,-0.01,
1,0,0.01,-10.03,-0.1,0,0,
1,0,0.01,-10.03,-0.1,-0.01,-0.01,
1,0,0.04,-9.99,-0.1,-0.01,-0.01,
1,0,0.04,-9.99,-0.1,-0.01,-0.01,
1,0,0.04,-9.99,-0.1,0,-0.01,
1,0,0.01,-10.03,-0.1,-0.01,-0.01,
1,0,0.01,-10.03,-0.1,-0.01,-0.01,
1,0,0.01,-10.03,-0.1,-0.01,-0.01,
1,0,-0.01,-10.03,-0.13,-0.01,-0.01,
1,0,-0.01,-10.03,-0.13,-0.01,-0.01,
1,0,0.02,-10.05,-0.11,-0.01,-0.01,
1,0,0.02,-10.05,-0.11,-0.01,-0.01,
1,0,0.02,-10.05,-0.11,-0.01,-0.01,
1,0,0.08,-9.99,-0.11,-0.01,0,
1,0,0.08,-9.99,-0.11,-0.01,-0.01,
1,0,0.08,-9.99,-0.11,-0.01,-0.01,
1,0,0,-10.02,-0.12,0,-0.01,
1,0,0,-10.02,-0.12,-0.01,-0.01,
1,0,0,-10.02,-0.12,-0.01,-0.01,
1,0,-0.02,-10.07,-0.15,-0.01,-0.01,
1,0,-0.02,-10.07,-0.15,-0.01,-0.01,
1,0,-0.02,-10.07,-0.15,-0.01,-0.01,
1,0,0.02,-10.05,-0.11,-0.01,-0.01,
1,0,0.02,-10.05,-0.11,-0.01,-0.01,
1,0,0.02,-10.05,-0.11,-0.01,-0.01,
1,0,0,-10.02,-0.09,-0.01,0,
1,0,0,-10.02,-0.09,-0.01,0,
1,0,0,-10.02,-0.09,-0.01,-0.02,
1,0,0,-10.06,-0.13,0,-0.01,
1,0,0,-10.06,-0.13,0,-0.01,
1,0,0,-10.06,-0.13,-0.01,-0.01,
1,0,-0.06,-10.04,-0.13,-0.01,-0.01,
1,0,-0.06,-10.04,-0.13,-0.01,-0.01,
1,0,-0.06,-10.04,-0.13,-0.01,-0.01,
1,0,-0.02,-10.03,-0.09,-0.01,-0.01,
1,0,-0.02,-10.03,-0.09,-0.01,-0.01,
1,0,-0.02,-10.03,-0.09,-0.01,-0.01,
1,0,-0.01,-10,-0.1,0,-0.01,
1,0,-0.01,-10,-0.1,0,-0.01,
1,0,-0.01,-10,-0.1,-0.01,-0.01,
1,0,0.01,-10,-0.09,-0.01,-0.01,
1,0,0.01,-10,-0.09,-0.01,-0.01,
1,0,0.07,-10.04,-0.19,-0.01,-0.01,
1,0,0.07,-10.04,-0.19,-0.01,-0.01,
1,0,0.07,-10.04,-0.19,-0.01,-0.01,
1,0,0.07,-10.11,-0.17,-0.01,-0.01,
1,0,0.07,-10.11,-0.17,-0.01,-0.01,
1,0,0.07,-10.11,-0.17,-0.01,-0.01,
1,0,0.04,-10.05,-0.16,0,-0.01,
1,0,0.04,-10.05,-0.16,0,-0.01,
1,0,0.04,-10.05,-0.16,0,-0.01,
1,0,-0.02,-10.05,-0.12,-0.01,-0.01,
1,0,-0.02,-10.05,-0.12,-0.01,-0.01,
1,0,-0.02,-10.05,-0.12,-0.01,-0.01,
1,0,-0.01,-10.05,-0.03,0,-0.01,
1,0,-0.01,-10.05,-0.03,-0.01,-0.01,
1,0,-0.01,-10.05,-0.03,-0.01,-0.01,
1,0,-0.06,-10.09,-0.07,-0.01,-0.01,
1,0,-0.06,-10.09,-0.07,0,-0.01,
1,0,-0.04,-10,-0.15,0,-0.01,
1,0,-0.04,-10,-0.15,-0.01,-0.01,
1,0,-0.04,-10,-0.15,-0.01,-0.01,
1,0,0,-10.04,-0.12,-0.01,-0.01,
1,0,0,-10.04,-0.12,-0.01,-0.01,
1,0,0,-10.04,-0.12,-0.01,-0.01,
1,0,0.02,-10,-0.1,-0.01,-0.01,
1,0,0.02,-10,-0.1,-0.01,-0.01,
1,0,0.02,-10,-0.1,0,-0.01,
1,0,0.02,-10.1,-0.14,0,-0.01,
1,0,0.02,-10.1,-0.14,-0.01,-0.01,
1,0,0.02,-10.1,-0.14,-0.01,-0.01,
1,0,0.05,-10.07,-0.18,-0.01,-0.01,
1,0,0.05,-10.07,-0.18,-0.01,-0.01,
1,0,0.05,-10.07,-0.18,-0.01,-0.01,
1,0,0,-10.02,-0.12,-0.01,-0.01,
1,0,0,-10.02,-0.12,-0.01,-0.01,
1,0,0.04,-10.04,-0.07,-0.01,0,
1,0,0.04,-10.04,-0.07,0,0,
1,0,0.04,-10.04,-0.07,0,0,
1,0,0,-9.94,-0.02,-0.01,-0.01,
1,0,0,-9.94,-0.02,-0.01,0,
1,0,0,-9.94,-0.02,-0.01,0,
1,0,-0.09,-10.13,-0.11,-0.01,-0.01,
1,0,-0.09,-10.13,-0.11,0,-0.01,
1,0,-0.09,-10.13,-0.11,0,-0.01,
1,0,0.04,-10.07,-0.12,-0.01,-0.01,
1,0,0.04,-10.07,-0.12,-0.01,-0.01,
1,0,0.04,-10.07,-0.12,-0.01,-0.01,
1,0,0.02,-10.05,-0.14,0,-0.01,
1,0,0.02,-10.05,-0.14,-0.01,-0.01,
1,0,0.02,-10.05,-0.14,-0.01,-0.01,
1,0,0.02,-10.04,-0.13,-0.01,-0.01,
1,0,0.02,-10.04,-0.13,0,-0.01,
1,0,0.06,-10.02,-0.09,0,-0.01,
1,0,0.06,-10.02,-0.09,0,-0.01,
1,0,0.06,-10.02,-0.09,0,0,
1,0,0.01,-9.99,-0.07,0,0,
1,0,0.01,-9.99,-0.07,-0.01,-0.01,
1,0,0.01,-9.99,-0.07,-0.01,-0.01,
1,0,0.03,-10.04,-0.15,-0.01,-0.01,
1,0,0.03,-10.04,-0.15,-0.01,-0.01,
1,0,0.03,-10.04,-0.15,-0.01,-0.01,
1,0,0.01,-10.04,-0.06,-0.01,-0.01,
1,0,0.01,-10.04,-0.06,0,-0.01,
1,0,0.01,-10.04,-0.06,0,-0.01,
1,0,0.01,-10.17,-0.06,0,-0.01,
1,0,0.01,-10.17,-0.06,-0.01,-0.01,
1,0,0.01,-10.17,-0.06,0,-0.01,
1,0,0.01,-9.97,-0.14,0,-0.01,
1,0,0.01,-9.97,-0.14,-0.01,-0.01,
1,0,-0.03,-10.07,-0.11,-0.01,-0.01,
1,0,-0.03,-10.07,-0.11,-0.01,-0.01,
1,0,-0.03,-10.07,-0.11,-0.01,-0.01,
1,0,0.05,-10.06,-0.09,-0.01,-0.01,
1,0,0.05,-10.06,-0.09,-0.01,-0.01,
1,0,0.05,-10.06,-0.09,-0.01,-0.01,
1,0,0,-10.06,-0.1,0,-0.01,
1,0,0,-10.06,-0.1,0,-0.01,
1,0,0,-10.06,-0.1,-0.01,-0.01,
1,0,0.14,-10.05,-0.09,0,0,
1,0,0.14,-10.05,-0.09,0,0,
1,0,0.14,-10.05,-0.09,-0.01,-0.01,
1,0,0,-10.05,-0.06,0,-0.01,
1,0,0,-10.05,-0.06,0,-0.01,
1,0,0,-10.05,-0.06,-0.01,-0.01,
1,0,-0.01,-10.05,-0.12,-0.01,-0.01,
1,1,0.02,-10.02,-0.11,-0.01,-0.01,
1,1,0.02,-10.02,-0.11,0,-0.01,
1,1,0.02,-10.02,-0.11,0,-0.01,
1,1,0.06,-9.99,-0.06,0,-0.01,
1,1,0.06,-9.99,-0.06,-0.01,-0.01,
1,1,0.06,-9.99,-0.06,-0.01,-0.01,
1,1,0.06,-10.01,-0.1,-0.01,-0.01,
1,1,0.06,-10.01,-0.1,-0.01,-0.01,
1,1,0.06,-10.01,-0.1,-0.01,-0.01,
1,1,0.01,-10.03,-0.08,-0.01,-0.01,
1,1,0.01,-10.03,-0.08,0,-0.01,
1,1,0.01,-10.03,-0.08,-0.01,-0.01,
1,1,0.04,-10.05,-0.11,-0.01,-0.01,
1,1,0.04,-10.05,-0.11,-0.01,-0.01,
1,1,0.04,-10.05,-0.11,-0.01,0,
1,1,-0.02,-10,-0.08,-0.01,0,
1,1,-0.02,-10,-0.08,0,-0.01,
1,1,0.04,-10.04,-0.08,-0.01,-0.01,
1,1,0.04,-10.04,-0.08,-0.01,-0.01,
1,1,0.04,-10.04,-0.08,0,-0.01,
1,1,-0.02,-10.04,-0.11,-0.01,-0.01,
1,1,-0.02,-10.04,-0.11,-0.01,-0.01,
1,1,-0.02,-10.04,-0.11,-0.01,-0.01,
1,1,0.03,-10.06,-0.11,-0.01,-0.01,
1,1,0.03,-10.06,-0.11,-0.01,-0.01,
1,1,0.03,-10.06,-0.11,-0.01,-0.01,
1,1,0.05,-9.99,-0.14,0,-0.01,
1,1,0.05,-9.99,-0.14,0,-0.01,
1,1,0.05,-9.99,-0.14,0,-0.01,
1,1,0.04,-10.01,-0.12,0,-0.01,
1,1,0.04,-10.01,-0.12,0,-0.01,
1,1,0,-10.02,-0.13,-0.01,-0.01,
1,1,0,-10.02,-0.13,-0.01,-0.01,
1,1,0,-10.02,-0.13,-0.01,-0.01,
1,1,0.01,-10,-0.11,-0.01,-0.01,
1,1,0.01,-10,-0.11,0,-0.01,
1,1,0.01,-10,-0.11,0,-0.01,
1,1,0.1,-10.02,-0.07,0,-0.01,
1,1,0.1,-10.02,-0.07,-0.01,-0.01,
1,1,0.1,-10.02,-0.07,-0.01,-0.01,
1,1,0.07,-10.02,-0.14,-0.01,-0.01,
1,1,0.07,-10.02,-0.14,-0.01,-0.01,
1,1,0.07,-10.02,-0.14,-0.01,-0.01,
1,1,0.03,-10,-0.14,-0.01,-0.01,
1,1,0.03,-10,-0.14,-0.01,-0.01,
1,1,0.03,-10,-0.14,-0.01,-0.01,
1,1,0.01,-10.08,-0.11,-0.01,-0.01,
1,1,0.01,-10.08,-0.11,0,-0.01,
1,1,0.01,-10.08,-0.11,0,-0.01,
1,1,-0.04,-10.06,-0.11,0,-0.01,
1,1,-0.04,-10.06,-0.11,-0.01,-0.01,
1,1,0.03,-10.08,-0.11,0,-0.01,
1,1,0.03,-10.08,-0.11,0,-0.01,
1,1,0.03,-10.08,-0.11,-0.01,-0.01,
1,1,0.04,-9.96,-0.09,0,-0.01,
1,1,0.04,-9.96,-0.09,0,-0.01,
1,1,0.04,-9.96,-0.09,-0.01,-0.01,
1,1,0.03,-10.11,-0.11,-0.01,-0.01,
1,1,0.03,-10.11,-0.11,-0.01,-0.01,
1,1,0.03,-10.11,-0.11,-0.01,-0.01,
1,1,0,-10,-0.12,-0.01,-0.01,
1,1,0,-10,-0.12,-0.01,-0.01,
1,1,0,-10,-0.12,-0.01,-0.01,
1,1,-0.05,-10.07,-0.13,-0.01,-0.01,
1,1,-0.05,-10.07,-0.13,-0.01,-0.01,
1,1,-0.05,-10.1,-0.15,0,-0.01,
1,1,-0.05,-10.1,-0.15,0,-0.01,
1,1,-0.05,-10.1,-0.15,0,-0.01,
1,1,0.11,-9.91,-0.08,0,-0.01,
1,1,0.11,-9.91,-0.08,-0.01,-0.01,
1,1,0.11,-9.91,-0.08,-0.01,-0.01,
1,1,0.09,-10,-0.11,-0.01,-0.01,
1,1,0.09,-10,-0.11,-0.01,-0.01,
1,1,0.09,-10,-0.11,-0.01,-0.01,
1,1,0,-10.05,-0.18,-0.01,-0.01,
1,1,0,-10.05,-0.18,0,-0.01,
1,1,0,-10.05,-0.18,0,-0.01,
1,1,-0.05,-10.07,-0.13,-0.01,-0.01,
1,1,-0.05,-10.07,-0.13,-0.01,-0.01,
1,1,0.03,-9.98,-0.05,-0.01,-0.01,
1,1,0.03,-9.98,-0.05,-0.01,-0.01,
1,1,0.03,-9.98,-0.05,-0.01,-0.01,
1,1,0.02,-10.06,-0.1,-0.01,-0.01,
1,1,0.02,-10.06,-0.1,-0.01,-0.01,
1,1,0.02,-10.06,-0.1,-0.01,-0.01,
1,1,0.03,-10.01,-0.06,-0.01,-0.01,
1,1,0.03,-10.01,-0.06,-0.01,0,
1,1,0.03,-10.01,-0.06,-0.01,-0.01,
1,1,0.05,-10.04,-0.17,-0.01,-0.01,
1,1,0.05,-10.04,-0.17,-0.01,-0.01,
1,1,0.05,-10.04,-0.17,0,-0.01,
1,1,0.01,-9.99,-0.08,0,-0.01,
1,1,0.01,-9.99,-0.08,-0.01,-0.01,
1,1,0.01,-9.99,-0.08,-0.01,-0.01,
1,1,0.05,-10,-0.09,-0.01,-0.01,
1,1,0.05,-10,-0.09,-0.01,-0.01,
1,1,0.05,-10,-0.09,-0.01,-0.01,
1,1,0,-10.02,-0.12,-0.01,-0.01,
1,1,0,-10.02,-0.12,0,-0.01,
1,1,0,-10.02,-0.12,0,-0.01,
1,1,0,-9.99,-0.17,0,-0.01,
1,1,0,-9.99,-0.17,0,-0.01,
1,1,0,-9.99,-0.17,0,-0.01,
1,1,0.06,-10.02,-0.07,0,-0.01,
1,1,0.06,-10.02,-0.07,0,-0.01,
1,1,0.01,-10.05,-0.11,-0.01,-0.01,
1,1,0.01,-10.05,-0.11,-0.01,-0.01,
1,1,0.01,-10.05,-0.11,-0.01,-0.01,
1,1,-0.02,-10.05,-0.12,0,0,
1,1,-0.02,-10.05,-0.12,0,0,
1,1,-0.02,-10.05,-0.12,-0.01,-0.01,
1,1,-0.04,-10.01,-0.16,-0.01,-0.01,
1,1,-0.04,-10.01,-0.16,-0.01,-0.01,
1,1,-0.04,-10.01,-0.16,0,-0.01,
1,1,0.04,-10.07,-0.18,0,-0.01,
1,1,0.04,-10.07,-0.18,-0.01,-0.01,
1,1,0.04,-10.07,-0.18,-0.01,-0.01,
1,1,0.01,-10.1,-0.13,-0.01,-0.01,
1,1,0.01,-10.1,-0.13,0,-0.01,
1,1,0.07,-10.03,-0.13,0,-0.01,
1,1,0.07,-10.03,-0.13,-0.01,-0.01,
1,1,0.07,-10.03,-0.13,0,-0.01,
1,1,0.05,-10.04,-0.11,0,-0.01,
1,1,0.05,-10.04,-0.11,0,-0.01,
1,1,0.05,-10.04,-0.11,0,-0.01,
1,1,0.02,-9.99,-0.12,-0.01,-0.01,
1,1,0.02,-9.99,-0.12,-0.01,-0.01,
1,1,0.02,-9.99,-0.12,-0.01,-0.01,
1,1,0.05,-10.07,-0.1,-0.01,-0.01,
1,1,0.05,-10.07,-0.1,-0.01,-0.01,
1,1,-0.02,-10.12,-0.09,0,0,
1,1,-0.02,-10.12,-0.09,-0.01,-0.01,
1,1,-0.02,-10.12,-0.09,-0.01,-0.01,
1,1,0,-10.08,-0.13,0,-0.01,
1,1,0,-10.08,-0.13,-0.01,-0.01,
1,1,0,-10.08,-0.13,-0.01,-0.01,
1,1,0,-10.04,-0.11,-0.01,-0.01,
1,1,0,-10.04,-0.11,-0.01,-0.01,
1,1,0,-10.04,-0.11,-0.01,-0.01,
1,1,-0.05,-10.01,-0.14,-0.01,-0.01,
1,1,-0.05,-10.01,-0.14,-0.01,-0.01,
1,1,-0.05,-10.01,-0.14,-0.01,-0.01,
1,1,0.02,-10.04,-0.1,-0.01,-0.01,
1,1,0.02,-10.04,-0.1,0,-0.01,
1,1,0.02,-10.04,-0.1,0,-0.01,
1,1,-0.06,-10.02,-0.1,-0.01,-0.01,
1,1,-0.06,-10.02,-0.1,0,-0.01,
1,1,0,-10.07,-0.17,0,-0.01,
1,1,0,-10.07,-0.17,-0.01,-0.01,
1,1,0,-10.07,-0.17,-0.01,-0.01,
1,1,-0.01,-10.03,-0.12,-0.01,-0.01,
1,1,-0.01,-10.03,-0.12,-0.01,-0.01,
1,2,-0.01,-10.03,-0.12,-0.01,-0.01,
1,2,0.06,-10.08,-0.11,-0.01,-0.01,
1,2,0.06,-10.08,-0.11,-0.01,-0.01,
1,2,0.06,-10.08,-0.11,-0.01,-0.01,
1,2,-0.04,-10.07,-0.13,0,-0.01,
1,2,-0.04,-10.07,-0.13,0,-0.01,
1,2,-0.04,-10.07,-0.13,-0.01,-0.01,
1,2,0,-9.99,-0.15,-0.01,-0.01,
1,2,0,-9.99,-0.15,-0.01,-0.01,
1,2,0.07,-10.01,-0.08,-0.01,-0.01,
1,2,0.07,-10.01,-0.08,-0.01,-0.01,
1,2,0.07,-10.01,-0.08,-0.01,-0.01,
1,2,-0.02,-10.07,-0.14,-0.01,-0.01,
1,2,-0.02,-10.07,-0.14,-0.01,0,
1,2,-0.02,-10.07,-0.14,-0.01,0,
1,2,-0.56,-8.75,0.13,-0.01,-0.02,
1,2,-0.56,-8.75,0.13,-0.01,0,
1,2,-0.56,-8.75,0.13,-0.01,0,
1,2,0.12,-9.62,-0.36,-0.01,-0.01,
1,2,0.12,-9.62,-0.36,-0.01,-0.01,
1,2,0.12,-9.62,-0.36,-0.01,-0.01,
1,2,0.06,-10.28,-0.11,-0.01,0,
1,2,0.06,-10.28,-0.11,0,-0.01,
1,2,0.06,-10.28,-0.11,0,-0.01,
1,2,0.08,-10.05,-0.22,-0.01,-0.01,
1,2,0.08,-10.05,-0.22,-0.01,-0.01,
1,2,0.04,-10.08,-0.14,-0.01,-0.01,
1,2,0.04,-10.08,-0.14,-0.01,-0.01,
1,2,0.04,-10.08,-0.14,-0.01,-0.01,
1,2,0.04,-9.96,-0.21,-0.01,-0.01,
1,2,0.04,-9.96,-0.21,-0.01,-0.01,
1,2,0.04,-9.96,-0.21,-0.01,-0.01,
1,2,0.08,-10.14,-0.02,-0.01,-0.01,
1,2,0.08,-10.14,-0.02,0,-0.01,
1,2,0.08,-10.14,-0.02,-0.01,-0.01,
1,2,0.02,-10.13,-0.09,-0.01,-0.01,
1,2,0.02,-10.13,-0.09,0,0,
1,2,0.02,-10.13,-0.09,-0.01,0,
1,2,0.03,-9.97,-0.12,-0.01,0,
1,2,0.03,-9.97,-0.12,-0.01,0,
1,2,0.03,-9.97,-0.12,0,-0.01,
1,2,0.02,-10.09,-0.19,0,-0.01,
1,2,0.02,-10.09,-0.19,0,-0.01,
1,2,0.02,-10.09,-0.19,-0.01,-0.01,
1,2,0.02,-10.06,-0.14,-0.01,-0.01,
1,2,0.02,-10.06,-0.14,0,-0.01,
1,2,0.02,-10.06,-0.14,-0.01,-0.01,
1,2,0.06,-10.05,-0.1,-0.01,-0.01,
1,2,0.06,-10.05,-0.1,0,-0.01,
1,2,0.02,-9.99,-0.08,0,-0.01,
1,2,0.02,-9.99,-0.08,0,-0.01,
1,2,0.02,-9.99,-0.08,-0.01,-0.01,
1,2,0,-10.04,-0.04,-0.01,-0.01,
1,2,0,-10.04,-0.04,-0.01,-0.01,
1,2,0,-10.04,-0.04,-0.01,-0.01,
1,2,-0.01,-10.09,-0.12,-0.01,-0.01,
1,2,-0.01,-10.09,-0.12,-0.01,-0.01,
1,2,-0.01,-10.09,-0.12,-0.01,-0.01,
1,2,0.08,-10.03,-0.09,0,-0.01,
1,2,0.08,-10.03,-0.09,0,-0.01,
1,2,0.08,-10.03,-0.09,-0.01,-0.01,
1,2,0.03,-9.97,-0.12,-0.01,-0.01,
1,2,0.03,-9.97,-0.12,-0.01,-0.01,
1,2,0.03,-9.97,-0.12,0,-0.01,
1,2,-0.01,-9.98,-0.14,0,0,
1,2,-0.01,-9.98,-0.14,0,0,
1,2,0,-10.02,-0.12,-0.01,-0.01,
1,2,0,-10.02,-0.12,-0.01,-0.01,
1,2,0,-10.02,-0.12,-0.01,-0.01,
1,2,-0.02,-10.03,-0.11,-0.01,0,
1,2,-0.02,-10.03,-0.11,-0.01,-0.01,
1,2,-0.02,-10.03,-0.11,-0.01,-0.01,
1,2,0.02,-10.04,-0.12,-0.01,-0.01,
1,2,0.02,-10.04,-0.12,-0.01,-0.01,
1,2,0.02,-10.04,-0.12,-0.01,-0.01,
1,2,0.02,-10.02,-0.09,-0.01,-0.02,
1,2,0.02,-10.02,-0.09,-0.01,-0.01,
1,2,0.02,-10.02,-0.09,0,-0.01,
1,2,0.12,-9.98,-0.11,0,-0.01,
1,2,0.12,-9.98,-0.11,0,-0.01,
1,2,0.12,-9.98,-0.11,0,-0.01,
1,2,0.03,-10.01,-0.1,0,-0.01,
1,2,0.03,-10.01,-0.1,-0.01,-0.01,
1,2,0.01,-10.05,-0.1,-0.01,-0.01,
1,2,0.01,-10.05,-0.1,-0.01,-0.01,
1,2,0.01,-10.05,-0.1,-0.01,-0.01,
1,2,0.11,-9.99,-0.14,-0.01,-0.01,
1,2,0.11,-9.99,-0.14,-0.01,-0.01,
1,2,0.11,-9.99,-0.14,-0.01,-0.01,
1,2,0.02,-10.02,-0.15,-0.01,-0.01,
1,2,0.02,-10.02,-0.15,-0.01,-0.01,
1,2,0.02,-10.02,-0.15,-0.01,-0.01,
1,2,0,-10.07,-0.11,-0.01,-0.01,
1,2,0,-10.07,-0.11,-0.01,-0.01,
1,2,0,-10.07,-0.11,0,-0.01,
1,2,-0.01,-10.07,-0.13,-0.01,-0.01,
1,2,-0.01,-10.07,-0.13,-0.01,-0.01,
1,2,0.01,-9.99,-0.15,-0.01,-0.01,
1,2,0.01,-9.99,-0.15,0,-0.02,
1,2,0.01,-9.99,-0.15,0,-0.02,
1,2,0.03,-9.99,-0.11,0,-0.01,
1,2,0.03,-9.99,-0.11,-0.01,-0.01,
1,2,0.03,-9.99,-0.11,-0.01,-0.01,
1,2,0.05,-10.04,-0.08,-0.01,-0.01,
1,2,0.05,-10.04,-0.08,-0.01,-0.01,
1,2,0.05,-10.04,-0.08,-0.01,0,
1,2,0.03,-10.05,-0.13,-0.01,0,
1,2,0.03,-10.05,-0.13,-0.01,-0.01,
1,2,0.03,-10.05,-0.13,-0.01,-0.01,
1,2,-0.03,-10.09,-0.11,-0.01,-0.01,
1,2,-0.03,-10.09,-0.11,-0.01,-0.01,
1,2,-0.03,-10.09,-0.11,-0.01,-0.02,
1,2,0.04,-10.03,-0.12,-0.01,-0.02,
1,2,0.04,-10.03,-0.12,-0.01,0,
1,2,0.04,-10.03,-0.18,-0.01,-0.01,
1,2,0.04,-10.03,-0.18,-0.01,-0.01,
1,2,0.04,-10.03,-0.18,0,-0.01,
1,2,-0.05,-10.04,-0.11,0,-0.01,
1,2,-0.05,-10.04,-0.11,0,-0.01,
1,2,-0.05,-10.04,-0.11,-0.01,-0.01,
1,2,0.03,-9.96,-0.09,-0.01,-0.01,
1,2,0.03,-9.96,-0.09,-0.01,-0.01,
1,2,0.03,-9.96,-0.09,-0.01,-0.01,
1,2,0.03,-9.99,-0.12,-0.01,-0.01,
1,2,0.03,-9.99,-0.12,-0.01,-0.01,
1,2,0.03,-9.99,-0.12,0,-0.01,
1,2,0.04,-10.12,-0.14,-0.01,-0.01,
1,2,0.04,-10.12,-0.14,-0.01,-0.01,
1,2,-0.04,-9.98,-0.12,0,-0.01,
1,2,-0.04,-9.98,-0.12,-0.01,-0.01,
1,2,-0.04,-9.98,-0.12,-0.01,-0.01,
1,2,0.06,-10.03,-0.11,-0.01,-0.01,
1,2,0.06,-10.03,-0.11,0,-0.01,
1,2,0.06,-10.03,-0.11,0,-0.01,
1,2,-0.03,-10.01,-0.14,-0.01,-0.01,
1,2,-0.03,-10.01,-0.14,0,-0.01,
1,2,-0.03,-10.01,-0.14,-0.01,-0.01,
1,2,0.06,-9.96,-0.12,-0.01,-0.01,
1,2,0.06,-9.96,-0.12,-0.01,0,
1,2,0.06,-9.96,-0.12,-0.01,-0.01,
1,2,0.05,-10.06,-0.1,-0.01,-0.01,
1,2,0.05,-10.06,-0.1,-0.01,-0.01,
1,2,-0.1,-10.02,-0.15,0,-0.01,
1,2,-0.1,-10.02,-0.15,0,-0.01,
1,2,-0.1,-10.02,-0.15,-0.01,-0.01,
1,2,0.06,-10.02,-0.22,-0.01,-0.01,
1,2,0.06,-10.02,-0.22,-0.01,-0.01,
1,2,0.06,-10.02,-0.22,0,-0.01,
1,2,0.03,-10.05,-0.07,-0.01,-0.01,
1,2,0.03,-10.05,-0.07,-0.01,-0.01,
1,2,0.03,-10.05,-0.07,-0.01,-0.01,
1,2,0.08,-9.98,-0.06,-0.01,-0.01,
1,3,0.08,-9.98,-0.06,-0.01,-0.01,
1,3,0.08,-9.98,-0.06,-0.01,-0.01,
1,3,0,-10.06,-0.06,-0.01,-0.01,
1,3,0,-10.06,-0.06,-0.01,-0.01,
1,3,0,-10.06,-0.06,0,-0.01,
1,3,0.01,-9.99,-0.14,-0.01,-0.01,
1,3,0.01,-9.99,-0.14,-0.01,-0.01,
1,3,-0.03,-10.01,-0.12,-0.01,-0.01,
1,3,-0.03,-10.01,-0.12,-0.01,-0.01,
1,3,-0.03,-10.01,-0.12,-0.01,-0.01,
1,3,0.05,-10.03,-0.09,-0.01,-0.01,
1,3,0.05,-10.03,-0.09,-0.01,0,
1,3,0.05,-10.03,-0.09,-0.01,0,
1,3,0.02,-10,-0.18,-0.01,-0.01,
1,3,0.02,-10,-0.18,-0.01,-0.01,
1,3,0.02,-10,-0.18,-0.01,-0.01,
1,3,0.01,-10.09,-0.18,-0.01,-0.01,
1,3,0.01,-10.09,-0.18,-0.01,-0.01,
1,3,0.01,-10.09,-0.18,0,-0.01,
1,3,0.04,-10.05,-0.11,0,-0.01,
1,3,0.04,-10.05,-0.11,-0.01,-0.01,
1,3,0.04,-10.05,-0.11,-0.01,-0.01,
1,3,0.01,-10.03,-0.06,-0.01,-0.01,
1,3,0.01,-10.03,-0.06,-0.01,-0.01,
1,3,-0.01,-10.09,-0.07,-0.01,-0.01,
1,3,-0.01,-10.09,-0.07,-0.01,-0.01,
1,3,-0.01,-10.09,-0.07,-0.01,-0.01,
1,3,-0.07,-10.08,-0.1,-0.01,-0.01,
1,3,-0.07,-10.08,-0.1,-0.01,-0.01,
1,3,-0.07,-10.08,-0.1,-0.01,-0.01,
1,3,0.03,-10.07,-0.12,-0.01,-0.01,
1,3,0.03,-10.07,-0.12,-0.01,-0.01,
1,3,0.03,-10.07,-0.12,-0.01,-0.01,
1,3,0.02,-9.96,-0.08,-0.01,-0.01,
1,3,0.02,-9.96,-0.08,-0.01,-0.01,
1,3,0.02,-9.96,-0.08,0,-0.01,
1,3,0.06,-9.99,-0.06,0,-0.01,
1,3,0.06,-9.99,-0.06,0,-0.01,
1,3,0.06,-9.99,-0.06,-0.01,-0.01,
1,3,-0.01,-10.02,-0.15,0,-0.01,
1,3,-0.01,-10.02,-0.15,0,-0.01,
1,3,-0.01,-10.02,-0.15,0,-0.01,
1,3,0,-10.05,-0.14,0,-0.01,
1,3,0,-10.05,-0.14,0,-0.01,
1,3,0.05,-10.03,-0.14,-0.01,-0.01,
1,3,0.05,-10.03,-0.14,0,-0.01,
1,3,0.05,-10.03,-0.14,0,-0.01,
1,3,-0.01,-9.99,-0.11,-0.01,-0.01,
1,3,-0.01,-9.99,-0.11,-0.01,-0.01,
1,3,-0.01,-9.99,-0.11,-0.01,-0.01,
1,3,-0.01,-10.06,-0.13,-0.01,-0.01,
1,3,-0.01,-10.06,-0.13,-0.01,-0.01,
1,3,-0.01,-10.06,-0.13,-0.01,-0.01,
1,3,0,-9.94,-0.11,-0.01,-0.01,
1,3,0,-9.94,-0.11,-0.01,-0.01,
1,3,0,-9.94,-0.11,-0.01,-0.01,
1,3,0.03,-10.04,-0.15,-0.01,-0.01,
1,3,0.03,-10.04,-0.15,0,-0.01,
1,3,0.03,-10.04,-0.15,0,-0.01,
1,3,0.01,-10.06,-0.1,0,-0.01,
1,3,0.01,-10.06,-0.1,-0.01,-0.01,
1,3,0.06,-10.08,-0.11,-0.01,-0.01,
1,3,0.06,-10.08,-0.11,-0.01,-0.01,
1,3,0.06,-10.08,-0.11,-0.01,-0.01,
1,3,0.04,-9.99,-0.1,-0.01,-0.01,
1,3,0.04,-9.99,-0.1,-0.01,-0.01,
1,3,0.04,-9.99,-0.1,-0.01,-0.01,
1,3,0.03,-9.99,-0.07,-0.01,-0.01,
1,3,0.03,-9.99,-0.07,-0.01,-0.01,
1,3,0.03,-9.99,-0.07,-0.01,-0.01,
1,3,-0.04,-10.02,-0.12,0,-0.01,
1,3,-0.04,-10.02,-0.12,0,-0.01,
1,3,-0.04,-10.02,-0.12,0,-0.01,
1,3,0.02,-10.02,-0.06,0,-0.01,
1,3,0.02,-10.02,-0.06,-0.01,-0.01,
1,3,0.02,-10.02,-0.06,-0.01,-0.01,
1,3,0.06,-10,-0.08,-0.01,-0.01,
1,3,0.06,-10,-0.08,-0.01,-0.01,
1,3,0.06,-10,-0.08,0,-0.01,
1,3,0,-10.06,-0.15,0,-0.01,
1,3,0,-10.06,-0.15,-0.01,-0.01,
1,3,0.06,-10.08,-0.15,-0.01,-0.01,
1,3,0.06,-10.08,-0.15,-0.01,-0.01,
1,3,0.06,-10.08,-0.15,-0.01,-0.01,
1,3,0.04,-10.01,-0.08,-0.01,-0.01,
1,3,0.04,-10.01,-0.08,-0.01,-0.01,
1,3,0.04,-10.01,-0.08,-0.01,-0.01,
1,3,0.02,-10.01,-0.15,0,-0.01,
1,3,0.02,-10.01,-0.15,0,-0.01,
1,3,0.02,-10.01,-0.15,-0.01,-0.01,
1,3,-0.07,-10.11,-0.1,-0.01,-0.01,
1,3,-0.07,-10.11,-0.1,-0.01,-0.01,
1,3,-0.07,-10.11,-0.1,-0.01,-0.01,
1,3,-0.03,-10.01,-0.06,-0.01,0,
1,3,-0.03,-10.01,-0.06,-0.01,0,
1,3,-0.03,-10.01,-0.06,-0.01,-0.01,
1,3,0.07,-10.03,-0.09,-0.01,-0.01,
1,3,0.07,-10.03,-0.09,-0.01,-0.01,
1,3,0.07,-10.03,-0.09,-0.01,-0.01,
1,3,-0.02,-9.99,-0.15,-0.01,-0.01,
1,3,-0.02,-9.99,-0.15,-0.01,-0.01,
1,3,-0.02,-9.99,-0.15,-0.01,-0.01,
1,3,0.06,-10.05,-0.08,-0.01,-0.01,
1,3,0.06,-10.05,-0.08,-0.01,-0.01,
1,3,0.04,-9.98,-0.16,-0.01,-0.01,
1,3,0.04,-9.98,-0.16,-0.01,-0.01,
1,3,0.04,-9.98,-0.16,-0.01,-0.01,
1,3,0.03,-10.05,-0.14,0,-0.01,
1,3,0.03,-10.05,-0.14,-0.01,-0.01,
1,3,0.03,-10.05,-0.14,-0.01,-0.01,
1,3,0.04,-10.02,-0.11,-0.01,-0.01,
1,3,0.04,-10.02,-0.11,-0.01,-0.01,
1,3,0.04,-10.02,-0.11,-0.01,-0.01,
1,3,0.01,-10.02,-0.08,-0.01,-0.01,
1,3,0.01,-10.02,-0.08,-0.01,-0.01,
1,3,0.01,-10.02,-0.08,-0.01,-0.01,
1,3,0,-10.09,-0.11,-0.01,-0.01,
1,3,0,-10.09,-0.11,-0.01,-0.01,
1,3,0,-10.09,-0.11,-0.01,-0.01,
1,3,0.02,-10,-0.13,0,-0.01,
1,3,0.02,-10,-0.13,-0.01,-0.01,
1,3,0.02,-10,-0.13,-0.01,-0.01,
1,3,0,-9.97,-0.08,-0.01,-0.01,
1,3,0,-9.97,-0.08,-0.01,-0.01,
1,3,0.02,-10.05,-0.16,-0.01,-0.01,
1,3,0.02,-10.05,-0.16,0,-0.01,
1,3,0.02,-10.05,-0.16,-0.01,-0.01,
1,3,0.07,-10.08,-0.11,-0.01,-0.01,
1,3,0.07,-10.08,-0.11,0,-0.01,
1,3,0.07,-10.08,-0.11,-0.01,-0.01,
1,3,-0.04,-10.05,-0.13,-0.01,-0.01,
1,3,-0.04,-10.05,-0.13,-0.01,-0.01,
1,3,-0.04,-10.05,-0.13,0,-0.01,
1,3,-0.01,-10.02,-0.11,0,-0.01,
1,3,-0.01,-10.02,-0.11,0,-0.01,
1,3,-0.01,-10.02,-0.11,-0.01,-0.01,
1,3,0.08,-10.04,-0.17,0,-0.01,
1,3,0.08,-10.04,-0.17,0,-0.01,
1,3,0.06,-10.08,-0.12,-0.01,0,
1,3,0.06,-10.08,-0.12,-0.01,-0.01,
1,3,0.06,-10.08,-0.12,-0.01,-0.01,
1,3,0,-10.11,-0.14,-0.01,0,
1,3,0,-10.11,-0.14,0,-0.01,
1,3,0,-10.11,-0.14,0,-0.01,
1,3,-0.03,-10.02,-0.11,-0.01,-0.01,
1,3,-0.03,-10.02,-0.11,-0.01,-0.01,
1,3,-0.03,-10.02,-0.11,-0.01,-0.01,
1,3,0.07,-10.02,-0.1,-0.01,-0.01,
1,3,0.07,-10.02,-0.1,-0.01,-0.01,
1,3,0.07,-10.02,-0.1,-0.01,-0.01,
1,3,0.01,-10.03,-0.08,0,-0.01,
1,3,0.01,-10.03,-0.08,-0.01,-0.01,
1,3,0.01,-10.03,-0.08,-0.01,-0.01,
1,3,-0.07,-10.06,-0.17,-0.01,-0.01,
1,4,-0.07,-10.06,-0.17,-0.01,-0.01,
1,4,0.03,-10.03,-0.12,-0.01,-0.01,
1,4,0.03,-10.03,-0.12,-0.01,-0.01,
1,4,0.03,-10.03,-0.12,0,-0.01,
1,4,0.08,-10.04,-0.1,0,-0.01,
1,4,0.08,-10.04,-0.1,0,-0.01,
1,4,0.08,-10.04,-0.1,-0.01,-0.01,
1,4,0.1,-10.02,-0.09,-0.01,-0.01,
1,4,0.1,-10.02,-0.09,-0.01,-0.01,
1,4,0.1,-10.02,-0.09,-0.01,-0.01,
1,4,-0.03,-10.06,-0.12,-0.01,-0.01,
1,4,-0.03,-10.06,-0.12,-0.01,-0.01,
1,4,-0.03,-10.06,-0.12,-0.01,-0.01,
1,4,-0.02,-10.07,-0.11,0,-0.01,
1,4,-0.02,-10.07,-0.11,0,-0.01,
1,4,-0.02,-10.07,-0.11,0,-0.01,
1,4,0,-10.01,-0.1,0,-0.01,
1,4,0,-10.01,-0.1,0,-0.01,
1,4,0,-10.01,-0.1,0,-0.01,
1,4,0.08,-10.01,-0.14,0,-0.01,
1,4,0.08,-10.01,-0.14,-0.01,-0.01,
1,4,-0.02,-10.04,-0.16,0,-0.01,
1,4,-0.02,-10.04,-0.16,0,-0.01,
1,4,-0.02,-10.04,-0.16,-0.01,-0.01,
1,4,0.03,-10.06,-0.15,0,-0.01,
1,4,0.03,-10.06,-0.15,0,-0.01,
1,4,0.03,-10.06,-0.15,0,-0.01,
1,4,0.04,-10.1,-0.09,-0.01,-0.01,
1,4,0.04,-10.1,-0.09,-0.01,-0.01,
1,4,0.04,-10.1,-0.09,-0.01,-0.01,
1,4,0.07,-10.02,-0.08,-0.01,-0.01,
1,4,0.07,-10.02,-0.08,-0.01,-0.01,
1,4,0.07,-10.02,-0.08,-0.01,-0.01,
1,4,0,-9.98,-0.1,0,-0.01,
1,4,0,-9.98,-0.1,0,-0.01,
1,4,0,-9.98,-0.1,-0.01,-0.01,
1,4,0.02,-10.08,-0.12,-0.01,-0.01,
1,4,0.02,-10.08,-0.12,-0.01,-0.01,
1,4,0.02,-10.08,-0.12,-0.01,-0.01,
1,4,0.09,-10.05,-0.09,-0.01,-0.01,
1,4,0.09,-10.05,-0.09,-0.01,-0.01,
1,4,0.09,-10.05,-0.09,-0.01,-0.01,
1,4,0.02,-10.03,-0.11,-0.01,-0.01,
1,4,0.02,-10.03,-0.11,-0.01,-0.01,
1,4,0.07,-10.05,-0.14,-0.01,-0.01,
1,4,0.07,-10.05,-0.14,-0.01,-0.01,
1,4,0.07,-10.05,-0.14,-0.01,-0.01,
1,4,0.01,-10.04,-0.15,-0.01,-0.01,
1,4,0.01,-10.04,-0.15,-0.01,-0.01,
1,4,0.01,-10.04,-0.15,-0.01,-0.01,
1,4,0,-10.03,-0.12,-0.01,-0.01,
1,4,0,-10.03,-0.12,-0.01,-0.01,
1,4,0,-10.03,-0.12,-0.01,-0.01,
1,4,0.01,-10.05,-0.1,-0.01,0,
1,4,0.01,-10.05,-0.1,-0.01,-0.01,
1,4,0.01,-10.05,-0.1,-0.01,-0.01,
1,4,0.04,-10.04,-0.14,-0.01,-0.01,
1,4,0.04,-10.04,-0.14,-0.01,-0.01,
1,4,0.04,-10.04,-0.14,-0.01,-0.01,
1,4,-0.03,-10.06,-0.09,0,-0.01,
1,4,-0.03,-10.06,-0.09,-0.01,-0.01,
1,4,0,-10.05,-0.09,-0.01,-0.01,
1,4,0,-10.05,-0.09,-0.01,-0.01,
1,4,0,-10.05,-0.09,0,-0.01,
1,4,-0.02,-10.03,-0.13,-0.01,0,
1,4,-0.02,-10.03,-0.13,-0.01,0,
1,4,-0.02,-10.03,-0.13,0,-0.01,
1,4,-0.04,-10.04,-0.16,-0.01,0,
1,4,-0.04,-10.04,-0.16,-0.01,0,
1,4,-0.04,-10.04,-0.16,-0.01,-0.01,
1,4,0.06,-9.98,-0.15,-0.01,-0.01,
1,4,0.06,-9.98,-0.15,-0.01,-0.01,
1,4,0.06,-9.98,-0.15,0,-0.01,
1,4,0.04,-10.05,-0.11,-0.01,-0.01,
1,4,0.04,-10.05,-0.11,-0.01,-0.01,
1,4,-0.03,-9.97,-0.11,-0.01,0,
1,4,-0.03,-9.97,-0.11,-0.01,-0.01,
1,4,-0.03,-9.97,-0.11,-0.01,-0.01,
1,4,-0.02,-10.08,-0.16,0,-0.01,
1,4,-0.02,-10.08,-0.16,-0.01,-0.01,
1,4,-0.02,-10.08,-0.16,-0.01,-0.01,
1,4,0.04,-10.07,-0.09,-0.01,-0.01,
1,4,0.04,-10.07,-0.09,-0.01,-0.01,
1,4,0.04,-10.07,-0.09,-0.01,-0.01,
1,4,0.02,-9.97,-0.11,-0.01,-0.01,
1,4,0.02,-9.97,-0.11,0,-0.01,
1,4,0.02,-9.97,-0.11,0,-0.01,
1,4,0.03,-10.07,-0.17,-0.01,-0.01,
1,4,0.03,-10.07,-0.17,-0.01,-0.01,
1,4,0.03,-10.07,-0.17,-0.01,-0.01,
1,4,0.02,-10,-0.11,-0.01,-0.01,
1,4,0.02,-10,-0.11,-0.01,-0.01,
1,4,0.02,-10,-0.11,-0.01,-0.01,
1,4,0,-10.08,-0.06,-0.01,-0.01,
1,4,0,-10.08,-0.06,-0.01,0,
1,4,0,-9.87,-0.23,-0.01,0,
1,4,0,-9.87,-0.23,-0.01,-0.01,
1,4,0,-9.87,-0.23,-0.01,-0.01,
1,4,0.04,-10.15,-0.12,-0.01,-0.01,
1,4,0.04,-10.15,-0.12,-0.01,-0.01,
1,4,0.04,-10.15,-0.12,-0.01,-0.01,
1,4,0,-9.96,-0.04,0,-0.01,
1,4,0,-9.96,-0.04,0,-0.01,
1,4,0,-9.96,-0.04,-0.01,-0.01,
1,4,0,-10.07,-0.12,-0.01,-0.01,
1,4,0,-10.07,-0.12,-0.01,-0.01,
1,4,-0.01,-10.01,-0.13,0,-0.01,
1,4,-0.01,-10.01,-0.13,-0.01,-0.01,
1,4,-0.01,-10.01,-0.13,-0.01,-0.01,
1,4,-0.06,-10.1,-0.16,-0.01,-0.01,
1,4,-0.06,-10.1,-0.16,-0.01,-0.01,
1,4,-0.06,-10.1,-0.16,-0.01,-0.01,
1,4,0.05,-10.07,-0.11,-0.01,0,
1,4,0.05,-10.07,-0.11,0,-0.01,
1,4,0.05,-10.07,-0.11,0,-0.01,
1,4,0.02,-10.09,-0.11,0,-0.01,
1,4,0.02,-10.09,-0.11,-0.01,-0.01,
1,4,0.02,-10.09,-0.11,-0.01,-0.01,
1,4,-0.01,-10.06,-0.12,-0.01,-0.01,
1,4,-0.01,-10.06,-0.12,-0.01,-0.01,
1,4,-0.01,-10.06,-0.12,-0.01,-0.01,
1,4,0.02,-9.88,-0.07,-0.01,-0.01,
1,4,0.02,-9.88,-0.07,0,-0.01,
1,4,0.02,-10.02,-0.15,0,-0.01,
1,4,0.02,-10.02,-0.15,0,-0.01,
1,4,0.02,-10.02,-0.15,-0.01,-0.01,
1,4,0.04,-9.96,-0.09,-0.01,-0.01,
1,4,0.04,-9.96,-0.09,-0.01,-0.01,
1,4,0.04,-9.96,-0.09,-0.01,-0.01,
1,4,-0.01,-10.06,-0.13,-0.01,-0.01,
1,4,-0.01,-10.06,-0.13,-0.01,-0.01,
1,4,-0.01,-10.06,-0.13,-0.01,-0.01,
1,4,-0.03,-9.99,-0.14,-0.01,-0.01,
1,4,-0.03,-9.99,-0.14,-0.01,-0.01,
1,4,-0.03,-9.99,-0.14,-0.01,-0.01,
1,4,0,-10.03,-0.14,-0.01,-0.01,
1,4,0,-10.03,-0.14,0,-0.01,
1,4,0,-10.03,-0.14,0,-0.01,
1,4,0.02,-10.03,-0.15,0,-0.01,
1,4,0.02,-10.03,-0.15,-0.01,-0.01,
1,4,0.02,-10.03,-0.15,-0.01,-0.01,
1,4,-0.02,-10.07,-0.14,-0.01,-0.01,
1,4,-0.02,-10.07,-0.14,-0.01,-0.01,
1,4,0.05,-9.96,-0.13,-0.01,-0.01,
1,4,0.05,-9.96,-0.13,-0.01,-0.01,
1,4,0.05,-9.96,-0.13,-0.01,-0.01,
1,4,0.02,-10.03,-0.15,0,-0.01,
1,4,0.02,-10.03,-0.15,-0.01,-0.01,
1,4,0.02,-10.03,-0.15,-0.01,-0.01,
1,4,0,-10.07,-0.14,-0.01,-0.01,
1,4,0,-10.07,-0.14,0,-0.01,
1,4,0,-10.07,-0.14,0,-0.01,
1,5,0.02,-10.03,-0.1,-0.01,-0.01,
1,5,0.02,-10.03,-0.1,-0.01,-0.01,
1,5,0.02,-10.03,-0.1,-0.01,-0.01,
1,5,0.06,-10.07,-0.14,0,-0.01,
1,5,0.06,-10.07,-0.14,0,-0.01,
1,5,-0.01,-10.05,-0.13,0,-0.01,
1,5,-0.01,-10.05,-0.13,-0.01,-0.01,
1,5,-0.01,-10.05,-0.13,-0.01,-0.01,
1,5,-0.01,-10.01,-0.17,-0.01,-0.01,
1,5,-0.01,-10.01,-0.17,-0.01,-0.01,
1,5,-0.01,-10.01,-0.17,-0.01,-0.01,
1,5,0.05,-9.99,-0.12,0,-0.01,
1,5,0.05,-9.99,-0.12,0,-0.01,
1,5,0.05,-9.99,-0.12,0,0,
1,5,0,-10.03,-0.12,-0.01,-0.01,
1,5,0,-10.03,-0.12,-0.01,-0.01,
1,5,0.04,-10.06,-0.1,-0.01,-0.01,
1,5,0.04,-10.06,-0.1,-0.01,-0.01,
1,5,0.04,-10.06,-0.1,-0.01,-0.01,
1,5,0.01,-9.95,-0.09,-0.01,-0.01,
1,5,0.01,-9.95,-0.09,-0.01,-0.01,
1,5,0.01,-9.95,-0.09,0,-0.01,
1,5,0,-9.98,-0.09,0,-0.01,
1,5,0,-9.98,-0.09,-0.01,-0.01,
1,5,0,-9.98,-0.09,-0.01,-0.01,
1,5,-0.01,-10.04,-0.15,-0.01,-0.01,
1,5,-0.01,-10.04,-0.15,-0.01,-0.01,
1,5,0.02,-10,-0.11,-0.01,0,
1,5,0.02,-10,-0.11,-0.01,0,
1,5,0.02,-10,-0.11,0,-0.01,
1,5,0.05,-10.01,-0.13,-0.01,-0.01,
1,5,0.05,-10.01,-0.13,-0.01,-0.01,
1,5,0.05,-10.01,-0.13,-0.01,-0.01,
1,5,0.03,-10.07,-0.13,-0.01,-0.01,
1,5,0.03,-10.07,-0.13,0,-0.01,
1,5,0.03,-10.07,-0.13,0,-0.01,
1,5,0.01,-10.07,-0.18,-0.01,-0.01,
1,5,0.01,-10.07,-0.18,-0.01,-0.01,
1,5,0,-10.04,-0.14,-0.01,-0.01,
1,5,0,-10.04,-0.14,0,-0.01,
1,5,0,-10.04,-0.14,0,-0.01,
1,5,0.05,-10.08,-0.07,0,-0.01,
1,5,0.05,-10.08,-0.07,0,-0.01,
1,5,0.05,-10.08,-0.07,-0.01,-0.01,
1,5,0.01,-10.05,-0.1,-0.01,-0.01,
1,5,0.01,-10.05,-0.1,-0.01,-0.01,
1,5,0.01,-10.05,-0.1,-0.01,0,
1,5,0.02,-10.12,-0.14,-0.01,-0.01,
1,5,0.02,-10.12,-0.14,-0.01,-0.01,
1,5,0,-10.04,-0.12,0,-0.01,
1,5,0,-10.04,-0.12,-0.01,-0.01,
1,5,0,-10.04,-0.12,-0.01,-0.01,
1,5,0.03,-9.98,-0.12,0,-0.01,
1,5,0.03,-9.98,-0.12,-0.01,-0.01,
1,5,0.03,-9.98,-0.12,-0.01,-0.01,
1,5,0.02,-10.01,-0.14,0,-0.02,
1,5,0.02,-10.01,-0.14,0,-0.01,
1,5,0.02,-10.01,-0.14,0,-0.01,
1,5,0,-9.98,-0.12,-0.01,-0.02,
1,5,0,-9.98,-0.12,-0.01,-0.01,
1,5,0,-9.98,-0.12,-0.01,-0.01,
1,5,-0.01,-10,-0.09,0,-0.01,
1,5,-0.01,-10,-0.09,-0.01,-0.01,
1,5,-0.01,-10,-0.09,-0.01,-0.01,
1,5,0.08,-10,-0.09,-0.01,-0.01,
1,5,0.08,-10,-0.09,-0.01,-0.01,
1,5,0.08,-10,-0.09,-0.01,-0.01,
1,5,-0.01,-10.04,-0.17,0,-0.01,
1,5,-0.01,-10.04,-0.17,0,-0.01,
1,5,-0.01,-10.04,-0.17,0,-0.01,
1,5,0.02,-10,-0.14,-0.01,-0.01,
1,5,0.02,-10,-0.14,0,-0.01,
1,5,-0.07,-10,-0.11,0,-0.01,
1,5,-0.07,-10,-0.11,0,-0.01,
1,5,-0.07,-10,-0.11,-0.01,-0.01,
1,5,0,-10.06,-0.09,-0.01,-0.01,
1,5,0,-10.06,-0.09,-0.01,-0.01,
1,5,0,-10.06,-0.09,-0.01,-0.01,
1,5,0.04,-10.07,-0.08,-0.01,-0.01,
1,5,0.04,-10.07,-0.08,-0.01,-0.01,
1,5,0.04,-10.07,-0.08,-0.01,-0.01,
1,5,0.02,-10.04,-0.15,-0.01,-0.01,
1,5,0.02,-10.04,-0.15,0,0,
1,5,0.02,-10.04,-0.15,0,0,
1,5,-0.02,-10,-0.1,-0.01,-0.01,
1,5,-0.02,-10,-0.1,-0.01,-0.01,
1,5,-0.02,-10,-0.1,-0.01,0,
1,5,0.02,-10.04,-0.11,-0.01,0,
1,5,0.02,-10.04,-0.11,-0.01,-0.01,
1,5,0.02,-10.04,-0.11,-0.01,-0.01,
1,5,0.03,-10.06,-0.1,-0.01,-0.01,
1,5,0.03,-10.06,-0.1,-0.01,-0.01,
1,5,0.04,-10.03,-0.1,-0.01,-0.01,
1,5,0.04,-10.03,-0.1,-0.01,-0.01,
1,5,0.04,-10.03,-0.1,-0.01,-0.01,
1,5,0.01,-10.07,-0.15,-0.01,-0.01,
1,5,0.01,-10.07,-0.15,-0.01,-0.01,
1,5,0.01,-10.07,-0.15,-0.01,-0.01,
1,5,0.06,-10,-0.15,-0.01,-0.01,
1,5,0.06,-10,-0.15,-0.01,-0.01,
1,5,0.06,-10,-0.15,-0.01,-0.01,
1,5,-0.01,-10,-0.09,-0.01,0,
1,5,-0.01,-10,-0.09,-0.01,0,
1,5,-0.01,-10,-0.09,-0.01,-0.01,
1,5,0.07,-10.01,-0.13,-0.01,0,
1,5,0.07,-10.01,-0.13,-0.01,0,
1,5,-0.02,-10.04,-0.13,-0.01,-0.01,
1,5,-0.02,-10.04,-0.13,0,-0.01,
1,5,-0.02,-10.04,-0.13,-0.01,-0.01,
1,5,0.02,-10.02,-0.08,-0.01,-0.01,
1,5,0.02,-10.02,-0.08,-0.01,-0.01,
1,5,0.02,-10.02,-0.08,-0.01,-0.01,
1,5,0.03,-10,-0.11,-0.01,-0.01,
1,5,0.03,-10,-0.11,0,-0.01,
1,5,0.03,-10,-0.11,-0.01,-0.01,
1,5,0.04,-10.07,-0.16,-0.01,-0.01,
1,5,0.04,-10.07,-0.16,0,-0.01,
1,5,0.04,-10.07,-0.16,-0.01,-0.01,
1,5,-0.02,-10.04,-0.06,-0.01,-0.01,
1,5,-0.02,-10.04,-0.06,0,-0.01,
1,5,-0.04,-10.04,-0.11,-0.01,-0.01,
1,5,-0.04,-10.04,-0.11,-0.01,-0.01,
1,5,-0.04,-10.04,-0.11,0,-0.01,
1,5,0.01,-9.99,-0.08,-0.01,-0.01,
1,5,0.01,-9.99,-0.08,-0.01,-0.01,
1,5,0.01,-9.99,-0.08,-0.01,-0.01,
1,5,0,-10.01,-0.07,-0.01,-0.01,
1,5,0,-10.01,-0.07,-0.01,-0.01,
1,5,0,-10.01,-0.07,-0.01,-0.01,
1,5,0.01,-10.03,-0.09,-0.01,-0.01,
1,5,0.01,-10.03,-0.09,-0.01,-0.01,
1,5,0.01,-10.03,-0.09,-0.01,-0.01,
1,5,-0.02,-10,-0.14,0,-0.01,
1,5,-0.02,-10,-0.14,-0.01,-0.01,
1,5,0.03,-10.03,-0.1,-0.01,-0.01,
1,5,0.03,-10.03,-0.1,-0.01,-0.01,
1,5,0.03,-10.03,-0.1,-0.01,-0.01,
1,5,-0.01,-10.05,-0.11,-0.01,-0.01,
1,5,-0.01,-10.05,-0.11,-0.01,-0.01,
1,5,-0.01,-10.05,-0.11,-0.01,-0.01,
1,5,0,-10.02,-0.16,-0.01,-0.01,
1,5,0,-10.02,-0.16,-0.01,-0.01,
1,5,-0.03,-10.06,-0.08,-0.01,-0.01,
1,5,-0.03,-10.06,-0.08,0,-0.01,
1,5,-0.03,-10.06,-0.08,0,-0.01,
1,5,-0.01,-10.07,-0.11,0,-0.01,
1,5,-0.01,-10.07,-0.11,0,-0.01,
1,5,-0.01,-10.07,-0.11,0,-0.01,
1,5,0.01,-10.07,-0.09,-0.01,-0.01,
1,5,0.01,-10.07,-0.09,0,-0.01,
1,5,0.01,-10.07,-0.09,0,-0.01,
1,6,0.03,-10,-0.08,0,-0.01,
1,6,0.03,-10,-0.08,-0.01,-0.01,
1,6,0.03,-10,-0.08,-0.01,-0.01,
1,6,-0.03,-10.07,-0.11,-0.01,-0.01,
1,6,-0.03,-10.07,-0.11,-0.01,-0.01,
1,6,0.06,-10.01,-0.12,0,-0.01,
1,6,0.06,-10.01,-0.12,0,-0.01,
1,6,0.06,-10.01,-0.12,-0.01,-0.01,
1,6,0.07,-10.01,-0.08,-0.01,-0.01,
1,6,0.07,-10.01,-0.08,-0.01,-0.01,
1,6,0.07,-10.01,-0.08,-0.01,-0.01,
1,6,0.09,-9.99,-0.08,-0.01,-0.01,
1,6,0.09,-9.99,-0.08,-0.01,-0.01,
1,6,0.09,-9.99,-0.08,0,-0.01,
1,6,0.04,-10,-0.05,-0.01,-0.01,
1,6,0.04,-10,-0.05,-0.01,-0.01,
1,6,0.04,-10,-0.05,-0.01,-0.01,
1,6,-0.04,-10.07,-0.13,-0.01,-0.01,
1,6,-0.04,-10.07,-0.13,-0.01,-0.01,
1,6,-0.04,-10.07,-0.13,0,-0.01,
1,6,-0.05,-10,-0.15,0,-0.01,
1,6,-0.05,-10,-0.15,0,-0.01,
1,6,-0.05,-10,-0.15,-0.01,-0.01,
1,6,0.04,-10.02,-0.11,-0.01,-0.01,
1,6,0.04,-10.02,-0.11,-0.01,-0.01,
1,6,0.04,-10.02,-0.11,-0.01,-0.01,
1,6,0.02,-10.05,-0.13,-0.01,-0.01,
1,6,0.02,-10.05,-0.13,-0.01,-0.01,
1,6,0.02,-10.05,-0.13,0,-0.01,
1,6,0.02,-10.05,-0.12,0,-0.01,
1,6,0.02,-10.05,-0.12,0,-0.01,
1,6,0,-10.01,-0.15,-0.01,-0.01,
1,6,0,-10.01,-0.15,-0.01,-0.01,
1,6,0,-10.01,-0.15,-0.01,0,
1,6,0.09,-10.01,-0.1,0,-0.01,
1,6,0.09,-10.01,-0.1,0,-0.01,
1,6,0.09,-10.01,-0.1,-0.01,-0.01,
1,6,-0.05,-10.04,-0.14,-0.01,-0.01,
1,6,-0.05,-10.04,-0.14,-0.01,-0.01,
1,6,-0.05,-10.04,-0.14,0,-0.01,
1,6,-0.01,-9.99,-0.11,-0.01,-0.01,
1,6,-0.01,-9.99,-0.11,-0.01,-0.01,
1,6,-0.01,-9.99,-0.11,-0.01,-0.01,
1,6,-0.04,-10.03,-0.12,-0.01,-0.01,
1,6,-0.04,-10.03,-0.12,-0.01,-0.01,
1,6,0.03,-10,-0.12,-0.01,-0.01,
1,6,0.03,-10,-0.12,-0.01,-0.01,
1,6,0.03,-10,-0.12,-0.01,-0.01,
1,6,0.02,-10.07,-0.13,-0.01,-0.01,
1,6,0.02,-10.07,-0.13,-0.01,-0.01,
1,6,0.02,-10.07,-0.13,-0.01,-0.01,
1,6,0.09,-10.01,-0.12,-0.01,-0.01,
1,6,0.09,-10.01,-0.12,-0.01,-0.01,
1,6,0.09,-10.01,-0.12,-0.01,-0.01,
1,6,0.01,-10.09,-0.16,-0.01,-0.01,
1,6,0.01,-10.09,-0.16,-0.01,-0.01,
1,6,0.01,-10.09,-0.16,0,-0.01,
1,6,0.01,-10.07,-0.1,0,-0.01,
1,6,0.01,-10.07,-0.1,0,-0.01,
1,6,0.01,-10.07,-0.1,0,-0.01,
1,6,0.01,-10.09,-0.08,0,-0.01,
1,6,0.01,-10.09,-0.08,-0.01,-0.01,
1,6,0.01,-10.09,-0.08,0,-0.01,
1,6,0.04,-10.01,-0.16,0,-0.01,
1,6,0.04,-10.01,-0.16,-0.01,-0.01,
1,6,0.04,-10.02,-0.17,0,-0.01,
1,6,0.04,-10.02,-0.17,0,-0.01,
1,6,0.04,-10.02,-0.17,-0.01,-0.01,
1,6,0.04,-10.02,-0.15,-0.01,-0.01,
1,6,0.04,-10.02,-0.15,-0.01,-0.01,
1,6,0.04,-10.02,-0.15,0,-0.01,
1,6,0.06,-10.03,-0.09,-0.01,-0.01,
1,6,0.06,-10.03,-0.09,-0.01,-0.01,
1,6,0.06,-10.03,-0.09,-0.01,-0.01,
1,6,0.08,-10.01,-0.14,-0.01,-0.01,
1,6,0.08,-10.01,-0.14,-0.01,-0.01,
1,6,0.08,-10.01,-0.14,-0.01,-0.01,
1,6,0.01,-10.05,-0.12,-0.01,-0.01,
1,6,0.01,-10.05,-0.12,-0.01,-0.01,
1,6,0.01,-10.05,-0.12,-0.01,-0.01,
1,6,0,-10.03,-0.12,0,-0.01,
1,6,0,-10.03,-0.12,0,-0.01,
1,6,0.01,-10.02,-0.14,0,-0.01,
1,6,0.01,-10.02,-0.14,0,-0.01,
1,6,0.01,-10.02,-0.14,0,-0.01,
1,6,0.15,-10.3,-0.26,0,-0.01,
1,6,0.15,-10.3,-0.26,0,-0.01,
1,6,0.15,-10.3,-0.26,0,-0.01,
1,6,-0.09,-10.06,-0.23,-0.01,-0.01,
1,6,-0.09,-10.06,-0.23,-0.01,-0.01,
1,6,-0.09,-10.06,-0.23,-0.01,-0.01,
1,6,0.13,-10.07,-0.2,-0.01,-0.02,
1,6,0.13,-10.07,-0.2,0,-0.01,
1,6,0.13,-10.07,-0.2,0,-0.01,
1,6,0.07,-9.86,0.08,0,-0.01,
1,6,0.07,-9.86,0.08,0,-0.01,
1,6,0.07,-9.86,0.08,0,-0.01,
1,6,0.11,-9.98,0.02,0,-0.01,
1,6,0.11,-9.98,0.02,-0.01,-0.01,
1,6,0.07,-10.09,-0.06,-0.01,-0.01,
1,6,0.07,-10.09,-0.06,-0.01,-0.01,
1,6,0.07,-10.09,-0.06,-0.01,-0.01,
1,6,-0.03,-9.98,-0.12,-0.01,-0.01,
1,6,-0.03,-9.98,-0.12,-0.01,-0.01,
1,6,-0.03,-9.98,-0.12,0,-0.01,
1,6,0.04,-9.96,-0.12,0,-0.01,
1,6,0.04,-9.96,-0.12,-0.01,-0.01,
1,6,0.04,-9.96,-0.12,0,-0.01,
1,6,0.06,-10.02,-0.07,0,-0.01,
1,6,0.06,-10.02,-0.07,-0.01,-0.01,
1,6,0.06,-10.02,-0.07,-0.01,-0.01,
1,6,0.01,-10.07,-0.21,-0.01,-0.01,
1,6,0.01,-10.07,-0.21,-0.01,-0.01,
1,6,0.01,-10.07,-0.21,0,-0.01,
1,6,-0.03,-10.09,-0.13,0,-0.01,
1,6,-0.03,-10.09,-0.13,-0.01,-0.01,
1,6,-0.03,-10.09,-0.13,0,-0.01,
1,6,0,-10.01,-0.11,0,-0.01,
1,6,0,-10.01,-0.11,-0.01,-0.01,
1,6,0,-10.01,-0.11,-0.01,-0.01,
1,6,0.1,-9.96,-0.03,-0.01,-0.01,
1,6,0.1,-9.96,-0.03,0,-0.01,
1,6,0.1,-9.96,-0.03,0,-0.01,
1,6,0,-10.07,-0.11,-0.01,-0.01,
1,6,0,-10.07,-0.11,-0.01,-0.01,
1,6,0,-10.07,-0.11,-0.01,-0.01,
1,6,0.01,-10.01,-0.15,-0.01,-0.01,
1,6,0.01,-10.01,-0.15,0,0,
1,6,0.11,-9.99,-0.15,-0.01,-0.01,
1,6,0.11,-9.99,-0.15,-0.01,-0.01,
1,6,0.02,-10.08,-0.11,-0.01,-0.01,
1,7,0.02,-10.07,-0.11,-0.01,0,
1,7,0.04,-10.05,-0.09,-0.01,-0.01,
1,7,0.04,-10.01,-0.1,0,-0.01,
1,7,0,-9.99,-0.14,-0.01,-0.01,
1,7,0,-9.99,-0.14,-0.01,-0.01,
1,7,0.02,-9.99,-0.07,-0.01,-0.01,
1,7,0.02,-9.99,-0.07,-0.01,-0.01,
1,7,0.02,-9.99,-0.07,-0.01,-0.01,
1,7,0.05,-9.98,-0.06,-0.01,-0.01,
1,7,0.05,-9.98,-0.06,-0.01,-0.01,
1,7,0.1,-10.03,-0.09,-0.01,-0.01,
1,7,0.1,-10.03,-0.09,-0.01,-0.01,
1,7,0.1,-10.03,-0.09,-0.01,-0.01,
1,7,0.02,-10.04,-0.04,-0.01,-0.01,
1,7,0.02,-10.04,-0.04,-0.01,0,
1,7,0.02,-10.04,-0.04,-0.01,0,
1,7,0.05,-9.99,-0.12,-0.01,-0.01,
1,7,0.05,-9.99,-0.12,-0.01,-0.01,
1,7,0.05,-9.99,-0.12,-0.01,-0.01,
1,7,0,-10.1,-0.11,0,-0.01,
1,7,0,-10.1,-0.11,-0.01,-0.01,
1,7,0,-10.1,-0.11,-0.01,-0.01,
1,7,0,-9.99,-0.18,-0.01,-0.01,
1,7,0,-9.99,-0.18,-0.01,-0.01,
1,7,0,-9.99,-0.18,-0.01,-0.01,
1,7,0.04,-9.99,-0.11,-0.01,-0.01,
1,7,0.04,-9.99,-0.11,-0.01,-0.01,
1,7,0.04,-9.99,-0.11,-0.01,-0.01,
1,7,0.05,-10.09,-0.08,-0.01,-0.01,
1,7,0.05,-10.09,-0.08,-0.01,-0.01,
1,7,0.09,-10.03,-0.11,-0.01,-0.01,
1,7,0.09,-10.03,-0.11,-0.01,-0.01,
1,7,0.09,-10.03,-0.11,0,-0.01,
1,7,0.05,-9.97,-0.09,0,-0.01,
1,7,0.05,-9.97,-0.09,0,-0.01,
1,7,0.05,-9.97,-0.09,-0.01,-0.01,
1,7,-0.04,-10.1,-0.06,-0.01,-0.01,
1,7,-0.04,-10.1,-0.06,-0.01,-0.01,
1,7,-0.04,-10.1,-0.06,-0.01,-0.01,
1,7,0.02,-10.07,-0.11,-0.01,-0.01,
1,7,0.02,-10.07,-0.11,-0.01,-0.02,
1,7,0.02,-10.07,-0.11,-0.01,-0.01,
1,8,0.01,-10.07,-0.1,-0.01,-0.01,
1,8,0.01,-10.07,-0.1,-0.01,-0.01,
1,8,0.01,-10.07,-0.1,-0.01,-0.01,
1,8,0.03,-10.02,-0.05,-0.01,-0.01,
1,8,0.03,-10.02,-0.05,-0.01,-0.01,
1,8,-0.05,-10.18,-0.19,-0.01,-0.01,
1,8,-0.05,-10.18,-0.19,-0.01,-0.01,
1,8,-0.05,-10.18,-0.19,-0.01,-0.01,
1,8,0.01,-9.99,-0.1,-0.01,-0.01,
1,8,0.01,-9.99,-0.1,-0.01,-0.01,
1,8,0.01,-9.99,-0.1,0,-0.01,
1,8,0.02,-9.94,0,0,-0.01,
1,8,0.02,-9.94,0,0,-0.01,
1,8,0.02,-9.94,0,-0.01,-0.01,
1,8,0.03,-9.94,0.03,-0.01,-0.01,
1,8,0.03,-9.94,0.03,-0.01,-0.01,
1,8,0.03,-9.94,0.03,-0.01,-0.01,
1,8,0.07,-10.03,-0.09,0,-0.01,
1,8,0.07,-10.03,-0.09,0,-0.01,
1,8,0.07,-10.03,-0.09,-0.01,-0.01,
1,8,-0.08,-10.05,-0.22,-0.01,-0.01,
1,8,-0.08,-10.05,-0.22,-0.01,-0.01,
1,8,0.02,-10.04,-0.23,-0.01,-0.01,
1,8,0.02,-10.04,-0.23,0,-0.01,
1,8,0.02,-10.04,-0.23,0,-0.01,
1,8,0.07,-10.02,-0.24,-0.01,-0.01,
1,8,0.07,-10.02,-0.24,0,-0.01,
1,8,0.07,-10.02,-0.24,0,-0.01,
1,8,-0.04,-10.04,-0.2,-0.01,-0.01,
1,8,-0.04,-10.04,-0.2,0,-0.01,
1,8,-0.04,-10.04,-0.2,0,-0.01,
1,8,0.05,-10.08,-0.17,-0.01,-0.01,
1,8,0.05,-10.08,-0.17,-0.01,-0.01,
1,8,0.05,-10.08,-0.17,-0.01,-0.01,
1,8,0.07,-10.11,-0.07,0,0,
1,8,0.07,-10.11,-0.07,-0.01,-0.01,
1,8,0.07,-10.11,-0.07,-0.01,-0.01,
1,8,0.02,-10,-0.02,0,-0.01,
1,8,0.02,-10,-0.02,-0.01,-0.01,
1,8,0.02,-10,-0.02,-0.01,-0.01,
1,8,0,-10.03,-0.1,-0.01,-0.01,
1,8,0,-10.03,-0.1,-0.01,-0.01,
1,8,0,-10.03,-0.1,-0.01,-0.01,
1,8,0.01,-10.01,-0.13,-0.01,-0.01,
1,8,0.01,-10.01,-0.13,-0.01,-0.01,
1,8,0.01,-10.01,-0.13,-0.01,-0.01,
1,8,0.06,-10,-0.11,-0.01,-0.01,
1,8,0.06,-10,-0.11,-0.01,-0.01,
1,8,-0.03,-10.01,-0.14,-0.01,-0.01,
1,8,-0.03,-10.01,-0.14,-0.01,-0.01,
1,8,-0.03,-10.01,-0.14,-0.01,-0.01,
1,8,0,-10.07,-0.13,-0.01,-0.01,
1,8,0,-10.07,-0.13,0,-0.01,
1,8,0,-10.07,-0.13,0,-0.01,
1,8,0.04,-10.07,-0.11,0,-0.01,
1,8,0.04,-10.07,-0.11,-0.01,-0.01,
1,8,0.04,-10.07,-0.11,-0.01,-0.01,
1,8,0,-10.06,-0.12,-0.01,-0.01,
1,8,0,-10.06,-0.12,-0.01,-0.01,
1,8,0,-10.06,-0.12,-0.01,-0.01,
1,8,0.05,-10.01,-0.11,0,-0.01,
1,8,0.05,-10.01,-0.11,0,-0.01,
1,8,0.02,-10.01,-0.12,-0.01,-0.01,
1,8,0.02,-10.01,-0.12,-0.01,-0.01,
1,8,0.02,-10.01,-0.12,-0.01,-0.01,
1,8,-0.03,-9.97,-0.1,-0.01,-0.01,
1,8,-0.03,-9.97,-0.1,0,-0.01,
1,8,-0.03,-9.97,-0.1,0,-0.01,
1,8,0,-10.07,-0.13,-0.01,-0.01,
1,8,0,-10.07,-0.13,0,-0.01,
1,8,0,-10.07,-0.13,0,-0.01,
1,8,-0.01,-10.07,-0.13,0,-0.01,
1,8,-0.01,-10.07,-0.13,-0.01,-0.01,
1,8,-0.01,-10.07,-0.13,-0.01,-0.01,
1,8,-0.01,-10.04,-0.08,-0.01,-0.01,
1,8,-0.01,-10.04,-0.08,-0.01,-0.01,
1,8,0,-10.05,-0.12,-0.01,-0.01,
1,8,0,-10.05,-0.12,-0.01,-0.01,
1,8,0,-10.05,-0.12,-0.01,-0.01,
1,8,-0.03,-10.02,-0.11,0,-0.01,
1,8,-0.03,-10.02,-0.11,0,-0.01,
1,8,-0.03,-10.02,-0.11,0,-0.01,
1,8,0.04,-10.02,-0.08,-0.01,-0.01,
1,8,0.04,-10.02,-0.08,-0.01,-0.01,
1,8,0.04,-10.02,-0.08,-0.01,-0.01,
1,8,0.05,-10.03,-0.05,-0.01,-0.01,
1,8,0.05,-10.03,-0.05,-0.01,-0.01,
1,8,0.05,-10.03,-0.05,-0.01,0,
1,8,0.01,-10.06,-0.16,-0.01,-0.01,
1,8,0.01,-10.06,-0.16,-0.01,-0.01,
1,8,0.01,-10.06,-0.12,-0.01,-0.01,
1,8,0.01,-10.06,-0.12,0,-0.01,
1,8,0.01,-10.06,-0.12,0,-0.01,
1,8,0.05,-10.01,-0.07,-0.01,-0.01,
1,8,0.05,-10.01,-0.07,-0.01,-0.01,
1,8,0.05,-10.01,-0.07,-0.01,-0.01,
1,8,0.02,-10,-0.07,-0.01,-0.01,
1,8,0.02,-10,-0.07,-0.01,-0.01,
1,8,0.02,-10,-0.07,-0.01,-0.01,
1,8,0.02,-10.07,-0.11,-0.01,-0.01,
1,8,0.02,-10.07,-0.11,-0.01,-0.01,
1,8,0.02,-10.07,-0.11,-0.01,-0.01,
1,8,-0.03,-10.01,-0.14,-0.01,-0.02,
1,8,-0.03,-10.01,-0.14,0,-0.01,
1,8,-0.03,-10.01,-0.14,0,-0.01,
1,8,0.11,-10.02,-0.12,-0.01,-0.01,
1,8,0.11,-10.02,-0.12,-0.01,-0.01,
1,8,0.04,-10.03,-0.06,-0.01,-0.01,
1,8,0.04,-10.03,-0.06,-0.01,-0.01,
1,8,0.04,-10.03,-0.06,-0.01,-0.01,
1,8,0,-10,-0.13,-0.01,-0.01,
1,8,0,-10,-0.13,-0.01,-0.01,
1,8,0,-10,-0.13,-0.01,-0.01,
1,8,-0.03,-10.03,-0.14,-0.01,-0.01,
1,8,-0.03,-10.03,-0.14,-0.01,-0.01,
1,8,-0.03,-10.03,-0.14,0,-0.01,
1,8,0.04,-10.07,-0.09,-0.01,-0.01,
1,8,0.04,-10.07,-0.09,-0.01,-0.01,
1,8,0.04,-10.07,-0.09,-0.01,-0.01,
1,8,0,-10.03,-0.09,-0.01,-0.01,
1,8,0,-10.03,-0.09,-0.01,-0.01,
1,8,0,-10.01,-0.11,-0.01,-0.01,
1,8,0,-10.01,-0.11,-0.01,-0.01,
1,8,0,-10.01,-0.11,-0.01,-0.01,
1,8,0.04,-9.99,-0.13,0,-0.01,
1,8,0.04,-9.99,-0.13,-0.01,-0.01,
1,8,0.04,-9.99,-0.13,-0.01,-0.01,
1,8,-0.04,-10.06,-0.14,-0.01,0,
1,8,-0.04,-10.06,-0.14,0,-0.01,
1,8,-0.04,-10.06,-0.14,0,-0.01,
1,8,0.03,-10.02,-0.08,0,-0.01,
1,8,0.03,-10.02,-0.08,0,-0.01,
1,8,0.03,-10.02,-0.08,-0.01,-0.01,
1,8,-0.02,-10.07,-0.07,-0.01,-0.01,
1,8,-0.02,-10.07,-0.07,-0.01,0,
1,8,-0.02,-10.07,-0.07,-0.01,0,
1,8,0,-10.01,-0.14,-0.01,-0.01,
1,8,0,-10.01,-0.14,-0.01,-0.01,
1,8,0,-10.06,-0.15,-0.01,-0.01,
1,8,0,-10.06,-0.15,-0.01,-0.01,
1,8,0,-10.06,-0.15,-0.01,-0.01,
1,8,0.02,-9.99,-0.12,-0.01,-0.01,
1,8,0.02,-9.99,-0.12,-0.01,-0.01,
1,8,0.02,-9.99,-0.12,0,-0.02,
1,8,0.01,-10.02,-0.1,0,-0.02,
1,8,0.01,-10.02,-0.1,-0.01,-0.01,
1,8,0.01,-10.02,-0.1,-0.01,-0.01,
1,8,0.03,-10.05,-0.1,-0.01,-0.01,
1,8,0.03,-10.05,-0.1,-0.01,-0.01,
1,8,0.03,-10.05,-0.1,-0.01,-0.01,
1,8,-0.05,-10.05,-0.11,-0.01,-0.01,
1,8,-0.05,-10.05,-0.11,0,-0.01,
1,9,-0.05,-10.05,-0.11,-0.01,-0.01,
1,9,0.02,-10.03,-0.09,-0.01,-0.01,
1,9,0.02,-10.03,-0.09,-0.01,-0.01,
1,9,0.02,-10.03,-0.09,-0.01,-0.01,
1,9,0.02,-10.01,-0.11,-0.01,-0.01,
1,9,0.02,-10.01,-0.11,-0.01,-0.01,
1,9,-0.01,-10.09,-0.14,-0.01,-0.02,
1,9,-0.01,-10.09,-0.14,-0.01,-0.02,
1,9,-0.01,-10.09,-0.14,0,-0.01,
1,9,-0.02,-10.05,-0.14,-0.01,-0.01,
1,9,-0.02,-10.05,-0.14,-0.01,-0.01,
1,9,-0.02,-10.05,-0.14,-0.01,-0.01,
1,9,0.01,-10.02,-0.14,-0.01,-0.01,
1,9,0.01,-10.02,-0.14,-0.01,-0.01,
1,9,0.01,-10.02,-0.14,-0.01,-0.01,
1,9,0.06,-10.01,-0.1,-0.01,-0.01,
1,9,0.06,-10.01,-0.1,-0.01,-0.01,
1,9,0.06,-10.01,-0.1,-0.01,-0.01,
1,9,-0.01,-10.03,-0.15,-0.01,-0.01,
1,9,-0.01,-10.03,-0.15,-0.01,-0.01,
1,9,-0.01,-10.03,-0.15,-0.01,-0.01,
1,9,0.03,-10.04,-0.12,-0.01,-0.01,
1,9,0.03,-10.04,-0.12,-0.01,-0.01,
1,9,-0.02,-10.01,-0.09,-0.01,-0.01,
1,9,-0.02,-10.01,-0.09,-0.01,-0.01,
1,9,-0.02,-10.01,-0.09,0,-0.01,
1,9,0.02,-10.04,-0.13,0,-0.01,
1,9,0.02,-10.04,-0.13,-0.01,-0.01,
1,9,0.02,-10.04,-0.13,-0.01,-0.01,
1,9,0.08,-10,-0.09,-0.01,-0.01,
1,9,0.08,-10,-0.09,-0.01,-0.01,
1,9,0.08,-10,-0.09,-0.01,-0.01,
1,9,0.03,-10.07,-0.13,-0.01,-0.01,
1,9,0.03,-10.07,-0.13,0,-0.01,
1,9,0.03,-10.07,-0.13,0,-0.01,
1,9,0.06,-10.07,-0.11,0,-0.01,
1,9,0.06,-10.07,-0.11,0,-0.01,
1,9,0.02,-10.01,-0.13,-0.01,-0.01,
1,9,0.02,-10.01,-0.13,-0.01,-0.01,
1,9,0.02,-10.01,-0.13,0,0,
1,9,0.03,-10.03,-0.13,-0.01,-0.01,
1,9,0.03,-10.03,-0.13,-0.01,-0.01,
1,9,0.03,-10.03,-0.13,0,-0.01,
1,9,0.02,-10.05,-0.08,0,-0.01,
1,9,0.02,-10.05,-0.08,0,-0.01,
1,9,0.02,-10.05,-0.08,-0.01,-0.01,
1,9,0.04,-10,-0.06,-0.01,-0.01,
1,9,0.04,-10,-0.06,-0.01,-0.01,
1,9,0.04,-10,-0.06,-0.01,-0.01,
1,9,0.03,-10.01,-0.11,0,-0.01,
1,9,0.03,-10.01,-0.11,-0.01,-0.01,
1,9,0.03,-10.01,-0.11,-0.01,-0.01,
1,9,0.02,-10.07,-0.05,-0.01,-0.01,
1,9,0.02,-10.07,-0.05,-0.01,-0.01,
1,9,0.08,-9.99,-0.11,-0.01,-0.01,
1,9,0.08,-9.99,-0.11,-0.01,-0.01,
1,9,0.08,-9.99,-0.11,-0.01,-0.01,
1,9,0.04,-10.06,-0.16,-0.01,-0.01,
1,9,0.04,-10.06,-0.16,0,-0.01,
1,9,0.04,-10.06,-0.16,0,-0.01,
1,9,0,-10.01,-0.11,0,-0.01,
1,9,0,-10.01,-0.11,-0.01,-0.01,
1,9,0,-10.01,-0.11,-0.01,-0.01,
1,9,0.01,-10.08,-0.08,-0.01,-0.01,
1,9,0.01,-10.08,-0.08,-0.01,-0.01,
1,9,-0.01,-10.04,-0.16,-0.01,0,
1,9,-0.01,-10.04,-0.16,-0.01,0,
1,9,-0.01,-10.04,-0.16,-0.01,-0.01,
1,9,0.05,-9.98,-0.11,-0.01,-0.01,
1,9,0.05,-9.98,-0.11,-0.01,-0.01,
1,9,0.05,-9.98,-0.11,-0.01,-0.01,
1,9,0,-10.03,-0.11,-0.01,-0.01,
1,9,0,-10.03,-0.11,-0.01,-0.01,
1,9,0,-10.03,-0.11,-0.01,-0.01,
1,9,0.01,-10.1,-0.12,-0.01,-0.01,
1,9,0.01,-10.1,-0.12,-0.01,-0.01,
1,9,0.01,-10.1,-0.12,-0.01,-0.01,
1,9,0.04,-10.02,-0.15,-0.01,-0.01,
1,9,0.04,-10.02,-0.15,-0.01,-0.01,
1,9,0.04,-10.02,-0.15,-0.01,-0.01,
1,9,-0.05,-9.99,-0.1,-0.01,-0.01,
1,9,-0.05,-9.99,-0.1,-0.01,-0.01,
1,9,-0.05,-9.99,-0.1,-0.01,-0.01,
1,9,-0.04,-10.06,-0.13,-0.01,-0.01,
1,9,-0.04,-10.06,-0.13,-0.01,-0.01,
1,9,-0.04,-10.06,-0.13,-0.01,-0.01,
1,9,0,-10.06,-0.17,-0.01,-0.01,
1,9,0,-10.06,-0.17,0,-0.01,
1,9,-0.03,-9.96,-0.09,0,-0.01,
1,9,-0.03,-9.96,-0.09,0,-0.01,
1,9,-0.03,-9.96,-0.09,0,-0.01,
1,9,-0.03,-9.98,-0.14,-0.01,-0.01,
1,9,-0.03,-9.98,-0.14,-0.01,-0.01,
1,9,-0.03,-9.98,-0.14,-0.01,-0.01,
1,9,0.07,-9.99,-0.15,-0.01,-0.01,
1,9,0.07,-9.99,-0.15,-0.01,-0.01,
1,9,0.07,-9.99,-0.15,-0.01,-0.01,
1,9,-0.08,-10.07,-0.2,-0.01,-0.01,
1,9,-0.08,-10.07,-0.2,-0.01,-0.01,
1,9,-0.08,-10.07,-0.2,-0.01,-0.01,
1,9,0.02,-10.08,-0.06,-0.01,-0.01,
1,9,0.02,-10.08,-0.06,-0.01,-0.01,
1,9,0.01,-10.02,-0.04,-0.01,-0.01,
1,9,0.01,-10.02,-0.04,-0.01,-0.01,
1,9,0.01,-10.02,-0.04,0,-0.01,
1,9,0.03,-10.02,-0.11,0,-0.01,
1,9,0.03,-10.02,-0.11,0,-0.01,
1,9,0.03,-10.02,-0.11,-0.01,-0.01,
1,9,0.04,-10.01,-0.11,0,-0.01,
1,9,0.04,-10.01,-0.11,0,-0.01,
1,9,0.04,-10.01,-0.11,-0.01,-0.01,
1,9,0.04,-9.99,-0.11,-0.01,-0.01,
1,9,0.04,-9.99,-0.11,-0.01,-0.01,
1,9,0.04,-9.99,-0.11,-0.01,-0.01,
1,9,0.03,-10.06,-0.11,-0.01,-0.01,
1,9,0.03,-10.06,-0.11,-0.01,-0.01,
1,9,0.04,-10.03,-0.16,-0.01,-0.01,
1,9,0.04,-10.03,-0.16,0,-0.01,
1,9,0.04,-10.03,-0.16,0,-0.01,
1,9,0.04,-9.98,-0.12,0,-0.01,
1,9,0.04,-9.98,-0.12,-0.01,-0.01,
1,9,0.04,-9.98,-0.12,-0.01,-0.01,
1,9,0.02,-9.98,-0.14,-0.01,-0.01,
1,9,0.02,-9.98,-0.14,-0.01,-0.01,
1,9,0.02,-9.98,-0.14,-0.01,-0.01,
1,9,0.04,-10.02,-0.07,-0.01,-0.01,
1,9,0.04,-10.02,-0.07,0,0,
1,9,0.04,-10.02,-0.07,-0.01,-0.01,
1,9,0.04,-10.02,-0.05,-0.01,-0.01,
1,9,0.04,-10.02,-0.05,-0.01,-0.01,
1,9,0.05,-10.02,-0.1,-0.01,-0.01,
1,9,0.05,-10.02,-0.1,-0.01,-0.01,
1,9,0.05,-10.02,-0.1,-0.01,-0.01,
1,9,0.04,-9.98,-0.1,-0.01,-0.01,
1,9,0.04,-9.98,-0.1,-0.01,-0.01,
1,9,0.04,-9.98,-0.1,-0.01,-0.01,
1,9,0,-10.07,-0.11,0,-0.01,
1,9,0,-10.07,-0.11,0,-0.01,
1,9,0,-10.07,-0.11,-0.01,-0.01,
1,9,-0.02,-10,-0.1,-0.01,-0.01,
1,9,-0.02,-10,-0.1,-0.01,-0.01,
1,9,-0.02,-10,-0.1,-0.01,-0.01,
1,9,-0.03,-9.97,-0.08,-0.01,-0.01,
1,9,-0.03,-9.97,-0.08,-0.01,-0.01,
1,9,-0.03,-9.97,-0.08,-0.01,-0.01,
1,9,-0.01,-10.05,-0.09,-0.01,-0.01,
1,9,-0.01,-10.05,-0.09,-0.01,-0.02,
1,9,0.02,-10.03,-0.13,-0.01,-0.02,
1,9,0.02,-10.03,-0.13,-0.01,-0.01,
1,9,0.02,-10.03,-0.13,-0.01,-0.01,
1,9,0.01,-10.02,-0.13,-0.01,-0.01,
1,9,0.01,-10.02,-0.13,-0.01,-0.01,
1,9,0.01,-10.02,-0.13,0,-0.02,
1,10,0.02,-10.02,-0.13,0,-0.02,
1,10,0.02,-10.02,-0.13,0,-0.01,
1,10,0.02,-10.02,-0.13,-0.01,-0.01,
1,10,0.02,-10.04,-0.11,-0.01,-0.01,
1,10,0.02,-10.04,-0.11,-0.01,0,
1,10,0.02,-10.04,-0.11,-0.01,-0.01,
1,10,0.05,-10.02,-0.12,-0.01,-0.01,
1,10,0.05,-10.02,-0.12,-0.01,-0.01,
1,10,0.05,-10.02,-0.12,0,-0.01,
1,10,-0.01,-10.05,-0.12,0,-0.01,
1,10,-0.01,-10.05,-0.12,-0.01,-0.01,
1,10,0.06,-10.01,-0.14,-0.01,-0.01,
1,10,0.06,-10.01,-0.14,-0.01,-0.01,
1,10,0.06,-10.01,-0.14,-0.01,-0.01,
1,10,0.06,-10.05,-0.06,-0.01,-0.01,
1,10,0.06,-10.05,-0.06,-0.01,-0.01,
1,10,0.06,-10.05,-0.06,-0.01,-0.01,
1,10,0.02,-10.03,-0.17,-0.01,-0.01,
1,10,0.02,-10.03,-0.17,-0.01,0,
1,10,0.02,-10.03,-0.17,-0.01,-0.01,
1,10,-0.01,-10.08,-0.13,-0.01,-0.01,
1,10,-0.01,-10.08,-0.13,0,-0.01,
1,10,-0.01,-10.08,-0.13,-0.01,-0.01,
1,10,-0.03,-10.06,-0.12,-0.01,-0.01,
1,10,-0.03,-10.06,-0.12,-0.01,-0.01,
1,10,-0.03,-10.06,-0.12,-0.01,-0.01,
1,10,0.07,-10.08,-0.09,-0.01,-0.01,
1,10,0.07,-10.08,-0.09,0,-0.01,
1,10,0.07,-10.08,-0.09,0,-0.01,
1,10,0.03,-10.13,-0.15,0,-0.01,
1,10,0.03,-10.13,-0.15,-0.01,-0.01,
1,10,0.03,-10.13,-0.15,-0.01,-0.01,
1,10,0.01,-10.05,-0.2,-0.01,-0.01,
1,10,0.01,-10.05,-0.2,0,-0.01,
1,10,0.01,-10.05,-0.2,-0.01,-0.01,
1,10,-0.01,-10.09,-0.24,-0.01,-0.01,
1,10,-0.01,-10.09,-0.24,0,-0.01,
1,10,-0.01,-10.09,-0.24,-0.01,-0.01,
1,10,0.04,-10.11,-0.14,-0.01,-0.01,
1,10,0.04,-10.11,-0.14,0,-0.01,
1,10,0.04,-10.11,-0.14,-0.01,-0.01,
1,10,0.03,-9.97,-0.1,-0.01,-0.01,
1,10,0.03,-9.97,-0.1,-0.01,-0.01,
1,10,-0.01,-10.01,-0.07,-0.01,-0.01,
1,10,-0.01,-10.01,-0.07,-0.01,-0.01,
1,10,-0.01,-10.01,-0.07,0,-0.01,
1,10,-0.02,-10.06,-0.09,0,-0.01,
1,10,-0.02,-10.06,-0.09,0,-0.01,
1,10,-0.02,-10.06,-0.09,-0.01,-0.01,
1,10,0.02,-10.02,-0.08,-0.01,-0.01,
1,10,0.02,-10.02,-0.08,-0.01,-0.01,
1,10,0.02,-10.02,-0.08,-0.01,-0.01,
1,10,0.03,-10.01,-0.12,-0.01,-0.01,
1,10,0.03,-10.01,-0.12,-0.01,-0.01,
1,10,0.03,-10.01,-0.12,-0.01,-0.01,
1,10,-0.04,-10.01,-0.12,-0.01,-0.01,
1,10,-0.04,-10.01,-0.12,-0.01,-0.01,
1,10,-0.04,-10.01,-0.12,-0.01,-0.01,
1,10,0.04,-10.02,-0.15,-0.01,-0.01,
1,10,0.04,-10.02,-0.15,-0.01,-0.01,
1,10,0.04,-10.02,-0.15,-0.01,-0.01,
1,10,0.03,-10.01,-0.11,-0.01,-0.01,
1,10,0.03,-10.01,-0.11,-0.01,-0.01,
1,10,0.06,-9.99,-0.17,0,-0.01,
1,10,0.06,-9.99,-0.17,0,-0.01,
1,10,0.06,-9.99,-0.17,0,-0.01,
1,10,-0.02,-10.08,-0.1,0,-0.01,
1,10,-0.02,-10.08,-0.1,-0.01,-0.01,
1,10,-0.02,-10.08,-0.1,-0.01,-0.01,
1,10,0.02,-10,-0.15,-0.01,-0.01,
1,10,0.02,-10,-0.15,0,-0.01,
1,10,0.02,-10,-0.15,0,-0.01,
1,10,0.04,-10.01,-0.11,-0.01,-0.01,
1,10,0.04,-10.01,-0.11,-0.01,-0.01,
1,10,0.04,-10.01,-0.11,-0.01,-0.01,
1,10,-0.01,-10.06,-0.1,-0.01,-0.01,
1,10,-0.01,-10.06,-0.1,0,-0.01,
1,10,-0.01,-10.06,-0.1,0,-0.01,
1,10,0.07,-10.05,-0.17,-0.01,-0.01,
1,10,0.07,-10.05,-0.17,0,-0.01,
1,10,-0.02,-10.08,-0.17,0,-0.01,
1,10,-0.02,-10.08,-0.17,-0.01,-0.01,
1,10,-0.02,-10.08,-0.17,-0.01,-0.01,
1,10,-0.01,-10.01,-0.12,-0.01,-0.01,
1,10,-0.01,-10.01,-0.12,0,-0.01,
1,10,-0.01,-10.01,-0.12,0,-0.01,
1,10,0.05,-10.03,-0.12,-0.01,0,
1,10,0.05,-10.03,-0.12,-0.01,0,
1,10,0.05,-10.03,-0.12,-0.01,0,
1,10,-0.03,-10.04,-0.09,-0.01,-0.01,
1,10,-0.03,-10.04,-0.09,-0.01,-0.01,
1,10,-0.03,-10.04,-0.09,0,-0.01,
1,10,0.07,-10.03,-0.1,-0.01,-0.01,
1,10,0.07,-10.03,-0.1,-0.01,-0.01,
1,10,0.07,-10.03,-0.1,-0.01,-0.01,
1,10,-0.02,-10.01,-0.09,0,-0.01,
1,10,-0.02,-10.01,-0.09,0,-0.01,
1,10,0.01,-10.05,-0.19,-0.01,-0.01,
1,10,0.01,-10.05,-0.19,-0.01,-0.01,
1,10,0.01,-10.05,-0.19,-0.01,-0.01,
1,10,0.02,-10.03,-0.15,-0.01,-0.01,
1,10,0.02,-10.03,-0.15,0,-0.01,
1,10,0.02,-10.03,-0.15,0,-0.01,
1,10,0.01,-10.04,-0.11,-0.01,0,
1,10,0.01,-10.04,-0.11,0,-0.01,
1,10,0.01,-10.04,-0.11,0,-0.01,
1,10,0.03,-9.94,-0.05,-0.01,-0.01,
1,10,0.03,-9.94,-0.05,-0.01,0,
1,10,0.03,-9.94,-0.05,-0.01,0,
1,10,0.05,-10.04,-0.1,-0.01,-0.01,
1,10,0.05,-10.04,-0.1,0,0,
1,10,0.05,-10.04,-0.1,0,0,
1,10,0,-10.07,-0.06,0,-0.01,
1,10,0,-10.07,-0.06,-0.01,-0.01,
1,10,0,-10.07,-0.06,-0.01,-0.01,
1,10,0.01,-10.03,-0.13,0,-0.01,
1,10,0.01,-10.03,-0.13,0,-0.01,
1,10,0.06,-10.08,-0.11,0,-0.01,
1,10,0.06,-10.08,-0.11,-0.01,-0.01,
1,10,0.06,-10.08,-0.11,-0.01,-0.01,
1,10,0.04,-10.04,-0.11,-0.01,-0.01,
1,10,0.04,-10.04,-0.11,-0.01,-0.01,
1,10,0.04,-10.04,-0.11,-0.01,0,
1,10,0.03,-10.04,-0.1,-0.01,0,
1,10,0.03,-10.04,-0.1,-0.01,-0.01,
1,10,0.03,-10.04,-0.1,-0.01,-0.01,
1,10,-0.05,-10.04,-0.17,-0.01,-0.01,
1,10,-0.05,-10.04,-0.17,-0.01,-0.01,
1,10,-0.05,-10.04,-0.17,-0.01,-0.01,
1,10,0.02,-10.02,-0.13,-0.01,-0.01,
1,10,0.02,-10.02,-0.13,0,-0.01,
1,10,0.02,-10.02,-0.13,0,-0.01,
1,10,-0.03,-10.06,-0.12,-0.01,-0.01,
1,10,-0.03,-10.06,-0.12,-0.01,-0.01,
1,10,-0.03,-10.06,-0.12,-0.01,-0.01,
1,10,0.06,-10.01,-0.1,-0.01,-0.01,
1,10,0.06,-10.01,-0.1,-0.01,-0.01,
1,10,0.06,-10.01,-0.1,-0.01,-0.01,
1,10,0.05,-10,-0.15,-0.01,-0.01,
1,10,0.05,-10,-0.15,-0.01,-0.02,
1,10,0.04,-10.04,-0.12,-0.01,-0.01,
1,10,0.04,-10.04,-0.12,-0.01,-0.01,
1,10,0.04,-10.04,-0.12,0,-0.01,
1,10,0.01,-10.05,-0.06,0,-0.01,
1,10,0.01,-10.05,-0.06,0,-0.01,
1,10,0.01,-10.05,-0.06,-0.01,-0.01,
1,10,0.05,-10.03,-0.11,-0.01,-0.01,
1,10,0.05,-10.03,-0.11,-0.01,-0.01,
1,10,0.05,-10.03,-0.11,-0.01,-0.02,
1,10,0.05,-10.01,-0.15,-0.01,-0.01,
1,10,0.05,-10.01,-0.15,-0.01,-0.01,
1,10,0.05,-10.01,-0.15,-0.01,-0.01,
1,10,-0.01,-10.05,-0.12,-0.01,-0.01,
1,10,-0.01,-10.05,-0.12,-0.01,-0.01,
1,11,0.04,-10.04,-0.13,-0.01,-0.01,
1,11,0.04,-10.04,-0.13,-0.01,-0.01,
1,11,0.04,-10.04,-0.13,-0.01,-0.01,
1,11,0.04,-10.04,-0.14,-0.01,-0.01,
1,11,0.04,-10.04,-0.14,-0.01,-0.01,
1,11,0.04,-10.04,-0.14,-0.01,-0.01,
1,11,0.04,-10.06,-0.06,-0.01,-0.01,
1,11,0.04,-10.06,-0.06,-0.01,0,
1,11,0.04,-10.06,-0.06,-0.01,-0.01,
1,11,0.06,-10.07,-0.14,-0.01,-0.01,
1,11,0.06,-10.07,-0.14,-0.01,-0.01,
1,11,0.06,-10.07,-0.14,-0.01,-0.01,
1,11,-0.01,-9.98,-0.08,-0.01,-0.01,
1,11,-0.01,-9.98,-0.08,-0.01,-0.01,
1,11,-0.01,-9.98,-0.08,-0.01,-0.01,
1,11,0.03,-10,-0.16,-0.01,-0.01,
1,11,0.03,-10,-0.16,0,-0.01,
1,11,0.04,-9.97,-0.1,-0.01,-0.01,
1,11,0.04,-9.97,-0.1,-0.01,-0.01,
1,11,0.04,-9.97,-0.1,-0.01,-0.01,
1,11,-0.01,-10.05,-0.12,-0.01,-0.01,
1,11,-0.01,-10.05,-0.12,-0.01,-0.01,
1,11,-0.01,-10.05,-0.12,-0.01,-0.02,
1,11,0,-10.04,-0.14,0,-0.01,
1,11,0,-10.04,-0.14,0,-0.01,
1,11,0,-10.04,-0.14,-0.01,-0.01,
1,11,0.03,-10.04,-0.08,-0.01,-0.01,
1,11,0.03,-10.04,-0.08,-0.01,-0.01,
1,11,0.01,-10.03,-0.12,-0.01,-0.01,
1,11,0.01,-10.03,-0.12,0,-0.01,
1,11,0.01,-10.03,-0.12,-0.01,-0.01,
1,11,0.06,-10.02,-0.1,-0.01,-0.01,
1,11,0.06,-10.02,-0.1,0,-0.01,
1,11,0.06,-10.02,-0.1,-0.01,-0.01,
1,11,0.06,-9.97,-0.11,-0.01,-0.01,
1,11,0.06,-9.97,-0.11,-0.01,-0.01,
1,11,0.06,-9.97,-0.11,-0.01,-0.01,
1,11,-0.04,-10.01,-0.08,-0.01,-0.01,
1,11,-0.04,-10.01,-0.08,0,-0.01,
1,11,-0.04,-10.01,-0.08,0,-0.01,
1,11,0.05,-10.02,-0.08,0,-0.01,
1,11,0.05,-10.02,-0.08,0,-0.01,
1,11,0.06,-10.04,-0.12,0,-0.01,
1,11,0.06,-10.04,-0.12,0,-0.01,
1,11,0.06,-10.04,-0.12,0,-0.01,
1,11,-0.01,-9.96,-0.08,0,-0.01,
1,11,-0.01,-9.96,-0.08,0,-0.01,
1,11,-0.01,-9.96,-0.08,0,-0.01,
1,11,0.03,-10.02,-0.09,-0.01,-0.01,
1,11,0.03,-10.02,-0.09,-0.01,-0.01,
1,11,0.03,-10.02,-0.09,-0.01,-0.01,
1,11,-0.04,-9.99,-0.08,-0.01,-0.01,
1,11,-0.04,-9.99,-0.08,-0.01,-0.01,
1,11,-0.04,-9.99,-0.08,-0.01,-0.01,
1,11,0.04,-10.08,-0.07,-0.01,-0.01,
1,11,0.04,-10.08,-0.07,-0.01,-0.01,
1,11,0.04,-10.08,-0.07,-0.01,-0.01,
1,11,0,-9.98,-0.1,-0.01,-0.01,
1,11,0,-9.98,-0.1,-0.01,-0.01,
1,11,0,-9.98,-0.1,-0.01,-0.01,
1,11,0.04,-10.04,-0.05,-0.01,-0.01,
1,11,0.04,-10.04,-0.05,-0.01,-0.01,
1,11,0.06,-9.99,-0.14,-0.01,-0.01,
1,11,0.06,-9.99,-0.14,-0.01,-0.01,
1,11,0.06,-9.99,-0.14,-0.01,-0.01,
1,11,-0.03,-10.08,-0.12,-0.01,-0.01,
1,11,-0.03,-10.08,-0.12,-0.01,-0.01,
1,11,-0.03,-10.08,-0.12,-0.01,-0.01,
1,11,0.05,-10,-0.1,0,-0.01,
1,11,0.05,-10,-0.1,-0.01,-0.01,
1,11,0.05,-10,-0.1,-0.01,-0.01,
1,11,-0.01,-10.06,-0.08,-0.01,-0.01,
1,11,-0.01,-10.06,-0.08,-0.01,-0.01,
1,11,-0.01,-10.06,-0.08,-0.01,-0.01,
1,11,0.11,-9.98,-0.08,-0.01,-0.01,
1,11,0.11,-9.98,-0.08,-0.01,-0.01,
1,11,0.11,-9.98,-0.08,-0.01,-0.01,
1,11,-0.01,-10.06,-0.12,-0.01,-0.01,
1,11,-0.01,-10.06,-0.12,-0.01,-0.01,
1,11,0.02,-9.95,-0.11,-0.01,-0.01,
1,11,0.02,-9.95,-0.11,-0.01,-0.01,
1,11,0.02,-9.95,-0.11,0,-0.01,
1,11,0.06,-10.03,-0.08,-0.01,-0.01,
1,11,0.06,-10.03,-0.08,-0.01,-0.01,
1,11,0.06,-10.03,-0.08,-0.01,-0.01,
1,11,0.03,-10.01,-0.13,-0.01,-0.01,
1,11,0.03,-10.01,-0.13,-0.01,-0.01,
1,11,0.03,-10.01,-0.13,-0.01,-0.01,
1,11,-0.02,-10.07,-0.16,0,-0.01,
1,11,-0.02,-10.07,-0.16,0,-0.01,
1,11,0.06,-9.98,-0.13,0,-0.01,
1,11,0.06,-9.98,-0.13,-0.01,0,
1,11,0.06,-9.98,-0.13,-0.01,-0.02,
1,11,0,-9.98,-0.11,-0.01,-0.02,
1,11,0,-9.98,-0.11,-0.01,-0.01,
1,11,0,-9.98,-0.11,0,-0.01,
1,11,0.02,-9.94,-0.09,0,-0.01,
1,11,0.02,-9.94,-0.09,-0.01,-0.01,
1,11,0.02,-9.94,-0.09,0,-0.01,
1,11,-0.02,-10.05,-0.09,0,-0.01,
1,11,-0.02,-10.05,-0.09,-0.01,-0.01,
1,11,-0.02,-10.05,-0.09,0,-0.01,
1,11,0,-10,-0.07,0,-0.01,
1,11,0,-10,-0.07,0,-0.01,
1,11,0,-10.07,-0.11,0,0,
1,11,0,-10.07,-0.11,-0.01,0,
1,11,0,-10.07,-0.11,-0.01,0,
1,11,0.06,-10.04,-0.15,-0.01,-0.01,
1,11,0.06,-10.04,-0.15,0,-0.01,
1,11,0.06,-10.04,-0.15,0,-0.01,
1,11,0,-10.08,-0.17,0,-0.01,
1,11,0,-10.08,-0.17,-0.01,-0.01,
1,11,0,-10.08,-0.17,-0.01,-0.01,
1,11,0.11,-10.03,-0.13,0,-0.01,
1,11,0.11,-10.03,-0.13,-0.01,-0.01,
1,11,0.07,-10.04,-0.11,-0.01,-0.01,
1,11,0.07,-10.04,-0.11,0,0,
1,11,0.07,-10.04,-0.11,-0.01,-0.01,
1,11,-0.03,-9.98,-0.07,-0.01,-0.01,
1,11,-0.03,-9.98,-0.07,-0.01,-0.01,
1,11,-0.03,-9.98,-0.07,0,-0.01,
1,11,-0.05,-10.02,-0.15,-0.01,-0.01,
1,11,-0.05,-10.02,-0.15,-0.01,-0.01,
1,11,-0.05,-10.02,-0.15,-0.01,-0.01,
1,11,0.03,-10.08,-0.1,-0.01,-0.01,
1,11,0.03,-10.08,-0.1,-0.01,-0.01,
1,11,-0.02,-10.07,-0.11,-0.01,-0.01,
1,11,-0.02,-10.07,-0.11,-0.01,-0.01,
1,11,-0.02,-10.07,-0.11,-0.01,-0.01,
1,11,0.04,-10.07,-0.11,-0.01,0,
1,11,0.04,-10.07,-0.11,-0.01,-0.01,
1,11,0.04,-10.07,-0.11,-0.01,-0.01,
1,11,0,-10.05,-0.15,-0.01,-0.01,
1,11,0,-10.05,-0.15,-0.01,-0.01,
1,11,0,-10.05,-0.15,0,-0.01,
1,11,0.01,-10.01,-0.12,0,-0.01,
1,11,0.01,-10.01,-0.12,-0.01,-0.01,
1,11,0.08,-10,-0.1,0,-0.01,
1,11,0.08,-10,-0.1,0,-0.01,
1,11,0.08,-10,-0.1,-0.01,-0.01,
1,11,-0.01,-10.02,-0.1,-0.01,-0.01,
1,11,-0.01,-10.02,-0.1,-0.01,-0.01,
1,11,-0.01,-10.02,-0.1,-0.01,-0.01,
1,11,0.01,-10.06,-0.09,-0.01,0,
1,11,0.01,-10.06,-0.09,0,-0.01,
1,11,0.01,-10.06,-0.09,0,-0.01,
1,11,0.04,-10.01,-0.09,-0.01,-0.01,
1,11,0.04,-10.01,-0.09,0,-0.01,
1,11,0.04,-10.02,-0.11,0,-0.01,
1,11,0.04,-10.02,-0.11,-0.01,-0.01,
1,12,0.04,-10.02,-0.11,-0.01,-0.01,
1,12,0.03,-10.07,-0.08,-0.01,-0.01,
1,12,0.03,-10.07,-0.08,-0.01,-0.01,
1,12,0.03,-10.07,-0.08,-0.01,-0.01,
1,12,-0.03,-10.06,-0.13,-0.01,-0.01,
1,12,-0.03,-10.06,-0.13,-0.01,-0.01,
1,12,-0.03,-10.06,-0.13,-0.01,-0.01,
1,12,0.02,-10,-0.14,-0.01,-0.01,
1,12,0.02,-10,-0.14,-0.01,-0.01,
1,12,0.02,-10,-0.14,-0.01,-0.01,
1,12,0.04,-9.99,-0.08,-0.01,-0.01,
1,12,0.04,-9.99,-0.08,-0.01,-0.01,
1,12,0.04,-9.99,-0.08,-0.01,-0.01,
1,12,-0.01,-10.04,-0.15,-0.01,-0.01,
1,12,-0.01,-10.04,-0.15,0,-0.01,
1,12,0.03,-10,-0.16,0,-0.01,
1,12,0.03,-10,-0.16,0,-0.01,
1,12,0.03,-10,-0.16,-0.01,-0.01,
1,12,0.03,-10.07,-0.13,-0.01,-0.01,
1,12,0.03,-10.07,-0.13,-0.01,-0.01,
1,12,0.03,-10.07,-0.13,-0.01,-0.01,
1,12,0.02,-10.05,-0.07,-0.01,-0.01,
1,12,0.02,-10.05,-0.07,-0.01,-0.02,
1,12,0.02,-10.05,-0.07,-0.01,-0.02,
1,12,0.05,-10.02,-0.11,-0.01,-0.01,
1,12,0.05,-10.02,-0.11,-0.01,-0.01,
1,12,0.05,-10.02,-0.11,-0.01,-0.01,
1,12,-0.01,-10.03,-0.16,-0.01,-0.01,
1,12,-0.01,-10.03,-0.16,-0.01,-0.01,
1,12,-0.01,-10.01,-0.12,-0.01,-0.01,
1,12,-0.01,-10.01,-0.12,-0.01,-0.01,
1,12,-0.01,-10.01,-0.12,-0.01,-0.01,
1,12,0.04,-10.01,-0.08,-0.01,-0.01,
1,12,0.04,-10.01,-0.08,-0.01,-0.02,
1,12,0.04,-10.01,-0.08,0,-0.01,
1,12,-0.02,-10.04,-0.13,0,-0.01,
1,12,-0.02,-10.04,-0.13,0,-0.01,
1,12,-0.02,-10.04,-0.13,-0.01,-0.01,
1,12,0.01,-10.08,-0.06,-0.01,-0.01,
1,12,0.01,-10.08,-0.06,-0.01,-0.01,
1,12,0.04,-10.04,-0.07,-0.01,-0.01,
1,12,0.04,-10.04,-0.07,-0.01,-0.01,
1,12,0.04,-10.04,-0.07,-0.01,-0.01,
1,12,0.03,-10.04,-0.14,0,-0.01,
1,12,0.03,-10.04,-0.14,-0.01,-0.01,
1,12,0.03,-10.04,-0.14,-0.01,-0.01,
1,12,0.02,-10.05,-0.15,0,-0.01,
1,12,0.02,-10.05,-0.15,0,-0.01,
1,12,0.02,-10.05,-0.15,0,-0.01,
1,12,0.05,-10.07,-0.11,0,-0.01,
1,12,0.05,-10.07,-0.11,-0.01,-0.01,
1,12,0,-10.01,-0.1,-0.01,-0.01,
1,12,0,-10.01,-0.1,-0.01,-0.01,
1,12,0,-10.01,-0.1,-0.01,-0.01,
1,12,0.01,-10.05,-0.14,-0.01,-0.01,
1,12,0.01,-10.05,-0.14,-0.01,-0.01,
1,12,0.01,-10.05,-0.14,-0.01,-0.01,
1,12,0,-10.02,-0.14,0,-0.01,
1,12,0,-10.02,-0.14,0,-0.01,
1,12,0,-10.02,-0.14,-0.01,-0.01,
1,12,0.06,-10.02,-0.12,-0.01,-0.01,
1,12,0.06,-10.02,-0.12,-0.01,-0.01,
1,12,0.06,-10.02,-0.12,0,-0.01,
1,12,0.01,-10.03,-0.09,-0.01,-0.01,
1,12,0.01,-10.03,-0.09,-0.01,-0.01,
1,12,-0.02,-10.09,-0.09,-0.01,-0.01,
1,12,-0.02,-10.09,-0.09,-0.01,-0.01,
1,12,-0.02,-10.09,-0.09,0,0,
1,12,-0.02,-10.03,-0.13,0,0,
1,12,-0.02,-10.03,-0.13,-0.01,-0.01,
1,12,-0.02,-10.03,-0.13,-0.01,-0.01,
1,12,0.06,-10.05,-0.1,-0.01,-0.01,
1,12,0.06,-10.05,-0.1,-0.01,-0.01,
1,12,0.06,-10.05,-0.1,-0.01,-0.01,
1,12,0.02,-10.06,-0.09,-0.01,-0.01,
1,12,0.02,-10.06,-0.09,-0.01,-0.01,
1,12,0.01,-10,-0.13,-0.01,-0.01,
1,12,0.01,-10,-0.13,-0.01,-0.01,
1,12,0.01,-10,-0.13,-0.01,-0.01,
1,12,0.05,-9.98,-0.08,-0.01,-0.01,
1,12,0.05,-9.98,-0.08,-0.01,-0.01,
1,12,0.05,-9.98,-0.08,-0.01,-0.01,
1,12,0.02,-10.08,-0.11,-0.01,-0.01,
1,12,0.02,-10.08,-0.11,0,-0.01,
1,12,0.02,-10.08,-0.11,0,-0.01,
1,12,0,-9.98,-0.11,0,-0.01,
1,12,0,-9.98,-0.11,0,-0.01,
1,12,0,-9.98,-0.11,0,-0.01,
1,12,0.04,-10.07,-0.11,0,-0.02,
1,12,0.04,-10.07,-0.11,0,-0.01,
1,12,0.01,-10,-0.15,0,-0.01,
1,12,0.01,-10,-0.15,-0.01,-0.01,
1,12,0.01,-10,-0.15,-0.01,-0.01,
1,12,0.02,-10.05,-0.09,-0.01,-0.01,
1,12,0.02,-10.05,-0.09,-0.01,-0.01,
1,12,0.02,-10.05,-0.09,-0.01,-0.01,
1,12,0.07,-10.05,-0.12,-0.01,-0.01,
1,12,0.07,-10.05,-0.12,-0.01,-0.01,
1,12,0.07,-10.05,-0.12,-0.01,-0.01,
1,12,0.06,-10.01,-0.14,-0.01,-0.01,
1,12,0.06,-10.01,-0.14,-0.01,-0.01,
1,12,0.06,-10.01,-0.14,-0.01,-0.01,
1,12,0.03,-10.02,-0.12,-0.01,-0.01,
1,12,0.03,-10.02,-0.12,-0.01,0,
1,12,0.03,-10.02,-0.12,0,-0.01,
1,12,0.03,-9.98,-0.11,0,-0.01,
1,12,0.03,-9.98,-0.11,0,-0.01,
1,12,0.03,-9.98,-0.11,-0.01,-0.01,
1,12,0.02,-10.06,-0.17,-0.01,-0.01,
1,12,0.02,-10.06,-0.17,0,-0.01,
1,12,0.02,-10.07,-0.06,-0.01,-0.01,
1,12,0.02,-10.07,-0.06,-0.01,-0.01,
1,12,0.02,-10.07,-0.06,0,-0.01,
1,12,0.01,-10.02,-0.08,0,0,
1,12,0.01,-10.02,-0.08,0,0,
1,12,0.01,-10.02,-0.08,-0.01,-0.01,
1,12,0.01,-10.05,-0.11,-0.01,-0.01,
1,12,0.01,-10.05,-0.11,-0.01,-0.01,
1,12,0.01,-10.05,-0.11,0,-0.01,
1,12,0.07,-10.06,-0.11,-0.01,-0.01,
1,12,0.07,-10.06,-0.11,0,-0.01,
1,12,0.07,-10.06,-0.11,0,-0.01,
1,12,0.08,-10.08,-0.15,0,-0.01,
1,12,0.08,-10.08,-0.15,0,-0.01,
1,12,0.05,-10.06,-0.08,0,-0.01,
1,12,0.05,-10.06,-0.08,-0.01,-0.01,
1,12,0.05,-10.06,-0.08,0,-0.01,
1,12,0,-10.04,-0.12,0,-0.01,
1,12,0,-10.04,-0.12,-0.01,-0.01,
1,12,0,-10.04,-0.12,-0.01,-0.01,
1,12,0.05,-10.07,-0.15,-0.01,-0.01,
1,12,0.05,-10.07,-0.15,-0.01,-0.01,
1,12,0.05,-10.07,-0.15,-0.01,-0.01,
1,12,0.01,-9.99,-0.07,-0.01,-0.01,
1,12,0.01,-9.99,-0.07,-0.01,-0.01,
1,12,0.01,-9.99,-0.07,-0.01,-0.01,
1,12,-0.03,-9.96,-0.04,-0.01,-0.01,
1,12,-0.03,-9.96,-0.04,-0.01,0,
1,12,-0.01,-10.04,-0.06,-0.01,-0.01,
1,12,-0.01,-10.04,-0.06,-0.01,-0.01,
1,12,-0.01,-10.04,-0.06,-0.01,-0.01,
1,12,0,-10.1,-0.09,0,-0.01,
1,12,0,-10.1,-0.09,0,-0.01,
1,12,0,-10.1,-0.09,-0.01,-0.01,
1,12,0.05,-10.07,-0.12,-0.01,-0.01,
1,12,0.05,-10.07,-0.12,-0.01,-0.01,
1,12,0.05,-10.07,-0.12,-0.01,-0.01,
1,12,0.12,-9.97,-0.15,0,-0.01,
1,12,0.12,-9.97,-0.15,0,-0.01,
1,12,0.12,-9.97,-0.15,-0.01,-0.01,
1,12,0.04,-10.04,-0.08,0,-0.01,
1,13,0.04,-10.04,-0.08,0,-0.01,
1,13,0.04,-10.04,-0.08,-0.01,-0.01,
1,13,-0.02,-10.04,-0.1,-0.01,0,
1,13,-0.02,-10.04,-0.1,-0.01,0,
1,13,0,-10.03,-0.11,-0.01,-0.01,
1,13,0,-10.03,-0.11,-0.01,-0.01,
1,13,0,-10.03,-0.11,-0.01,-0.01,
1,13,0.06,-10.08,-0.11,-0.01,-0.01,
1,13,0.06,-10.08,-0.11,-0.01,-0.01,
1,13,0.06,-10.08,-0.11,-0.01,-0.01,
1,13,0.02,-9.98,-0.11,-0.01,-0.01,
1,13,0.02,-9.98,-0.11,0,-0.01,
1,13,0.02,-9.98,-0.11,0,0,
1,13,-0.02,-10.03,-0.09,0,0,
1,13,-0.02,-10.03,-0.09,0,-0.01,
1,13,-0.02,-10.03,-0.09,-0.01,-0.01,
1,13,0.01,-10.03,-0.09,-0.01,-0.01,
1,13,0.01,-10.03,-0.09,-0.01,-0.01,
1,13,0.01,-10.03,-0.09,-0.01,-0.01,
1,13,0,-10.05,-0.13,-0.01,-0.01,
1,13,0,-10.05,-0.13,-0.01,-0.01,
1,13,0.06,-10.03,-0.18,-0.01,-0.01,
1,13,0.06,-10.03,-0.18,-0.01,-0.01,
1,13,0.06,-10.03,-0.18,-0.01,-0.01,
1,13,-0.05,-10.08,-0.11,0,-0.01,
1,13,-0.05,-10.08,-0.11,0,-0.01,
1,13,-0.05,-10.08,-0.11,-0.01,-0.01,
1,13,0.04,-10.08,-0.11,0,-0.01,
1,13,0.04,-10.08,-0.11,0,-0.01,
1,13,0.04,-10.08,-0.11,-0.01,-0.01,
1,13,-0.01,-10.11,-0.08,-0.01,-0.01,
1,13,-0.01,-10.11,-0.08,-0.01,-0.01,
1,13,-0.01,-10.11,-0.08,-0.01,-0.01,
1,13,0,-10.04,-0.09,-0.01,0,
1,13,0,-10.04,-0.09,-0.01,0,
1,13,0,-10.04,-0.09,-0.01,-0.01,
1,13,-0.01,-10.06,-0.11,0,0,
1,13,-0.01,-10.06,-0.11,0,0,
1,13,-0.01,-10.06,-0.11,-0.01,-0.01,
1,13,0.01,-10.07,-0.09,0,-0.01,
1,13,0.01,-10.07,-0.09,0,-0.01,
1,13,0.01,-10.05,-0.09,-0.01,0,
1,13,0.01,-10.05,-0.09,-0.01,-0.01,
1,13,0.01,-10.05,-0.09,-0.01,-0.01,
1,13,0.03,-10,-0.16,0,-0.01,
1,13,0.03,-10,-0.16,0,-0.01,
1,13,0.03,-10,-0.16,0,-0.01,
1,13,0.04,-10.04,-0.18,-0.01,-0.01,
1,13,0.04,-10.04,-0.18,0,-0.01,
1,13,0.04,-10.04,-0.18,0,-0.01,
1,13,0.03,-10.06,-0.11,0,-0.01,
1,13,0.03,-10.06,-0.11,-0.01,-0.01,
1,13,0.03,-10.06,-0.11,-0.01,-0.01,
1,13,0.02,-10,-0.08,-0.01,-0.01,
1,13,0.02,-10,-0.08,-0.01,-0.01,
1,13,0.02,-10,-0.08,-0.01,-0.01,
1,13,0,-10.07,-0.07,0,-0.01,
1,13,0,-10.07,-0.07,0,-0.01,
1,13,0,-10.07,-0.07,0,-0.01,
1,13,0.05,-10.05,-0.11,-0.01,-0.01,
1,13,0.05,-10.05,-0.11,-0.01,-0.01,
1,13,0.05,-10.05,-0.11,-0.01,-0.01,
1,13,-0.01,-10.02,-0.11,0,-0.01,
1,13,-0.01,-10.02,-0.11,-0.01,-0.01,
1,13,-0.01,-10.02,-0.11,-0.01,-0.01,
1,13,0.08,-10,-0.14,0,-0.01,
1,13,0.08,-10,-0.14,0,0,
1,13,0.06,-10.04,-0.14,0,0,
1,13,0.06,-10.04,-0.14,0,-0.01,
1,13,0.06,-10.04,-0.14,0,-0.01,
1,13,0.05,-10.05,-0.14,0,-0.01,
1,13,0.05,-10.05,-0.14,0,-0.01,
1,13,0.05,-10.05,-0.14,-0.01,-0.01,
1,13,0,-10.06,-0.11,-0.01,-0.01,
1,13,0,-10.06,-0.11,-0.01,-0.01,
1,13,0,-10.06,-0.11,-0.01,-0.01,
1,13,0.06,-10.04,-0.15,-0.01,-0.01,
1,13,0.06,-10.04,-0.15,-0.01,-0.01,
1,13,0.06,-10.04,-0.15,-0.01,-0.01,
1,13,0,-10.08,-0.1,-0.01,-0.01,
1,13,0,-10.08,-0.1,0,-0.01,
1,13,-0.03,-10.03,-0.14,0,-0.01,
1,13,-0.03,-10.03,-0.14,-0.01,-0.01,
1,13,-0.03,-10.03,-0.14,-0.01,-0.01,
1,13,0.01,-10.03,-0.08,-0.01,-0.01,
1,13,0.01,-10.03,-0.08,-0.01,-0.01,
1,13,0.01,-10.03,-0.08,-0.01,-0.01,
1,13,-0.04,-10.01,-0.07,-0.01,-0.01,
1,13,-0.01,-9.98,-0.11,-0.01,-0.01,
1,13,-0.01,-9.98,-0.11,-0.01,-0.01,
1,13,-0.01,-9.98,-0.11,-0.01,-0.01,
1,13,0.01,-10.01,-0.13,-0.01,-0.01,
1,13,0.01,-10.01,-0.13,-0.01,-0.01,
1,13,0.01,-10.01,-0.13,0,-0.01,
1,13,0.04,-10.04,-0.09,-0.01,-0.01,
1,13,0.04,-10.04,-0.09,-0.01,-0.01,
1,13,0.04,-10.04,-0.09,-0.01,-0.01,
1,13,-0.04,-9.99,-0.11,-0.01,-0.01,
1,13,-0.04,-9.99,-0.11,-0.01,-0.01,
1,13,-0.04,-9.99,-0.11,-0.01,-0.01,
1,13,-0.02,-10.01,-0.14,0,-0.01,
1,13,-0.02,-10.01,-0.14,0,-0.01,
1,13,-0.02,-10.01,-0.14,-0.01,-0.01,
1,13,0.05,-10.05,-0.11,-0.01,-0.01,
1,13,0.05,-10.05,-0.11,-0.01,-0.01,
1,13,0.01,-10.03,-0.12,-0.01,-0.01,
1,13,0.01,-10.03,-0.12,0,-0.01,
1,13,0.01,-10.03,-0.12,0,-0.01,
1,13,0.07,-10.04,-0.14,-0.01,-0.01,
1,13,0.07,-10.04,-0.14,-0.01,-0.01,
1,13,0.07,-10.04,-0.14,-0.01,-0.01,
1,13,0.05,-10.05,-0.16,-0.01,-0.01,
1,13,0.05,-10.05,-0.16,0,-0.01,
1,13,0.05,-10.05,-0.16,0,-0.01,
1,13,0.02,-10.02,-0.13,-0.01,-0.01,
1,13,0.02,-10.02,-0.13,-0.01,-0.01,
1,13,0.02,-10.02,-0.13,-0.01,-0.01,
1,13,0.08,-9.98,-0.06,-0.01,-0.01,
1,13,0.08,-9.98,-0.06,0,-0.01,
1,13,-0.01,-10.1,-0.1,0,-0.01,
1,13,-0.01,-10.1,-0.1,0,-0.01,
1,13,-0.01,-10.1,-0.1,-0.01,-0.01,
1,13,0,-10.02,-0.14,-0.01,-0.01,
1,13,0,-10.02,-0.14,-0.01,-0.01,
1,13,0,-10.02,-0.14,-0.01,-0.01,
1,13,0.04,-10.03,-0.06,-0.01,-0.01,
1,13,0.04,-10.03,-0.06,0,-0.01,
1,13,0.04,-10.03,-0.06,-0.01,-0.01,
1,13,-0.02,-10.03,-0.09,-0.01,-0.01,
1,13,-0.02,-10.03,-0.09,-0.01,-0.01,
1,13,-0.02,-10.03,-0.09,-0.01,-0.01,
1,13,0.04,-10.02,-0.11,-0.01,-0.01,
1,13,0.04,-10.02,-0.11,0,-0.01,
1,13,0.04,-10.02,-0.11,-0.01,-0.01,
1,13,-0.01,-10.08,-0.09,-0.01,-0.01,
1,13,-0.01,-10.08,-0.09,-0.01,0,
1,13,-0.01,-10.08,-0.09,-0.01,0,
1,13,0.07,-10,-0.1,-0.01,-0.01,
1,13,0.07,-10,-0.1,0,-0.01,
1,13,-0.1,-10.07,-0.09,-0.01,-0.01,
1,13,-0.1,-10.07,-0.09,-0.01,-0.01,
1,13,-0.1,-10.07,-0.09,-0.01,-0.01,
1,13,-0.03,-10.03,-0.15,0,-0.01,
1,13,-0.03,-10.03,-0.15,0,-0.01,
1,13,-0.03,-10.03,-0.15,-0.01,-0.01,
1,13,0.03,-10.07,-0.03,0,-0.01,
1,13,0.03,-10.07,-0.03,0,-0.01,
1,13,0.03,-10.07,-0.03,-0.01,-0.01,
1,13,0,-9.96,-0.11,-0.01,0,
1,13,0,-9.96,-0.11,-0.01,0,
1,14,0,-9.96,-0.11,-0.01,-0.01,
1,14,0.02,-10.05,-0.13,0,-0.01,
1,14,0.02,-10.05,-0.13,0,-0.01,
1,14,0.02,-10.05,-0.13,-0.01,-0.01,
1,14,0.07,-10.02,-0.13,0,-0.01,
1,14,0.07,-10.02,-0.13,0,-0.01,
1,14,0.07,-10.02,-0.13,-0.01,-0.01,
1,14,0.04,-10,-0.14,-0.01,-0.01,
1,14,0.04,-10,-0.14,-0.01,-0.01,
1,14,0.04,-10,-0.14,0,-0.02,
1,14,0.02,-9.96,-0.09,-0.01,-0.01,
1,14,0.02,-9.96,-0.09,-0.01,-0.01,
1,14,0.07,-10.04,-0.12,0,-0.01,
1,14,0.07,-10.04,-0.12,0,-0.01,
1,14,0.07,-10.04,-0.12,0,-0.01,
1,14,0,-10.05,-0.14,-0.01,-0.01,
1,14,0,-10.05,-0.14,-0.01,-0.01,
1,14,0,-10.05,-0.14,-0.01,-0.01,
1,14,0.06,-10.05,-0.09,-0.01,-0.01,
1,14,0.06,-10.05,-0.09,-0.01,-0.01,
1,14,0.06,-10.05,-0.09,-0.01,-0.01,
1,14,-0.03,-10.02,-0.12,0,0,
1,14,-0.03,-10.02,-0.12,-0.01,-0.01,
1,14,-0.03,-10.02,-0.12,-0.01,-0.01,
1,14,0,-10.01,-0.09,-0.01,-0.01,
1,14,0,-10.01,-0.09,-0.01,-0.01,
1,14,-0.01,-10.01,-0.11,-0.01,-0.01,
1,14,-0.01,-10.01,-0.11,-0.01,-0.01,
1,14,-0.01,-10.01,-0.11,-0.01,-0.01,
1,14,0.07,-10.07,-0.08,-0.01,-0.01,
1,14,0.07,-10.07,-0.08,-0.01,-0.01,
1,14,0.07,-10.07,-0.08,0,-0.01,
1,14,0.04,-10.03,-0.16,-0.01,-0.01,
1,14,0.04,-10.03,-0.16,-0.01,-0.01,
1,14,0.04,-10.03,-0.16,-0.01,-0.01,
1,14,-0.01,-10.08,-0.21,-0.01,-0.01,
1,14,-0.01,-10.08,-0.21,-0.01,-0.01,
1,14,-0.01,-10.08,-0.21,-0.01,-0.01,
1,14,0.05,-10.06,-0.1,-0.01,0,
1,14,0.05,-10.06,-0.1,-0.01,0,
1,14,0.06,-10,-0.1,0,-0.01,
1,14,0.06,-10,-0.1,-0.01,-0.01,
1,14,0.06,-10,-0.1,-0.01,-0.01,
1,14,-0.01,-10.08,-0.09,-0.01,-0.01,
1,14,-0.01,-10.08,-0.09,-0.01,-0.01,
1,14,-0.01,-10.08,-0.09,-0.01,-0.01,
1,14,0.04,-10.03,-0.11,-0.01,-0.01,
1,14,0.04,-10.03,-0.11,-0.01,-0.01,
1,14,0.04,-10.03,-0.11,0,-0.01,
1,14,-0.04,-9.99,-0.15,0,-0.01,
1,14,-0.04,-9.99,-0.15,-0.01,-0.01,
1,14,-0.04,-9.99,-0.15,-0.01,-0.01,
1,14,0.06,-10,-0.07,-0.01,-0.01,
1,14,0.06,-10,-0.07,0,-0.01,
1,14,0.06,-10,-0.07,-0.01,-0.01,
1,14,0.03,-10.01,-0.08,-0.01,-0.01,
1,14,0.03,-10.01,-0.08,-0.01,-0.01,
1,14,-0.02,-10.13,-0.2,-0.01,-0.01,
1,14,-0.02,-10.13,-0.2,-0.01,-0.01,
1,14,-0.02,-10.13,-0.2,-0.01,-0.01,
1,14,-0.02,-10.07,-0.14,-0.01,-0.01,
1,14,-0.02,-10.07,-0.14,-0.01,-0.01,
1,14,-0.02,-10.07,-0.14,-0.01,-0.01,
1,14,0.07,-9.99,-0.1,-0.01,-0.01,
1,14,0.07,-9.99,-0.1,-0.01,-0.01,
1,14,0.07,-9.99,-0.1,0,-0.01,
1,14,0,-10.03,-0.11,-0.01,-0.01,
1,14,0,-10.03,-0.11,-0.01,-0.01,
1,14,-0.02,-10.08,-0.11,-0.01,-0.01,
1,14,-0.02,-10.08,-0.11,-0.01,-0.01,
1,14,-0.02,-10.08,-0.11,-0.01,-0.01,
1,14,0.06,-10.02,-0.11,-0.01,-0.01,
1,14,0.06,-10.02,-0.11,-0.01,-0.01,
1,14,0.06,-10.02,-0.11,-0.01,-0.01,
1,14,-0.01,-10,-0.1,-0.01,-0.01,
1,14,-0.01,-10,-0.1,-0.01,-0.01,
1,14,-0.01,-10,-0.1,-0.01,-0.01,
1,14,0.05,-10.04,-0.06,-0.01,-0.01,
1,14,0.05,-10.04,-0.06,0,-0.01,
1,14,0.05,-10.04,-0.06,0,-0.01,
1,14,0.06,-10.03,-0.08,-0.01,-0.01,
1,14,0.06,-10.03,-0.08,-0.01,-0.01,
1,14,0.06,-10.03,-0.08,-0.01,-0.01,
1,14,-0.03,-10.07,-0.14,-0.01,-0.01,
1,14,-0.03,-10.07,-0.14,-0.01,-0.01,
1,14,-0.03,-10.07,-0.14,-0.01,-0.01,
1,14,0.03,-10.04,-0.14,-0.01,-0.01,
1,14,0.03,-10.04,-0.14,-0.01,-0.01,
1,14,0.03,-10.04,-0.14,-0.01,-0.01,
1,14,0.02,-10.03,-0.11,-0.01,-0.01,
1,14,0.02,-10.03,-0.11,-0.01,-0.01,
1,14,0.02,-10.03,-0.11,-0.01,-0.01,
1,14,0.01,-10.05,-0.09,0,-0.01,
1,14,0.01,-10.05,-0.09,0,-0.01,
1,14,0.01,-10.05,-0.09,0,-0.01,
1,14,-0.08,-9.97,-0.13,-0.01,-0.01,
1,14,-0.08,-9.97,-0.13,-0.01,-0.01,
1,14,-0.08,-9.97,-0.13,-0.01,-0.01,
1,14,0,-10.04,-0.08,-0.01,-0.01,
1,14,0,-10.04,-0.08,-0.01,-0.01,
1,14,0,-10.02,-0.15,-0.01,-0.01,
1,14,0,-10.02,-0.15,-0.01,-0.01,
1,14,0,-10.02,-0.15,-0.01,-0.01,
1,14,0.03,-10.04,-0.11,-0.01,-0.01,
1,14,0.03,-10.04,-0.11,-0.01,-0.01,
1,14,0.03,-10.04,-0.11,0,-0.01,
1,14,0.03,-10.01,-0.11,0,-0.01,
1,14,0.03,-10.01,-0.11,-0.01,-0.01,
1,14,0.03,-10.01,-0.11,-0.01,-0.01,
1,14,-0.04,-10.06,-0.12,-0.01,-0.01,
1,14,-0.04,-10.06,-0.12,-0.01,-0.01,
1,14,-0.04,-10.06,-0.12,-0.01,0,
1,14,0.03,-9.97,-0.08,-0.01,0,
1,14,0.03,-9.97,-0.08,-0.01,-0.01,
1,14,0.07,-10.01,-0.11,-0.01,-0.01,
1,14,0.07,-10.01,-0.11,-0.01,-0.01,
1,14,0.07,-10.01,-0.11,0,0,
1,14,-0.04,-10.07,-0.07,-0.01,-0.01,
1,14,-0.04,-10.07,-0.07,-0.01,-0.01,
1,14,-0.04,-10.07,-0.07,-0.01,-0.01,
1,14,-0.01,-10.04,-0.13,-0.01,-0.01,
1,14,-0.01,-10.04,-0.13,-0.01,-0.01,
1,14,-0.01,-10.04,-0.13,-0.01,-0.01,
1,14,0,-10.04,-0.14,0,-0.01,
1,14,0,-10.04,-0.14,0,-0.01,
1,14,0,-10.04,-0.14,0,-0.01,
1,14,0,-10,-0.1,-0.01,-0.01,
1,14,0,-10,-0.1,-0.01,-0.01,
1,14,0,-10,-0.1,-0.01,-0.01,
1,14,0.05,-10.01,-0.13,-0.01,-0.01,
1,14,0.05,-10.01,-0.13,0,-0.01,
1,14,0.02,-10.06,-0.13,0,-0.01,
1,14,0.02,-10.06,-0.13,-0.01,-0.01,
1,14,0.02,-10.06,-0.13,0,-0.01,
1,14,-0.01,-10.01,-0.1,0,-0.01,
1,14,-0.01,-10.01,-0.1,0,-0.01,
1,14,-0.01,-10.01,-0.1,0,-0.01,
1,14,0,-10.03,-0.1,0,-0.01,
1,14,0,-10.03,-0.1,-0.01,-0.01,
1,14,0,-10.03,-0.1,0,-0.01,
1,14,0.03,-10.05,-0.14,0,-0.01,
1,14,0.03,-10.05,-0.14,0,-0.01,
1,14,0.03,-10.05,-0.14,-0.01,-0.01,
1,14,0,-10.07,-0.11,-0.01,-0.01,
1,14,0,-10.07,-0.11,-0.01,-0.01,
1,14,0,-10.07,-0.11,0,-0.01,
1,14,-0.04,-10.09,-0.09,0,-0.01,
1,14,-0.04,-10.09,-0.09,0,-0.01,
1,14,0.04,-10.02,-0.17,0,-0.01,
1,14,0.04,-10.02,-0.17,0,-0.01,
1,14,0.04,-10.02,-0.17,0,-0.01,
1,14,0.1,-10.01,-0.1,-0.01,-0.01,
1,14,0.1,-10.01,-0.1,-0.01,-0.01,
1,15,0.1,-10.01,-0.1,0,-0.01,
1,15,-0.03,-9.96,-0.11,0,-0.01,
1,15,-0.03,-9.96,-0.11,0,-0.01,
1,15,-0.03,-9.96,-0.11,-0.01,-0.01,
1,15,-0.01,-9.98,-0.13,-0.01,-0.01,
1,15,-0.01,-9.98,-0.13,-0.01,-0.01,
1,15,-0.01,-9.98,-0.13,-0.01,-0.01,
1,15,-0.03,-9.98,-0.1,0,-0.01,
1,15,-0.03,-9.98,-0.1,0,-0.01,
1,15,-0.03,-9.98,-0.1,-0.01,-0.01,
1,15,0.09,-10.01,-0.07,0,-0.01,
1,15,0.09,-10.01,-0.07,-0.01,-0.01,
1,15,0.05,-10.09,-0.1,-0.01,-0.01,
1,15,0.05,-10.09,-0.1,-0.01,-0.01,
1,15,0.05,-10.09,-0.1,-0.01,-0.01,
1,15,0.02,-10,-0.18,0,-0.01,
1,15,0.02,-10,-0.18,-0.01,-0.01,
1,15,0.02,-10,-0.18,-0.01,-0.01,
1,15,0,-10,-0.11,-0.01,-0.01,
1,15,0,-10,-0.11,-0.01,-0.01,
1,15,0,-10,-0.11,-0.01,-0.01,
1,15,0.06,-9.97,-0.13,0,-0.01,
1,15,0.06,-9.97,-0.13,0,0,
1,15,0.06,-9.97,-0.13,0,0,
1,15,0.05,-10.06,-0.14,-0.01,-0.01,
1,15,0.05,-10.06,-0.14,-0.01,-0.01,
1,15,0.05,-10.06,-0.14,-0.01,-0.01,
1,15,0.01,-9.98,-0.16,-0.01,-0.01,
1,15,0.01,-9.98,-0.16,-0.01,-0.01,
1,15,0.01,-9.98,-0.16,-0.01,-0.01,
1,15,-0.01,-10.08,-0.11,-0.01,-0.01,
1,15,-0.01,-10.08,-0.11,-0.01,-0.01,
1,15,-0.01,-10.08,-0.11,-0.01,-0.01,
1,15,0.01,-10.03,-0.14,0,-0.01,
1,15,0.01,-10.03,-0.14,-0.01,-0.01,
1,15,0.01,-10.03,-0.14,-0.01,-0.01,
1,15,0.04,-10.02,-0.12,-0.01,-0.01,
1,15,0.04,-10.02,-0.12,-0.01,-0.01,
1,15,0.04,-10.02,-0.12,-0.01,-0.01,
1,15,0.06,-10.08,-0.1,-0.01,-0.01,
1,15,0.06,-10.08,-0.1,-0.01,-0.01,
1,15,0.07,-10.07,-0.14,-0.01,-0.01,
1,15,0.07,-10.07,-0.14,-0.01,-0.01,
1,15,0.07,-10.07,-0.14,0,-0.01,
1,15,0.07,-10.06,-0.13,0,-0.01,
1,15,0.07,-10.06,-0.13,-0.01,-0.01,
1,15,0.07,-10.06,-0.13,-0.01,-0.01,
1,15,0.04,-10.04,-0.07,-0.01,-0.01,
1,15,0.04,-10.04,-0.07,-0.01,-0.01,
1,15,0.04,-10.04,-0.07,-0.01,-0.01,
1,15,0.08,-10,-0.09,-0.01,-0.01,
1,15,0.08,-10,-0.09,-0.01,-0.01,
1,15,0.08,-10,-0.09,-0.01,-0.01,
1,15,-0.02,-10.04,-0.14,-0.01,-0.01,
1,15,-0.02,-10.04,-0.14,-0.01,-0.01,
1,15,-0.02,-10.04,-0.14,-0.01,-0.01,
1,15,0.05,-10.07,-0.13,-0.01,-0.01,
1,15,0.05,-10.07,-0.13,-0.01,-0.01,
1,15,0.02,-10.04,-0.13,-0.01,0,
1,15,0.02,-10.04,-0.13,-0.01,0,
1,15,0.02,-10.04,-0.13,-0.01,-0.01,
1,15,0.05,-9.99,-0.1,-0.01,-0.01,
1,15,0.05,-9.99,-0.1,-0.01,-0.01,
1,15,0.05,-9.99,-0.1,-0.01,-0.01,
1,15,-0.01,-10,-0.14,-0.01,-0.01,
1,15,-0.01,-10,-0.14,-0.01,-0.01,
1,15,-0.01,-10,-0.14,0,-0.01,
1,15,0,-10,-0.11,-0.01,-0.01,
1,15,0,-10,-0.11,0,-0.01,
1,15,0,-10,-0.11,0,-0.01,
1,15,0.01,-10.05,-0.07,-0.01,-0.01,
1,15,0.01,-10.05,-0.07,-0.01,-0.01,
1,15,0.05,-9.99,-0.07,-0.01,-0.01,
1,15,0.05,-9.99,-0.07,-0.01,-0.01,
1,15,0.05,-9.99,-0.07,-0.01,-0.01,
1,15,0.01,-10.02,-0.11,-0.01,-0.01,
1,15,0.01,-10.02,-0.11,0,-0.01,
1,15,0.01,-10.02,-0.11,-0.01,-0.01,
1,15,0.04,-10.03,-0.1,-0.01,-0.01,
1,15,0.04,-10.03,-0.1,-0.01,-0.01,
1,15,0.04,-10.03,-0.1,-0.01,-0.01,
1,15,0.04,-10.05,-0.12,-0.01,-0.01,
1,15,0.04,-10.05,-0.12,-0.01,-0.01,
1,15,0.04,-10.05,-0.12,-0.01,-0.01,
1,15,0,-10.03,-0.13,-0.01,-0.01,
1,15,0,-10.03,-0.13,-0.01,-0.01,
1,15,0,-10.03,-0.13,-0.01,-0.01,
1,15,0.06,-10,-0.1,-0.01,-0.01,
1,15,0.06,-10,-0.1,-0.01,-0.01,
1,15,0.02,-10.01,-0.11,-0.01,-0.01,
1,15,0.02,-10.01,-0.11,-0.01,-0.01,
1,15,0.02,-10.01,-0.11,-0.01,-0.01,
1,15,0,-9.97,-0.09,-0.01,-0.01,
1,15,0,-9.97,-0.09,-0.01,-0.01,
1,15,0,-9.97,-0.09,0,-0.01,
1,15,0.01,-10.07,-0.12,-0.01,-0.01,
1,15,0.01,-10.07,-0.12,-0.01,-0.01,
1,15,0.01,-10.07,-0.12,-0.01,-0.01,
1,15,-0.01,-10.07,-0.11,-0.01,-0.01,
1,15,-0.01,-10.07,-0.11,-0.01,-0.01,
1,15,0.03,-10.03,-0.11,-0.01,-0.01,
1,15,0.03,-10.03,-0.11,0,-0.01,
1,15,0.03,-10.03,-0.11,-0.01,-0.01,
1,15,0,-10.06,-0.13,-0.01,-0.01,
1,15,0,-10.06,-0.13,0,-0.01,
1,15,0,-10.06,-0.13,0,-0.01,
1,15,0.01,-9.96,-0.13,0,-0.01,
1,15,0.01,-9.96,-0.13,-0.01,-0.01,
1,15,0.01,-9.96,-0.13,0,-0.01,
1,15,0.05,-10.03,-0.11,0,-0.01,
1,15,0.05,-10.03,-0.11,0,-0.01,
1,15,0.05,-10.03,-0.11,-0.01,-0.01,
1,15,-0.01,-10.03,-0.13,-0.01,-0.01,
1,15,-0.01,-10.03,-0.13,-0.01,0,
1,15,-0.01,-10.03,-0.13,-0.01,-0.01,
1,15,0.04,-9.98,-0.07,-0.01,-0.01,
1,15,0.04,-9.98,-0.07,-0.01,-0.01,
1,15,0.04,-9.98,-0.07,-0.01,-0.01,
1,15,0.02,-10.03,-0.09,-0.01,-0.01,
1,15,0.02,-10.03,-0.09,-0.01,-0.01,
1,15,0.02,-10.03,-0.09,-0.01,0,
1,15,0.02,-9.99,-0.14,-0.01,0,
1,15,0.02,-9.99,-0.14,-0.01,-0.01,
1,15,0.02,-9.99,-0.14,-0.01,-0.01,
1,15,0.04,-10.03,-0.09,-0.01,-0.01,
1,15,0.04,-10.03,-0.09,-0.01,-0.01,
1,15,0.08,-10.06,-0.1,-0.01,-0.01,
1,15,0.08,-10.06,-0.1,0,-0.01,
1,15,0.08,-10.06,-0.1,-0.01,-0.01,
1,15,0.06,-10.04,-0.08,-0.01,-0.01,
1,15,0.06,-10.04,-0.08,0,-0.01,
1,15,0.06,-10.04,-0.08,-0.01,-0.01,
1,15,0.02,-10.04,-0.09,-0.01,-0.01,
1,15,0.02,-10.04,-0.09,0,-0.01,
1,15,0.02,-10.04,-0.09,-0.01,-0.01,
1,15,-0.01,-9.97,-0.14,-0.01,-0.01,
1,15,-0.01,-9.97,-0.14,-0.01,-0.01,
1,15,-0.01,-9.97,-0.14,0,-0.01,
1,15,0.05,-9.99,-0.08,0,-0.01,
1,15,0.05,-9.99,-0.08,-0.01,-0.01,
1,15,0.05,-9.99,-0.08,-0.01,-0.01,
1,15,0,-9.99,-0.14,-0.01,-0.01,
1,15,0,-9.99,-0.14,-0.01,-0.01,
1,15,0,-9.99,-0.14,0,-0.01,
1,15,0.03,-10.05,-0.16,0,-0.01,
1,15,0.03,-10.05,-0.16,0,-0.01,
1,15,0.03,-10.05,-0.16,-0.01,-0.01,
1,15,0.17,-9.97,-0.1,-0.01,-0.01,
1,15,0.17,-9.97,-0.1,-0.01,-0.01,
1,15,0.07,-9.96,-0.05,0,-0.01,
1,15,0.07,-9.96,-0.05,0,-0.01,
1,15,0.07,-9.96,-0.05,0,-0.01,
1,15,0.03,-9.95,0.08,0,-0.01,
1,16,0.03,-9.95,0.08,0,-0.01,
1,16,0.03,-9.95,0.08,-0.01,-0.01,
1,16,-0.04,-10.07,-0.03,-0.01,-0.01,
1,16,-0.04,-10.07,-0.03,-0.01,-0.01,
1,16,-0.04,-10.07,-0.03,-0.01,-0.01,
1,16,-0.04,-10.07,-0.23,-0.01,-0.01,
1,16,-0.04,-10.07,-0.23,-0.01,-0.01,
1,16,-0.04,-10.07,-0.23,-0.01,-0.01,
1,16,0,-10.04,-0.14,0,-0.01,
1,16,0,-10.04,-0.14,-0.01,-0.01,
1,16,0,-10.04,-0.14,-0.01,-0.01,
1,16,0.14,-9.97,-0.02,-0.01,0,
1,16,0.14,-9.97,-0.02,0,-0.01,
1,16,0.09,-10.03,0.01,0,-0.01,
1,16,0.09,-10.03,0.01,-0.01,-0.01,
1,16,0.09,-10.03,0.01,0,-0.01,
1,16,-0.33,-8.49,-1.78,0,-0.01,
1,16,-0.33,-8.49,-1.78,0.03,-0.02,
1,16,-0.33,-8.49,-1.78,-0.08,0,
1,16,-0.59,-9.23,-1.7,-0.08,0,
1,16,-0.59,-9.23,-1.7,0.05,0,
1,16,-0.59,-9.23,-1.7,-0.06,0,
1,16,-0.43,-11.26,-2.34,-0.06,0,
1,16,-0.43,-11.26,-2.34,0.03,-0.03,
1,16,-0.43,-11.26,-2.34,-0.02,0,
1,16,-0.68,-9.24,-1.13,-0.02,0,
1,16,-0.68,-9.24,-1.13,0,-0.01,
1,16,-0.68,-9.24,-1.13,0.01,-0.01,
1,16,0.53,-10.1,0.82,0.01,-0.01,
1,16,0.53,-10.1,0.82,-0.03,0,
1,16,0.53,-10.1,0.82,0.03,-0.02,
1,16,0.7,-8.95,1.77,0.03,-0.02,
1,16,0.7,-8.95,1.77,-0.05,0,
1,16,1.1,-9.51,1.6,0.03,-0.02,
1,16,1.1,-9.51,1.6,0.03,-0.02,
1,16,1.1,-9.51,1.6,-0.03,-0.01,
1,16,-0.15,-9.83,0.71,0,-0.02,
1,16,-0.15,-9.83,0.71,0,-0.02,
1,16,-0.15,-9.83,0.71,-0.01,-0.01,
1,16,0.68,-10.01,-0.08,-0.01,-0.01,
1,16,0.68,-10.01,-0.08,-0.01,-0.01,
1,16,0.68,-10.01,-0.08,0.01,-0.01,
1,16,-0.17,-10.13,-0.32,-0.01,-0.01,
1,16,-0.17,-10.13,-0.32,-0.01,-0.01,
1,16,-0.17,-10.13,-0.32,-0.01,-0.01,
1,16,0.2,-10.29,-0.45,-0.01,-0.01,
1,16,0.2,-10.29,-0.45,-0.01,-0.01,
1,16,0.2,-10.29,-0.45,-0.01,-0.01,
1,16,-0.09,-9.93,-0.11,-0.01,-0.01,
1,16,-0.09,-9.93,-0.11,-0.01,-0.01,
1,16,0.13,-10.13,-0.16,-0.01,-0.01,
1,16,0.13,-10.13,-0.16,-0.01,-0.02,
1,16,0.13,-10.13,-0.16,-0.01,-0.02,
1,16,-0.01,-10.01,-0.04,-0.01,-0.01,
1,16,-0.01,-10.01,-0.04,-0.01,-0.01,
1,16,-0.01,-10.01,-0.04,-0.01,-0.01,
1,16,0.18,-10,-0.03,-0.01,-0.01,
1,16,0.18,-10,-0.03,-0.01,-0.01,
1,16,0.18,-10,-0.03,-0.01,-0.01,
1,16,-0.05,-10,-0.14,-0.01,-0.01,
1,16,-0.05,-10,-0.14,-0.01,-0.01,
1,16,-0.05,-10,-0.14,-0.01,-0.01,
1,16,-0.07,-10.03,-0.16,0,-0.01,
1,16,-0.07,-10.03,-0.16,0,-0.01,
1,16,-0.07,-10.03,-0.16,-0.01,-0.01,
1,16,0.01,-10.06,-0.22,-0.01,-0.01,
1,16,0.01,-10.06,-0.22,-0.01,-0.01,
1,16,0.01,-10.06,-0.22,0,-0.01,
1,16,0.05,-10.05,-0.22,0,-0.01,
1,16,0.05,-10.05,-0.22,0,-0.01,
1,16,0.05,-10.05,-0.22,-0.01,-0.01,
1,16,0,-10.1,-0.2,0,-0.01,
1,16,0,-10.1,-0.2,0,-0.01,
1,16,0,-10.1,-0.2,-0.01,-0.01,
1,16,0.05,-9.98,-0.02,-0.01,-0.01,
1,16,0.05,-9.98,-0.02,-0.01,-0.01,
1,16,0.05,-9.98,-0.02,-0.01,-0.01,
1,16,0.06,-9.94,-0.01,0,-0.01,
1,16,0.06,-9.94,-0.01,0,-0.01,
1,16,0.06,-9.94,-0.01,0,-0.01,
1,16,-0.02,-10.05,-0.15,-0.01,-0.01,
1,16,-0.02,-10.05,-0.15,-0.01,-0.01,
1,16,-0.05,-10.08,-0.19,-0.01,-0.01,
1,16,-0.05,-10.08,-0.19,-0.01,-0.01,
1,16,-0.05,-10.08,-0.19,-0.01,-0.01,
1,16,0.04,-10.07,-0.15,-0.01,-0.01,
1,16,0.04,-10.07,-0.15,-0.01,-0.01,
1,16,0.04,-10.07,-0.15,-0.01,-0.01,
1,16,0.07,-10.02,-0.07,0,-0.01,
1,16,0.07,-10.02,-0.07,-0.01,-0.01,
1,16,0.07,-10.02,-0.07,-0.01,-0.01,
1,16,-0.01,-10.01,-0.06,0,-0.01,
1,16,-0.01,-10.01,-0.06,-0.01,-0.01,
1,16,-0.01,-10.01,-0.06,-0.01,-0.01,
1,16,0.03,-10.03,-0.06,-0.01,-0.01,
1,16,0.03,-10.03,-0.06,-0.01,0,
1,16,0.03,-10.03,-0.06,-0.01,-0.01,
1,16,-0.03,-10.04,-0.1,-0.01,-0.01,
1,16,-0.03,-10.04,-0.1,-0.01,-0.01,
1,16,-0.1,-10.11,-0.13,-0.01,-0.01,
1,16,-0.1,-10.11,-0.13,-0.01,-0.01,
1,16,-0.1,-10.11,-0.13,0,-0.01,
1,16,0.01,-10.07,-0.15,-0.01,-0.01,
1,16,0.01,-10.07,-0.15,-0.01,-0.01,
1,16,0.01,-10.07,-0.15,-0.01,-0.01,
1,16,0.07,-9.99,-0.13,-0.01,-0.01,
1,16,0.07,-9.99,-0.13,-0.01,-0.01,
1,16,0.07,-9.99,-0.13,-0.01,-0.01,
1,16,0.03,-10.05,-0.11,-0.01,-0.01,
1,16,0.03,-10.05,-0.11,-0.01,-0.01,
1,16,0.03,-10.05,-0.11,-0.01,0,
1,16,0.02,-10.01,-0.16,-0.01,-0.01,
1,16,0.02,-10.01,-0.16,-0.01,-0.01,
1,16,0.02,-10.01,-0.16,-0.01,-0.01,
1,16,0,-10.06,-0.09,-0.01,-0.01,
1,16,0,-10.06,-0.09,-0.01,-0.01,
1,16,0,-10.02,-0.08,0,-0.01,
1,16,0,-10.02,-0.08,-0.01,-0.01,
1,16,0,-10.02,-0.08,-0.01,-0.01,
1,16,0.03,-10,-0.08,0,-0.01,
1,16,0.03,-10,-0.08,-0.01,-0.01,
1,16,0.03,-10,-0.08,-0.01,-0.01,
1,16,0.03,-10.04,-0.09,0,-0.01,
1,16,0.03,-10.04,-0.09,-0.01,-0.01,
1,16,0.03,-10.04,-0.09,-0.01,-0.01,
1,16,0,-10.03,-0.12,0,-0.01,
1,16,0,-10.03,-0.12,-0.01,-0.01,
1,16,0,-10.03,-0.12,-0.01,-0.01,
1,16,0,-10.1,-0.15,-0.01,-0.01,
1,16,0,-10.1,-0.15,-0.01,-0.01,
1,16,0.05,-10.03,-0.11,-0.01,-0.01,
1,16,0.05,-10.03,-0.11,0,-0.01,
1,16,0.05,-10.03,-0.11,0,-0.01,
1,16,0.02,-10.02,-0.1,-0.01,-0.01,
1,16,0.02,-10.02,-0.1,-0.01,-0.01,
1,16,0.02,-10.02,-0.1,-0.01,-0.01,
1,16,0.05,-10.05,-0.2,-0.01,-0.01,
1,16,0.05,-10.05,-0.2,-0.01,-0.01,
1,16,0.05,-10.05,-0.2,-0.01,-0.01,
1,16,0.03,-10.05,-0.11,0,-0.01,
1,16,0.03,-10.05,-0.11,0,-0.01,
1,16,0.03,-10.05,-0.11,-0.01,-0.02,
1,16,0.07,-10.1,-0.14,-0.01,-0.01,
1,16,0.07,-10.1,-0.14,-0.01,-0.01,
1,16,0.07,-10.1,-0.14,-0.01,-0.01,
1,16,0.05,-10.03,-0.23,0,-0.01,
1,16,0.05,-10.03,-0.23,0,-0.01,
1,16,-0.07,-9.96,-0.12,-0.01,-0.01,
1,16,-0.07,-9.96,-0.12,-0.01,-0.01,
1,16,-0.07,-9.96,-0.12,-0.01,-0.01,
1,16,0.01,-10.11,-0.15,-0.01,-0.01,
1,16,0.01,-10.11,-0.15,-0.01,-0.01,
1,16,0.01,-10.11,-0.15,-0.01,-0.01,
1,16,0.02,-10.05,-0.04,0,-0.01,
1,17,0.02,-10.05,-0.04,-0.01,-0.01,
1,17,0.02,-10.05,-0.04,-0.01,-0.01,
1,17,0.12,-10.04,-0.11,-0.01,-0.01,
1,17,0.12,-10.04,-0.11,-0.01,-0.01,
1,17,0.12,-10.04,-0.11,-0.01,-0.01,
1,17,0.02,-10.08,-0.1,-0.01,-0.01,
1,17,0.02,-10.08,-0.1,0,-0.01,
1,17,0.02,-10.08,-0.1,0,-0.01,
1,17,-0.06,-10.13,-0.12,0,-0.01,
1,17,-0.06,-10.13,-0.12,-0.01,-0.01,
1,17,-0.06,-10.13,-0.12,-0.01,-0.01,
1,17,0.02,-10,-0.08,-0.01,-0.01,
1,17,0.02,-10,-0.08,-0.01,-0.01,
1,17,0.02,-10,-0.08,-0.01,-0.01,
1,17,0.07,-10.09,-0.11,-0.01,-0.01,
1,17,0.07,-10.09,-0.11,-0.01,-0.01,
1,17,0.07,-10.09,-0.11,-0.01,-0.01,
1,17,0.12,-9.96,-0.11,-0.01,-0.01,
1,17,0.12,-9.96,-0.11,-0.01,-0.01,
1,17,-0.07,-9.98,-0.08,-0.01,-0.01,
1,17,-0.07,-9.98,-0.08,-0.01,-0.01,
1,17,-0.07,-9.98,-0.08,-0.01,-0.01,
1,17,0.04,-10,-0.11,-0.01,-0.01,
1,17,0.04,-10,-0.11,-0.01,-0.01,
1,17,0.04,-10,-0.11,-0.01,-0.01,
1,17,0.01,-9.98,-0.11,-0.01,-0.01,
1,17,0.01,-9.98,-0.11,-0.01,-0.01,
1,17,0.01,-9.98,-0.11,-0.01,-0.01,
1,17,-0.01,-10.12,-0.12,-0.01,-0.01,
1,17,-0.01,-10.12,-0.12,-0.01,-0.01,
1,17,-0.01,-10.12,-0.12,-0.01,-0.01,
1,17,0.06,-9.97,-0.05,-0.01,-0.01,
1,17,0.06,-9.97,-0.05,-0.01,-0.01,
1,17,0.06,-9.97,-0.05,-0.01,-0.01,
1,17,0.09,-9.91,-0.08,-0.01,-0.01,
1,17,0.09,-9.91,-0.08,0,-0.01,
1,17,0.03,-10.07,-0.08,-0.01,-0.01,
1,17,0.03,-10.07,-0.08,-0.01,-0.01,
1,17,0.03,-10.07,-0.08,-0.01,-0.01,
1,17,0.06,-10.01,-0.17,-0.01,-0.01,
1,17,0.06,-10.01,-0.17,-0.01,-0.01,
1,17,0.06,-10.01,-0.17,-0.01,0,
1,17,-0.02,-10.24,-0.05,0,-0.01,
1,17,-0.02,-10.24,-0.05,0,-0.01,
1,17,-0.02,-10.24,-0.05,-0.01,-0.01,
1,17,-0.04,-9.99,-0.23,-0.01,-0.01,
1,17,-0.04,-9.99,-0.23,-0.01,-0.01,
1,17,-0.04,-9.99,-0.23,0,-0.01,
1,17,-0.04,-9.88,-0.06,-0.01,-0.01,
1,17,-0.04,-9.88,-0.06,-0.01,-0.01,
1,17,0.01,-9.9,-0.02,-0.01,-0.01,
1,17,0.01,-9.9,-0.02,0,-0.01,
1,17,0.01,-9.9,-0.02,0,-0.01,
1,17,-0.04,-9.92,-0.07,-0.01,-0.01,
1,17,-0.04,-9.92,-0.07,-0.01,-0.01,
1,17,-0.04,-9.92,-0.07,-0.01,-0.01,
1,17,-0.02,-10,-0.04,-0.01,-0.01,
1,17,-0.02,-10,-0.04,-0.01,-0.01,
1,17,-0.02,-10,-0.04,-0.01,-0.01,
1,17,-0.02,-9.76,-0.13,-0.01,-0.01,
1,17,-0.02,-9.76,-0.13,-0.01,0,
1,17,-0.02,-9.76,-0.13,-0.01,-0.01,
1,17,0.05,-9.58,-0.02,-0.01,-0.01,
1,17,0.05,-9.58,-0.02,0,-0.01,
1,17,0.05,-9.58,-0.02,0,-0.02,
1,17,-0.48,-10,-0.04,0,-0.02,
1,17,-0.48,-10,-0.04,-0.02,0,
1,17,0.33,-9.91,-0.38,0,-0.01,
1,17,0.33,-9.91,-0.38,0,-0.01,
1,17,0.33,-9.91,-0.38,-0.01,-0.01,
1,17,-0.12,-9.91,-0.03,0,-0.01,
1,17,-0.12,-9.91,-0.03,0,-0.01,
1,17,-0.12,-9.91,-0.03,-0.01,-0.01,
1,17,0.11,-10.12,0.1,-0.01,-0.01,
1,17,0.11,-10.12,0.1,-0.01,-0.01,
1,17,0.11,-10.12,0.1,0,-0.01,
1,17,-0.01,-10.21,0.05,-0.01,-0.01,
1,17,-0.01,-10.21,0.05,-0.01,-0.01,
1,17,-0.01,-10.21,0.05,0,-0.01,
1,17,-0.09,-10.06,-0.05,-0.01,-0.01,
1,17,-0.09,-10.06,-0.05,-0.01,-0.01,
1,17,-0.15,-10.32,-0.24,-0.01,-0.01,
1,17,-0.15,-10.32,-0.24,-0.01,-0.01,
1,17,-0.15,-10.32,-0.24,-0.01,-0.01,
1,17,-0.06,-10.07,-0.5,-0.01,-0.01,
1,17,-0.06,-10.07,-0.5,-0.01,-0.01,
1,17,-0.06,-10.07,-0.5,-0.01,-0.01,
1,17,-0.09,-10.36,-0.2,-0.01,-0.01,
1,17,-0.09,-10.36,-0.2,0,-0.01,
1,17,-0.09,-10.36,-0.2,-0.01,-0.01,
1,17,0.14,-9.97,0.03,-0.01,-0.01,
1,17,0.14,-9.97,0.03,-0.01,-0.01,
1,17,0.14,-9.97,0.03,0,-0.01,
1,17,-0.01,-10.15,0.04,0,-0.01,
1,17,-0.01,-10.15,0.04,-0.01,-0.01,
1,17,-0.01,-10.15,0.04,-0.01,-0.01,
1,17,0.13,-9.75,-0.11,-0.01,-0.01,
1,17,0.13,-9.75,-0.11,-0.01,-0.01,
1,17,-0.01,-10.05,0.01,-0.01,-0.01,
1,17,-0.01,-10.05,0.01,-0.01,-0.01,
1,17,-0.01,-10.05,0.01,0,-0.01,
1,17,-0.15,-9.77,-0.17,-0.01,-0.01,
1,17,-0.15,-9.77,-0.17,-0.01,-0.01,
1,17,-0.15,-9.77,-0.17,-0.01,0,
1,17,-0.2,-10.02,-0.32,0,-0.01,
1,17,-0.2,-10.02,-0.32,0,-0.01,
1,17,-0.2,-10.02,-0.32,-0.01,-0.01,
1,17,-0.09,-10.24,-0.08,0,-0.01,
1,17,-0.09,-10.24,-0.08,0,-0.01,
1,17,-0.09,-10.24,-0.08,-0.01,-0.01,
1,17,0.06,-10.07,-0.17,0,-0.01,
1,17,0.06,-10.07,-0.17,0,-0.01,
1,17,0.06,-10.07,-0.17,-0.01,-0.01,
1,17,0.06,-9.89,-0.1,-0.01,0,
1,17,0.06,-9.89,-0.1,-0.01,0,
1,17,0.06,-9.89,-0.1,-0.01,-0.01,
1,17,0.1,-10.2,-0.14,-0.01,-0.01,
1,17,0.1,-10.2,-0.14,-0.01,-0.01,
1,17,0.03,-9.81,-0.13,0,-0.01,
1,17,0.03,-9.81,-0.13,-0.01,-0.01,
1,17,0.03,-9.81,-0.13,-0.01,-0.01,
1,17,0,-10.21,-0.13,0,-0.01,
1,17,0,-10.21,-0.13,-0.01,-0.01,
1,17,0,-10.21,-0.13,-0.01,-0.01,
1,17,0.05,-9.81,-0.17,-0.01,-0.01,
1,17,0.05,-9.81,-0.17,-0.01,-0.01,
1,17,0.05,-9.81,-0.17,-0.01,-0.01,
1,17,-0.03,-10.1,-0.11,-0.01,-0.01,
1,17,-0.03,-10.1,-0.11,-0.01,-0.01,
1,17,0.03,-9.69,-0.14,0,-0.01,
1,17,0.03,-9.69,-0.14,0,-0.01,
1,17,0.03,-9.69,-0.14,-0.01,-0.01,
1,17,0.09,-9.94,-0.17,-0.01,-0.01,
1,17,0.09,-9.94,-0.17,-0.01,-0.01,
1,17,0.09,-9.94,-0.17,-0.01,-0.01,
1,17,0.04,-10.12,-0.11,-0.01,-0.01,
1,17,0.04,-10.12,-0.11,-0.01,-0.01,
1,17,0.04,-10.12,-0.11,-0.01,-0.01,
1,17,0.08,-10.21,-0.12,-0.01,0,
1,17,0.08,-10.21,-0.12,-0.01,0,
1,17,0.08,-10.21,-0.12,0,-0.01,
1,17,0.11,-9.79,-0.19,0,-0.01,
1,17,0.11,-9.79,-0.19,0,-0.01,
1,17,0.11,-9.72,-0.17,0,-0.01,
1,17,0.11,-9.72,-0.17,0,0,
1,17,0.11,-9.72,-0.17,0,0,
1,17,0.03,-10.07,-0.08,-0.01,-0.01,
1,17,0.03,-10.07,-0.08,-0.01,-0.01,
1,17,0.03,-10.07,-0.08,-0.01,-0.01,
1,17,-0.02,-10,-0.14,0,-0.01,
1,17,-0.02,-10,-0.14,-0.01,-0.01,
1,17,-0.02,-10,-0.14,-0.01,-0.01,
1,17,0,-10.17,-0.08,-0.01,-0.01,
1,18,0,-10.17,-0.08,0,-0.01,
1,18,0,-10.17,-0.08,0,-0.01,
1,18,-0.03,-9.98,-0.1,0,-0.01,
1,18,-0.03,-9.98,-0.1,0,-0.01,
1,18,-0.03,-9.98,-0.1,0,-0.01,
1,18,0,-9.95,-0.08,0,-0.01,
1,18,0,-9.95,-0.08,0,-0.01,
1,18,0.06,-10.05,-0.18,0,-0.01,
1,18,0.06,-10.05,-0.18,0,-0.01,
1,18,0.06,-10.05,-0.18,0,-0.01,
1,18,0.05,-10.18,-0.26,0,-0.01,
1,18,0.05,-10.18,-0.26,0,-0.01,
1,18,0.05,-10.18,-0.26,-0.01,-0.01,
1,18,0.04,-10.13,-0.03,-0.01,-0.01,
1,18,0.04,-10.13,-0.03,-0.01,-0.01,
1,18,0.04,-10.13,-0.03,0,-0.01,
1,18,0.13,-9.93,-0.16,-0.01,-0.01,
1,18,0.13,-9.93,-0.16,-0.01,-0.01,
1,18,0.13,-9.93,-0.16,-0.01,-0.01,
1,18,0.03,-9.86,-0.18,-0.01,-0.01,
1,18,0.03,-9.86,-0.18,-0.01,-0.01,
1,18,-0.16,-10,-0.05,0,-0.01,
1,18,-0.16,-10,-0.05,0,-0.01,
1,18,-0.16,-10,-0.05,0,-0.01,
1,18,0.1,-9.98,-0.11,-0.01,-0.01,
1,18,0.1,-9.98,-0.11,-0.01,-0.01,
1,18,0.1,-9.98,-0.11,0,-0.01,
1,18,0.06,-10.02,-0.2,0,-0.01,
1,18,0.06,-10.02,-0.2,-0.01,-0.01,
1,18,0.06,-10.02,-0.2,0,-0.01,
1,18,0.03,-10.12,-0.13,0,-0.01,
1,18,0.03,-10.12,-0.13,-0.01,-0.01,
1,18,0.03,-10.12,-0.13,-0.01,-0.01,
1,18,0.06,-10.16,-0.2,-0.01,-0.01,
1,18,0.06,-10.16,-0.2,-0.01,-0.01,
1,18,0.06,-10.16,-0.2,-0.01,-0.01,
1,18,0.17,-9.63,-0.17,-0.01,-0.01,
1,18,0.17,-9.63,-0.17,-0.01,-0.01,
1,18,-0.01,-10.17,-0.18,-0.01,-0.01,
1,18,-0.01,-10.17,-0.18,-0.01,-0.01,
1,18,-0.01,-10.17,-0.18,0,-0.01,
1,18,0.02,-10.08,-0.27,-0.01,-0.01,
1,18,0.02,-10.08,-0.27,-0.01,-0.01,
1,18,0.02,-10.08,-0.27,-0.01,-0.01,
1,18,0,-10.12,-0.1,-0.01,-0.02,
1,18,0,-10.12,-0.1,-0.01,-0.02,
1,18,0,-10.12,-0.1,-0.01,-0.01,
1,18,0.02,-9.9,-0.16,-0.01,-0.01,
1,18,0.02,-9.9,-0.16,-0.01,-0.01,
1,18,0.02,-9.9,-0.16,-0.01,-0.01,
1,18,-0.01,-10.07,-0.07,0,-0.01,
1,18,-0.01,-10.07,-0.07,0,-0.01,
1,18,-0.01,-10.07,-0.07,-0.01,-0.01,
1,18,0.18,-10.22,-0.17,-0.01,0,
1,18,0.18,-10.22,-0.17,-0.01,0,
1,18,0.18,-10.22,-0.17,-0.01,-0.01,
1,18,0.1,-10.17,0.08,-0.01,-0.01,
1,18,0.1,-10.17,0.08,-0.01,0.01,
1,18,0.1,-10.17,0.08,-0.02,-0.01,
1,18,0.1,-10.05,-0.18,-0.02,-0.01,
1,18,0.1,-10.05,-0.18,-0.02,0,
1,18,0.28,-9.97,-0.7,-0.02,-0.01,
1,18,0.28,-9.97,-0.7,0,-0.01,
1,18,0.28,-9.97,-0.7,0,-0.01,
1,18,0.05,-9.66,0,-0.01,-0.01,
1,18,0.05,-9.66,0,-0.01,-0.01,
1,18,0.05,-9.66,0,-0.01,-0.01,
1,18,0.18,-10.23,-0.15,0,-0.01,
1,18,0.18,-10.23,-0.15,-0.01,-0.01,
1,18,0.18,-10.23,-0.15,-0.01,-0.01,
1,18,0,-9.98,0.05,-0.01,-0.01,
1,18,0,-9.98,0.05,0,-0.01,
1,18,0,-9.98,0.05,0,-0.01,
1,18,-0.04,-9.73,0.06,-0.01,-0.01,
1,18,-0.04,-9.73,0.06,0,-0.01,
1,18,0.17,-9.84,-0.08,0,-0.01,
1,18,0.17,-9.84,-0.08,-0.01,-0.01,
1,18,0.17,-9.84,-0.08,-0.01,-0.01,
1,18,0.04,-10.26,-0.05,-0.01,-0.01,
1,18,0.04,-10.26,-0.05,-0.01,-0.01,
1,18,0.04,-10.26,-0.05,0,-0.01,
1,18,-0.09,-10.15,-0.23,0,-0.01,
1,18,-0.09,-10.15,-0.23,0,-0.01,
1,18,-0.09,-10.15,-0.23,0,0,
1,18,-0.1,-9.46,-0.23,-0.01,0,
1,18,-0.1,-9.46,-0.23,-0.01,0,
1,18,-0.1,-9.46,-0.23,-0.01,-0.01,
1,18,0.05,-9.92,-0.16,-0.01,-0.01,
1,18,0.05,-9.92,-0.16,-0.01,-0.01,
1,18,-0.05,-10.47,-0.11,-0.01,0,
1,18,-0.05,-10.47,-0.11,0,-0.01,
1,18,-0.05,-10.47,-0.11,0,-0.01,
1,18,0.11,-10.25,-0.15,-0.01,-0.01,
1,18,0.11,-10.25,-0.15,-0.01,-0.01,
1,18,0.11,-10.25,-0.15,-0.01,-0.01,
1,18,0.12,-9.57,0.07,-0.01,-0.01,
1,18,0.12,-9.57,0.07,-0.01,-0.01,
1,18,0.12,-9.57,0.07,-0.01,-0.01,
1,18,0.22,-10.06,-0.05,-0.01,-0.01,
1,18,0.22,-10.06,-0.05,0,-0.01,
1,18,-0.13,-9.76,0.12,-0.01,0,
1,18,-0.13,-9.76,0.12,-0.01,0,
1,18,-0.13,-9.76,0.12,-0.01,-0.01,
1,18,0.08,-10.02,0.04,-0.01,-0.01,
1,18,0.08,-10.02,0.04,-0.01,-0.01,
1,18,0.08,-10.02,0.04,0,-0.01,
1,18,0,-10.09,-0.01,-0.01,-0.01,
1,18,0,-10.09,-0.01,-0.01,-0.01,
1,18,0,-10.09,-0.01,0,-0.01,
1,18,0.06,-10.02,-0.12,-0.01,-0.01,
1,18,0.06,-10.02,-0.12,-0.01,-0.01,
1,18,0.06,-10.02,-0.12,0,-0.01,
1,18,-0.11,-10.13,-0.19,-0.01,0,
1,18,-0.11,-10.13,-0.19,-0.01,0,
1,18,-0.11,-10.13,-0.19,0,-0.01,
1,18,0.03,-10.04,-0.18,0,-0.01,
1,18,0.03,-10.04,-0.18,0,-0.01,
1,18,-0.07,-10.11,-0.16,-0.01,-0.01,
1,18,-0.07,-10.11,-0.16,0,-0.01,
1,18,-0.07,-10.11,-0.16,0,-0.01,
1,18,0.04,-9.92,-0.08,0,0,
1,18,0.04,-9.92,-0.08,-0.01,0,
1,18,0.04,-9.92,-0.08,-0.01,0,
1,18,0.05,-9.97,0.02,0,-0.01,
1,18,0.05,-9.97,0.02,-0.01,-0.01,
1,18,0.05,-9.97,0.02,-0.01,-0.01,
1,18,0.07,-10.08,-0.04,-0.01,-0.01,
1,18,0.07,-10.08,-0.04,-0.01,-0.01,
1,18,0.07,-10.08,-0.04,-0.01,-0.01,
1,18,0.03,-10.13,-0.06,-0.01,-0.01,
1,18,0.03,-10.13,-0.06,-0.01,-0.02,
1,18,0.03,-10.13,-0.06,-0.01,-0.02,
1,18,0.07,-10.17,-0.08,0,-0.01,
1,18,0.07,-10.17,-0.08,0,-0.01,
1,18,0.07,-10.17,-0.08,0,-0.01,
1,18,0.04,-10.04,-0.15,-0.01,-0.01,
1,18,0.04,-10.04,-0.15,-0.01,-0.01,
1,18,0.04,-10.04,-0.15,-0.01,-0.01,
1,18,0.02,-10.08,-0.11,0,-0.01,
1,18,0.02,-10.08,-0.11,-0.01,-0.01,
1,18,0.06,-10,-0.11,-0.01,-0.01,
1,18,0.06,-10,-0.11,-0.01,-0.01,
1,18,0.06,-10,-0.11,-0.01,-0.01,
1,18,0.04,-10.13,-0.11,-0.01,-0.01,
1,18,0.04,-10.13,-0.11,-0.01,-0.01,
1,18,0.04,-10.13,-0.11,-0.01,-0.01,
1,18,-0.12,-10.12,-0.11,-0.01,-0.01,
1,18,-0.12,-10.12,-0.11,-0.01,-0.01,
1,18,-0.12,-10.12,-0.11,-0.01,-0.01,
1,18,0,-10.15,-0.2,-0.01,-0.01,
1,18,0,-10.15,-0.2,-0.01,-0.01,
1,18,0,-10.15,-0.2,-0.01,-0.01,
1,19,0.01,-10.02,-0.13,-0.01,-0.01,
1,19,0.01,-10.02,-0.13,-0.01,-0.01,
1,19,0.01,-10.02,-0.13,-0.01,-0.01,
1,19,0.1,-9.94,-0.11,-0.01,-0.01,
1,19,0.1,-9.94,-0.11,-0.01,-0.01,
1,19,0.1,-9.94,-0.11,0,-0.01,
1,19,0.07,-10.05,-0.08,0,-0.01,
1,19,0.07,-10.05,-0.08,-0.01,-0.01,
1,19,0.02,-10.09,-0.08,-0.01,-0.01,
1,19,0.02,-10.09,-0.08,-0.01,-0.01,
1,19,0.02,-10.09,-0.08,-0.01,-0.01,
1,19,-0.06,-10.05,-0.13,0,-0.01,
1,19,-0.06,-10.05,-0.13,0,-0.01,
1,19,-0.06,-10.05,-0.13,0,-0.02,
1,19,0,-9.9,-0.14,-0.01,-0.01,
1,19,0,-9.9,-0.14,-0.01,-0.01,
1,19,0,-9.9,-0.14,-0.01,-0.01,
1,19,-0.09,-10.11,-0.17,0,-0.01,
1,19,-0.09,-10.11,-0.17,0,-0.01,
1,19,-0.09,-10.11,-0.17,-0.01,-0.01,
1,19,0.05,-10.02,-0.06,-0.01,0,
1,19,0.05,-10.02,-0.06,-0.01,0,
1,19,0.05,-10.02,-0.06,0,-0.01,
1,19,0.03,-10.07,-0.17,-0.01,0,
1,19,0.03,-10.07,-0.17,-0.01,0,
1,19,0.03,-10.07,-0.17,-0.01,-0.01,
1,19,0.07,-10.06,-0.08,-0.01,-0.01,
1,19,0.07,-10.06,-0.08,-0.01,-0.01,
1,19,-0.02,-10,-0.06,-0.01,-0.01,
1,19,-0.02,-10,-0.06,-0.01,-0.01,
1,19,-0.02,-10,-0.06,-0.01,-0.01,
1,19,0.03,-9.98,-0.08,-0.01,-0.01,
1,19,0.03,-9.98,-0.08,-0.01,-0.01,
1,19,0.03,-9.98,-0.08,-0.01,-0.01,
1,19,-0.02,-10,-0.07,-0.01,-0.01,
1,19,-0.02,-10,-0.07,-0.01,-0.01,
1,19,-0.02,-10,-0.07,-0.01,-0.01,
1,19,0.01,-10.06,-0.07,-0.01,-0.01,
1,19,0.01,-10.06,-0.07,-0.01,-0.01,
1,19,0.01,-10.06,-0.07,-0.01,-0.01,
1,19,0.04,-9.97,-0.13,0,-0.01,
1,19,0.04,-9.97,-0.13,0,0,
1,19,0.04,-9.97,-0.13,0,0,
1,19,0.04,-10,-0.12,-0.01,-0.01,
1,19,0.04,-10,-0.12,-0.01,-0.01,
1,19,0.06,-10.02,-0.15,-0.01,-0.01,
1,19,0.06,-10.02,-0.15,-0.01,-0.01,
1,19,0.06,-10.02,-0.15,-0.01,-0.01,
1,19,0.04,-10.02,-0.19,-0.01,-0.01,
1,19,0.04,-10.02,-0.19,-0.01,-0.01,
1,19,0.04,-10.02,-0.19,-0.01,-0.01,
1,19,0.03,-10.02,-0.15,-0.01,-0.01,
1,19,0.03,-10.02,-0.15,-0.01,-0.01,
1,19,0.03,-10.02,-0.15,0,-0.01,
1,19,0.07,-10.06,-0.17,-0.01,-0.01,
1,19,0.07,-10.06,-0.17,-0.01,-0.01,
1,19,0.07,-10.06,-0.17,-0.01,-0.01,
1,19,0,-10.03,-0.11,-0.01,-0.01,
1,19,0,-10.03,-0.11,-0.01,-0.01,
1,19,0.03,-10.01,-0.08,0,-0.01,
1,19,0.03,-10.01,-0.08,-0.01,-0.01,
1,19,0.03,-10.01,-0.08,-0.01,-0.01,
1,19,0,-10.08,-0.08,-0.01,-0.01,
1,19,0,-10.08,-0.08,-0.01,-0.01,
1,19,0.01,-10.01,-0.11,-0.01,-0.01,
1,19,0.01,-10.01,-0.11,-0.01,-0.01,
1,19,-0.04,-10.06,-0.09,-0.01,-0.01,
1,19,-0.04,-10.06,-0.09,-0.01,-0.01,
1,19,-0.04,-10.06,-0.09,-0.01,-0.01,
1,19,0.02,-10.05,-0.11,-0.01,-0.01,
1,19,0.02,-10.05,-0.11,-0.01,-0.01,
1,19,0.02,-10.05,-0.11,0,-0.01,
1,19,0.02,-10.03,-0.11,0,-0.01,
1,19,0.02,-10.03,-0.11,0,-0.01,
1,19,0.02,-10.03,-0.11,0,-0.01,
1,19,0.02,-9.99,-0.1,-0.01,-0.01,
1,19,0.02,-9.99,-0.1,-0.01,-0.01,
1,19,0.02,-9.99,-0.1,-0.01,-0.01,
1,19,-0.09,-10.01,-0.16,-0.01,-0.01,
1,19,-0.09,-10.01,-0.16,-0.01,-0.01,
1,19,-0.09,-10.01,-0.16,0,-0.01,
1,19,0.07,-9.97,-0.13,-0.01,-0.01,
1,19,0.07,-9.97,-0.13,-0.01,-0.01,
1,19,0.07,-9.97,-0.13,-0.01,-0.01,
1,19,0.04,-10.07,-0.09,-0.01,-0.01,
1,19,0.04,-10.07,-0.09,-0.01,-0.01,
1,19,0.04,-10.07,-0.09,-0.01,-0.01,
1,19,-0.02,-10.07,-0.11,-0.01,-0.01,
1,19,-0.02,-10.07,-0.11,-0.01,-0.01,
1,19,-0.02,-10.07,-0.11,-0.01,-0.01,
1,19,-0.01,-10.07,-0.16,-0.01,-0.01,
1,19,-0.01,-10.07,-0.16,0,-0.01,
1,19,-0.01,-10.07,-0.16,0,-0.01,
1,19,0.01,-10.02,-0.13,0,-0.01,
1,19,0.01,-10.02,-0.13,-0.01,-0.01,
1,19,0.01,-10.02,-0.13,-0.01,-0.01,
1,19,0.06,-10.07,-0.1,-0.01,-0.01,
1,19,0.06,-10.07,-0.1,0,-0.01,
1,19,0.03,-10.05,-0.14,0,-0.01,
1,19,0.03,-10.05,-0.14,0,-0.01,
1,19,0.03,-10.05,-0.14,-0.01,-0.01,
1,19,-0.01,-10.01,-0.06,-0.01,-0.01,
1,19,-0.01,-10.01,-0.06,-0.01,-0.01,
1,19,-0.01,-10.01,-0.06,0,-0.01,
1,19,0.04,-10.05,-0.1,-0.01,-0.01,
1,19,0.04,-10.05,-0.1,-0.01,-0.01,
1,19,0.04,-10.05,-0.1,-0.01,-0.01,
1,19,0.04,-10.03,-0.14,0,-0.01,
1,19,0.04,-10.03,-0.14,0,-0.01,
1,19,0.04,-10.03,-0.14,-0.01,-0.01,
1,19,0.08,-9.95,-0.09,-0.01,-0.01,
1,19,0.08,-9.95,-0.09,-0.01,-0.01,
1,19,0.08,-9.95,-0.09,-0.01,-0.01,
1,19,0.08,-10.01,-0.09,0,-0.01,
1,19,0.08,-10.01,-0.09,0,-0.01,
1,19,-0.04,-10.01,-0.11,-0.01,-0.01,
1,19,-0.04,-10.01,-0.11,-0.01,-0.01,
1,19,-0.04,-10.01,-0.11,-0.01,-0.01,
1,19,0.06,-10,-0.03,-0.01,-0.01,
1,19,0.06,-10,-0.03,0,-0.01,
1,19,0.06,-10,-0.03,0,-0.01,
1,19,-0.01,-10.07,-0.13,-0.01,0,
1,19,-0.01,-10.07,-0.13,-0.01,-0.01,
1,19,-0.01,-10.07,-0.13,-0.01,-0.01,
1,19,0.05,-10.01,-0.09,-0.01,-0.01,
1,19,0.05,-10.01,-0.09,-0.01,-0.01,
1,19,0.05,-10.01,-0.09,-0.01,-0.01,
1,19,0.07,-9.97,-0.13,-0.01,-0.01,
1,19,0.07,-9.97,-0.13,0,-0.01,
1,19,0.07,-9.97,-0.13,-0.01,-0.01,
1,19,0.03,-10.04,-0.11,-0.01,-0.01,
1,19,0.03,-10.04,-0.11,0,-0.01,
1,19,0.03,-10.02,-0.1,-0.01,-0.01,
1,19,0.03,-10.02,-0.1,-0.01,-0.01,
1,19,0.03,-10.02,-0.1,-0.01,-0.01,
1,19,0.06,-10.01,-0.1,-0.01,-0.01,
1,19,0.06,-10.01,-0.1,-0.01,-0.01,
1,19,0.06,-10.01,-0.1,-0.01,-0.01,
1,19,0.06,-10.03,-0.1,-0.01,-0.01,
1,19,0.06,-10.03,-0.1,-0.01,-0.01,
1,19,0.06,-10.03,-0.1,-0.01,-0.01,
1,19,0.08,-10.01,-0.07,-0.01,-0.01,
1,19,0.08,-10.01,-0.07,-0.01,-0.01,
1,19,0.08,-10.01,-0.07,0,-0.01,
1,19,0.05,-10.07,-0.11,-0.01,-0.01,
1,19,0.05,-10.07,-0.11,-0.01,-0.01,
1,19,-0.01,-10.09,-0.16,-0.01,-0.01,
1,19,-0.01,-10.09,-0.16,0,-0.01,
1,19,-0.01,-10.09,-0.16,0,-0.01,
1,20,-0.03,-10.04,-0.09,0,-0.01,
1,20,-0.03,-10.04,-0.09,-0.01,-0.01,
1,20,-0.03,-10.04,-0.09,0,-0.01,
1,20,0,-9.99,-0.14,0,-0.01,
1,20,0,-9.99,-0.14,-0.01,-0.01,
1,20,0,-9.99,-0.14,-0.01,-0.01,
1,20,-0.02,-10.04,-0.12,-0.01,-0.01,
1,20,-0.02,-10.04,-0.12,-0.01,-0.01,
1,20,-0.02,-10.04,-0.12,-0.01,-0.01,
1,20,0,-10.05,-0.08,-0.01,-0.01,
1,20,0,-10.05,-0.08,-0.01,-0.01,
1,20,-0.01,-10.09,-0.16,-0.01,-0.01,
1,20,-0.01,-10.09,-0.16,-0.01,-0.01,
1,20,-0.01,-10.09,-0.16,0,-0.01,
1,20,0.05,-10.06,-0.13,-0.01,-0.01,
1,20,0.05,-10.06,-0.13,-0.01,-0.01,
1,20,0.05,-10.06,-0.13,-0.01,-0.01,
1,20,0.03,-10.03,-0.1,-0.01,-0.01,
1,20,0.03,-10.03,-0.1,-0.01,-0.01,
1,20,0.03,-10.03,-0.1,-0.01,-0.01,
1,20,0.04,-10.05,-0.1,-0.01,-0.01,
1,20,0.04,-10.05,-0.1,-0.01,-0.01,
1,20,0.04,-10.05,-0.1,0,-0.01,
1,20,-0.02,-10.03,-0.04,-0.01,-0.01,
1,20,-0.02,-10.03,-0.04,-0.01,-0.01,
1,20,-0.02,-10.03,-0.04,0,-0.01,
1,20,0.02,-9.96,-0.11,-0.01,-0.01,
1,20,0.02,-9.96,-0.11,-0.01,-0.01,
1,20,0.02,-9.96,-0.11,-0.01,0,
1,20,-0.04,-10.02,-0.05,-0.01,-0.01,
1,20,-0.04,-10.02,-0.05,-0.01,-0.01,
1,20,-0.04,-10.02,-0.05,-0.01,-0.01,
1,20,0.03,-10.06,-0.07,0,-0.01,
1,20,0.03,-10.06,-0.07,0,-0.01,
1,20,0.03,-10.06,-0.07,-0.01,-0.01,
1,20,0.01,-9.99,-0.1,-0.01,-0.01,
1,20,0.01,-9.99,-0.1,-0.01,-0.01,
1,20,0.03,-10.03,-0.1,-0.01,-0.01,
1,20,0.03,-10.03,-0.1,-0.01,-0.01,
1,20,0.03,-10.03,-0.1,-0.01,-0.01,
1,20,-0.01,-10.02,-0.09,0,-0.01,
1,20,-0.01,-10.02,-0.09,-0.01,-0.01,
1,20,-0.01,-10.02,-0.09,-0.01,-0.01,
1,20,0,-10.02,-0.11,0,-0.01,
1,20,0,-10.02,-0.11,-0.01,-0.01,
1,20,0,-10.02,-0.11,-0.01,-0.01,
1,20,-0.01,-9.99,-0.08,-0.01,-0.01,
1,20,-0.01,-9.99,-0.08,-0.01,-0.01,
1,20,-0.01,-9.99,-0.08,-0.01,-0.01,
1,20,0.11,-9.99,-0.12,-0.01,-0.01,
1,20,0.11,-9.99,-0.12,0,-0.01,
1,20,0.11,-9.99,-0.12,0,-0.01,
1,20,0.05,-10.07,-0.11,-0.01,-0.01,
1,20,0.05,-10.07,-0.11,-0.01,-0.01,
1,20,0.02,-10.05,-0.18,-0.01,-0.01,
1,20,0.02,-10.05,-0.18,0,-0.01,
1,20,0.02,-10.05,-0.18,-0.01,-0.01,
1,20,0.02,-10.01,-0.11,-0.01,-0.01,
1,20,0.02,-10.01,-0.11,-0.01,-0.01,
1,20,0.02,-10.01,-0.11,-0.01,-0.01,
1,20,0.01,-10.02,-0.11,-0.01,-0.01,
1,20,0.01,-10.02,-0.11,-0.01,-0.01,
1,20,0.01,-10.02,-0.11,-0.01,-0.01,
1,20,0,-10.03,-0.11,-0.01,-0.01,
1,20,0,-10.03,-0.11,0,-0.01,
1,20,0,-10.03,-0.11,-0.01,-0.01,
1,20,0.02,-10.04,-0.11,-0.01,-0.01,
1,20,0.02,-10.04,-0.11,-0.01,-0.01,
1,20,0.02,-10.04,-0.11,-0.01,-0.01,
1,20,0.05,-10.07,-0.09,-0.01,-0.01,
1,20,0.05,-10.07,-0.09,0,-0.01,
1,20,0.03,-9.97,-0.14,-0.01,-0.01,
1,20,0.03,-9.97,-0.14,0,0,
1,20,0.03,-9.97,-0.14,0,0,
1,20,0,-10.04,-0.16,0,-0.01,
1,20,0,-10.04,-0.16,0,-0.01,
1,20,0,-10.04,-0.16,0,-0.01,
1,20,0.03,-10.04,-0.1,0,-0.01,
1,20,0.03,-10.04,-0.1,-0.01,-0.01,
1,20,0.03,-10.04,-0.1,-0.01,-0.01,
1,20,0.04,-10.04,-0.11,-0.01,-0.01,
1,20,0.04,-10.04,-0.11,-0.01,-0.01,
1,20,0.04,-10.04,-0.11,-0.01,-0.01,
1,20,0.02,-10.07,-0.04,0,-0.01,
1,20,0.02,-10.07,-0.04,0,-0.01,
1,20,-0.01,-10.01,-0.09,0,-0.01,
1,20,-0.01,-10.01,-0.09,0,-0.01,
1,20,-0.01,-10.01,-0.09,-0.01,-0.01,
1,20,0.03,-10.02,-0.11,-0.01,-0.01,
1,20,0.03,-10.02,-0.11,-0.01,-0.01,
1,20,0.03,-10.02,-0.11,0,-0.01,
1,20,0.01,-9.97,-0.05,0,-0.01,
1,20,0.01,-9.97,-0.05,-0.01,-0.01,
1,20,0.01,-9.97,-0.05,-0.01,-0.01,
1,20,0.02,-9.97,-0.07,-0.01,-0.01,
1,20,0.02,-9.97,-0.07,-0.01,-0.01,
1,20,0.02,-9.97,-0.07,-0.01,-0.01,
1,20,0.06,-10.06,-0.1,-0.01,-0.01,
1,20,0.06,-10.06,-0.1,-0.01,0,
1,20,0.06,-10.06,-0.1,0,-0.01,
1,20,0,-10.01,-0.17,0,-0.01,
1,20,0,-10.01,-0.17,-0.01,-0.01,
1,20,0.04,-10.01,-0.11,-0.01,-0.01,
1,20,0.04,-10.01,-0.11,-0.01,-0.01,
1,20,0.04,-10.01,-0.11,0,-0.01,
1,20,0.01,-10.02,-0.09,0,-0.01,
1,20,0.01,-10.02,-0.09,0,-0.01,
1,20,0.01,-10.02,-0.09,0,-0.01,
1,20,0,-10.04,-0.03,0,-0.01,
1,20,0,-10.04,-0.03,-0.01,-0.01,
1,20,0,-10.04,-0.03,-0.01,-0.01,
1,20,0.03,-10.04,-0.12,-0.01,-0.01,
1,20,0.03,-10.04,-0.12,-0.01,-0.01,
1,20,0.03,-10.04,-0.12,-0.01,-0.01,
1,20,0.02,-10.07,-0.13,-0.01,-0.01,
1,20,0.02,-10.07,-0.13,-0.01,-0.01,
1,20,0.02,-10.07,-0.13,0,-0.01,
1,20,-0.02,-10.01,-0.13,0,-0.01,
1,20,-0.02,-10.01,-0.13,0,-0.01,
1,20,-0.02,-10.01,-0.13,-0.01,-0.01,
1,20,-0.02,-10.07,-0.12,0,0,
1,20,-0.02,-10.07,-0.12,0,0,
1,20,-0.01,-10,-0.09,-0.01,-0.01,
1,20,-0.01,-10,-0.09,-0.01,-0.01,
1,20,-0.01,-10,-0.09,-0.01,-0.01,
1,20,0.1,-10.03,-0.09,0,-0.01,
1,20,0.1,-10.03,-0.09,-0.01,-0.01,
1,20,0.1,-10.03,-0.09,-0.01,-0.01,
1,20,0.04,-10.04,-0.11,-0.01,-0.01,
1,20,0.04,-10.04,-0.11,-0.01,-0.01,
1,20,0.04,-10.04,-0.11,-0.01,-0.01,
1,20,-0.03,-10.04,-0.12,-0.01,-0.01,
1,20,-0.03,-10.04,-0.12,-0.01,-0.01,
1,20,-0.03,-10.04,-0.12,-0.01,-0.01,
1,20,0.03,-10.04,-0.09,-0.01,-0.01,
1,20,0.03,-10.04,-0.09,-0.01,-0.01,
1,20,0.03,-10.04,-0.09,-0.01,-0.01,
1,20,0.13,-9.98,-0.1,-0.01,-0.01,
1,20,0.13,-9.98,-0.1,-0.01,-0.01,
1,20,0.13,-9.98,-0.1,-0.01,-0.01,
1,20,0.07,-9.99,-0.09,-0.01,-0.01,
1,20,0.07,-9.99,-0.09,-0.01,-0.01,
1,20,0.07,-9.99,-0.09,-0.01,-0.01,
1,20,0.03,-10.05,-0.11,0,-0.01,
1,20,0.03,-10.05,-0.11,-0.01,0,
1,20,0.03,-10.05,-0.11,-0.01,0,
1,20,0.04,-9.97,-0.1,-0.01,-0.01,
1,20,0.04,-9.97,-0.1,-0.01,-0.01,
1,20,0.02,-10.02,-0.06,-0.01,-0.01,
1,20,0.02,-10.02,-0.06,0,-0.01,
1,20,0.02,-10.02,-0.06,-0.01,-0.01,
1,20,-0.03,-10.07,-0.13,-0.01,-0.01,
1,20,-0.03,-10.07,-0.13,-0.01,-0.01,
1,20,-0.03,-10.07,-0.13,-0.01,-0.01,
1,21,0.02,-9.98,-0.12,-0.01,-0.01,
1,21,0.02,-9.98,-0.12,0,-0.01,
1,21,0.02,-9.98,-0.12,0,-0.01,
1,21,-0.02,-9.98,-0.09,0,-0.01,
1,21,-0.02,-9.98,-0.09,0,-0.01,
1,21,-0.02,-9.98,-0.09,0,-0.01,
1,21,0.01,-10.03,-0.11,0,-0.01,
1,21,0.01,-10.03,-0.11,-0.01,-0.01,
1,21,0.07,-9.99,-0.11,-0.01,-0.01,
1,21,0.07,-9.99,-0.11,-0.01,-0.01,
1,21,0.07,-9.99,-0.11,-0.01,-0.01,
1,21,0.04,-10.02,-0.15,-0.01,-0.01,
1,21,0.04,-10.02,-0.15,0,-0.01,
1,21,0.04,-10.02,-0.15,0,-0.01,
1,21,0.04,-10.06,-0.14,-0.01,-0.01,
1,21,0.04,-10.06,-0.14,0,-0.01,
1,21,0.04,-10.06,-0.14,0,-0.01,
1,21,-0.01,-10.06,-0.07,-0.01,-0.01,
1,21,-0.01,-10.06,-0.07,-0.01,-0.01,
1,21,-0.01,-10.06,-0.07,-0.01,-0.01,
1,21,0.08,-10.06,-0.07,-0.01,0,
1,21,0.08,-10.06,-0.07,0,-0.01,
1,21,0.08,-10.06,-0.07,0,-0.01,
1,21,0,-10.06,-0.13,-0.01,-0.01,
1,21,0,-10.06,-0.13,0,-0.01,
1,21,0.01,-10.08,-0.12,0,-0.01,
1,21,0.01,-10.08,-0.12,-0.01,-0.01,
1,21,0.01,-10.08,-0.12,-0.01,-0.01,
1,21,0.01,-10.07,-0.12,-0.01,-0.01,
1,21,0.01,-10.07,-0.12,0,-0.01,
1,21,0.01,-10.07,-0.12,-0.01,-0.01,
1,21,0.04,-10.02,-0.13,-0.01,-0.01,
1,21,0.04,-10.02,-0.13,-0.01,-0.01,
1,21,0.04,-10.02,-0.13,0,-0.01,
1,21,0.03,-9.98,-0.11,0,-0.01,
1,21,0.03,-9.98,-0.11,-0.01,-0.01,
1,21,0.03,-9.98,-0.11,0,-0.01,
1,21,-0.01,-10.01,-0.07,0,-0.01,
1,21,-0.01,-10.01,-0.07,0,-0.01,
1,21,-0.01,-10.01,-0.07,0,-0.01,
1,21,0.07,-10.06,-0.11,0,-0.01,
1,21,0.07,-10.06,-0.11,-0.01,-0.01,
1,21,0.01,-10.02,-0.11,0,-0.01,
1,21,0.01,-10.02,-0.11,0,-0.01,
1,21,0.01,-10.02,-0.11,0,-0.01,
1,21,-0.06,-10.04,-0.11,-0.01,-0.01,
1,21,-0.06,-10.04,-0.11,-0.01,-0.01,
1,21,-0.06,-10.04,-0.11,0,-0.01,
1,21,-0.01,-10.03,-0.09,-0.01,-0.01,
1,21,-0.01,-10.03,-0.09,-0.01,-0.01,
1,21,-0.01,-10.03,-0.09,-0.01,-0.01,
1,21,0.07,-10.02,-0.06,0,-0.01,
1,21,0.07,-10.02,-0.06,-0.01,-0.01,
1,21,0.07,-10.02,-0.06,-0.01,-0.01,
1,21,0.01,-10.05,-0.08,-0.01,-0.01,
1,21,0.01,-10.05,-0.08,-0.01,-0.01,
1,21,0.01,-10.05,-0.08,-0.01,-0.01,
1,21,0.05,-9.97,-0.11,-0.01,-0.01,
1,21,0.05,-9.97,-0.11,-0.01,-0.01,
1,21,0.05,-9.97,-0.11,0,-0.01,
1,21,-0.01,-10.06,-0.15,-0.01,-0.01,
1,21,-0.01,-10.06,-0.15,-0.01,-0.01,
1,21,-0.01,-10.06,-0.15,-0.01,-0.01,
1,21,0.02,-10.01,-0.12,-0.01,-0.01,
1,21,0.02,-10.01,-0.12,-0.01,-0.01,
1,21,0.01,-10,-0.15,-0.01,-0.01,
1,21,0.01,-10,-0.15,-0.01,-0.01,
1,21,0.01,-10,-0.15,-0.01,-0.01,
1,21,0.02,-10.07,-0.09,0,-0.01,
1,21,0.02,-10.07,-0.09,-0.01,-0.01,
1,21,0.02,-10.07,-0.09,-0.01,-0.01,
1,21,0.04,-10,-0.13,-0.01,-0.01,
1,21,0.04,-10,-0.13,-0.01,-0.01,
1,21,0.04,-10,-0.13,-0.01,-0.01,
1,21,0.11,-10.07,-0.07,-0.01,-0.01,
1,21,0.11,-10.07,-0.07,-0.01,-0.01,
1,21,0.11,-10.07,-0.07,-0.01,-0.01,
1,21,0.01,-10.01,-0.1,-0.01,0,
1,21,0.01,-10.01,-0.1,-0.01,-0.01,
1,21,0.01,-10.01,-0.1,-0.01,-0.01,
1,21,0.02,-10.08,-0.17,-0.01,-0.01,
1,21,0.02,-10.08,-0.17,-0.01,-0.01,
1,21,0.02,-10.08,-0.17,-0.01,-0.01,
1,21,-0.02,-10.04,-0.13,0,-0.01,
1,21,-0.02,-10.04,-0.13,-0.01,-0.01,
1,21,0.03,-10.07,-0.11,-0.01,-0.01,
1,21,0.03,-10.07,-0.11,-0.01,-0.01,
1,21,0.03,-10.07,-0.11,-0.01,-0.01,
1,21,0.03,-10.06,-0.07,-0.01,-0.01,
1,21,0.03,-10.06,-0.07,-0.01,-0.01,
1,21,0.03,-10.06,-0.07,-0.01,-0.01,
1,21,0.03,-10.11,-0.12,-0.01,-0.01,
1,21,0.03,-10.11,-0.12,-0.01,-0.01,
1,21,0.03,-10.11,-0.12,-0.01,-0.01,
1,21,0.05,-9.98,-0.09,-0.01,-0.01,
1,21,0.05,-9.98,-0.09,-0.01,-0.02,
1,21,0.05,-9.98,-0.09,-0.01,-0.01,
1,21,-0.01,-10.04,-0.14,-0.01,-0.01,
1,21,-0.01,-10.04,-0.14,0,-0.01,
1,21,-0.01,-10.04,-0.14,-0.01,-0.01,
1,21,0.05,-10.01,-0.07,-0.01,-0.01,
1,21,0.05,-10.01,-0.07,-0.01,-0.01,
1,21,0.02,-9.96,-0.09,0,-0.01,
1,21,0.02,-9.96,-0.09,0,-0.01,
1,21,0.02,-9.96,-0.09,-0.01,-0.01,
1,21,0.08,-10.05,-0.08,0,-0.01,
1,21,0.08,-10.05,-0.08,-0.01,-0.01,
1,21,0.08,-10.05,-0.08,-0.01,-0.01,
1,21,0.09,-10.01,-0.03,-0.01,-0.01,
1,21,0.09,-10.01,-0.03,-0.01,-0.01,
1,21,0.09,-10.01,-0.03,-0.01,-0.01,
1,21,-0.02,-10.02,-0.16,-0.01,0,
1,21,-0.02,-10.02,-0.16,-0.01,-0.02,
1,21,-0.02,-10.02,-0.16,-0.01,-0.02,
1,21,0,-10.05,-0.14,-0.01,-0.01,
1,21,0,-10.05,-0.14,-0.01,-0.01,
1,21,0,-10.05,-0.14,-0.01,-0.01,
1,21,-0.01,-10.08,-0.15,0,-0.01,
1,21,-0.01,-10.08,-0.15,0,-0.01,
1,21,-0.01,-10.08,-0.15,0,-0.01,
1,21,-0.03,-9.96,-0.1,-0.01,-0.01,
1,21,-0.03,-9.96,-0.1,-0.01,-0.01,
1,21,-0.01,-9.98,-0.11,-0.01,-0.01,
1,21,-0.01,-9.98,-0.11,-0.01,-0.01,
1,21,-0.01,-9.98,-0.11,-0.01,-0.01,
1,21,0.01,-10.01,-0.11,-0.01,-0.01,
1,21,0.01,-10.01,-0.11,0,-0.01,
1,21,0.01,-10.01,-0.11,-0.01,-0.01,
1,21,0.04,-9.94,-0.09,-0.01,-0.01,
1,21,0.04,-9.94,-0.09,-0.01,-0.01,
1,21,0.04,-9.94,-0.09,-0.01,-0.01,
1,21,0.03,-10,-0.1,-0.01,-0.01,
1,21,0.03,-10,-0.1,-0.01,-0.01,
1,21,0.03,-10,-0.1,-0.01,-0.01,
1,21,0.13,-10.06,-0.17,-0.01,-0.01,
1,21,0.13,-10.06,-0.17,-0.01,-0.01,
1,21,0.13,-10.06,-0.17,-0.01,-0.01,
1,21,0.05,-10.01,-0.08,-0.01,-0.01,
1,21,0.05,-10.01,-0.08,-0.01,-0.01,
1,21,0.01,-10,-0.08,-0.01,-0.01,
1,21,0.01,-10,-0.08,-0.01,-0.01,
1,21,0.01,-10,-0.08,-0.01,-0.01,
1,21,0.02,-10.05,-0.14,0,-0.01,
1,21,0.02,-10.05,-0.14,0,-0.01,
1,21,0.02,-10.05,-0.14,0,-0.01,
1,21,0.02,-10.03,-0.15,-0.01,-0.01,
1,21,0.02,-10.03,-0.15,-0.01,-0.01,
1,21,0.02,-10.03,-0.15,-0.01,-0.01,
1,21,0.02,-10.07,-0.06,-0.01,-0.01,
1,21,0.02,-10.07,-0.06,-0.01,-0.01,
1,21,0.02,-10.07,-0.06,0,-0.01,
1,21,0,-10.02,-0.16,-0.01,-0.01,
1,21,0,-10.02,-0.16,-0.01,-0.01,
1,22,0,-10.02,-0.16,-0.01,-0.01,
1,22,0.05,-10.1,-0.22,0,-0.01,
1,22,0.05,-10.1,-0.22,0,-0.01,
1,22,0.05,-10.1,-0.22,-0.01,-0.01,
1,22,0.01,-10.11,-0.21,-0.01,-0.01,
1,22,0.01,-10.11,-0.21,-0.01,-0.01,
1,22,0.01,-10.11,-0.21,0,-0.01,
1,22,0.02,-9.95,-0.13,-0.01,-0.01,
1,22,0.02,-9.95,-0.13,-0.01,-0.01,
1,22,-0.01,-10.04,-0.15,0,-0.01,
1,22,-0.01,-10.04,-0.15,0,-0.01,
1,22,-0.01,-10.04,-0.15,0,-0.01,
1,22,-0.08,-10,-0.11,-0.01,-0.01,
1,22,-0.08,-10,-0.11,-0.01,-0.01,
1,22,-0.08,-10,-0.11,-0.01,-0.01,
1,22,0.1,-10.05,-0.13,-0.01,-0.01,
1,22,0.1,-10.05,-0.13,-0.01,-0.01,
1,22,0.1,-10.05,-0.13,-0.01,-0.01,
1,22,0.01,-9.98,-0.05,0,-0.01,
1,22,0.01,-9.98,-0.05,0,-0.01,
1,22,0.01,-9.98,-0.05,0,-0.01,
1,22,0.02,-10,-0.15,-0.01,-0.01,
1,22,0.02,-10,-0.15,-0.01,-0.01,
1,22,0.02,-10,-0.15,-0.01,-0.01,
1,22,0.05,-10.01,-0.12,0,0,
1,22,0.05,-10.01,-0.12,0,0,
1,22,0.05,-10.01,-0.12,-0.01,-0.01,
1,22,0,-10.1,-0.14,-0.01,-0.01,
1,22,0,-10.1,-0.14,-0.01,-0.01,
1,22,0,-10.1,-0.14,-0.01,-0.01,
1,22,0.06,-10,-0.09,-0.01,-0.01,
1,22,0.06,-10,-0.09,-0.01,-0.01,
1,22,-0.01,-10,-0.01,-0.01,-0.01,
1,22,-0.01,-10,-0.01,-0.01,-0.01,
1,22,-0.01,-10,-0.01,0,-0.01,
1,22,0.07,-9.99,-0.05,0,-0.01,
1,22,0.07,-9.99,-0.05,-0.01,-0.01,
1,22,0.07,-9.99,-0.05,-0.01,-0.01,
1,22,0.05,-10.08,-0.09,-0.01,-0.01,
1,22,0.05,-10.08,-0.09,-0.01,-0.01,
1,22,0.05,-10.08,-0.09,-0.01,-0.01,
1,22,-0.02,-9.98,-0.11,-0.01,-0.01,
1,22,-0.02,-9.98,-0.11,-0.01,-0.01,
1,22,-0.02,-9.98,-0.11,-0.01,-0.01,
1,22,-0.03,-10.09,-0.1,-0.01,-0.01,
1,22,-0.03,-10.09,-0.1,0,-0.01,
1,22,-0.03,-10.09,-0.1,-0.01,-0.01,
1,22,0.03,-9.97,-0.14,-0.01,-0.01,
1,22,0.03,-9.97,-0.14,-0.01,-0.01,
1,22,0,-10.07,-0.17,-0.01,-0.01,
1,22,0,-10.07,-0.17,-0.01,-0.01,
1,22,0,-10.07,-0.17,-0.01,-0.01,
1,22,0.02,-10.02,-0.1,0,-0.01,
1,22,0.02,-10.02,-0.1,0,-0.01,
1,22,0.02,-10.02,-0.1,-0.01,-0.01,
1,22,0.09,-9.97,-0.09,-0.01,-0.01,
1,22,0.09,-9.97,-0.09,-0.01,-0.01,
1,22,0.09,-9.97,-0.09,-0.01,-0.01,
1,22,0.02,-10.08,-0.08,-0.01,-0.01,
1,22,0.02,-10.08,-0.08,-0.01,-0.01,
1,22,0.02,-10.08,-0.08,-0.01,-0.01,
1,22,0,-10.07,-0.1,0,-0.01,
1,22,0,-10.07,-0.1,0,-0.01,
1,22,0,-10.07,-0.1,-0.01,-0.01,
1,22,0.04,-9.99,-0.12,-0.01,-0.01,
1,22,0.04,-9.99,-0.12,-0.01,-0.01,
1,22,0.04,-9.99,-0.12,-0.01,-0.01,
1,22,0.01,-9.99,-0.08,-0.01,-0.01,
1,22,0.01,-9.99,-0.08,-0.01,-0.01,
1,22,-0.01,-10,-0.07,0,-0.01,
1,22,-0.01,-10,-0.07,-0.01,-0.01,
1,22,-0.01,-10,-0.07,-0.01,-0.01,
1,22,0.08,-10.05,-0.1,-0.01,-0.01,
1,22,0.08,-10.05,-0.1,-0.01,0,
1,22,0.08,-10.05,-0.1,0,-0.01,
1,22,0.04,-10.08,-0.14,0,-0.01,
1,22,0.04,-10.08,-0.14,-0.01,-0.01,
1,22,0.04,-10.08,-0.14,-0.01,-0.01,
1,22,-0.02,-10.09,-0.16,-0.01,-0.01,
1,22,-0.02,-10.09,-0.16,0,-0.01,
1,22,-0.02,-10.09,-0.16,-0.01,-0.01,
1,22,-0.02,-10.05,-0.11,-0.01,-0.01,
1,22,-0.02,-10.05,-0.11,-0.01,-0.01,
1,22,0.09,-10.07,-0.16,-0.01,-0.01,
1,22,0.09,-10.07,-0.16,-0.01,-0.01,
1,22,0.09,-10.07,-0.16,0,-0.01,
1,22,0.11,-10.07,-0.11,0,-0.01,
1,22,0.11,-10.07,-0.11,0,-0.01,
1,22,0.11,-10.07,-0.11,0,-0.01,
1,22,-0.01,-10.08,-0.2,-0.01,-0.01,
1,22,-0.01,-10.08,-0.2,-0.01,-0.01,
1,22,-0.01,-10.08,-0.2,-0.01,-0.01,
1,22,0,-10.11,-0.2,-0.01,0,
1,22,0,-10.11,-0.2,-0.01,0,
1,22,0,-10.11,-0.2,-0.01,-0.01,
1,22,-0.06,-10.06,-0.17,-0.01,-0.01,
1,22,-0.06,-10.06,-0.17,-0.01,-0.01,
1,22,-0.06,-10.06,-0.17,-0.01,-0.01,
1,22,-0.03,-10.06,-0.16,-0.01,-0.01,
1,22,-0.03,-10.06,-0.16,-0.01,-0.01,
1,22,-0.03,-10.06,-0.16,-0.01,-0.01,
1,22,0.06,-10,-0.04,-0.01,-0.01,
1,22,0.06,-10,-0.04,-0.01,-0.01,
1,22,0.06,-10,-0.04,-0.01,-0.01,
1,22,-0.03,-10,-0.1,-0.01,-0.01,
1,22,-0.03,-10,-0.1,-0.01,-0.01,
1,22,-0.03,-10,-0.1,-0.01,-0.01,
1,22,0.05,-10.05,-0.14,-0.01,-0.01,
1,22,0.05,-10.05,-0.14,-0.01,-0.01,
1,22,0.05,-10.05,-0.14,-0.01,-0.01,
1,22,0.03,-9.96,-0.15,-0.01,-0.01,
1,22,0.03,-9.96,-0.15,0,-0.01,
1,22,0.03,-9.96,-0.15,-0.01,-0.01,
1,22,0.08,-9.98,-0.1,-0.01,-0.01,
1,22,0.08,-9.98,-0.1,-0.01,-0.01,
1,22,0.02,-10.03,-0.13,0,-0.01,
1,22,0.02,-10.03,-0.13,0,-0.01,
1,22,0.02,-10.03,-0.13,-0.01,-0.01,
1,22,-0.1,-10.07,-0.11,0,-0.01,
1,22,-0.1,-10.07,-0.11,0,-0.01,
1,22,-0.1,-10.07,-0.11,-0.01,-0.01,
1,22,0.08,-10,-0.02,-0.01,-0.01,
1,22,0.08,-10,-0.02,-0.01,-0.01,
1,22,0.08,-10,-0.02,-0.01,-0.01,
1,22,0,-9.97,-0.03,-0.01,-0.01,
1,22,0,-9.97,-0.03,-0.01,-0.01,
1,22,0,-9.97,-0.03,-0.01,-0.01,
1,22,0,-10.04,-0.13,-0.01,-0.01,
1,22,0,-10.04,-0.13,-0.01,-0.01,
1,22,-0.09,-10.07,-0.19,0,-0.01,
1,22,-0.09,-10.07,-0.19,-0.01,-0.01,
1,22,-0.09,-10.07,-0.19,-0.01,-0.01,
1,22,-0.08,-10.07,-0.21,-0.01,-0.01,
1,22,-0.08,-10.07,-0.21,-0.01,-0.01,
1,22,-0.08,-10.07,-0.21,-0.01,-0.01,
1,22,0.11,-9.99,-0.11,-0.01,-0.01,
1,22,0.11,-9.99,-0.11,-0.01,-0.01,
1,22,0.11,-9.99,-0.11,0,-0.01,
1,22,0.05,-9.99,-0.14,0,-0.01,
1,22,0.05,-9.99,-0.14,-0.01,-0.01,
1,22,0.05,-9.99,-0.14,-0.01,-0.01,
1,22,0.05,-10.04,-0.09,-0.01,-0.01,
1,22,0.05,-10.04,-0.09,-0.01,-0.01,
1,22,0.05,-10.04,-0.09,0,-0.01,
1,22,-0.01,-10.03,-0.11,0,-0.01,
1,22,-0.01,-10.03,-0.11,-0.01,-0.01,
1,22,0.04,-10.03,-0.08,0,-0.01,
1,22,0.04,-10.03,-0.08,0,-0.01,
1,22,0.04,-10.03,-0.08,-0.01,-0.01,
1,22,0,-10.03,-0.09,-0.01,-0.01,
1,22,0,-10.03,-0.09,-0.01,-0.01,
1,22,0,-10.03,-0.09,-0.01,-0.01,
1,22,-0.01,-10.04,-0.11,-0.01,-0.01,
1,22,-0.01,-10.04,-0.11,-0.01,-0.01,
1,23,-0.01,-10.04,-0.11,-0.01,-0.01,
1,23,-0.01,-10.11,-0.15,-0.01,-0.01,
1,23,-0.01,-10.11,-0.15,-0.01,-0.01,
1,23,-0.01,-10.11,-0.15,-0.01,-0.01,
1,23,0.03,-10.06,-0.17,0,-0.01,
1,23,0.03,-10.06,-0.17,0,-0.01,
1,23,0.03,-10.06,-0.17,-0.01,-0.01,
1,23,0.02,-10.07,-0.07,-0.01,-0.01,
1,23,0.02,-10.07,-0.07,-0.01,-0.01,
1,23,0,-10,-0.11,-0.01,-0.01,
1,23,0,-10,-0.11,0,-0.01,
1,23,0,-10,-0.11,0,-0.01,
1,23,0.05,-10.01,-0.08,-0.01,-0.01,
1,23,0.05,-10.01,-0.08,0,-0.01,
1,23,0.05,-10.01,-0.08,0,-0.01,
1,23,0.01,-9.97,-0.08,0,-0.01,
1,23,0.01,-9.97,-0.08,-0.01,-0.01,
1,23,0.01,-9.97,-0.08,-0.01,-0.01,
1,23,0.05,-10.02,-0.11,-0.01,-0.01,
1,23,0.05,-10.02,-0.11,-0.01,-0.01,
1,23,0.05,-10.02,-0.11,-0.01,-0.01,
1,23,0,-10.02,-0.15,-0.01,-0.01,
1,23,0,-10.02,-0.15,-0.01,-0.01,
1,23,0,-10.02,-0.15,-0.01,-0.01,
1,23,0,-10.09,-0.17,-0.01,-0.01,
1,23,0,-10.09,-0.17,-0.01,-0.01,
1,23,-0.01,-10.06,-0.13,-0.01,-0.01,
1,23,-0.01,-10.06,-0.13,-0.01,-0.01,
1,23,-0.01,-10.06,-0.13,-0.01,-0.01,
1,23,0,-10.02,0,0,-0.01,
1,23,0,-10.02,0,0,-0.01,
1,23,0,-10.02,0,-0.01,-0.01,
1,23,0.1,-10.01,-0.02,-0.01,-0.01,
1,23,0.1,-10.01,-0.02,-0.01,-0.01,
1,23,0.1,-10.01,-0.02,-0.01,-0.01,
1,23,0.08,-9.97,-0.01,-0.01,-0.01,
1,23,0.08,-9.97,-0.01,-0.01,-0.01,
1,23,0.08,-9.97,-0.01,-0.01,-0.01,
1,23,-0.07,-10.08,-0.1,-0.01,-0.01,
1,23,-0.07,-10.08,-0.1,0,-0.01,
1,23,-0.07,-10.08,-0.1,-0.01,-0.01,
1,23,0.02,-10.03,-0.16,0,-0.01,
1,23,0.02,-10.03,-0.16,0,-0.01,
1,23,0.02,-10.03,-0.16,-0.01,-0.01,
1,23,0.02,-10.08,-0.14,0,-0.01,
1,23,0.02,-10.08,-0.14,0,-0.01,
1,23,0.04,-10.01,-0.12,-0.01,-0.01,
1,23,0.04,-10.01,-0.12,-0.01,-0.01,
1,23,0.04,-10.01,-0.12,-0.01,-0.01,
1,23,0.02,-10.05,-0.09,-0.01,-0.01,
1,23,0.02,-10.05,-0.09,-0.01,-0.01,
1,23,0.02,-10.05,-0.09,-0.01,-0.01,
1,23,-0.01,-10.05,-0.09,0,-0.01,
1,23,-0.01,-10.05,-0.09,0,-0.01,
1,23,-0.01,-10.05,-0.09,-0.01,-0.01,
1,23,0.11,-10.01,-0.12,-0.01,-0.01,
1,23,0.11,-10.01,-0.12,-0.01,-0.01,
1,23,0.11,-10.01,-0.12,-0.01,-0.01,
1,23,0.06,-10.05,-0.08,-0.01,-0.01,
1,23,0.06,-10.05,-0.08,-0.01,-0.01,
1,23,0.06,-10.05,-0.08,-0.01,-0.01,
1,23,-0.04,-10.06,-0.14,-0.01,-0.01,
1,23,-0.04,-10.06,-0.14,0,-0.01,
1,23,-0.04,-10.06,-0.14,0,-0.01,
1,23,0,-10.06,-0.12,0,-0.01,
1,23,0,-10.06,-0.12,-0.01,0,
1,23,0.03,-10.06,-0.07,-0.01,0,
1,23,0.03,-10.06,-0.07,0,-0.01,
1,23,0.03,-10.06,-0.07,-0.01,-0.01,
1,23,0.05,-10.05,-0.09,-0.01,-0.01,
1,23,0.05,-10.05,-0.09,-0.01,-0.01,
1,23,0.05,-10.05,-0.09,-0.01,-0.01,
1,23,0.03,-9.96,-0.11,-0.01,-0.01,
1,23,0.03,-9.96,-0.11,-0.01,-0.01,
1,23,0.03,-9.96,-0.11,0,-0.01,
1,23,0.02,-10.05,-0.09,0,-0.01,
1,23,0.02,-10.05,-0.09,-0.01,0,
1,23,0.06,-10.04,-0.11,-0.01,-0.01,
1,23,0.06,-10.04,-0.11,0,-0.01,
1,23,0.06,-10.04,-0.11,0,-0.01,
1,23,0.03,-10.04,-0.11,-0.01,-0.01,
1,23,0.03,-10.04,-0.11,-0.01,-0.01,
1,23,0.03,-10.04,-0.11,-0.01,-0.01,
1,23,-0.04,-10.03,-0.17,0,-0.01,
1,23,-0.04,-10.03,-0.17,0,-0.01,
1,23,-0.04,-10.03,-0.17,0,-0.01,
1,23,0,-10.06,-0.14,0,-0.01,
1,23,0,-10.06,-0.14,-0.01,-0.01,
1,23,0,-10.06,-0.14,-0.01,-0.01,
1,23,-0.05,-11.03,0.2,-0.01,-0.01,
1,23,-0.05,-11.03,0.2,-0.01,0,
1,23,-0.26,-9.51,-0.21,-0.01,0,
1,23,-0.26,-9.51,-0.21,-0.01,0,
1,23,-0.26,-9.51,-0.21,-0.01,-0.01,
1,23,0.08,-9.67,-0.01,-0.01,-0.01,
1,23,0.08,-9.67,-0.01,-0.01,-0.01,
1,23,0.08,-9.67,-0.01,-0.01,-0.01,
1,23,-0.11,-10.18,-0.19,0,-0.01,
1,23,-0.11,-10.18,-0.19,0,-0.01,
1,23,-0.11,-10.18,-0.19,-0.01,-0.01,
1,23,0.1,-10,-0.04,-0.01,-0.01,
1,23,0.1,-10,-0.04,-0.01,-0.01,
1,23,0,-9.8,-0.16,-0.01,-0.01,
1,23,0,-9.8,-0.16,-0.01,-0.01,
1,23,0,-9.8,-0.16,-0.01,-0.01,
1,23,0.03,-10.12,-0.04,-0.01,-0.02,
1,23,0.03,-10.12,-0.04,-0.01,-0.01,
1,23,0.03,-10.12,-0.04,-0.01,-0.01,
1,23,-0.02,-9.97,-0.33,-0.01,-0.01,
1,23,-0.02,-9.97,-0.33,-0.01,-0.01,
1,23,-0.02,-9.97,-0.33,-0.01,-0.01,
1,23,-0.03,-10.23,-0.23,-0.01,0,
1,23,-0.03,-10.23,-0.23,-0.01,-0.01,
1,23,-0.03,-10.23,-0.23,-0.01,-0.01,
1,23,0.14,-10.47,-0.23,-0.01,-0.01,
1,23,0.14,-10.47,-0.23,-0.01,0,
1,23,0.08,-10.02,0.05,0,-0.01,
1,23,0.08,-10.02,0.05,0,-0.01,
1,23,0.08,-10.02,0.05,-0.01,-0.01,
1,23,0.1,-9.99,-0.04,0,-0.01,
1,23,0.1,-9.99,-0.04,0,-0.01,
1,23,0.1,-9.99,-0.04,-0.01,-0.01,
1,23,0,-10.2,-0.22,-0.01,-0.01,
1,23,0,-10.2,-0.22,-0.01,-0.01,
1,23,0,-10.2,-0.22,-0.01,-0.01,
1,23,-0.01,-10,-0.2,-0.01,-0.02,
1,23,-0.01,-10,-0.2,-0.01,-0.02,
1,23,-0.01,-10,-0.2,-0.01,-0.01,
1,23,-0.05,-10.03,-0.05,-0.01,-0.01,
1,23,-0.05,-10.03,-0.05,-0.01,-0.01,
1,23,-0.05,-10.03,-0.05,-0.01,-0.01,
1,23,0.01,-10.4,-0.15,-0.01,-0.02,
1,23,0.01,-10.4,-0.15,-0.01,-0.02,
1,23,0.01,-10.4,-0.15,-0.01,-0.01,
1,23,0.03,-10.06,-0.08,-0.01,-0.01,
1,23,0.03,-10.06,-0.08,-0.01,-0.01,
1,23,0.03,-10.06,-0.08,-0.01,-0.01,
1,23,0.13,-10.07,-0.19,-0.01,-0.01,
1,23,0.13,-10.07,-0.19,-0.01,-0.01,
1,23,0.14,-10.24,-0.03,-0.01,0,
1,23,0.14,-10.24,-0.03,0,-0.01,
1,23,0.14,-10.24,-0.03,0,-0.01,
1,23,0.16,-9.71,-0.15,-0.01,-0.01,
1,23,0.16,-9.71,-0.15,-0.01,-0.01,
1,23,0.16,-9.71,-0.15,-0.01,-0.01,
1,23,-0.09,-10.59,-0.13,-0.01,-0.01,
1,23,-0.09,-10.59,-0.13,-0.01,-0.01,
1,23,-0.09,-10.59,-0.13,-0.01,-0.01,
1,23,0.02,-10.36,-0.14,-0.01,-0.01,
1,23,0.02,-10.36,-0.14,0,-0.01,
1,23,0.02,-10.36,-0.14,0,-0.01,
1,23,0,-10.07,-0.24,-0.01,-0.02,
1,23,0,-10.07,-0.24,-0.01,-0.01,
1,24,0,-10.07,-0.24,-0.01,-0.01,
1,24,0.04,-9.97,-0.04,0,-0.02,
1,24,0.04,-9.97,-0.04,-0.01,0,
1,24,0.17,-9.88,-0.23,-0.01,0,
1,24,0.17,-9.88,-0.23,-0.01,-0.01,
1,24,0.17,-9.88,-0.23,-0.01,-0.01,
1,24,0.1,-10.1,-0.09,-0.01,-0.01,
1,24,0.1,-10.1,-0.09,0,-0.01,
1,24,0.1,-10.1,-0.09,0,-0.01,
1,24,0.05,-10.31,-0.22,0,-0.01,
1,24,0.05,-10.31,-0.22,0,-0.01,
1,24,0.05,-10.31,-0.22,-0.01,-0.01,
1,24,-0.01,-9.89,-0.1,-0.01,-0.01,
1,24,-0.01,-9.89,-0.1,-0.01,-0.01,
1,24,-0.01,-9.89,-0.1,0,-0.01,
1,24,0.1,-9.85,-0.11,-0.01,-0.01,
1,24,0.1,-9.85,-0.11,-0.01,-0.01,
1,24,0.06,-10.04,-0.16,-0.01,-0.01,
1,24,0.06,-10.04,-0.16,0,-0.01,
1,24,0.06,-10.04,-0.16,0,-0.01,
1,24,0.01,-10.05,-0.03,0,-0.01,
1,24,0.01,-10.05,-0.03,0,-0.01,
1,24,0.01,-10.05,-0.03,0,-0.01,
1,24,-0.02,-9.98,-0.23,-0.01,-0.01,
1,24,-0.02,-9.98,-0.23,-0.01,-0.01,
1,24,-0.02,-9.98,-0.23,-0.01,-0.01,
1,24,0,-9.98,-0.17,0,-0.01,
1,24,0,-9.98,-0.17,-0.01,-0.01,
1,24,0,-9.98,-0.17,-0.01,-0.01,
1,24,0.07,-10.02,-0.17,-0.01,-0.01,
1,24,0.07,-10.02,-0.17,0,-0.01,
1,24,0.07,-9.99,-0.11,0,-0.01,
1,24,0.07,-9.99,-0.11,-0.01,-0.01,
1,24,0.07,-9.99,-0.11,-0.01,-0.01,
1,24,0.02,-10.02,-0.08,-0.01,-0.01,
1,24,0.02,-10.02,-0.08,-0.01,-0.01,
1,24,0.02,-10.02,-0.08,0,-0.01,
1,24,0.08,-9.98,-0.03,-0.01,-0.01,
1,24,0.08,-9.98,-0.03,-0.01,-0.01,
1,24,0.08,-9.98,-0.03,-0.01,-0.01,
1,24,0.05,-10.02,-0.05,-0.01,-0.01,
1,24,0.05,-10.02,-0.05,-0.01,-0.01,
1,24,-0.01,-10.04,-0.15,-0.01,-0.01,
1,24,-0.01,-10.04,-0.15,-0.01,0,
1,24,-0.01,-10.04,-0.15,-0.01,0,
1,24,-0.05,-10.04,-0.15,0,-0.01,
1,24,-0.05,-10.04,-0.15,0,-0.01,
1,24,-0.05,-10.04,-0.15,0,-0.01,
1,24,0,-10.04,-0.13,-0.01,-0.01,
1,24,0,-10.04,-0.13,-0.01,-0.01,
1,24,0,-10.04,-0.13,-0.01,-0.01,
1,24,0.03,-10.07,-0.11,-0.01,-0.01,
1,24,0.03,-10.07,-0.11,-0.01,-0.01,
1,24,0.03,-10.07,-0.11,-0.01,-0.01,
1,24,0.04,-9.96,-0.12,-0.01,-0.01,
1,24,0.04,-9.96,-0.12,-0.01,-0.01,
1,24,-0.01,-10.06,-0.05,-0.01,-0.01,
1,24,-0.01,-10.06,-0.05,-0.01,-0.01,
1,24,-0.01,-10.06,-0.05,-0.01,-0.01,
1,24,-0.02,-10.01,-0.09,-0.01,-0.01,
1,24,-0.02,-10.01,-0.09,-0.01,-0.01,
1,24,-0.02,-10.01,-0.09,-0.01,-0.01,
1,24,0.01,-10.07,-0.1,-0.01,-0.01,
1,24,0.01,-10.07,-0.1,-0.01,-0.01,
1,24,0.01,-10.07,-0.1,-0.01,-0.01,
1,24,0,-10.01,-0.14,-0.01,-0.01,
1,24,0,-10.01,-0.14,-0.01,-0.01,
1,24,0,-10.01,-0.14,-0.01,-0.01,
1,24,0.03,-10.03,-0.13,-0.01,-0.01,
1,24,0.03,-10.03,-0.13,-0.01,-0.01,
1,24,0.02,-10.01,-0.12,-0.01,-0.01,
1,24,0.02,-10.01,-0.12,0,-0.01,
1,24,0.02,-10.01,-0.12,-0.01,-0.01,
1,24,0.02,-10.01,-0.11,-0.01,-0.01,
1,24,0.02,-10.01,-0.11,-0.01,-0.01,
1,24,0.02,-10.01,-0.11,-0.01,-0.01,
1,24,0,-10.03,-0.11,-0.01,-0.01,
1,24,0,-10.03,-0.11,-0.01,-0.01,
1,24,0,-10.03,-0.11,-0.01,-0.01,
1,24,-0.02,-10.02,-0.13,-0.01,-0.01,
1,24,-0.02,-10.02,-0.13,-0.01,-0.01,
1,24,-0.02,-10.02,-0.13,-0.01,-0.01,
1,24,0,-10.02,-0.12,-0.01,-0.01,
1,24,0,-10.02,-0.12,0,-0.01,
1,24,0,-10.02,-0.12,0,-0.01,
1,24,0.07,-10.07,-0.11,0,-0.01,
1,24,0.07,-10.07,-0.11,-0.01,-0.01,
1,24,0.07,-10.07,-0.11,-0.01,-0.01,
1,24,0,-10.07,-0.12,0,-0.01,
1,24,0,-10.07,-0.12,-0.01,-0.01,
1,24,0,-10.07,-0.12,-0.01,-0.01,
1,24,0.04,-10.03,-0.15,-0.01,-0.01,
1,24,0.04,-10.03,-0.15,0,-0.01,
1,24,0.09,-10.01,-0.11,0,-0.01,
1,24,0.09,-10.01,-0.11,0,-0.01,
1,24,0.09,-10.01,-0.11,0,-0.01,
1,24,0.05,-10.07,-0.11,0,-0.01,
1,24,0.05,-10.07,-0.11,0,-0.01,
1,24,0.05,-10.07,-0.11,0,-0.01,
1,24,0.06,-10.04,-0.11,0,-0.01,
1,24,0.06,-10.04,-0.11,-0.01,-0.01,
1,24,0.06,-10.04,-0.11,0,-0.01,
1,24,0.03,-10.03,-0.11,0,-0.01,
1,24,0.03,-10.03,-0.11,-0.01,-0.01,
1,24,0.03,-10.03,-0.11,-0.01,-0.01,
1,24,0.02,-10.01,-0.11,0,-0.01,
1,24,0.02,-10.01,-0.11,0,-0.01,
1,24,0.01,-10.05,-0.09,-0.01,-0.01,
1,24,0.01,-10.05,-0.09,-0.01,-0.01,
1,24,0.01,-10.05,-0.09,-0.01,-0.01,
1,24,-0.02,-10.1,-0.11,-0.01,-0.01,
1,24,-0.02,-10.1,-0.11,0,-0.01,
1,24,-0.02,-10.1,-0.11,0,-0.01,
1,24,-0.01,-10.05,-0.11,-0.01,-0.01,
1,24,-0.01,-10.05,-0.11,-0.01,-0.01,
1,24,-0.01,-10.05,-0.11,-0.01,-0.01,
1,24,0.02,-10.03,-0.14,-0.01,-0.01,
1,24,0.02,-10.03,-0.14,-0.01,-0.01,
1,24,0.02,-10.03,-0.14,-0.01,-0.01,
1,24,-0.01,-10,-0.13,0,-0.01,
1,24,-0.01,-10,-0.13,-0.01,-0.01,
1,24,-0.01,-10,-0.13,-0.01,-0.01,
1,24,0.03,-10.01,-0.12,0,-0.01,
1,24,0.03,-10.01,-0.12,0,-0.01,
1,24,0.03,-10.01,-0.12,0,-0.01,
1,24,0.01,-10,-0.16,-0.01,-0.01,
1,24,0.01,-10,-0.16,-0.01,-0.01,
1,24,0.05,-10.09,-0.16,-0.01,-0.01,
1,24,0.05,-10.09,-0.16,-0.01,-0.01,
1,24,0.05,-10.09,-0.16,-0.01,-0.01,
1,24,0,-10.07,-0.11,-0.01,-0.01,
1,24,0,-10.07,-0.11,-0.01,-0.01,
1,24,0,-10.07,-0.11,0,-0.01,
1,24,-0.01,-10.06,-0.08,0,-0.01,
1,24,-0.01,-10.06,-0.08,-0.01,-0.01,
1,24,-0.01,-10.06,-0.08,-0.01,-0.01,
1,24,0.01,-10.06,-0.11,-0.01,-0.01,
1,24,0.01,-10.06,-0.11,0,-0.01,
1,24,0.01,-10.06,-0.11,0,-0.01,
1,24,0.02,-10.01,-0.12,0,-0.01,
1,24,0.02,-10.01,-0.12,0,-0.01,
1,24,-0.02,-10.06,-0.14,-0.01,-0.01,
1,24,-0.02,-10.06,-0.14,-0.01,-0.01,
1,24,-0.02,-10.06,-0.14,-0.01,-0.01,
1,24,0.06,-10.02,-0.07,0,-0.01,
1,24,0.06,-10.02,-0.07,-0.01,-0.01,
1,24,0.06,-10.02,-0.07,-0.01,-0.01,
1,24,-0.02,-10.04,-0.12,-0.01,-0.01,
1,24,-0.02,-10.04,-0.12,-0.01,-0.01,
1,24,-0.02,-10.04,-0.12,-0.01,-0.01,
1,24,0.03,-9.98,-0.11,-0.01,-0.01,
1,24,0.03,-9.98,-0.11,0,-0.01,
1,25,0.03,-9.98,-0.11,0,-0.01,
1,25,0.03,-10.05,-0.09,-0.01,-0.01,
1,25,0.03,-10.05,-0.09,-0.01,-0.01,
1,25,0.03,-10.05,-0.09,-0.01,-0.01,
1,25,0.01,-10.03,-0.09,-0.01,-0.01,
1,25,0.01,-10.03,-0.09,-0.01,-0.01,
1,25,0.04,-10.02,-0.11,-0.01,-0.01,
1,25,0.04,-10.02,-0.11,-0.01,-0.01,
1,25,0.04,-10.02,-0.11,-0.01,-0.01,
1,25,0,-10.08,-0.11,-0.01,-0.01,
1,25,0,-10.08,-0.11,-0.01,-0.01,
1,25,0,-10.08,-0.11,-0.01,-0.01,
1,25,0.04,-10.06,-0.1,-0.01,-0.01,
1,25,0.04,-10.06,-0.1,-0.01,-0.02,
1,25,0.04,-10.06,-0.1,0,-0.01,
1,25,-0.01,-10.04,-0.13,0,-0.01,
1,25,-0.01,-10.04,-0.13,-0.01,-0.01,
1,25,-0.01,-10.04,-0.13,-0.01,-0.01,
1,25,0.04,-10.09,-0.1,-0.01,-0.01,
1,25,0.04,-10.09,-0.1,0,-0.01,
1,25,0.04,-10.09,-0.1,0,-0.01,
1,25,0.03,-10.04,-0.09,-0.01,-0.01,
1,25,0.03,-10.04,-0.09,0,-0.01,
1,25,0.03,-10.04,-0.09,0,-0.01,
1,25,0.01,-9.96,-0.12,0,-0.01,
1,25,0.01,-9.96,-0.12,0,-0.01,
1,25,0.01,-9.96,-0.12,0,-0.01,
1,25,-0.01,-9.98,-0.11,-0.01,-0.01,
1,25,-0.01,-9.98,-0.11,0,-0.01,
1,25,-0.01,-9.98,-0.11,0,-0.01,
1,25,0.05,-10.05,-0.07,-0.01,-0.01,
1,25,0.05,-10.05,-0.07,-0.01,-0.01,
1,25,0.05,-10.05,-0.07,-0.01,-0.01,
1,25,0.02,-10.05,-0.14,-0.01,-0.01,
1,25,0.02,-10.05,-0.14,-0.01,-0.01,
1,25,0.02,-10.05,-0.14,-0.01,-0.01,
1,25,0.03,-10,-0.08,-0.01,-0.01,
1,25,-0.01,-10.04,-0.15,-0.01,-0.01,
1,25,0.06,-9.99,-0.15,-0.01,-0.01,
1,25,0,-10.02,-0.14,-0.01,-0.01,
1,26,0.04,-9.99,-0.13,-0.01,-0.01,
1,26,0.02,-9.97,-0.08,-0.01,-0.01,
1,26,0,-10.04,-0.1,-0.01,-0.01,
1,26,0,-10.04,-0.1,-0.01,-0.01,
1,26,0,-10.04,-0.1,-0.01,-0.01,
1,26,0.02,-10.06,-0.12,-0.01,-0.01,
1,26,0.02,-10.06,-0.12,-0.01,-0.01,
1,26,0.08,-10.04,-0.13,0,-0.01,
1,26,0.08,-10.04,-0.13,0,-0.01,
1,26,0.08,-10.04,-0.13,0,-0.01,
1,26,-0.03,-9.96,-0.12,0,-0.01,
1,26,-0.03,-9.96,-0.12,0,-0.01,
1,26,-0.03,-9.96,-0.12,-0.01,-0.01,
1,26,-0.02,-10.07,-0.14,-0.01,-0.01,
1,26,-0.02,-10.07,-0.14,-0.01,-0.01,
1,26,-0.02,-10.07,-0.14,-0.01,-0.01,
1,26,0.02,-10.04,-0.15,-0.01,-0.01,
1,26,0.02,-10.04,-0.15,-0.01,-0.01,
1,26,0.02,-10.04,-0.15,-0.01,-0.01,
1,26,0.01,-10.07,-0.16,-0.01,-0.01,
1,26,0.01,-10.07,-0.16,-0.01,-0.01,
1,26,0.01,-10.07,-0.16,0,-0.01,
1,26,0.11,-10.05,-0.08,-0.01,-0.01,
1,26,0.11,-10.05,-0.08,-0.01,-0.01,
1,26,0.11,-10.05,-0.08,-0.01,-0.01,
1,26,0,-10.04,-0.11,-0.01,0,
1,26,0,-10.04,-0.11,-0.01,0,
1,26,0.01,-10,-0.12,-0.01,-0.01,
1,26,0.01,-10,-0.12,-0.01,-0.01,
1,26,0.01,-10,-0.12,-0.01,-0.01,
1,26,-0.01,-10.05,-0.12,-0.01,-0.01,
1,26,-0.01,-10.05,-0.12,-0.01,-0.01,
1,26,-0.01,-10.05,-0.12,-0.01,-0.01,
1,26,-0.03,-10.02,-0.14,-0.01,-0.01,
1,26,-0.03,-10.02,-0.14,-0.01,-0.01,
1,26,-0.03,-10.02,-0.14,-0.01,-0.01,
1,26,0.06,-10.03,-0.08,-0.01,-0.01,
1,26,0.06,-10.03,-0.08,0,-0.01,
1,26,0.06,-10.03,-0.08,-0.01,-0.01,
1,26,-0.06,-10.06,-0.08,-0.01,-0.01,
1,26,-0.06,-10.06,-0.08,0,-0.01,
1,26,-0.06,-10.06,-0.08,0,-0.01,
1,26,0.04,-10.04,-0.09,0,-0.01,
1,26,0.04,-10.04,-0.09,-0.01,-0.01,
1,26,0.04,-10.06,-0.09,-0.01,-0.01,
1,26,0.04,-10.06,-0.09,-0.01,-0.01,
1,26,0.04,-10.06,-0.09,-0.01,-0.01,
1,26,0.09,-10.03,-0.14,-0.01,-0.01,
1,26,0.09,-10.03,-0.14,-0.01,-0.01,
1,26,0.09,-10.03,-0.14,0,-0.01,
1,26,-0.02,-10.06,-0.12,-0.01,-0.01,
1,26,-0.02,-10.06,-0.12,-0.01,-0.01,
1,26,-0.02,-10.06,-0.12,-0.01,-0.01,
1,26,-0.01,-10.06,-0.15,-0.01,-0.01,
1,26,-0.01,-10.06,-0.15,-0.01,-0.01,
1,26,-0.01,-10.06,-0.15,0,-0.01,
1,26,-0.01,-10.08,-0.1,-0.01,-0.01,
1,26,-0.01,-10.08,-0.1,-0.01,-0.01,
1,26,-0.01,-10.08,-0.1,0,-0.01,
1,26,0,-10.04,-0.08,0,-0.02,
1,26,0,-10.04,-0.08,0,-0.02,
1,26,0.03,-10,-0.08,-0.01,-0.01,
1,26,0.03,-10,-0.08,-0.01,0,
1,26,0.03,-10,-0.08,-0.01,0,
1,26,0,-10.07,-0.11,-0.01,-0.01,
1,26,0,-10.07,-0.11,-0.01,-0.01,
1,26,0,-10.07,-0.11,-0.01,-0.01,
1,26,0.01,-9.99,-0.1,-0.01,-0.01,
1,26,0.01,-9.99,-0.1,-0.01,-0.01,
1,26,0.01,-9.99,-0.1,-0.01,-0.01,
1,26,0,-10.01,-0.11,0,-0.01,
1,26,0,-10.01,-0.11,0,0,
1,26,0,-10.01,-0.11,0,0,
1,26,0.03,-10.04,-0.15,-0.01,-0.01,
1,26,0.03,-10.04,-0.15,-0.01,-0.01,
1,26,0.03,-10.04,-0.15,-0.01,-0.01,
1,26,0.02,-10.07,-0.11,-0.01,-0.01,
1,26,0.02,-10.07,-0.11,0,-0.01,
1,26,0.05,-10,-0.11,0,-0.01,
1,26,0.05,-10,-0.11,-0.01,-0.01,
1,26,0.05,-10,-0.11,-0.01,-0.01,
1,26,0.04,-10.05,-0.12,-0.01,-0.01,
1,26,0.04,-10.05,-0.12,-0.01,-0.01,
1,26,0.04,-10.05,-0.12,-0.01,-0.01,
1,26,0.01,-10.07,-0.11,-0.01,-0.01,
1,26,0.01,-10.07,-0.11,-0.01,-0.01,
1,26,0.01,-10.07,-0.11,0,-0.01,
1,26,0,-10.02,-0.14,0,-0.01,
1,26,0,-10.02,-0.14,-0.01,-0.01,
1,26,0,-10.02,-0.14,0,-0.01,
1,26,0.02,-10.04,-0.13,0,-0.01,
1,26,0.02,-10.04,-0.13,-0.01,-0.01,
1,26,0.02,-10.04,-0.13,-0.01,-0.01,
1,26,0,-10.01,-0.11,-0.01,-0.01,
1,26,0,-10.01,-0.11,-0.01,-0.01,
1,26,0,-10.01,-0.11,-0.01,-0.01,
1,26,-0.04,-10.04,-0.14,-0.01,-0.01,
1,26,-0.04,-10.04,-0.14,-0.01,-0.01,
1,26,0.06,-10.02,-0.11,-0.01,-0.01,
1,26,0.06,-10.02,-0.11,-0.01,-0.01,
1,26,0.06,-10.02,-0.11,-0.01,-0.01,
1,26,0.07,-9.98,-0.15,-0.01,-0.01,
1,26,0.07,-9.98,-0.15,-0.01,-0.01,
1,26,0.07,-9.98,-0.15,-0.01,-0.01,
1,26,0.04,-10.02,-0.13,-0.01,-0.01,
1,26,0.04,-10.02,-0.13,-0.01,-0.01,
1,26,0.04,-10.02,-0.13,-0.01,-0.01,
1,26,-0.05,-10.03,-0.17,0,-0.01,
1,26,-0.05,-10.03,-0.17,-0.01,-0.01,
1,26,-0.05,-10.03,-0.17,-0.01,-0.01,
1,26,0.04,-10.02,-0.11,-0.01,-0.01,
1,26,0.04,-10.02,-0.11,-0.01,-0.01,
1,26,0.08,-10.03,-0.11,-0.01,-0.01,
1,26,0.08,-10.03,-0.11,0,-0.01,
1,26,0.08,-10.03,-0.11,-0.01,0,
1,26,0.01,-10.01,-0.09,-0.01,0,
1,26,0.01,-10.01,-0.09,-0.01,-0.01,
1,26,0.01,-10.01,-0.09,-0.01,-0.01,
1,26,-0.04,-10.01,-0.1,-0.01,-0.01,
1,26,-0.04,-10.01,-0.1,-0.01,-0.01,
1,26,-0.04,-10.01,-0.1,0,-0.01,
1,26,0.03,-10.07,-0.12,-0.01,-0.01,
1,26,0.03,-10.07,-0.12,-0.01,-0.01,
1,26,0.03,-10.07,-0.12,-0.01,-0.01,
1,26,0.03,-10.06,-0.13,-0.01,-0.01,
1,26,0.03,-10.06,-0.13,-0.01,-0.01,
1,26,0.01,-10.1,-0.18,0,-0.01,
1,26,0.01,-10.1,-0.18,0,-0.01,
1,26,0.01,-10.1,-0.18,0,-0.01,
1,26,0,-10.02,-0.11,0,-0.01,
1,26,0,-10.02,-0.11,-0.01,-0.01,
1,26,0,-10.02,-0.11,-0.01,-0.01,
1,26,0.15,-10.01,-0.06,0,-0.01,
1,27,0.15,-10.01,-0.06,-0.01,-0.01,
1,27,0.15,-10.01,-0.06,-0.01,-0.01,
1,27,0.14,-9.9,0,-0.01,-0.01,
1,27,0.14,-9.9,0,0,-0.01,
1,27,0.14,-9.9,0,0,-0.01,
1,27,0,-10.07,-0.1,0,-0.01,
1,27,0,-10.07,-0.1,-0.01,-0.01,
1,27,0,-10.07,-0.1,-0.01,-0.01,
1,27,0,-10.11,-0.18,-0.01,-0.01,
1,27,0,-10.11,-0.18,-0.01,-0.02,
1,27,-0.05,-10.02,-0.17,-0.01,-0.02,
1,27,-0.05,-10.02,-0.17,0,-0.01,
1,27,-0.05,-10.02,-0.17,-0.01,-0.01,
1,27,0,-10.05,-0.09,-0.01,-0.01,
1,27,0,-10.05,-0.09,-0.01,-0.01,
1,27,0,-10.05,-0.09,-0.01,-0.01,
1,27,-0.01,-10.03,-0.12,-0.01,-0.01,
1,27,-0.01,-10.03,-0.12,-0.01,-0.01,
1,27,-0.01,-10.03,-0.12,0,-0.01,
1,27,0.02,-9.99,-0.15,-0.01,-0.01,
1,27,0.02,-9.99,-0.15,-0.01,-0.01,
1,27,0.02,-9.99,-0.15,0,-0.01,
1,27,0.05,-10.07,-0.11,0,-0.01,
1,27,0.05,-10.07,-0.11,0,-0.01,
1,27,0.02,-10.01,-0.1,0,-0.01,
1,27,0.02,-10.01,-0.1,-0.01,-0.01,
1,27,0.02,-10.01,-0.1,-0.01,-0.01,
1,27,0.01,-10.02,-0.12,-0.01,-0.01,
1,27,0.01,-10.02,-0.12,-0.01,-0.01,
1,27,0.01,-10.02,-0.12,-0.01,-0.01,
1,27,0.02,-10.02,-0.15,-0.01,0,
1,27,0.02,-10.02,-0.15,-0.01,-0.01,
1,27,0.02,-10.02,-0.15,-0.01,-0.01,
1,27,0.05,-10.04,-0.09,-0.01,-0.01,
1,27,0.05,-10.04,-0.09,-0.01,-0.01,
1,27,0.05,-10.04,-0.09,-0.01,-0.01,
1,27,0.05,-10.07,-0.14,-0.01,-0.01,
1,27,0.05,-10.07,-0.14,-0.01,-0.01,
1,27,0.05,-10.07,-0.14,-0.01,-0.01,
1,27,0.05,-10.09,-0.14,-0.01,-0.01,
1,27,0.05,-10.09,-0.14,-0.01,-0.01,
1,27,0.05,-10.09,-0.14,-0.01,-0.01,
1,27,-0.03,-10.02,-0.14,-0.01,-0.01,
1,27,-0.03,-10.02,-0.14,-0.01,-0.01,
1,27,-0.03,-10.02,-0.14,0,-0.01,
1,27,-0.01,-10.03,-0.09,-0.01,-0.01,
1,27,-0.01,-10.03,-0.09,-0.01,-0.01,
1,27,-0.01,-10.03,-0.09,-0.01,-0.01,
1,27,0.07,-10.02,-0.08,-0.01,-0.01,
1,27,0.07,-10.02,-0.08,-0.01,-0.01,
1,27,0.07,-10.02,-0.08,-0.01,-0.01,
1,27,-0.06,-10.05,-0.13,-0.01,-0.01,
1,27,-0.06,-10.05,-0.13,-0.01,-0.01,
1,27,0.01,-10.06,-0.1,-0.01,-0.01,
1,27,0.01,-10.06,-0.1,-0.01,-0.01,
1,27,0.01,-10.06,-0.1,-0.01,-0.01,
1,27,0.02,-10.03,-0.09,-0.01,-0.01,
1,27,0.02,-10.03,-0.09,-0.01,-0.01,
1,27,0.02,-10.03,-0.09,-0.01,-0.01,
1,27,0.07,-9.96,-0.11,-0.01,-0.01,
1,27,0.07,-9.96,-0.11,-0.01,-0.01,
1,27,0.07,-9.96,-0.11,-0.01,-0.01,
1,27,0.09,-10.07,-0.12,0,-0.01,
1,27,0.09,-10.07,-0.12,-0.01,-0.01,
1,27,0.09,-10.07,-0.12,-0.01,-0.01,
1,27,-0.03,-10.08,-0.14,0,-0.01,
1,27,-0.03,-10.08,-0.14,-0.01,-0.01,
1,27,-0.03,-10.08,-0.14,-0.01,-0.01,
1,27,-0.01,-10.01,-0.1,0,-0.01,
1,27,-0.01,-10.01,-0.1,-0.01,-0.01,
1,27,0.03,-10.05,-0.06,-0.01,-0.01,
1,27,0.03,-10.05,-0.06,-0.01,-0.01,
1,27,0.03,-10.05,-0.06,-0.01,-0.01,
1,27,-0.01,-10,-0.15,0,-0.01,
1,27,-0.01,-10,-0.15,0,-0.01,
1,27,-0.01,-10,-0.15,-0.01,-0.01,
1,27,0.03,-10.11,-0.15,0,-0.01,
1,27,0.03,-10.11,-0.15,0,-0.01,
1,27,0.03,-10.11,-0.15,0,-0.01,
1,27,0.02,-9.96,-0.14,-0.01,-0.01,
1,27,0.02,-9.96,-0.14,-0.01,-0.01,
1,27,0.02,-9.96,-0.14,0,-0.01,
1,27,0,-10.02,-0.1,-0.01,-0.01,
1,27,0,-10.02,-0.1,-0.01,-0.01,
1,27,0,-10.07,-0.14,0,-0.01,
1,27,0,-10.07,-0.14,-0.01,-0.01,
1,27,0,-10.07,-0.14,-0.01,-0.01,
1,27,-0.01,-10.05,-0.1,0,-0.01,
1,27,-0.01,-10.05,-0.1,-0.01,-0.01,
1,27,-0.01,-10.05,-0.1,-0.01,-0.01,
1,27,-0.01,-10.05,-0.12,-0.01,-0.01,
1,27,-0.01,-10.05,-0.12,0,-0.01,
1,27,-0.01,-10.05,-0.12,0,-0.01,
1,27,0.03,-10.02,-0.09,-0.01,-0.01,
1,27,0.03,-10.02,-0.09,-0.01,-0.02,
1,27,0.03,-10.02,-0.09,-0.01,-0.02,
1,27,0,-10,-0.13,-0.01,-0.01,
1,27,0,-10,-0.13,-0.01,-0.01,
1,27,0,-10,-0.13,-0.01,-0.01,
1,27,0.06,-10,-0.09,-0.01,-0.01,
1,27,0.06,-10,-0.09,-0.01,-0.01,
1,27,0.06,-10.06,-0.14,-0.01,-0.01,
1,27,0.06,-10.06,-0.14,-0.01,-0.01,
1,27,0.06,-10.06,-0.14,-0.01,-0.01,
1,27,0,-10.01,-0.07,-0.01,-0.01,
1,27,0,-10.01,-0.07,-0.01,-0.01,
1,27,0,-10.01,-0.07,0,-0.01,
1,27,-0.01,-10.06,-0.11,-0.01,-0.01,
1,27,-0.01,-10.06,-0.11,-0.01,-0.01,
1,27,-0.01,-10.06,-0.11,-0.01,-0.01,
1,27,0,-10.04,-0.15,-0.01,-0.01,
1,27,0,-10.04,-0.15,-0.01,-0.01,
1,27,0,-10.04,-0.15,0,-0.01,
1,27,0.01,-10.08,-0.12,-0.01,-0.01,
1,27,0.01,-10.08,-0.12,-0.01,-0.01,
1,27,0.08,-9.96,-0.08,-0.01,-0.01,
1,27,0.08,-9.96,-0.08,0,-0.01,
1,27,0.08,-9.96,-0.08,0,-0.01,
1,27,0.02,-10,-0.11,0,-0.01,
1,27,0.02,-10,-0.11,-0.01,-0.01,
1,27,0.02,-10,-0.11,-0.01,-0.01,
1,27,0.01,-10.08,-0.11,-0.01,-0.01,
1,27,0.01,-10.08,-0.11,-0.01,-0.01,
1,27,0.01,-10.08,-0.11,-0.01,-0.01,
1,27,-0.01,-10.05,-0.12,-0.01,-0.01,
1,27,-0.01,-10.05,-0.12,-0.01,-0.01,
1,27,-0.01,-10.05,-0.12,-0.01,-0.01,
1,27,0.06,-10.01,-0.07,-0.01,-0.01,
1,27,0.06,-10.01,-0.07,-0.01,-0.01,
1,27,0.06,-10.05,-0.14,-0.01,-0.01,
1,27,0.06,-10.05,-0.14,-0.01,-0.01,
1,27,0.06,-10.05,-0.14,-0.01,-0.01,
1,27,0.03,-10.05,-0.16,-0.01,-0.01,
1,27,0.03,-10.05,-0.16,-0.01,-0.01,
1,27,0.03,-10.05,-0.16,0,-0.01,
1,27,-0.02,-10.11,-0.15,-0.01,-0.01,
1,27,-0.02,-10.11,-0.15,-0.01,-0.01,
1,27,-0.02,-10.11,-0.15,-0.01,-0.01,
1,27,0,-10.02,-0.1,-0.01,-0.01,
1,27,0,-10.02,-0.1,-0.01,-0.01,
1,27,0,-10.02,-0.1,-0.01,-0.01,
1,27,0.07,-10.04,-0.09,0,-0.01,
1,27,0.07,-10.04,-0.09,0,-0.01,
1,27,0.07,-10.04,-0.09,-0.01,-0.01,
1,27,0.01,-10.07,-0.08,-0.01,-0.01,
1,27,0.01,-10.07,-0.08,-0.01,-0.01,
1,27,0.01,-10.07,-0.08,-0.01,-0.01,
1,27,0.01,-10.06,-0.1,-0.01,-0.01,
1,27,0.01,-10.06,-0.1,-0.01,-0.01,
1,27,-0.04,-10.02,-0.05,-0.01,-0.01,
1,27,-0.04,-10.02,-0.05,0,-0.01,
1,27,-0.04,-10.02,-0.05,0,-0.01,
1,27,0.06,-10.02,-0.17,0,-0.01,
1,28,0.06,-10.02,-0.17,-0.01,-0.01,
1,28,0.06,-10.02,-0.17,-0.01,-0.01,
1,28,0.08,-9.96,-0.12,0,-0.01,
1,28,0.08,-9.96,-0.12,-0.01,-0.01,
1,28,0.08,-9.96,-0.12,-0.01,-0.01,
1,28,-0.05,-10.01,-0.14,0,-0.01,
1,28,-0.05,-10.01,-0.14,-0.01,-0.01,
1,28,-0.05,-10.01,-0.14,-0.01,-0.01,
1,28,0.06,-10.06,-0.1,0,-0.01,
1,28,0.06,-10.06,-0.1,-0.01,-0.01,
1,28,0.03,-10.01,-0.09,-0.01,-0.01,
1,28,0.03,-10.01,-0.09,-0.01,-0.01,
1,28,0.03,-10.01,-0.09,0,-0.01,
1,28,0,-10.02,-0.17,-0.01,-0.01,
1,28,0,-10.02,-0.17,-0.01,-0.01,
1,28,0,-10.02,-0.17,-0.01,-0.01,
1,28,0,-9.99,-0.13,-0.01,-0.01,
1,28,0,-9.99,-0.13,-0.01,-0.01,
1,28,0,-9.99,-0.13,-0.01,-0.01,
1,28,0.08,-10.01,-0.15,-0.01,-0.01,
1,28,0.08,-10.01,-0.15,-0.01,-0.01,
1,28,0.08,-10.01,-0.15,-0.01,-0.01,
1,28,0.05,-10.1,-0.11,-0.01,-0.01,
1,28,0.05,-10.1,-0.11,-0.01,-0.01,
1,28,-0.03,-10.09,-0.14,-0.01,-0.01,
1,28,-0.03,-10.09,-0.14,-0.01,-0.01,
1,28,-0.03,-10.09,-0.14,0,-0.01,
1,28,0.04,-10.03,-0.12,0,-0.01,
1,28,0.04,-10.03,-0.12,-0.01,-0.01,
1,28,0.04,-10.03,-0.12,-0.01,-0.01,
1,28,-0.01,-10.04,-0.08,-0.01,-0.01,
1,28,-0.01,-10.04,-0.08,0,-0.01,
1,28,-0.01,-10.04,-0.08,-0.01,-0.01,
1,28,-0.05,-10.06,-0.11,-0.01,-0.01,
1,28,-0.05,-10.06,-0.11,0,-0.01,
1,28,-0.05,-10.06,-0.11,-0.01,-0.01,
1,28,-0.01,-10.11,-0.11,-0.01,-0.01,
1,28,-0.01,-10.11,-0.11,0,-0.01,
1,28,-0.01,-10.06,-0.1,0,-0.01,
1,28,-0.01,-10.06,-0.1,0,-0.01,
1,28,-0.01,-10.06,-0.1,0,-0.01,
1,28,0.02,-10.05,-0.13,-0.01,-0.01,
1,28,0.02,-10.05,-0.13,-0.01,-0.01,
1,28,0.02,-10.05,-0.13,-0.01,-0.01,
1,28,0.08,-9.99,-0.09,-0.01,-0.01,
1,28,0.08,-9.99,-0.09,-0.01,-0.01,
1,28,0.08,-9.99,-0.09,0,-0.01,
1,28,0.05,-10.03,-0.13,0,-0.01,
1,28,0.05,-10.03,-0.13,0,-0.01,
1,28,0.05,-10.03,-0.13,0,-0.01,
1,28,0.03,-10.12,-0.16,-0.01,-0.01,
1,28,0.03,-10.12,-0.16,-0.01,-0.01,
1,28,0.03,-10.12,-0.16,-0.01,-0.01,
1,28,0,-9.98,-0.16,-0.01,-0.01,
1,28,0,-9.98,-0.16,-0.01,-0.01,
1,28,0.03,-10.05,-0.17,-0.01,-0.01,
1,28,0.03,-10.05,-0.17,-0.01,-0.01,
1,28,0.03,-10.05,-0.17,-0.01,-0.01,
1,28,0.01,-10.02,-0.08,0,-0.01,
1,28,0.01,-10.02,-0.08,-0.01,-0.01,
1,28,0.01,-10.02,-0.08,-0.01,-0.01,
1,28,0.06,-10,-0.08,0,-0.01,
1,28,0.06,-10,-0.08,-0.01,-0.01,
1,28,0.06,-10,-0.08,-0.01,-0.01,
1,28,-0.01,-9.98,-0.06,0,-0.01,
1,28,-0.01,-9.98,-0.06,-0.01,-0.01,
1,28,-0.01,-9.98,-0.06,-0.01,-0.01,
1,28,0,-10.02,-0.1,-0.01,-0.01,
1,28,0,-10.02,-0.1,-0.01,-0.01,
1,28,0,-10.02,-0.1,-0.01,-0.01,
1,28,0,-10.05,-0.16,-0.01,-0.01,
1,28,0,-10.05,-0.16,0,-0.01,
1,28,0,-10.05,-0.16,0,-0.01,
1,28,0.01,-10.03,-0.21,-0.01,-0.01,
1,28,0.01,-10.03,-0.21,-0.01,-0.01,
1,28,0.01,-10.03,-0.21,-0.01,-0.01,
1,28,0.04,-10.06,-0.12,0,-0.01,
1,28,0.04,-10.06,-0.12,0,-0.01,
1,28,0.04,-10.06,-0.12,-0.01,-0.01,
1,28,0,-10.05,-0.12,-0.01,-0.01,
1,28,0,-10.05,-0.12,-0.01,-0.01,
1,28,0,-10.05,-0.12,-0.01,-0.01,
1,28,0.04,-10.04,-0.13,-0.01,-0.01,
1,28,0.04,-10.04,-0.13,-0.01,-0.01,
1,28,0.04,-10.04,-0.13,-0.01,-0.01,
1,28,0.04,-10.01,-0.05,-0.01,-0.01,
1,28,0.04,-10.01,-0.05,-0.01,-0.01,
1,28,0.04,-10.01,-0.05,-0.01,-0.01,
1,28,0.03,-10.03,-0.09,-0.01,-0.01,
1,28,0.03,-10.03,-0.09,-0.01,-0.01,
1,28,0.01,-10.02,-0.12,-0.01,-0.01,
1,28,0.01,-10.02,-0.12,0,-0.01,
1,28,0.01,-10.02,-0.12,0,-0.01,
1,28,0,-10,-0.14,-0.01,-0.01,
1,28,0,-10,-0.14,-0.01,-0.01,
1,28,0,-10,-0.14,-0.01,-0.01,
1,28,0.03,-10.03,-0.11,-0.01,-0.01,
1,28,0.03,-10.03,-0.11,-0.01,-0.01,
1,28,0.03,-10.03,-0.11,-0.01,-0.01,
1,28,0.06,-10.07,-0.15,-0.01,-0.01,
1,28,0.06,-10.07,-0.15,-0.01,-0.01,
1,28,0.06,-10.07,-0.15,-0.01,-0.01,
1,28,-0.04,-10.01,-0.11,-0.01,-0.01,
1,28,-0.04,-10.01,-0.11,-0.01,-0.01,
1,28,-0.04,-10.01,-0.11,-0.01,-0.01,
1,28,0,-10.02,-0.16,-0.01,-0.01,
1,28,0,-10.02,-0.16,-0.01,-0.01,
1,28,0,-10.08,-0.11,-0.01,-0.01,
1,28,0,-10.08,-0.11,-0.01,-0.01,
1,28,0,-10.08,-0.11,-0.01,-0.01,
1,28,0.01,-10.04,-0.13,-0.01,-0.01,
1,28,0.01,-10.04,-0.13,0,-0.01,
1,28,0.01,-10.04,-0.13,-0.01,-0.01,
1,28,-0.02,-9.98,-0.1,-0.01,-0.01,
1,28,-0.02,-9.98,-0.1,-0.01,-0.01,
1,28,-0.02,-9.98,-0.1,-0.01,-0.01,
1,28,0.07,-10.04,-0.11,-0.01,-0.01,
1,28,0.07,-10.04,-0.11,-0.01,-0.01,
1,28,0.07,-10.04,-0.11,-0.01,-0.01,
1,28,0.02,-10.06,-0.1,-0.01,-0.01,
1,28,0.02,-10.06,-0.1,-0.01,-0.01,
1,28,0.02,-10.06,-0.1,-0.01,-0.01,
1,28,-0.01,-10.05,-0.17,-0.01,-0.01,
1,28,-0.01,-10.05,-0.17,-0.01,-0.01,
1,28,0.02,-10.02,-0.12,-0.01,-0.01,
1,28,0.02,-10.02,-0.12,-0.01,-0.01,
1,28,0.02,-10.02,-0.12,-0.01,-0.01,
1,28,-0.09,-10.07,-0.16,-0.01,-0.01,
1,28,-0.09,-10.07,-0.16,0,-0.01,
1,28,-0.09,-10.07,-0.16,0,-0.01,
1,28,-0.03,-10.02,-0.22,-0.01,-0.01,
1,28,-0.03,-10.02,-0.22,-0.01,-0.01,
1,28,-0.03,-10.02,-0.22,-0.01,-0.01,
1,28,0,-10.06,-0.15,0,-0.01,
1,28,0,-10.06,-0.15,-0.01,-0.01,
1,28,0,-10.06,-0.15,-0.01,-0.01,
1,28,0.03,-10.03,-0.11,0,-0.01,
1,28,0.03,-10.03,-0.11,-0.01,-0.01,
1,28,0.03,-10.03,-0.11,-0.01,-0.01,
1,28,0.03,-10,-0.16,0,-0.01,
1,28,0.03,-10,-0.16,-0.01,-0.01,
1,28,0.04,-10.03,-0.17,-0.01,-0.01,
1,28,0.04,-10.03,-0.17,0,-0.01,
1,28,0.04,-10.03,-0.17,0,-0.01,
1,28,-0.09,-10.08,-0.12,0,-0.01,
1,28,-0.09,-10.08,-0.12,-0.01,-0.02,
1,28,-0.09,-10.08,-0.12,-0.01,-0.01,
1,28,0,-10,-0.17,-0.01,-0.01,
1,28,0,-10,-0.17,-0.01,-0.01,
1,28,0,-10,-0.17,-0.01,-0.01,
1,28,0.04,-10.02,-0.11,-0.01,-0.01,
1,28,0.04,-10.02,-0.11,-0.01,-0.01,
1,28,0.04,-10.02,-0.11,-0.01,-0.01,
1,28,0.05,-10.04,-0.1,-0.01,-0.01,
1,29,0.05,-10.04,-0.1,-0.01,-0.01,
1,29,0.05,-10.04,-0.1,-0.01,-0.01,
1,29,0.04,-10.02,-0.13,-0.01,-0.01,
1,29,0.04,-10.02,-0.13,0,-0.01,
1,29,-0.01,-9.97,-0.09,-0.01,-0.02,
1,29,-0.01,-9.97,-0.09,-0.01,-0.02,
1,29,-0.01,-9.97,-0.09,-0.01,-0.01,
1,29,0.06,-10.07,-0.06,-0.01,-0.01,
1,29,0.06,-10.07,-0.06,-0.01,-0.01,
1,29,0.06,-10.07,-0.06,-0.01,-0.01,
1,29,0.04,-10.11,-0.09,-0.01,-0.01,
1,29,0.04,-10.11,-0.09,-0.01,-0.01,
1,29,0.04,-10.11,-0.09,-0.01,-0.01,
1,29,0.01,-10.05,-0.14,-0.01,-0.01,
1,29,0.01,-10.05,-0.14,-0.01,-0.01,
1,29,0.01,-10.05,-0.14,0,-0.01,
1,29,0.01,-10.06,-0.09,-0.01,-0.01,
1,29,0.01,-10.06,-0.09,-0.01,-0.01,
1,29,0.01,-10.06,-0.09,-0.01,-0.01,
1,29,0.03,-10.05,-0.04,-0.01,-0.01,
1,29,0.03,-10.05,-0.04,-0.01,-0.01,
1,29,0.03,-10.05,-0.04,0,-0.01,
1,29,0.02,-10.07,-0.09,-0.01,-0.01,
1,29,0.02,-10.07,-0.09,-0.01,-0.01,
1,29,0.02,-10.07,-0.09,-0.01,-0.01,
1,29,0.03,-9.98,-0.11,-0.01,-0.01,
1,29,0.03,-9.98,-0.11,-0.01,-0.01,
1,29,0.03,-9.98,-0.11,-0.01,-0.01,
1,29,-0.02,-10.01,-0.12,-0.01,-0.01,
1,29,-0.02,-10.01,-0.12,-0.01,-0.01,
1,29,-0.02,-10.01,-0.12,-0.01,-0.01,
1,29,0,-10.07,-0.18,0,-0.01,
1,29,0,-10.07,-0.18,0,-0.01,
1,29,0.02,-10.02,-0.18,-0.01,-0.01,
1,29,0.02,-10.02,-0.18,-0.01,-0.01,
1,29,0.02,-10.02,-0.18,-0.01,-0.01,
1,29,-0.03,-10.07,-0.2,-0.01,-0.01,
1,29,-0.03,-10.07,-0.2,-0.01,-0.01,
1,29,-0.03,-10.07,-0.2,-0.01,-0.01,
1,29,0.03,-10,-0.06,0,-0.01,
1,29,0.03,-10,-0.06,-0.01,-0.01,
1,29,0.03,-10,-0.06,-0.01,-0.01,
1,29,0.03,-10.06,-0.07,-0.01,-0.01,
1,29,0.03,-10.06,-0.07,-0.01,-0.01,
1,29,0.03,-10.06,-0.07,-0.01,-0.01,
1,29,0.04,-9.98,-0.09,0,-0.01,
1,29,0.04,-9.98,-0.09,0,-0.01,
1,29,0.01,-9.98,-0.11,0,-0.01,
1,29,0.01,-9.98,-0.11,-0.01,-0.01,
1,29,0.01,-9.98,-0.11,-0.01,-0.01,
1,29,-0.01,-9.98,-0.11,-0.01,-0.01,
1,29,-0.01,-9.98,-0.11,0,-0.01,
1,29,-0.01,-9.98,-0.11,0,-0.01,
1,29,0,-10.03,-0.12,0,-0.01,
1,29,0,-10.03,-0.12,0,-0.01,
1,29,0,-10.03,-0.12,-0.01,-0.01,
1,29,0.02,-10.06,-0.13,-0.01,-0.01,
1,29,0.02,-10.06,-0.13,-0.01,-0.01,
1,29,0.02,-10.06,-0.13,-0.01,-0.01,
1,29,0.05,-10.02,-0.14,0,-0.01,
1,29,0.05,-10.02,-0.14,0,-0.01,
1,29,0.05,-10.02,-0.14,-0.01,-0.01,
1,29,-0.03,-10.03,-0.12,0,0,
1,29,-0.03,-10.03,-0.12,0,0,
1,29,0.01,-10.01,-0.08,-0.01,-0.01,
1,29,0.01,-10.01,-0.08,-0.01,-0.01,
1,29,0.01,-10.01,-0.08,-0.01,-0.01,
1,29,0.02,-10.05,-0.11,-0.01,-0.01,
1,29,0.02,-10.05,-0.11,-0.01,-0.01,
1,29,0.02,-10.05,-0.11,-0.01,-0.01,
1,29,0.03,-10.01,-0.13,0,-0.01,
1,29,0.03,-10.01,-0.13,-0.01,-0.01,
1,29,0.03,-10.01,-0.13,-0.01,-0.01,
1,29,-0.01,-10.05,-0.08,-0.01,-0.01,
1,29,-0.01,-10.05,-0.08,-0.01,-0.01,
1,29,-0.01,-10.05,-0.08,-0.01,-0.01,
1,29,0,-9.92,-0.09,-0.01,-0.01,
1,29,0,-9.92,-0.09,-0.01,-0.01,
1,29,0.04,-10.05,-0.1,-0.01,-0.01,
1,29,0.04,-10.05,-0.1,0,-0.01,
1,29,0.04,-10.05,-0.1,0,-0.01,
1,29,-0.15,-10.04,-0.13,0,-0.01,
1,29,-0.15,-10.04,-0.13,-0.01,0,
1,29,-0.15,-10.04,-0.13,-0.01,-0.01,
1,29,0,-10,-0.14,-0.01,-0.01,
1,29,0,-10,-0.14,-0.01,-0.01,
1,29,0,-10,-0.14,-0.01,-0.01,
1,29,0.08,-10.01,-0.11,-0.01,-0.01,
1,29,0.08,-10.01,-0.11,-0.01,-0.01,
1,29,0.08,-10.01,-0.11,-0.01,-0.01,
1,29,0.05,-10.02,-0.11,-0.01,-0.01,
1,29,0.05,-10.02,-0.11,-0.01,-0.01,
1,29,0.03,-10.04,-0.09,-0.01,-0.02,
1,29,0.03,-10.04,-0.09,0,-0.01,
1,29,0.03,-10.04,-0.09,0,-0.01,
1,29,0,-10.03,-0.12,0,-0.01,
1,29,0,-10.03,-0.12,-0.01,-0.01,
1,29,0,-10.03,-0.12,-0.01,-0.01,
1,29,0.03,-10.1,-0.14,-0.01,-0.01,
1,29,0.03,-10.1,-0.14,-0.01,-0.01,
1,29,0.03,-10.1,-0.14,-0.01,-0.01,
1,29,-0.01,-10.03,-0.07,0,-0.01,
1,29,-0.01,-10.03,-0.07,0,-0.01,
1,29,-0.01,-10.03,-0.07,0,-0.01,
1,29,-0.02,-10.07,-0.14,0,-0.01,
1,29,-0.02,-10.07,-0.14,-0.01,-0.01,
1,29,-0.02,-10.07,-0.14,-0.01,-0.01,
1,29,0.01,-10.06,-0.11,-0.01,-0.01,
1,29,0.01,-10.06,-0.11,-0.01,-0.01,
1,29,0.01,-10.06,-0.11,-0.01,-0.01,
1,29,-0.01,-10.02,-0.11,-0.01,-0.01,
1,29,-0.01,-10.02,-0.11,-0.01,-0.01,
1,29,0.08,-10.06,-0.14,-0.01,-0.01,
1,29,0.08,-10.06,-0.14,-0.01,-0.01,
1,29,0.08,-10.06,-0.14,-0.01,-0.01,
1,29,0.06,-10.06,-0.12,-0.01,0,
1,29,0.06,-10.06,-0.12,-0.01,0,
1,29,0.06,-10.06,-0.12,-0.01,-0.01,
1,29,0.05,-10.04,-0.16,-0.01,-0.01,
1,29,0.05,-10.04,-0.16,-0.01,-0.01,
1,29,0.05,-10.04,-0.16,-0.01,-0.01,
1,29,-0.03,-10,-0.07,-0.01,-0.01,
1,29,-0.03,-10,-0.07,-0.01,-0.01,
1,29,0.03,-10.02,-0.09,-0.01,0,
1,29,0.03,-10.02,-0.09,-0.01,-0.01,
1,29,0.03,-10.02,-0.09,-0.01,-0.01,
1,29,0.01,-10.04,-0.15,-0.01,-0.01,
1,29,0.01,-10.04,-0.15,-0.01,-0.01,
1,29,0.01,-10.04,-0.15,-0.01,-0.01,
1,29,-0.06,-10.05,-0.12,-0.01,-0.01,
1,29,-0.06,-10.05,-0.12,0,-0.01,
1,29,-0.06,-10.05,-0.12,0,-0.01,
1,29,0.03,-10,-0.12,-0.01,-0.01,
1,29,0.03,-10,-0.12,-0.01,-0.01,
1,29,0.03,-10,-0.12,-0.01,-0.01,
1,29,0.04,-10.03,-0.11,-0.01,-0.01,
1,29,0.04,-10.03,-0.11,-0.01,-0.01,
1,29,0.01,-10.06,-0.14,-0.01,-0.01,
1,29,0.01,-10.06,-0.14,-0.01,-0.01,
1,29,0.01,-10.06,-0.14,-0.01,-0.01,
1,29,0,-10.01,-0.16,-0.01,-0.01,
1,29,0,-10.01,-0.16,-0.01,-0.01,
1,29,0,-10.01,-0.16,0,-0.01,
1,29,0.01,-10.07,-0.1,-0.01,-0.01,
1,29,0.01,-10.07,-0.1,-0.01,-0.01,
1,29,0.01,-10.07,-0.1,-0.01,-0.01,
1,29,-0.02,-10.04,-0.12,-0.01,-0.01,
1,29,-0.02,-10.04,-0.12,-0.01,-0.01,
1,29,-0.02,-10.04,-0.12,-0.01,-0.01,
1,29,0,-10,-0.18,-0.01,-0.01,
1,29,0,-10,-0.18,-0.01,-0.01,
1,29,0,-10.01,-0.15,-0.01,-0.01,
1,30,0,-10.01,-0.15,0,-0.01,
1,30,0,-10.01,-0.15,-0.01,-0.01,
1,30,0.03,-10,-0.13,-0.01,-0.01,
1,30,0.03,-10,-0.13,-0.01,-0.01,
1,30,0.03,-10,-0.13,0,-0.01,
1,30,0,-10,-0.09,0,-0.01,
1,30,0,-10,-0.09,-0.01,-0.01,
1,30,0,-10,-0.09,0,-0.01,
1,30,-0.02,-10.04,-0.15,0,-0.01,
1,30,-0.02,-10.04,-0.15,-0.01,-0.01,
1,30,-0.01,-9.98,-0.11,-0.01,-0.01,
1,30,-0.01,-9.98,-0.11,-0.01,-0.01,
1,30,-0.01,-9.98,-0.11,-0.01,-0.01,
1,30,-0.01,-10,-0.03,-0.01,-0.01,
1,30,-0.01,-10,-0.03,-0.01,-0.01,
1,30,-0.01,-10,-0.03,-0.01,-0.01,
1,30,0.08,-9.99,-0.07,-0.01,-0.01,
1,30,0.08,-9.99,-0.07,0,-0.01,
1,30,0.08,-9.99,-0.07,0,-0.01,
1,30,0.04,-10.03,-0.12,-0.01,-0.01,
1,30,0.04,-10.03,-0.12,0,-0.01,
1,30,0.1,-10.04,-0.1,0,-0.01,
1,30,0.1,-10.04,-0.1,-0.01,-0.01,
1,30,0.1,-10.04,-0.1,0,-0.01,
1,30,0.04,-10.04,-0.15,0,-0.01,
1,30,0.04,-10.04,-0.15,0,-0.01,
1,30,0.04,-10.04,-0.15,0,-0.01,
1,30,-0.03,-10.02,-0.12,0,-0.01,
1,30,-0.03,-10.02,-0.12,-0.01,-0.01,
1,30,-0.03,-10.02,-0.12,-0.01,-0.01,
1,30,-0.04,-10.02,-0.14,-0.01,-0.01,
1,30,-0.04,-10.02,-0.14,-0.01,-0.01,
1,30,0.05,-10.01,-0.11,-0.01,-0.01,
1,30,0.05,-10.01,-0.11,0,-0.01,
1,30,0.05,-10.01,-0.11,0,-0.01,
1,30,0,-9.98,-0.04,-0.01,-0.01,
1,30,0,-9.98,-0.04,-0.01,-0.01,
1,30,0,-9.98,-0.04,-0.01,-0.01,
1,30,0,-10.03,-0.17,0,-0.01,
1,30,0,-10.03,-0.17,-0.01,-0.01,
1,30,0,-10.03,-0.17,0,-0.01,
1,30,-0.05,-10.12,-0.18,0,-0.01,
1,30,-0.05,-10.12,-0.18,-0.01,-0.01,
1,30,0.02,-10.01,-0.11,0,-0.01,
1,30,0.02,-10.01,-0.11,0,-0.01,
1,30,0.02,-10.01,-0.11,-0.01,-0.01,
1,30,0.07,-9.99,-0.15,-0.01,-0.01,
1,30,0.07,-9.99,-0.15,-0.01,-0.01,
1,30,0.07,-9.99,-0.15,0,-0.01,
1,30,0.01,-10.03,-0.09,-0.01,-0.01,
1,30,0.01,-10.03,-0.09,-0.01,-0.01,
1,30,0.01,-10.03,-0.09,-0.01,-0.01,
1,30,0.01,-10.07,-0.16,0,-0.01,
1,30,0.01,-10.07,-0.16,0,-0.01,
1,30,0.01,-10.07,-0.16,-0.01,-0.01,
1,30,-0.01,-9.96,-0.14,-0.01,-0.01,
1,30,-0.01,-9.96,-0.14,-0.01,-0.01,
1,30,0.06,-10.05,-0.1,-0.01,-0.01,
1,30,0.06,-10.05,-0.1,0,-0.01,
1,30,0.06,-10.05,-0.1,0,-0.01,
1,30,-0.01,-10.09,-0.14,-0.01,-0.01,
1,30,-0.01,-10.09,-0.14,-0.01,-0.01,
1,30,-0.01,-10.09,-0.14,-0.01,-0.01,
1,30,0.02,-10.08,-0.07,-0.01,-0.01,
1,30,0.02,-10.08,-0.07,0,-0.01,
1,30,0.02,-10.08,-0.07,0,-0.01,
1,30,0.05,-10.02,-0.09,0,-0.01,
1,30,0.05,-10.02,-0.09,-0.01,-0.01,
1,30,0.05,-10.02,-0.09,-0.01,-0.01,
1,30,0.04,-10.01,-0.12,-0.01,-0.01,
1,30,0.04,-10.01,-0.12,0,-0.01,
1,30,0.04,-10.01,-0.12,-0.01,-0.01,
1,30,0.05,-10,-0.13,-0.01,-0.01,
1,30,0.05,-10,-0.13,-0.01,-0.01,
1,30,0.04,-10.03,-0.12,-0.01,-0.01,
1,30,0.04,-10.03,-0.12,-0.01,-0.01,
1,30,0.04,-10.03,-0.12,-0.01,-0.01,
1,30,0.02,-10.02,-0.14,-0.01,-0.01,
1,30,0.02,-10.02,-0.14,-0.01,-0.01,
1,30,0.02,-10.02,-0.14,0,-0.01,
1,30,0.01,-10.06,-0.15,-0.01,-0.01,
1,30,0.01,-10.06,-0.15,-0.01,-0.01,
1,30,0.01,-10.06,-0.15,-0.01,-0.01,
1,30,0.02,-10.06,-0.11,-0.01,-0.01,
1,30,0.02,-10.06,-0.11,-0.01,-0.01,
1,30,0.02,-10.06,-0.11,0,-0.01,
1,30,0.01,-10.05,-0.1,-0.01,-0.01,
1,30,0.01,-10.05,-0.1,-0.01,-0.01,
1,30,0.05,-10.06,-0.11,-0.01,-0.01,
1,30,0.05,-10.06,-0.11,-0.01,-0.01,
1,30,0.05,-10.06,-0.11,-0.01,-0.01,
1,30,-0.05,-10.04,-0.16,-0.01,-0.01,
1,30,-0.05,-10.04,-0.16,-0.01,-0.01,
1,30,-0.05,-10.04,-0.16,-0.01,-0.01,
1,30,-0.04,-10.03,-0.1,-0.01,-0.01,
1,30,-0.04,-10.03,-0.1,-0.01,-0.01,
1,30,-0.04,-10.03,-0.1,-0.01,-0.01,
1,30,0.07,-10.05,-0.12,-0.01,-0.01,
1,30,0.07,-10.05,-0.12,0,-0.01,
1,30,0.07,-10.07,-0.11,0,-0.01,
1,30,0.07,-10.07,-0.11,0,-0.01,
1,30,0.07,-10.07,-0.11,-0.01,-0.01,
1,30,0.05,-10.01,-0.12,-0.01,-0.01,
1,30,0.05,-10.01,-0.12,-0.01,-0.01,
1,30,0.05,-10.01,-0.12,-0.01,-0.01,
1,30,0.03,-10.05,-0.14,-0.01,-0.01,
1,30,0.03,-10.05,-0.14,0,-0.01,
1,30,0.03,-10.05,-0.14,0,-0.01,
1,30,0.04,-9.99,-0.14,0,-0.01,
1,30,0.04,-9.99,-0.14,-0.01,-0.01,
1,30,0.04,-9.99,-0.14,-0.01,-0.01,
1,30,0.05,-10.05,-0.07,-0.01,-0.01,
1,30,0.05,-10.05,-0.07,0,-0.01,
1,30,-0.01,-10,-0.15,0,-0.01,
1,30,-0.01,-10,-0.15,-0.01,-0.01,
1,30,-0.01,-10,-0.15,-0.01,-0.01,
1,30,0.01,-10.05,-0.14,-0.01,-0.01,
1,30,0.01,-10.05,-0.14,0,-0.01,
1,30,0.01,-10.05,-0.14,-0.01,-0.01,
1,30,-0.02,-10.03,-0.08,-0.01,-0.01,
1,30,-0.02,-10.03,-0.08,-0.01,-0.01,
1,30,-0.02,-10.03,-0.08,-0.01,-0.01,
1,30,0,-10.05,-0.16,-0.01,-0.01,
1,30,0,-10.05,-0.16,-0.01,-0.01,
1,30,0,-10,-0.12,-0.01,-0.01,
1,30,0,-10,-0.12,0,-0.01,
1,30,0,-10,-0.12,0,-0.01,
1,30,0.04,-10.03,-0.18,-0.01,-0.01,
1,30,0.04,-10.03,-0.18,0,-0.01,
1,30,0.04,-10.03,-0.18,0,-0.01,
1,30,-0.08,-10.06,-0.15,-0.01,-0.01,
1,30,-0.08,-10.06,-0.15,-0.01,-0.01,
1,30,-0.08,-10.06,-0.15,-0.01,-0.01,
1,30,0.03,-10.1,-0.12,0,-0.01,
1,30,0.03,-10.1,-0.12,-0.01,-0.01,
1,30,0.03,-10.1,-0.12,-0.01,-0.01,
1,30,0,-10.01,-0.07,0,-0.01,
1,30,0,-10.01,-0.07,0,-0.01,
1,30,-0.04,-10.03,-0.13,0,-0.01,
1,30,-0.04,-10.03,-0.13,-0.01,-0.01,
1,30,-0.04,-10.03,-0.13,0,-0.01,
1,30,0.04,-9.96,-0.09,0,-0.01,
1,30,0.04,-9.96,-0.09,-0.01,-0.01,
1,30,0.04,-9.96,-0.09,-0.01,-0.01,
1,30,-0.01,-10.02,-0.13,-0.01,-0.01,
1,30,-0.01,-10.02,-0.13,-0.01,-0.01,
1,30,-0.01,-10.02,-0.13,-0.01,-0.01,
1,30,0.03,-10.1,-0.08,-0.01,-0.01,
1,30,0.03,-10.1,-0.08,-0.01,-0.01,
1,30,0.03,-10.1,-0.08,-0.01,-0.01,
1,31,0,-10.06,-0.11,-0.01,-0.01,
1,31,0,-10.06,-0.11,-0.01,-0.01,
1,31,0,-10.06,-0.11,-0.01,-0.01,
1,31,-0.03,-10.04,-0.12,-0.01,-0.01,
1,31,-0.03,-10.04,-0.12,0,-0.01,
1,31,-0.03,-10.04,-0.12,-0.01,-0.01,
1,31,0.13,-10.05,-0.13,-0.01,-0.01,
1,31,0.13,-10.05,-0.13,-0.01,-0.01,
1,31,0.13,-10.05,-0.13,-0.01,-0.01,
1,31,-0.05,-10,-0.1,-0.01,-0.01,
1,31,-0.05,-10,-0.1,-0.01,-0.01,
1,31,-0.05,-10,-0.1,-0.01,-0.01,
1,31,0,-10.05,-0.09,-0.01,-0.01,
1,31,0,-10.05,-0.09,-0.01,-0.01,
1,31,0.03,-10.09,-0.07,-0.01,-0.01,
1,31,0.03,-10.09,-0.07,-0.01,-0.01,
1,31,0.03,-10.09,-0.07,0,-0.01,
1,31,0,-10.04,-0.04,-0.01,-0.01,
1,31,0,-10.04,-0.04,-0.01,-0.01,
1,31,0,-10.04,-0.04,0,-0.01,
1,31,0.08,-9.98,-0.19,0,-0.01,
1,31,0.08,-9.98,-0.19,-0.01,-0.01,
1,31,0.08,-9.98,-0.19,-0.01,-0.01,
1,31,-0.05,-10.07,-0.18,-0.01,-0.01,
1,31,-0.05,-10.07,-0.18,0,-0.01,
1,31,0.01,-9.99,-0.12,0,-0.01,
1,31,0.01,-9.99,-0.12,0,-0.01,
1,31,0.01,-9.99,-0.12,-0.01,-0.01,
1,31,0.04,-10.02,-0.11,-0.01,-0.01,
1,31,0.04,-10.02,-0.11,-0.01,0,
1,31,0.04,-10.02,-0.11,-0.01,-0.01,
1,31,-0.01,-10.01,-0.14,-0.01,-0.01,
1,31,-0.01,-10.01,-0.14,-0.01,-0.01,
1,31,-0.01,-10.01,-0.14,-0.01,-0.01,
1,31,0.05,-10.07,-0.13,-0.01,-0.01,
1,31,0.05,-10.07,-0.13,-0.01,-0.01,
1,31,0.05,-10.07,-0.13,-0.01,-0.01,
1,31,-0.1,-10.08,-0.18,-0.01,-0.01,
1,31,-0.1,-10.08,-0.18,-0.01,-0.01,
1,31,0.04,-10.08,-0.07,-0.01,-0.01,
1,31,0.04,-10.08,-0.07,-0.01,-0.01,
1,31,0.04,-10.08,-0.07,-0.01,-0.01,
1,31,0.08,-9.97,-0.09,-0.01,-0.01,
1,31,0.08,-9.97,-0.09,0,-0.01,
1,31,0.08,-9.97,-0.09,0,-0.01,
1,31,0.03,-10.06,-0.11,-0.01,-0.01,
1,31,0.03,-10.06,-0.11,0,-0.01,
1,31,0.03,-10.06,-0.11,0,-0.01,
1,31,-0.01,-9.99,-0.18,-0.01,-0.01,
1,31,-0.01,-9.99,-0.18,-0.01,-0.01,
1,31,-0.01,-9.99,-0.18,-0.01,-0.01,
1,31,-0.01,-10.03,-0.11,-0.01,-0.01,
1,31,-0.01,-10.03,-0.11,0,-0.01,
1,31,-0.01,-10.03,-0.11,0,-0.01,
1,31,0.03,-10.02,-0.08,-0.01,-0.01,
1,31,0.03,-10.02,-0.08,-0.01,-0.01,
1,31,0.03,-10.02,-0.08,-0.01,-0.01,
1,31,0.02,-10,-0.17,-0.01,-0.01,
1,31,0.02,-10,-0.17,-0.01,-0.01,
1,31,-0.01,-10.04,-0.2,-0.01,-0.01,
1,31,-0.01,-10.04,-0.2,-0.01,-0.01,
1,31,-0.01,-10.04,-0.2,-0.01,-0.01,
1,31,0.03,-9.98,-0.08,-0.01,-0.01,
1,31,0.03,-9.98,-0.08,-0.01,-0.01,
1,31,0.03,-9.98,-0.08,0,-0.01,
1,31,0.01,-10.09,-0.09,0,-0.01,
1,31,0.01,-10.09,-0.09,-0.01,-0.01,
1,31,0.01,-10.09,-0.09,-0.01,-0.01,
1,31,0.03,-10.03,-0.08,-0.01,-0.01,
1,31,0.03,-10.03,-0.08,-0.01,-0.01,
1,31,0.03,-10.03,-0.08,-0.01,-0.01,
1,31,0,-10,-0.19,-0.01,-0.01,
1,31,0,-10,-0.19,0,-0.01,
1,31,0,-10,-0.19,-0.01,-0.01,
1,31,0.02,-9.96,-0.05,-0.01,-0.01,
1,31,0.02,-9.96,-0.05,-0.01,-0.01,
1,31,0.06,-9.99,-0.1,0,-0.01,
1,31,0.06,-9.99,-0.1,0,-0.01,
1,31,0.06,-9.99,-0.1,-0.01,-0.01,
1,31,0.01,-10.06,-0.15,-0.01,-0.01,
1,31,0.01,-10.06,-0.15,-0.01,-0.01,
1,31,0.01,-10.06,-0.15,-0.01,-0.01,
1,31,-0.04,-10.11,-0.18,-0.01,-0.01,
1,31,-0.04,-10.11,-0.18,-0.01,-0.01,
1,31,-0.04,-10.11,-0.18,0,-0.01,
1,31,0.01,-10.03,-0.1,-0.01,-0.01,
1,31,0.01,-10.03,-0.1,-0.01,-0.01,
1,31,0.01,-10.03,-0.1,0,-0.01,
1,31,0.03,-10.03,-0.07,-0.01,-0.01,
1,31,0.03,-10.03,-0.07,-0.01,-0.01,
1,31,0.03,-10.03,-0.07,-0.01,-0.01,
1,31,0.03,-9.98,-0.07,-0.01,-0.01,
1,31,0.03,-9.98,-0.07,-0.01,-0.01,
1,31,0.03,-9.98,-0.07,-0.01,-0.01,
1,31,-0.04,-10.03,-0.12,0,-0.01,
1,31,-0.04,-10.03,-0.12,0,-0.01,
1,31,-0.04,-10.03,-0.12,-0.01,-0.01,
1,31,0.01,-10.06,-0.15,0,-0.01,
1,31,0.01,-10.06,-0.15,0,-0.01,
1,31,0.01,-10.06,-0.15,0,-0.01,
1,31,0.1,-10,-0.09,-0.01,-0.01,
1,31,0.1,-10,-0.09,-0.01,-0.01,
1,31,0.05,-10.02,-0.12,-0.01,-0.01,
1,31,0.05,-10.02,-0.12,-0.01,-0.01,
1,31,0.05,-10.02,-0.12,-0.01,-0.01,
1,31,-0.06,-10.04,-0.16,-0.01,-0.01,
1,31,-0.06,-10.04,-0.16,-0.01,-0.01,
1,31,-0.06,-10.04,-0.16,-0.01,-0.01,
1,31,0,-10.01,-0.14,-0.01,-0.01,
1,31,0,-10.01,-0.14,-0.01,-0.01,
1,31,0,-10.01,-0.14,-0.01,-0.01,
1,31,0.07,-10.03,-0.11,-0.01,-0.01,
1,31,0.07,-10.03,-0.11,-0.01,-0.01,
1,31,0.07,-10.03,-0.11,-0.01,-0.01,
1,31,0.08,-10,-0.09,-0.01,-0.01,
1,31,0.08,-10,-0.09,-0.01,-0.01,
1,31,0.08,-10,-0.09,-0.01,-0.01,
1,31,0,-10.03,-0.1,-0.01,-0.01,
1,31,0,-10.03,-0.1,-0.01,-0.01,
1,31,0,-10.03,-0.1,-0.01,-0.01,
1,31,0.04,-10.04,-0.09,-0.01,-0.01,
1,31,0.04,-10.04,-0.09,-0.01,-0.01,
1,31,0.05,-10.04,-0.11,-0.01,-0.01,
1,31,0.05,-10.04,-0.11,0,-0.01,
1,31,0.05,-10.04,-0.11,0,-0.01,
1,31,0.06,-10.03,-0.15,0,-0.01,
1,31,0.06,-10.03,-0.15,-0.01,-0.01,
1,31,0.06,-10.03,-0.15,-0.01,-0.01,
1,31,-0.1,-10.09,-0.1,-0.01,-0.01,
1,31,-0.1,-10.09,-0.1,-0.01,-0.01,
1,31,-0.1,-10.09,-0.1,-0.01,-0.01,
1,31,0.02,-10.04,-0.13,-0.01,-0.01,
1,31,0.02,-10.04,-0.13,-0.01,-0.01,
1,31,0.02,-10.04,-0.13,-0.01,-0.01,
1,31,0,-9.97,-0.08,-0.01,-0.01,
1,31,0,-9.97,-0.08,-0.01,-0.01,
1,31,0.08,-10.02,-0.08,-0.01,-0.01,
1,31,0.08,-10.02,-0.08,-0.01,-0.01,
1,31,0.08,-10.02,-0.08,-0.01,-0.01,
1,31,-0.12,-10.06,-0.28,-0.01,-0.01,
1,31,-0.12,-10.06,-0.28,0,-0.01,
1,31,-0.12,-10.06,-0.28,0,-0.01,
1,31,-0.01,-10.1,-0.24,-0.01,-0.01,
1,31,-0.01,-10.1,-0.24,0,-0.01,
1,31,-0.01,-10.1,-0.24,0,-0.01,
1,31,-0.08,-10.02,-0.13,-0.01,-0.01,
1,31,-0.14,-10.18,-0.16,0,-0.01,
1,31,-0.14,-10.18,-0.16,0,-0.01,
1,31,-0.14,-10.18,-0.16,0,-0.01,
1,32,-0.03,-10,-0.11,-0.01,-0.01,
1,32,-0.03,-10,-0.11,-0.01,-0.01,
1,32,-0.03,-10,-0.11,-0.01,-0.01,
1,32,0.19,-9.96,-0.11,-0.01,-0.01,
1,32,0.19,-9.96,-0.11,-0.01,-0.01,
1,32,0.19,-9.96,-0.11,-0.01,-0.01,
1,32,-0.02,-10.04,-0.24,-0.01,-0.01,
1,32,-0.02,-10.04,-0.24,-0.01,-0.01,
1,32,-0.2,-10.06,-0.22,0,-0.01,
1,32,-0.2,-10.06,-0.22,-0.01,-0.01,
1,32,-0.2,-10.06,-0.22,-0.01,-0.01,
1,32,0.09,-9.97,0,0,-0.01,
1,32,0.09,-9.97,0,-0.01,-0.01,
1,32,0.09,-9.97,0,-0.01,-0.01,
1,32,0.13,-9.96,0.04,0,-0.01,
1,32,0.13,-9.96,0.04,-0.01,-0.01,
1,32,0.13,-9.96,0.04,-0.01,-0.01,
1,32,-0.03,-10.08,-0.19,-0.01,-0.01,
1,32,-0.03,-10.08,-0.19,-0.01,-0.01,
1,32,-0.03,-10.08,-0.19,-0.01,-0.01,
1,32,-0.21,-10.17,-0.21,0,-0.01,
1,32,-0.21,-10.17,-0.21,-0.01,-0.01,
1,32,-0.21,-10.17,-0.21,-0.01,-0.01,
1,32,0.1,-10.04,-0.08,0,-0.01,
1,32,0.1,-10.04,-0.08,-0.01,-0.01,
1,32,0.1,-10.04,-0.08,-0.01,-0.01,
1,32,0.2,-10.07,-0.05,-0.01,-0.01,
1,32,0.2,-10.07,-0.05,-0.01,-0.01,
1,32,-0.05,-10.1,-0.23,-0.01,-0.01,
1,32,-0.05,-10.1,-0.23,-0.01,-0.01,
1,32,-0.05,-10.1,-0.23,0,-0.01,
1,32,-0.02,-10.07,-0.24,0,-0.01,
1,32,-0.02,-10.07,-0.24,-0.01,-0.01,
1,32,-0.02,-10.07,-0.24,0,-0.01,
1,32,0.1,-10.02,-0.05,0,-0.01,
1,32,0.1,-10.02,-0.05,0,-0.01,
1,32,0.1,-10.02,-0.05,0,-0.01,
1,32,0.14,-10,0.01,-0.01,-0.01,
1,32,0.14,-10,0.01,-0.01,-0.01,
1,32,0.14,-10,0.01,-0.01,-0.01,
1,32,-0.08,-10.08,-0.12,0,-0.01,
1,32,-0.08,-10.08,-0.12,-0.01,-0.01,
1,32,-0.08,-10.08,-0.12,-0.01,-0.01,
1,32,-0.08,-10.1,-0.18,0,-0.01,
1,32,-0.08,-10.1,-0.18,-0.01,-0.01,
1,32,-0.08,-10.1,-0.18,-0.01,-0.01,
1,32,0.08,-10.04,-0.12,0,-0.01,
1,32,0.08,-10.04,-0.12,-0.01,-0.01,
1,32,0.08,-10.04,-0.12,-0.01,-0.01,
1,32,0.04,-10.02,-0.06,-0.01,-0.01,
1,32,0.04,-10.02,-0.06,-0.01,-0.01,
1,32,0.04,-10.02,-0.06,-0.01,-0.01,
1,32,-0.01,-10.04,-0.18,-0.01,-0.01,
1,32,-0.01,-10.04,-0.18,-0.01,-0.01,
1,32,-0.01,-10.04,-0.18,-0.01,-0.01,
1,32,-0.01,-10.03,-0.19,-0.01,-0.01,
1,32,-0.01,-10.03,-0.19,-0.01,-0.01,
1,32,-0.01,-10.03,-0.19,-0.01,-0.01,
1,32,0.07,-10.11,-0.17,-0.01,-0.01,
1,32,0.07,-10.11,-0.17,-0.01,-0.01,
1,32,0.01,-10.05,-0.11,-0.01,-0.01,
1,32,0.01,-10.05,-0.11,-0.01,-0.01,
1,32,0.01,-10.05,-0.11,-0.01,-0.01,
1,32,-0.01,-10.07,-0.15,-0.01,-0.01,
1,32,-0.01,-10.07,-0.15,-0.01,-0.01,
1,32,-0.01,-10.07,-0.15,-0.01,-0.01,
1,32,0.05,-9.96,-0.03,-0.01,-0.01,
1,32,0.05,-9.96,-0.03,-0.01,-0.01,
1,32,0.05,-9.96,-0.03,0,-0.01,
1,32,0.04,-9.97,-0.07,0,-0.01,
1,32,0.04,-9.97,-0.07,-0.01,-0.01,
1,32,0.04,-9.97,-0.07,-0.01,-0.01,
1,32,0.04,-10.06,-0.1,-0.01,-0.01,
1,32,0.04,-10.06,-0.1,-0.01,-0.01,
1,32,0.04,-10.06,-0.1,-0.01,-0.01,
1,32,-0.05,-10,-0.11,-0.01,-0.01,
1,32,-0.05,-10,-0.11,0,-0.01,
1,32,0.03,-10.05,-0.12,-0.01,-0.01,
1,32,0.03,-10.05,-0.12,-0.01,-0.01,
1,32,0.03,-10.05,-0.12,0,-0.01,
1,32,0.04,-10.07,-0.13,0,-0.01,
1,32,0.04,-10.07,-0.13,0,-0.01,
1,32,0.04,-10.07,-0.13,0,-0.01,
1,32,0.03,-10.07,-0.13,-0.01,-0.01,
1,32,0.03,-10.07,-0.13,0,-0.01,
1,32,0.03,-10.07,-0.13,0,-0.01,
1,32,0.04,-10,-0.14,0,-0.01,
1,32,0.04,-10,-0.14,-0.01,-0.01,
1,32,0.04,-10,-0.14,-0.01,-0.01,
1,32,-0.01,-10.03,-0.1,-0.01,-0.01,
1,32,-0.01,-10.03,-0.1,0,-0.01,
1,32,0.07,-10.02,-0.09,0,-0.01,
1,32,0.07,-10.02,-0.09,-0.01,-0.01,
1,32,0.07,-10.02,-0.09,-0.01,-0.01,
1,32,-0.06,-10.05,-0.12,-0.01,-0.01,
1,32,-0.06,-10.05,-0.12,-0.01,-0.01,
1,32,-0.06,-10.05,-0.12,-0.01,-0.01,
1,32,0.05,-10.06,-0.1,-0.01,-0.01,
1,32,0.05,-10.06,-0.1,-0.01,-0.01,
1,32,0.05,-10.06,-0.1,0,-0.01,
1,32,0.02,-9.99,-0.09,0,-0.01,
1,32,0.02,-9.99,-0.09,-0.01,-0.01,
1,32,0.02,-9.99,-0.09,-0.01,-0.01,
1,32,0,-10.03,-0.14,-0.01,-0.01,
1,32,0,-10.03,-0.14,0,-0.01,
1,32,0.02,-10.08,-0.14,0,-0.01,
1,32,0.02,-10.08,-0.14,-0.01,-0.01,
1,32,0.02,-10.08,-0.14,-0.01,-0.01,
1,32,0.01,-10.04,-0.14,-0.01,-0.01,
1,32,0.01,-10.04,-0.14,-0.01,-0.01,
1,32,0.01,-10.04,-0.14,-0.01,-0.01,
1,32,0.04,-10.01,-0.1,-0.01,-0.01,
1,32,0.04,-10.01,-0.1,-0.01,-0.01,
1,32,0.04,-10.01,-0.1,-0.01,-0.01,
1,32,-0.09,-10.03,-0.1,0,-0.01,
1,32,-0.09,-10.03,-0.1,0,-0.01,
1,32,-0.09,-10.03,-0.1,0,-0.01,
1,32,0.02,-10.03,-0.1,-0.01,-0.01,
1,32,0.02,-10.03,-0.1,-0.01,-0.01,
1,32,0.16,-9.93,-0.04,-0.01,-0.01,
1,32,0.16,-9.93,-0.04,-0.01,-0.01,
1,32,0.16,-9.93,-0.04,-0.01,-0.01,
1,32,0.02,-10.04,-0.09,-0.01,-0.01,
1,32,0.02,-10.04,-0.09,-0.01,-0.01,
1,32,0.02,-10.04,-0.09,-0.01,-0.01,
1,32,-0.04,-10.08,-0.15,-0.01,-0.01,
1,32,-0.04,-10.08,-0.15,-0.01,-0.01,
1,32,-0.04,-10.08,-0.15,-0.01,-0.01,
1,32,-0.02,-10.08,-0.23,0,-0.01,
1,32,-0.02,-10.08,-0.23,0,-0.01,
1,32,-0.02,-10.08,-0.23,-0.01,-0.01,
1,32,0.02,-10.08,-0.1,-0.01,-0.01,
1,32,0.02,-10.08,-0.1,-0.01,-0.01,
1,32,0.02,-10.08,-0.1,0,-0.01,
1,32,0.17,-10.23,-0.28,0,-0.01,
1,32,0.17,-10.23,-0.28,-0.01,-0.01,
1,32,0.03,-10.03,-0.14,-0.01,-0.01,
1,32,0.03,-10.03,-0.14,-0.01,-0.01,
1,32,0.03,-10.03,-0.14,-0.01,-0.01,
1,32,0.17,-9.95,-0.05,-0.01,-0.01,
1,32,0.17,-9.95,-0.05,-0.01,-0.01,
1,32,0.17,-9.95,-0.05,-0.01,-0.01,
1,32,0.01,-9.96,0,-0.01,-0.01,
1,32,0.01,-9.96,0,-0.01,-0.01,
1,32,0.01,-9.96,0,0,-0.01,
1,32,0.11,-9.99,0.09,-0.01,-0.01,
1,32,0.11,-9.99,0.09,-0.01,-0.01,
1,32,0.11,-9.99,0.09,0,-0.01,
1,32,-0.11,-10.16,0,-0.01,-0.01,
1,32,-0.11,-10.16,0,-0.01,-0.01,
1,32,-0.11,-10.16,0,0,-0.01,
1,32,0.01,-10.03,-0.14,0,-0.01,
1,32,0.01,-10.03,-0.14,0,-0.01,
1,32,0.01,-10.03,-0.14,-0.01,-0.01,
1,33,-0.06,-10.06,-0.21,-0.01,-0.01,
1,33,-0.06,-10.06,-0.21,-0.01,-0.01,
1,33,-0.06,-10.06,-0.21,-0.01,-0.01,
1,33,0.06,-9.99,-0.1,-0.01,-0.01,
1,33,0.06,-9.99,-0.1,-0.01,-0.01,
1,33,0.06,-10.03,-0.1,-0.01,-0.01,
1,33,0.06,-10.03,-0.1,-0.01,-0.01,
1,33,0.06,-10.03,-0.1,-0.01,-0.01,
1,33,0.03,-10.01,-0.17,0,-0.01,
1,33,0.03,-10.01,-0.17,-0.01,-0.01,
1,33,0.03,-10.01,-0.17,-0.01,-0.01,
1,33,0.01,-10.06,-0.04,0,-0.01,
1,33,0.01,-10.06,-0.04,-0.01,-0.01,
1,33,0.01,-10.06,-0.04,0,-0.01,
1,33,0.05,-10.01,-0.09,0,-0.01,
1,33,0.05,-10.01,-0.09,-0.01,-0.01,
1,33,0.05,-10.01,-0.09,-0.01,-0.01,
1,33,-0.03,-10.06,-0.11,-0.01,-0.01,
1,33,-0.03,-10.06,-0.11,-0.01,-0.01,
1,33,-0.03,-10.06,-0.11,-0.01,-0.01,
1,33,-0.07,-10.03,-0.1,-0.01,-0.01,
1,33,-0.07,-10.03,-0.1,-0.01,-0.01,
1,33,-0.04,-9.93,-0.11,-0.01,-0.01,
1,33,-0.04,-9.93,-0.11,-0.01,-0.01,
1,33,-0.04,-9.93,-0.11,-0.01,-0.01,
1,33,0.16,-10.14,-0.14,-0.01,-0.01,
1,33,0.16,-10.14,-0.14,-0.01,-0.01,
1,33,0.16,-10.14,-0.14,-0.01,-0.01,
1,33,-0.24,-10.07,-0.02,-0.01,-0.01,
1,33,-0.24,-10.07,-0.02,-0.01,-0.01,
1,33,-0.24,-10.07,-0.02,-0.01,-0.01,
1,33,0.24,-10.01,-0.09,-0.01,-0.01,
1,33,0.24,-10.01,-0.09,-0.01,-0.01,
1,33,0.24,-10.01,-0.09,0,-0.01,
1,33,-0.05,-9.99,0.06,-0.01,-0.01,
1,33,-0.05,-9.99,0.06,-0.01,-0.01,
1,33,-0.05,-9.99,0.06,-0.01,-0.01,
1,33,-0.04,-10,-0.29,0,-0.01,
1,33,-0.04,-10,-0.29,0,-0.01,
1,33,-0.04,-10,-0.29,0,-0.01,
1,33,-0.03,-10.09,-0.2,-0.01,-0.01,
1,33,-0.03,-10.09,-0.2,-0.01,-0.01,
1,33,-0.11,-10.05,-0.08,-0.01,-0.01,
1,33,-0.11,-10.05,-0.08,-0.01,-0.01,
1,33,-0.11,-10.05,-0.08,-0.01,-0.01,
1,33,0.08,-9.99,-0.1,0,-0.01,
1,33,0.08,-9.99,-0.1,-0.01,-0.01,
1,33,0.08,-9.99,-0.1,-0.01,-0.01,
1,33,0,-9.97,-0.06,-0.01,-0.01,
1,33,0,-9.97,-0.06,0,-0.01,
1,33,0,-9.97,-0.06,0,-0.01,
1,33,0.11,-10.02,-0.06,-0.01,-0.01,
1,33,0.11,-10.02,-0.06,-0.01,-0.01,
1,33,0.11,-10.02,-0.06,-0.01,-0.01,
1,33,0.02,-10.04,-0.02,-0.01,-0.01,
1,33,0.02,-10.04,-0.02,-0.01,-0.01,
1,33,0.02,-10.04,-0.02,-0.01,-0.01,
1,33,-0.04,-10.06,-0.11,-0.01,-0.01,
1,33,-0.04,-10.06,-0.11,-0.01,-0.01,
1,33,0.02,-10.04,-0.13,-0.01,-0.01,
1,33,0.02,-10.04,-0.13,-0.01,-0.01,
1,33,0.02,-10.04,-0.13,0,-0.01,
1,33,0.01,-10.04,-0.06,0,-0.01,
1,33,0.01,-10.04,-0.06,0,-0.01,
1,33,0.01,-10.04,-0.06,-0.01,-0.01,
1,33,0.12,-10.02,-0.1,-0.01,-0.01,
1,33,0.12,-10.02,-0.1,-0.01,-0.01,
1,33,0.12,-10.02,-0.1,-0.01,-0.01,
1,33,0,-10.04,-0.16,-0.01,-0.01,
1,33,0,-10.04,-0.16,-0.01,-0.01,
1,33,0,-10.04,-0.16,-0.01,-0.01,
1,33,0.06,-10.03,-0.16,-0.01,-0.01,
1,33,0.06,-10.03,-0.16,-0.01,-0.01,
1,33,0.06,-10.03,-0.16,0,-0.01,
1,33,0.02,-10.03,-0.11,0,-0.01,
1,33,0.02,-10.03,-0.11,-0.01,-0.01,
1,33,0.02,-10.03,-0.11,-0.01,-0.01,
1,33,-0.02,-10,-0.03,-0.01,-0.01,
1,33,-0.02,-10,-0.03,-0.01,-0.01,
1,33,-0.02,-10,-0.03,-0.01,-0.02,
1,33,0.03,-9.97,-0.08,-0.01,-0.02,
1,33,0.03,-9.97,-0.08,-0.01,-0.01,
1,33,0.03,-9.97,-0.08,-0.01,-0.01,
1,33,0.04,-10.09,-0.13,0,-0.01,
1,33,0.04,-10.09,-0.13,-0.01,-0.01,
1,33,0.04,-10.09,-0.13,-0.01,-0.01,
1,33,0.03,-10.05,-0.14,-0.01,-0.01,
1,33,0.03,-10.05,-0.14,-0.01,-0.01,
1,33,0.03,-10.05,-0.14,-0.01,-0.01,
1,33,0.02,-10.06,-0.16,0,-0.01,
1,33,0.02,-10.06,-0.16,0,-0.01,
1,33,0.01,-10,-0.08,0,-0.01,
1,33,0.01,-10,-0.08,-0.01,-0.01,
1,33,0.01,-10,-0.08,0,-0.01,
1,33,-0.02,-9.99,-0.17,0,-0.01,
1,33,-0.02,-9.99,-0.17,0,-0.01,
1,33,-0.02,-9.99,-0.17,0,0,
1,33,0.01,-10.05,-0.11,0,0,
1,33,0.01,-10.05,-0.11,-0.01,-0.01,
1,33,0.01,-10.05,-0.11,0,-0.01,
1,33,0.02,-9.98,-0.04,0,-0.01,
1,33,0.02,-9.98,-0.04,-0.01,-0.01,
1,33,0.02,-9.98,-0.04,-0.01,-0.01,
1,33,0.04,-10.05,-0.09,-0.01,-0.01,
1,33,0.04,-10.05,-0.09,-0.01,-0.01,
1,33,0.04,-10.05,-0.09,-0.01,-0.01,
1,33,0.01,-10.01,-0.18,-0.01,-0.01,
1,33,0.01,-10.01,-0.18,-0.01,-0.01,
1,33,-0.03,-10.03,-0.16,-0.01,-0.01,
1,33,-0.03,-10.03,-0.16,0,-0.01,
1,33,-0.03,-10.03,-0.16,0,-0.01,
1,33,0.03,-10.02,-0.12,0,-0.01,
1,33,0.03,-10.02,-0.12,0,-0.01,
1,33,0.03,-10.02,-0.12,0,-0.01,
1,33,0.04,-10.02,-0.1,-0.01,-0.01,
1,33,0.04,-10.02,-0.1,0,-0.01,
1,33,0.04,-10.02,-0.1,0,-0.01,
1,33,-0.05,-10.08,-0.05,-0.01,-0.01,
1,33,-0.05,-10.08,-0.05,-0.01,-0.01,
1,33,-0.05,-10.08,-0.05,-0.01,-0.01,
1,33,-0.04,-10.06,-0.13,0,-0.01,
1,33,-0.04,-10.06,-0.13,-0.01,-0.01,
1,33,0.1,-10.02,-0.12,-0.01,-0.01,
1,33,0.1,-10.02,-0.12,-0.01,-0.01,
1,33,0.1,-10.02,-0.12,0,-0.01,
1,33,0.01,-10.03,-0.09,0,-0.01,
1,33,0.01,-10.03,-0.09,-0.01,-0.01,
1,33,0.01,-10.03,-0.09,-0.01,-0.01,
1,33,0.01,-10.01,-0.13,-0.01,-0.01,
1,33,0.01,-10.01,-0.13,-0.01,-0.01,
1,33,0.01,-10.01,-0.13,-0.01,-0.01,
1,33,0.01,-10.07,-0.11,-0.01,-0.01,
1,33,0.01,-10.07,-0.11,0,-0.01,
1,33,0.01,-10.07,-0.11,-0.01,-0.01,
1,33,-0.01,-10,-0.05,-0.01,-0.01,
1,33,-0.01,-10,-0.05,-0.01,-0.01,
1,33,-0.01,-10,-0.05,-0.01,-0.01,
1,33,0.02,-10.06,-0.13,0,-0.01,
1,33,0.02,-10.06,-0.13,0,-0.01,
1,33,0.02,-10.06,-0.11,-0.01,-0.01,
1,33,0.02,-10.06,-0.11,-0.01,-0.01,
1,33,0.02,-10.06,-0.11,-0.01,-0.01,
1,33,0.05,-9.98,-0.1,-0.01,-0.01,
1,33,0.05,-9.98,-0.1,-0.01,-0.01,
1,33,0.05,-9.98,-0.1,-0.01,-0.01,
1,33,0.06,-10.02,-0.14,-0.01,-0.01,
1,33,0.06,-10.02,-0.14,-0.01,-0.01,
1,33,0.06,-10.02,-0.14,-0.01,-0.01,
1,33,0.05,-9.99,-0.11,-0.01,-0.01,
1,33,0.05,-9.99,-0.11,-0.01,-0.01,
1,33,0.05,-9.99,-0.11,-0.01,-0.01,
1,33,0.04,-10,-0.13,-0.01,-0.01,
1,33,0.04,-10,-0.13,0,-0.01,
1,34,0.01,-10.01,-0.1,-0.01,-0.01,
1,34,0.01,-10.01,-0.1,-0.01,-0.01,
1,34,0.01,-10.01,-0.1,0,-0.01,
1,34,0.02,-10.02,-0.14,-0.01,-0.01,
1,34,0.02,-10.02,-0.14,-0.01,-0.01,
1,34,0.02,-10.02,-0.14,-0.01,-0.01,
1,34,0.01,-9.96,-0.12,-0.01,-0.01,
1,34,0.01,-9.96,-0.12,-0.01,-0.01,
1,34,0.01,-9.96,-0.12,0,-0.01,
1,34,0.01,-10.09,-0.1,-0.01,-0.01,
1,34,0.01,-10.09,-0.1,-0.01,-0.01,
1,34,0.01,-10.09,-0.1,-0.01,-0.01,
1,34,0.04,-10.03,-0.14,-0.01,-0.01,
1,34,0.04,-10.03,-0.14,-0.01,-0.01,
1,34,0.04,-10.03,-0.14,-0.01,-0.01,
1,34,-0.01,-10.07,-0.14,-0.01,-0.01,
1,34,-0.01,-10.07,-0.14,0,-0.01,
1,34,0,-10.02,-0.16,-0.01,-0.01,
1,34,0,-10.02,-0.16,-0.01,-0.01,
1,34,0,-10.02,-0.16,0,-0.01,
1,34,0.05,-10.03,-0.14,0,-0.01,
1,34,0.05,-10.03,-0.14,0,-0.01,
1,34,0.05,-10.03,-0.14,-0.01,-0.01,
1,34,0.03,-10.04,-0.07,-0.01,-0.01,
1,34,0.03,-10.04,-0.07,-0.01,-0.01,
1,34,0.03,-10.04,-0.07,-0.01,-0.01,
1,34,0.04,-10.02,-0.08,0,0,
1,34,0.04,-10.02,-0.08,0,0,
1,34,0.04,-10.02,-0.08,-0.01,-0.01,
1,34,0.02,-10.07,-0.07,-0.01,-0.01,
1,34,0.02,-10.07,-0.07,-0.01,-0.01,
1,34,0.02,-10.07,-0.07,-0.01,-0.01,
1,34,0.07,-10.06,-0.11,-0.01,-0.01,
1,34,0.07,-10.06,-0.11,-0.01,-0.01,
1,34,0.07,-10.06,-0.11,0,-0.01,
1,34,0.01,-10.02,-0.14,-0.01,-0.01,
1,34,0.01,-10.02,-0.14,-0.01,-0.01,
1,34,0.01,-10.02,-0.14,-0.01,-0.01,
1,34,0.03,-9.98,-0.09,-0.01,-0.01,
1,34,0.03,-9.98,-0.09,-0.01,-0.01,
1,34,0.03,-9.98,-0.09,0,-0.01,
1,34,0.04,-10.04,-0.11,-0.01,-0.01,
1,34,0.04,-10.04,-0.11,-0.01,-0.01,
1,34,0.04,-10,-0.11,0,-0.01,
1,34,0.04,-10,-0.11,-0.01,-0.01,
1,34,0.04,-10,-0.11,-0.01,-0.01,
1,34,0.03,-10.04,-0.13,-0.01,-0.01,
1,34,0.03,-10.04,-0.13,-0.01,-0.01,
1,34,0.03,-10.04,-0.13,-0.01,-0.01,
1,34,0.04,-10.02,-0.09,-0.01,-0.01,
1,34,0.04,-10.02,-0.09,-0.01,-0.01,
1,34,0.04,-10.02,-0.09,-0.01,-0.01,
1,34,-0.04,-10.08,-0.02,-0.01,-0.01,
1,34,-0.04,-10.08,-0.02,-0.01,-0.01,
1,34,-0.04,-10.08,-0.02,-0.01,-0.01,
1,34,-0.03,-10.01,-0.15,-0.01,-0.01,
1,34,-0.03,-10.01,-0.15,-0.01,-0.01,
1,34,-0.03,-10.01,-0.15,-0.01,-0.01,
1,34,0,-10.08,-0.14,-0.01,-0.01,
1,34,0,-10.08,-0.14,-0.01,-0.01,
1,34,0,-10.08,-0.14,-0.01,-0.01,
1,34,0.03,-9.98,-0.13,-0.01,-0.01,
1,34,0.03,-9.98,-0.13,0,-0.01,
1,34,0.03,-10,-0.11,0,-0.01,
1,34,0.03,-10,-0.11,0,-0.01,
1,34,0.03,-10,-0.11,0,-0.01,
1,34,-0.01,-10.08,-0.16,0,-0.01,
1,34,-0.01,-10.08,-0.16,-0.01,-0.01,
1,34,-0.01,-10.08,-0.16,-0.01,-0.01,
1,34,-0.01,-10.07,-0.05,-0.01,-0.01,
1,34,-0.01,-10.07,-0.05,-0.01,-0.01,
1,34,-0.01,-10.07,-0.05,0,-0.01,
1,34,0.06,-10,-0.09,0,-0.01,
1,34,0.06,-10,-0.09,0,-0.01,
1,34,0.06,-10,-0.09,-0.01,-0.01,
1,34,0.07,-10.02,-0.07,-0.01,-0.01,
1,34,0.07,-10.02,-0.07,-0.01,-0.01,
1,34,0.07,-10.02,-0.07,-0.01,-0.01,
1,34,-0.03,-10.09,-0.16,-0.01,-0.01,
1,34,-0.03,-10.09,-0.16,-0.01,-0.01,
1,34,0.07,-10.08,-0.14,-0.01,-0.01,
1,34,0.07,-10.08,-0.14,-0.01,-0.01,
1,34,0.07,-10.08,-0.14,-0.01,-0.01,
1,34,0.04,-10.03,-0.09,0,-0.01,
1,34,0.04,-10.03,-0.09,-0.01,-0.01,
1,34,0.04,-10.03,-0.09,-0.01,-0.01,
1,34,0.08,-9.98,-0.05,-0.01,-0.01,
1,34,0.08,-9.98,-0.05,-0.01,0,
1,34,0.08,-9.98,-0.05,-0.01,0,
1,34,-0.07,-10.09,-0.12,-0.01,-0.01,
1,34,-0.07,-10.09,-0.12,-0.01,-0.01,
1,34,-0.07,-10.09,-0.12,-0.01,-0.01,
1,34,-0.02,-10.01,-0.15,-0.01,-0.01,
1,34,-0.02,-10.01,-0.15,-0.01,-0.01,
1,34,-0.02,-10.01,-0.15,-0.01,-0.01,
1,34,0.03,-10.03,-0.06,0,-0.01,
1,34,0.03,-10.03,-0.06,-0.01,-0.01,
1,34,0.03,-9.98,-0.1,-0.01,-0.01,
1,34,0.03,-9.98,-0.1,-0.01,-0.01,
1,34,0.03,-9.98,-0.1,-0.01,-0.01,
1,34,-0.12,-10.1,-0.18,-0.01,-0.01,
1,34,-0.12,-10.1,-0.18,0,-0.01,
1,34,-0.12,-10.1,-0.18,-0.01,-0.01,
1,34,-0.03,-10.01,-0.23,-0.01,-0.01,
1,34,-0.03,-10.01,-0.23,-0.01,-0.01,
1,34,-0.03,-10.01,-0.23,0,-0.01,
1,34,0.02,-10.04,-0.09,0,-0.01,
1,34,0.02,-10.04,-0.09,0,-0.01,
1,34,0.02,-10.04,-0.09,0,-0.01,
1,34,0.07,-9.97,-0.09,0,-0.01,
1,34,0.07,-9.97,-0.09,0,-0.01,
1,34,0.07,-9.97,-0.09,0,-0.01,
1,34,0.02,-10.07,-0.15,-0.01,-0.01,
1,34,0.02,-10.07,-0.15,-0.01,-0.01,
1,34,0.02,-10.07,-0.15,-0.01,-0.01,
1,34,0,-10.07,-0.15,-0.01,-0.01,
1,34,0,-10.07,-0.15,-0.01,-0.01,
1,34,0,-10.07,-0.15,0,-0.01,
1,34,0.09,-10.05,-0.11,0,-0.01,
1,34,0.09,-10.05,-0.11,0,-0.01,
1,34,0.06,-10.01,-0.06,0,-0.01,
1,34,0.06,-10.01,-0.06,0,-0.01,
1,34,0.06,-10.01,-0.06,-0.01,-0.01,
1,34,0,-10.03,-0.02,-0.01,-0.01,
1,34,0,-10.03,-0.02,-0.01,-0.01,
1,34,0,-10.03,-0.02,-0.01,-0.01,
1,34,-0.03,-10.07,-0.17,-0.01,-0.01,
1,34,-0.03,-10.07,-0.17,-0.01,-0.01,
1,34,-0.03,-10.07,-0.17,0,-0.01,
1,34,-0.01,-10.07,-0.11,-0.01,-0.01,
1,34,-0.01,-10.07,-0.11,-0.01,-0.01,
1,34,-0.01,-10.07,-0.11,-0.01,-0.01,
1,34,0.06,-9.99,-0.09,0,-0.01,
1,34,0.06,-9.99,-0.09,0,-0.01,
1,34,0.06,-9.99,-0.09,-0.01,-0.01,
1,34,0,-10,-0.19,-0.01,-0.01,
1,34,0,-10,-0.19,-0.01,-0.01,
1,34,0,-10,-0.19,-0.01,-0.01,
1,34,-0.05,-10.05,-0.15,-0.01,-0.01,
1,34,-0.05,-10.05,-0.15,-0.01,-0.01,
1,34,0.04,-10.09,-0.18,-0.01,-0.01,
1,34,0.04,-10.09,-0.18,0,-0.01,
1,34,0.04,-10.09,-0.18,0,-0.01,
1,34,-0.01,-10.04,-0.11,-0.01,-0.01,
1,34,-0.01,-10.04,-0.11,-0.01,-0.01,
1,34,-0.01,-10.04,-0.11,-0.01,-0.01,
1,34,0.09,-9.98,-0.09,-0.01,-0.01,
1,34,0.09,-9.98,-0.09,-0.01,-0.01,
1,34,0.09,-9.98,-0.09,-0.01,-0.01,
1,34,-0.01,-10.07,-0.11,-0.01,-0.01,
1,34,-0.01,-10.07,-0.11,-0.01,-0.01,
1,34,-0.01,-10.07,-0.11,-0.01,-0.01,
1,34,0.01,-10.04,-0.06,-0.01,-0.01,
1,34,0.01,-10.04,-0.06,-0.01,-0.01,
1,35,0.01,-10.04,-0.06,-0.01,-0.01,
1,35,0,-10.03,-0.08,-0.01,-0.01,
1,35,0,-10.03,-0.08,-0.01,-0.01,
1,35,-0.05,-10.04,-0.14,-0.01,-0.01,
1,35,-0.05,-10.04,-0.14,-0.01,-0.01,
1,35,-0.05,-10.04,-0.14,-0.01,-0.01,
1,35,0.02,-10.01,-0.11,-0.01,-0.01,
1,35,0.02,-10.01,-0.11,-0.01,-0.01,
1,35,0.02,-10.01,-0.11,-0.01,-0.01,
1,35,0.04,-10.03,-0.13,-0.01,-0.01,
1,35,0.04,-10.03,-0.13,-0.01,-0.01,
1,35,0.04,-10.03,-0.13,-0.01,-0.01,
1,35,0.04,-9.99,-0.07,-0.01,-0.01,
1,35,0.04,-9.99,-0.07,-0.01,-0.01,
1,35,0.04,-9.99,-0.07,-0.01,-0.01,
1,35,0.09,-10.07,-0.05,-0.01,-0.01,
1,35,0.09,-10.07,-0.05,0,-0.01,
1,35,0.09,-10.07,-0.05,-0.01,-0.01,
1,35,0.03,-10.02,-0.03,-0.01,-0.01,
1,35,0.03,-10.02,-0.03,-0.01,-0.01,
1,35,-0.04,-10.14,-0.08,-0.01,-0.01,
1,35,-0.04,-10.14,-0.08,-0.01,-0.01,
1,35,-0.04,-10.14,-0.08,-0.01,-0.01,
1,35,0,-10.02,-0.12,-0.01,-0.01,
1,35,0,-10.02,-0.12,0,-0.01,
1,35,0,-10.02,-0.12,0,-0.01,
1,35,0.03,-10.06,-0.13,-0.01,-0.01,
1,35,0.03,-10.06,-0.13,-0.01,-0.01,
1,35,0.03,-10.06,-0.13,-0.01,-0.01,
1,35,0.13,-10.05,-0.1,0,-0.01,
1,35,0.13,-10.05,-0.1,-0.01,-0.01,
1,35,0.13,-10.05,-0.1,-0.01,-0.01,
1,35,-0.02,-10.05,-0.16,-0.01,-0.01,
1,35,-0.02,-10.05,-0.16,-0.01,-0.01,
1,35,0.04,-10.03,-0.13,-0.01,-0.01,
1,35,0.04,-10.03,-0.13,-0.01,-0.01,
1,35,0.04,-10.03,-0.13,-0.01,-0.01,
1,35,0.07,-10.04,-0.09,-0.01,-0.01,
1,35,0.07,-10.04,-0.09,-0.01,-0.01,
1,35,0.07,-10.04,-0.09,-0.01,-0.01,
1,35,0.03,-10.04,-0.08,-0.01,-0.01,
1,35,0.03,-10.04,-0.08,-0.01,-0.01,
1,35,0.03,-10.04,-0.08,-0.01,-0.01,
1,35,0.05,-9.98,-0.11,-0.01,-0.01,
1,35,0.05,-9.98,-0.11,-0.01,-0.01,
1,35,0.05,-9.98,-0.11,-0.01,-0.01,
1,35,0.01,-10.02,-0.11,-0.01,-0.01,
1,35,0.01,-10.02,-0.11,-0.01,-0.01,
1,35,0.01,-10.02,-0.11,0,-0.01,
1,35,0.08,-10.03,-0.06,0,-0.01,
1,35,0.08,-10.03,-0.06,0,-0.01,
1,35,0.08,-10.03,-0.06,0,-0.01,
1,35,0.01,-10.05,-0.12,0,-0.01,
1,35,0.01,-10.05,-0.12,-0.01,-0.01,
1,35,0,-10,-0.16,-0.01,-0.01,
1,35,0,-10,-0.16,-0.01,-0.01,
1,35,0,-10,-0.16,0,-0.01,
1,35,-0.01,-10.04,-0.11,0,-0.01,
1,35,-0.01,-10.04,-0.11,0,-0.01,
1,35,-0.01,-10.04,-0.11,-0.01,-0.01,
1,35,0.04,-9.98,-0.13,-0.01,-0.01,
1,35,0.04,-9.98,-0.13,-0.01,-0.01,
1,35,0.04,-9.98,-0.13,0,-0.01,
1,35,0.05,-10.04,-0.07,-0.01,-0.01,
1,35,0.05,-10.04,-0.07,-0.01,-0.01,
1,35,0.05,-10.04,-0.07,-0.01,-0.01,
1,35,0.01,-9.95,-0.08,-0.01,-0.02,
1,35,0.01,-9.95,-0.08,-0.01,-0.02,
1,35,0.01,-9.95,-0.08,-0.01,-0.01,
1,35,0.01,-10.04,-0.12,-0.01,-0.01,
1,35,0.01,-10.04,-0.12,-0.01,-0.01,
1,35,0.01,-10.04,-0.12,-0.01,-0.01,
1,35,0.08,-10.02,-0.12,-0.01,-0.01,
1,35,0.08,-10.02,-0.12,-0.01,-0.01,
1,35,0.01,-10.04,-0.1,-0.01,-0.01,
1,35,0.01,-10.04,-0.1,-0.01,-0.02,
1,35,0.01,-10.04,-0.1,-0.01,-0.02,
1,35,0.09,-10.06,-0.17,0,-0.01,
1,35,0.09,-10.06,-0.17,-0.01,-0.01,
1,35,0.09,-10.06,-0.17,-0.01,-0.01,
1,35,0.03,-10.04,-0.11,0,-0.01,
1,35,0.03,-10.04,-0.11,-0.01,-0.01,
1,35,0.03,-10.04,-0.11,-0.01,-0.01,
1,35,-0.01,-10.1,-0.14,0,-0.01,
1,35,-0.01,-10.1,-0.14,-0.01,-0.01,
1,35,-0.01,-10.1,-0.14,0,-0.01,
1,35,0.01,-10.07,-0.12,0,-0.01,
1,35,0.01,-10.07,-0.12,-0.01,-0.01,
1,35,0.01,-10.07,-0.12,-0.01,-0.01,
1,35,0,-9.97,-0.13,-0.01,-0.01,
1,35,0,-9.97,-0.13,0,0,
1,35,-0.03,-10.06,-0.11,-0.01,-0.01,
1,35,-0.03,-10.06,-0.11,-0.01,-0.01,
1,35,-0.03,-10.06,-0.11,-0.01,-0.01,
1,35,0.01,-10.1,-0.12,0,-0.01,
1,35,0.01,-10.1,-0.12,0,-0.01,
1,35,0.01,-10.1,-0.12,0,-0.01,
1,35,0.04,-10.01,-0.08,-0.01,-0.01,
1,35,0.04,-10.01,-0.08,-0.01,-0.01,
1,35,0.04,-10.01,-0.08,-0.01,-0.01,
1,35,-0.04,-10.07,-0.08,-0.01,-0.01,
1,35,-0.04,-10.07,-0.08,-0.01,-0.01,
1,35,-0.04,-10.07,-0.08,-0.01,0,
1,35,0.03,-10.04,-0.15,-0.01,-0.01,
1,35,0.03,-10.04,-0.15,-0.01,-0.01,
1,35,-0.02,-10.06,-0.17,-0.01,-0.01,
1,35,-0.02,-10.06,-0.17,-0.01,-0.01,
1,35,-0.02,-10.06,-0.17,-0.01,-0.01,
1,35,0.07,-10,-0.1,-0.01,-0.01,
1,35,0.07,-10,-0.1,-0.01,-0.01,
1,35,0.07,-10,-0.1,-0.01,-0.01,
1,35,0.05,-10.02,-0.11,-0.01,-0.01,
1,35,0.05,-10.02,-0.11,-0.01,-0.01,
1,35,0.05,-10.02,-0.11,-0.01,-0.01,
1,35,0.07,-10.04,-0.09,-0.01,-0.01,
1,35,0.07,-10.04,-0.09,0,-0.01,
1,35,0.07,-10.04,-0.09,-0.01,-0.01,
1,35,-0.03,-9.99,-0.09,-0.01,-0.01,
1,35,-0.03,-9.99,-0.09,-0.01,-0.01,
1,35,-0.03,-9.99,-0.09,0,-0.01,
1,35,-0.03,-10.04,-0.07,0,-0.01,
1,35,-0.03,-10.04,-0.07,-0.01,0,
1,35,-0.01,-9.95,-0.11,0,-0.01,
1,35,-0.01,-9.95,-0.11,0,-0.01,
1,35,-0.01,-9.95,-0.11,0,-0.01,
1,35,-0.01,-10.16,-0.17,-0.01,-0.01,
1,35,-0.01,-10.16,-0.17,-0.01,-0.01,
1,35,-0.01,-10.16,-0.17,-0.01,-0.01,
1,35,0.1,-10.05,-0.09,-0.01,-0.01,
1,35,0.1,-10.05,-0.09,-0.01,-0.01,
1,35,0.1,-10.05,-0.09,-0.01,-0.01,
1,35,-0.01,-10.07,-0.15,0,-0.01,
1,35,-0.01,-10.07,-0.15,0,-0.01,
1,35,-0.01,-10.07,-0.15,0,-0.01,
1,35,0.1,-10.07,-0.09,-0.01,-0.01,
1,35,0.1,-10.07,-0.09,-0.01,-0.01,
1,35,0.1,-10.07,-0.09,0,-0.01,
1,35,0.06,-10.04,-0.16,-0.01,-0.01,
1,35,0.06,-10.04,-0.16,-0.01,-0.01,
1,35,0.06,-10.04,-0.16,-0.01,-0.01,
1,35,0.02,-10.07,-0.17,-0.01,-0.01,
1,35,0.02,-10.07,-0.17,-0.01,-0.01,
1,35,-0.01,-10.06,-0.1,0,-0.01,
1,35,-0.01,-10.06,-0.1,0,-0.01,
1,35,-0.01,-10.06,-0.1,0,-0.01,
1,35,-0.02,-10.09,-0.1,-0.01,-0.01,
1,35,-0.02,-10.09,-0.1,-0.01,-0.01,
1,35,-0.02,-10.09,-0.1,-0.01,-0.01,
1,35,0.06,-10,0,-0.01,-0.01,
1,35,0.06,-10,0,0,-0.01,
1,35,0.06,-10,0,0,-0.01,
1,35,-0.07,-10.03,-0.12,0,-0.01,
1,35,-0.07,-10.03,-0.12,-0.01,-0.01,
1,36,-0.07,-10.03,-0.12,-0.01,-0.01,
1,36,0.09,-9.99,-0.14,-0.01,-0.01,
1,36,0.09,-9.99,-0.14,0,-0.01,
1,36,0.09,-9.99,-0.14,0,-0.01,
1,36,-0.04,-10.02,-0.12,-0.01,-0.01,
1,36,-0.04,-10.02,-0.12,-0.01,-0.01,
1,36,0.05,-10.04,-0.15,-0.01,-0.01,
1,36,0.05,-10.04,-0.15,-0.01,-0.01,
1,36,0.05,-10.04,-0.15,-0.01,-0.01,
1,36,-0.03,-10.07,-0.11,-0.01,-0.01,
1,36,-0.03,-10.07,-0.11,-0.01,-0.01,
1,36,-0.03,-10.07,-0.11,0,-0.01,
1,36,0.03,-10,-0.11,0,-0.01,
1,36,0.03,-10,-0.11,-0.01,-0.01,
1,36,0.03,-10,-0.11,0,-0.01,
1,36,0.01,-10.02,-0.12,-0.01,-0.01,
1,36,0.01,-10.02,-0.12,-0.01,-0.01,
1,36,0.01,-10.02,-0.12,-0.01,-0.01,
1,36,0.01,-10.07,-0.15,-0.01,-0.01,
1,36,0.01,-10.07,-0.15,-0.01,-0.01,
1,36,0.01,-10.02,-0.05,-0.01,-0.01,
1,36,0.01,-10.02,-0.05,0,-0.01,
1,36,0.01,-10.02,-0.05,0,-0.01,
1,36,0,-10.08,-0.15,-0.01,-0.01,
1,36,0,-10.08,-0.15,-0.01,-0.01,
1,36,0,-10.08,-0.15,-0.01,-0.01,
1,36,0.07,-10.04,-0.12,-0.01,-0.01,
1,36,0.07,-10.04,-0.12,-0.01,-0.01,
1,36,0.07,-10.04,-0.12,-0.01,-0.01,
1,36,0.01,-10.06,-0.11,-0.01,-0.01,
1,36,0.01,-10.06,-0.11,-0.01,-0.01,
1,36,0.02,-10.03,-0.09,-0.01,-0.01,
1,36,0.02,-10.03,-0.09,-0.01,-0.01,
1,36,0.02,-10.03,-0.09,-0.01,-0.01,
1,36,0,-9.99,-0.14,-0.01,-0.01,
1,36,0,-9.99,-0.14,-0.01,-0.01,
1,36,0,-9.99,-0.14,-0.01,-0.01,
1,36,0.01,-10.04,-0.11,-0.01,-0.01,
1,36,0.01,-10.04,-0.11,-0.01,-0.01,
1,36,0.01,-10.04,-0.11,-0.01,0,
1,36,0.01,-10.07,-0.1,0,-0.01,
1,36,0.01,-10.07,-0.1,0,-0.01,
1,36,0.01,-10.07,-0.1,-0.01,-0.01,
1,36,0,-10.04,-0.08,0,-0.01,
1,36,0,-10.04,-0.08,0,-0.01,
1,36,0.02,-10.03,-0.11,0,-0.01,
1,36,0.02,-10.03,-0.11,-0.01,-0.01,
1,36,0.02,-10.03,-0.11,-0.01,-0.01,
1,36,0.05,-10.05,-0.08,-0.01,-0.01,
1,36,0.05,-10.05,-0.08,-0.01,-0.01,
1,36,0.05,-10.05,-0.08,-0.01,0,
1,36,-0.01,-10.06,-0.1,-0.01,0,
1,36,-0.01,-10.06,-0.1,-0.01,-0.01,
1,36,-0.01,-10.06,-0.1,-0.01,0,
1,36,0.05,-9.96,-0.09,-0.01,0,
1,36,0.05,-9.96,-0.09,-0.01,-0.01,
1,36,0.05,-9.96,-0.09,-0.01,-0.01,
1,36,-0.02,-10.03,-0.06,-0.01,-0.01,
1,36,-0.02,-10.03,-0.06,0,-0.01,
1,36,-0.02,-10.03,-0.06,0,-0.01,
1,36,-0.01,-10.05,-0.11,0,-0.01,
1,36,-0.01,-10.05,-0.11,0,-0.01,
1,36,0,-10.07,-0.11,-0.01,-0.01,
1,36,0,-10.07,-0.11,-0.01,-0.01,
1,36,0,-10.07,-0.11,-0.01,-0.01,
1,36,0.02,-10.03,-0.1,0,-0.01,
1,36,0.02,-10.03,-0.1,0,-0.01,
1,36,0.02,-10.03,-0.1,-0.01,-0.01,
1,36,0.01,-10.07,-0.12,0,-0.01,
1,36,0.01,-10.07,-0.12,0,-0.01,
1,36,0.01,-10.07,-0.12,-0.01,-0.01,
1,36,0.01,-10.06,-0.13,-0.01,-0.01,
1,36,0.01,-10.06,-0.13,-0.01,-0.01,
1,36,0.01,-10.06,-0.13,-0.01,-0.01,
1,36,0,-10.07,-0.12,0,-0.01,
1,36,0,-10.07,-0.12,0,-0.01,
1,36,0.09,-9.97,-0.13,0,-0.01,
1,36,0.09,-9.97,-0.13,-0.01,-0.01,
1,36,0.09,-9.97,-0.13,-0.01,-0.01,
1,36,0.08,-10.06,-0.13,-0.01,-0.01,
1,36,0.08,-10.06,-0.13,-0.01,-0.01,
1,36,0.08,-10.06,-0.13,-0.01,-0.01,
1,36,-0.05,-10.02,-0.14,-0.01,-0.01,
1,36,-0.05,-10.02,-0.14,-0.01,-0.01,
1,36,-0.05,-10.02,-0.14,-0.01,-0.01,
1,36,0,-10.04,-0.12,-0.01,-0.01,
1,36,0,-10.04,-0.12,-0.01,-0.01,
1,36,0,-10.04,-0.12,-0.01,-0.01,
1,36,0.04,-9.96,-0.06,-0.01,-0.01,
1,36,0.04,-9.96,-0.06,-0.01,-0.01,
1,36,0.04,-9.96,-0.06,-0.01,-0.01,
1,36,0.06,-10.07,-0.11,0,-0.01,
1,36,0.06,-10.07,-0.11,-0.01,-0.01,
1,36,0.06,-10.07,-0.11,-0.01,-0.01,
1,36,0.02,-10.04,-0.16,-0.01,-0.01,
1,36,0.02,-10.04,-0.16,-0.01,-0.01,
1,36,-0.06,-10.07,-0.12,-0.01,-0.01,
1,36,-0.06,-10.07,-0.12,-0.01,-0.01,
1,36,-0.06,-10.07,-0.12,0,-0.01,
1,36,0.01,-10.1,-0.11,0,-0.01,
1,36,0.01,-10.1,-0.11,-0.01,-0.01,
1,36,0.01,-10.1,-0.11,-0.01,-0.01,
1,36,0,-10.07,-0.17,-0.01,-0.01,
1,36,0,-10.07,-0.17,0,-0.01,
1,36,0,-10.07,-0.17,-0.01,-0.01,
1,36,0.04,-10.07,-0.18,-0.01,-0.01,
1,36,0.04,-10.07,-0.18,-0.01,-0.01,
1,36,0.04,-10.07,-0.18,-0.01,-0.01,
1,36,0.06,-10.01,-0.05,-0.01,-0.01,
1,36,0.06,-10.01,-0.05,-0.01,-0.01,
1,36,0.06,-10.01,-0.05,-0.01,-0.01,
1,36,0,-10.02,-0.12,0,-0.01,
1,36,0,-10.02,-0.12,0,-0.01,
1,36,0,-10.07,-0.16,-0.01,-0.01,
1,36,0,-10.07,-0.16,-0.01,-0.01,
1,36,0,-10.07,-0.16,-0.01,-0.01,
1,36,0.07,-10,-0.11,-0.01,-0.01,
1,36,0.07,-10,-0.11,0,-0.01,
1,36,0.07,-10,-0.11,0,-0.01,
1,36,-0.02,-9.97,0.04,0,-0.01,
1,36,-0.02,-9.97,0.04,-0.01,-0.01,
1,36,-0.02,-9.97,0.04,-0.01,-0.01,
1,36,0.04,-10.09,-0.16,-0.01,-0.01,
1,36,0.04,-10.09,-0.16,-0.01,-0.01,
1,36,0.04,-10.09,-0.16,-0.01,-0.01,
1,36,-0.03,-10.06,-0.18,-0.01,-0.01,
1,36,-0.03,-10.06,-0.18,0,-0.01,
1,36,-0.01,-10.08,-0.13,-0.01,-0.01,
1,36,-0.01,-10.08,-0.13,-0.01,-0.01,
1,36,-0.01,-10.08,-0.13,-0.01,-0.01,
1,36,0.03,-10.06,-0.1,0,-0.01,
1,36,0.03,-10.06,-0.1,0,-0.01,
1,36,0.03,-10.06,-0.1,-0.01,-0.01,
1,36,0.03,-10.04,-0.12,-0.01,-0.01,
1,36,0.03,-10.04,-0.12,-0.01,-0.01,
1,36,0.03,-10.04,-0.12,0,-0.01,
1,36,0,-10,-0.13,-0.01,-0.01,
1,36,0,-10,-0.13,-0.01,-0.01,
1,36,0,-10,-0.13,0,-0.01,
1,36,0,-10.06,-0.06,-0.01,-0.01,
1,36,0,-10.06,-0.06,-0.01,-0.01,
1,36,0.05,-10,-0.09,0,-0.01,
1,36,0.05,-10,-0.09,0,-0.01,
1,36,0.05,-10,-0.09,0,-0.01,
1,36,-0.04,-10.1,-0.14,-0.01,-0.01,
1,36,-0.04,-10.1,-0.14,-0.01,-0.01,
1,36,-0.04,-10.1,-0.14,-0.01,-0.01,
1,36,-0.01,-10.04,-0.11,-0.01,-0.01,
1,36,-0.01,-10.04,-0.11,-0.01,-0.01,
1,36,-0.01,-10.04,-0.11,0,-0.01,
1,36,0.02,-10.03,-0.14,0,-0.01,
1,36,0.02,-10.03,-0.14,-0.01,-0.01,
1,37,0.07,-10.02,-0.1,-0.01,-0.01,
1,37,0.07,-10.02,-0.1,-0.01,-0.01,
1,37,0.07,-10.02,-0.1,-0.01,-0.01,
1,37,0.07,-9.95,-0.07,-0.01,-0.01,
1,37,0.07,-9.95,-0.07,-0.01,-0.01,
1,37,0.07,-9.95,-0.07,-0.01,-0.01,
1,37,0.06,-10,-0.11,0,-0.01,
1,37,0.06,-10,-0.11,0,-0.01,
1,37,0.06,-10,-0.11,0,-0.01,
1,37,0.05,-10.07,-0.15,-0.01,-0.01,
1,37,0.05,-10.07,-0.15,0,-0.01,
1,37,0.05,-10.07,-0.15,0,-0.01,
1,37,0,-9.98,-0.11,-0.01,-0.01,
1,37,0,-9.98,-0.11,-0.01,-0.01,
1,37,0.02,-9.97,-0.12,-0.01,-0.01,
1,37,0.02,-9.97,-0.12,-0.01,-0.01,
1,37,0.02,-9.97,-0.12,-0.01,-0.01,
1,37,-0.04,-9.97,-0.06,-0.01,-0.01,
1,37,-0.04,-9.97,-0.06,0,0,
1,37,-0.04,-9.97,-0.06,0,-0.01,
1,37,0.02,-9.99,-0.14,0,-0.01,
1,37,0.02,-9.99,-0.14,0,-0.01,
1,37,0.02,-9.99,-0.14,-0.01,-0.01,
1,37,0.09,-9.98,-0.03,-0.01,-0.01,
1,37,0.09,-9.98,-0.03,-0.01,-0.01,
1,37,0.09,-9.98,-0.03,-0.01,-0.01,
1,37,-0.01,-10.05,-0.12,0,-0.01,
1,37,-0.01,-10.05,-0.12,-0.01,-0.01,
1,37,-0.01,-10.05,-0.12,-0.01,-0.01,
1,37,0.03,-10.01,-0.1,0,-0.01,
1,37,0.03,-10.01,-0.1,0,-0.01,
1,37,0.03,-10.01,-0.1,0,-0.01,
1,37,0.05,-10.07,-0.1,-0.01,-0.01,
1,37,0.05,-10.07,-0.1,-0.01,-0.01,
1,37,0.05,-10.07,-0.1,-0.01,-0.01,
1,37,0.07,-10.07,-0.1,-0.01,-0.01,
1,37,0.07,-10.07,-0.1,0,-0.01,
1,37,0.07,-10.07,-0.1,0,-0.01,
1,37,0.09,-10.03,-0.17,0,-0.01,
1,37,0.09,-10.03,-0.17,0,-0.01,
1,37,0.09,-10.03,-0.17,0,-0.01,
1,37,-0.02,-10.02,-0.12,-0.01,-0.01,
1,37,-0.02,-10.02,-0.12,-0.01,-0.01,
1,37,-0.02,-10.02,-0.12,-0.01,-0.01,
1,37,0.04,-10.05,-0.11,0,-0.01,
1,37,0.04,-10.05,-0.11,0,-0.01,
1,37,0.04,-10.05,-0.11,-0.01,-0.01,
1,37,-0.05,-10.11,-0.07,-0.01,-0.01,
1,37,-0.05,-10.11,-0.07,-0.01,-0.01,
1,37,-0.05,-10.11,-0.07,0,-0.01,
1,37,0.01,-9.97,-0.1,-0.01,-0.01,
1,37,0.01,-9.97,-0.1,-0.01,-0.01,
1,37,-0.04,-10.05,-0.1,-0.01,-0.01,
1,37,-0.04,-10.05,-0.1,-0.01,-0.01,
1,37,-0.04,-10.05,-0.1,-0.01,-0.01,
1,37,0.06,-10.01,-0.15,-0.01,-0.01,
1,37,0.06,-10.01,-0.15,-0.01,-0.01,
1,37,0.06,-10.01,-0.15,-0.01,-0.01,
1,37,0.05,-10.04,-0.1,-0.01,-0.01,
1,37,0.05,-10.04,-0.1,-0.01,-0.01,
1,37,0.05,-10.04,-0.1,-0.01,-0.01,
1,37,0.01,-10.05,-0.13,-0.01,-0.01,
1,37,0.01,-10.05,-0.13,-0.01,-0.01,
1,37,0.01,-10.05,-0.13,-0.01,-0.01,
1,37,0.02,-10.07,-0.15,-0.01,-0.01,
1,37,0.02,-10.07,-0.15,-0.01,-0.01,
1,37,0.02,-10.07,-0.15,-0.01,-0.01,
1,37,-0.04,-10.02,-0.11,-0.01,-0.01,
1,37,-0.04,-10.02,-0.11,-0.01,-0.01,
1,37,0.03,-10.03,-0.11,0,-0.01,
1,37,0.03,-10.03,-0.11,0,-0.01,
1,37,0.03,-10.03,-0.11,-0.01,-0.01,
1,37,0.02,-10.04,-0.09,-0.01,-0.01,
1,37,0.02,-10.04,-0.09,-0.01,-0.01,
1,37,0.02,-10.04,-0.09,0,-0.01,
1,37,-0.05,-10.01,-0.1,0,-0.01,
1,37,-0.05,-10.01,-0.1,0,-0.01,
1,37,-0.05,-10.01,-0.1,-0.01,-0.01,
1,37,0.1,-10.06,-0.08,-0.01,-0.01,
1,37,0.1,-10.06,-0.08,-0.01,-0.01,
1,37,0.1,-10.06,-0.08,-0.01,-0.01,
1,37,-0.01,-10.01,-0.07,-0.01,-0.01,
1,37,-0.01,-10.01,-0.07,-0.01,-0.01,
1,37,-0.01,-10.01,-0.07,-0.01,-0.01,
1,37,0.1,-10.02,-0.11,-0.01,-0.01,
1,37,0.1,-10.02,-0.11,-0.01,-0.01,
1,37,0.06,-10.04,-0.09,-0.01,-0.01,
1,37,0.06,-10.04,-0.09,-0.01,-0.01,
1,37,0.06,-10.04,-0.09,-0.01,-0.01,
1,37,0.04,-10.04,-0.15,-0.01,-0.01,
1,37,0.04,-10.04,-0.15,-0.01,-0.01,
1,37,0.04,-10.04,-0.15,-0.01,-0.01,
1,37,0.09,-10.08,-0.14,-0.01,-0.01,
1,37,0.09,-10.08,-0.14,0,-0.01,
1,37,0.09,-10.08,-0.14,0,-0.01,
1,37,-0.02,-9.99,-0.1,-0.01,-0.01,
1,37,-0.02,-9.99,-0.1,-0.01,-0.01,
1,37,-0.02,-9.99,-0.1,-0.01,-0.01,
1,37,0.02,-10.04,-0.11,0,-0.01,
1,37,0.02,-10.04,-0.11,-0.01,-0.01,
1,37,0.02,-10.04,-0.11,-0.01,-0.01,
1,37,-0.04,-10.04,-0.16,-0.01,-0.01,
1,37,-0.04,-10.04,-0.16,-0.01,-0.01,
1,37,-0.04,-10.04,-0.16,-0.01,-0.01,
1,37,0.02,-10,-0.17,-0.01,-0.01,
1,37,0.02,-10,-0.17,-0.01,-0.01,
1,37,0,-10.08,-0.11,-0.01,-0.01,
1,37,0,-10.08,-0.11,-0.01,-0.01,
1,37,0,-10.08,-0.11,0,-0.01,
1,37,0,-10.01,-0.11,0,-0.01,
1,37,0,-10.01,-0.11,0,-0.01,
1,37,0,-10.01,-0.11,-0.01,-0.01,
1,37,0.02,-10.02,-0.08,-0.01,-0.01,
1,37,0.02,-10.02,-0.08,0,-0.01,
1,37,0.02,-10.02,-0.08,-0.01,-0.01,
1,37,-0.02,-10.04,-0.09,-0.01,-0.01,
1,37,-0.02,-10.04,-0.09,-0.01,-0.01,
1,37,-0.02,-10.04,-0.09,-0.01,-0.01,
1,37,0,-9.99,-0.1,-0.01,-0.01,
1,37,0,-9.99,-0.1,-0.01,-0.01,
1,37,0,-9.99,-0.1,-0.01,-0.01,
1,37,0.08,-10.01,-0.12,0,-0.01,
1,37,0.04,-10.03,-0.09,0,-0.01,
1,37,0.04,-10.03,-0.09,-0.01,-0.01,
1,37,0.04,-10.03,-0.09,-0.01,-0.01,
1,37,0.07,-10.02,-0.12,-0.01,-0.01,
1,37,0.07,-10.02,-0.12,-0.01,-0.01,
1,37,0.07,-10.02,-0.12,-0.01,-0.01,
1,37,-0.03,-10.05,-0.14,-0.01,-0.01,
1,37,-0.03,-10.05,-0.14,-0.01,-0.01,
1,37,-0.03,-10.05,-0.14,-0.01,-0.01,
1,37,0.03,-9.95,-0.13,-0.01,-0.01,
1,37,0.03,-9.95,-0.13,-0.01,-0.01,
1,37,0.03,-9.95,-0.13,-0.01,-0.01,
1,37,0,-10.01,-0.11,-0.01,-0.01,
1,37,0,-10.01,-0.11,0,-0.01,
1,37,0,-10.01,-0.11,0,-0.01,
1,37,0,-10.04,-0.1,-0.01,-0.01,
1,37,0,-10.04,-0.1,-0.01,-0.01,
1,37,-0.01,-10.06,-0.1,-0.01,-0.01,
1,37,-0.01,-10.06,-0.1,-0.01,-0.01,
1,37,-0.01,-10.06,-0.1,-0.01,-0.01,
1,37,0.05,-10.04,-0.14,-0.01,-0.01,
1,37,0.05,-10.04,-0.14,0,-0.01,
1,37,0.05,-10.04,-0.14,0,-0.01,
1,37,0.09,-10.02,-0.13,-0.01,-0.01,
1,37,0.09,-10.02,-0.13,-0.01,-0.01,
1,37,0.09,-10.02,-0.13,-0.01,-0.01,
1,37,0.05,-10.05,-0.06,-0.01,-0.01,
1,37,0.05,-10.05,-0.06,-0.01,-0.01,
1,38,0.05,-10.05,-0.06,-0.01,-0.01,
1,38,0.03,-10.02,-0.12,0,-0.01,
1,38,0.03,-10.02,-0.12,-0.01,-0.01,
1,38,0.03,-10.02,-0.12,-0.01,-0.01,
1,38,0.04,-10.02,-0.1,-0.01,-0.01,
1,38,0.04,-10.02,-0.1,-0.01,-0.01,
1,38,0.04,-10.02,-0.1,-0.01,-0.01,
1,38,0,-10.02,-0.11,-0.01,-0.01,
1,38,0,-10.02,-0.11,0,-0.01,
1,38,0,-10.01,-0.11,-0.01,-0.01,
1,38,0,-10.01,-0.11,-0.01,-0.01,
1,38,0,-10.01,-0.11,-0.01,-0.01,
1,38,-0.01,-10.06,-0.13,0,-0.01,
1,38,-0.01,-10.06,-0.13,0,-0.01,
1,38,-0.01,-10.06,-0.13,-0.01,-0.01,
1,38,0.03,-10.04,-0.16,-0.01,-0.01,
1,38,0.03,-10.04,-0.16,-0.01,-0.01,
1,38,0.03,-10.04,-0.16,-0.01,-0.01,
1,38,0.07,-10.04,-0.09,0,-0.01,
1,38,0.07,-10.04,-0.09,0,-0.01,
1,38,0.07,-10.04,-0.09,0,-0.01,
1,38,0,-10.06,-0.12,0,-0.01,
1,38,0,-10.06,-0.12,0,-0.01,
1,38,0,-10.06,-0.12,0,-0.01,
1,38,0.02,-10.05,-0.13,-0.01,-0.01,
1,38,0.02,-10.05,-0.13,-0.01,-0.01,
1,38,0,-10.02,-0.09,-0.01,-0.01,
1,38,0,-10.02,-0.09,-0.01,-0.01,
1,38,0,-10.02,-0.09,-0.01,-0.01,
1,38,0.03,-10.03,-0.06,0,-0.01,
1,38,0.03,-10.03,-0.06,-0.01,-0.01,
1,38,0.03,-10.03,-0.06,-0.01,-0.01,
1,38,-0.01,-10.01,-0.11,-0.01,-0.01,
1,38,-0.01,-10.01,-0.11,-0.01,-0.01,
1,38,-0.01,-10.01,-0.11,-0.01,-0.01,
1,38,0.01,-10.04,-0.15,-0.01,-0.01,
1,38,0.01,-10.04,-0.15,-0.01,-0.01,
1,38,0.01,-10.04,-0.15,-0.01,-0.01,
1,38,0,-10.04,-0.18,0,-0.01,
1,38,0,-10.04,-0.18,-0.01,-0.01,
1,38,0,-10.04,-0.18,-0.01,-0.01,
1,38,0.07,-10.09,-0.09,-0.01,-0.01,
1,38,0.07,-10.09,-0.09,-0.01,-0.01,
1,38,0.02,-10,-0.1,-0.01,-0.01,
1,38,0.02,-10,-0.1,-0.01,-0.01,
1,38,0.02,-10,-0.1,-0.01,-0.01,
1,38,0,-10,-0.13,-0.01,-0.01,
1,38,0,-10,-0.13,-0.01,-0.01,
1,38,0,-10,-0.13,-0.01,-0.01,
1,38,0.04,-10.02,-0.08,-0.01,-0.01,
1,38,0.04,-10.02,-0.08,-0.01,-0.01,
1,38,0.04,-10.02,-0.08,0,-0.01,
1,38,0.05,-10.06,-0.08,0,-0.01,
1,38,0.05,-10.06,-0.08,-0.01,-0.01,
1,38,0.05,-10.06,-0.08,-0.01,-0.01,
1,38,0.08,-10,-0.13,-0.01,-0.01,
1,38,0.08,-10,-0.13,-0.01,-0.01,
1,38,0.08,-10,-0.13,0,-0.01,
1,38,-0.04,-10.01,-0.06,-0.01,-0.01,
1,38,-0.04,-10.01,-0.06,-0.01,-0.01,
1,38,0.04,-9.99,-0.11,-0.01,-0.01,
1,38,0.04,-9.99,-0.11,0,-0.01,
1,38,0.04,-9.99,-0.11,0,-0.01,
1,38,0.04,-10.06,-0.12,-0.01,-0.01,
1,38,0.04,-10.06,-0.12,-0.01,-0.01,
1,38,0.04,-10.06,-0.12,-0.01,-0.01,
1,38,0.02,-10.04,-0.08,-0.01,-0.01,
1,38,0.02,-10.04,-0.08,-0.01,-0.01,
1,38,0.02,-10.04,-0.08,-0.01,-0.01,
1,38,0.03,-10.04,-0.18,-0.01,-0.01,
1,38,0.03,-10.04,-0.18,-0.01,-0.01,
1,38,0.03,-10.04,-0.18,-0.01,-0.01,
1,38,0.04,-10.03,-0.11,-0.01,-0.01,
1,38,0.04,-10.03,-0.11,-0.01,-0.01,
1,38,0.04,-10.03,-0.11,0,-0.01,
1,38,0.04,-9.97,-0.1,-0.01,-0.01,
1,38,0.04,-9.97,-0.1,-0.01,-0.01,
1,38,0.04,-9.97,-0.1,-0.01,-0.01,
1,38,-0.03,-10.02,-0.13,-0.01,-0.01,
1,38,-0.03,-10.02,-0.13,-0.01,-0.01,
1,38,-0.03,-10.02,-0.13,-0.01,-0.01,
1,38,0.02,-10.01,-0.09,0,-0.01,
1,38,0.02,-10.01,-0.09,0,-0.01,
1,38,0.02,-10.01,-0.09,-0.01,-0.01,
1,38,-0.02,-10.01,-0.06,0,-0.01,
1,38,-0.02,-10.01,-0.06,0,-0.01,
1,38,0.02,-9.96,-0.1,-0.01,-0.01,
1,38,0.02,-9.96,-0.1,0,-0.01,
1,38,0.02,-9.96,-0.1,0,-0.01,
1,38,0,-10.07,-0.12,-0.01,-0.01,
1,38,0,-10.07,-0.12,-0.01,-0.01,
1,38,0,-10.07,-0.12,-0.01,-0.01,
1,38,0.01,-10.01,-0.1,-0.01,-0.01,
1,38,0.01,-10.01,-0.1,-0.01,-0.01,
1,38,0.01,-10.01,-0.1,-0.01,-0.01,
1,38,0.11,-10,-0.09,0,-0.01,
1,38,0.11,-10,-0.09,0,-0.01,
1,38,0.11,-10,-0.09,-0.01,-0.01,
1,38,0.06,-10,-0.11,-0.01,-0.01,
1,38,0.06,-10,-0.11,-0.01,-0.01,
1,38,-0.01,-10.03,-0.12,-0.01,-0.01,
1,38,-0.01,-10.03,-0.12,-0.01,-0.01,
1,38,-0.01,-10.03,-0.12,0,-0.01,
1,38,0,-10.01,-0.12,-0.01,-0.01,
1,38,0,-10.01,-0.12,-0.01,-0.01,
1,38,0,-10.01,-0.12,-0.01,-0.01,
1,38,0.03,-10.02,-0.1,-0.01,-0.01,
1,38,0.03,-10.02,-0.1,-0.01,-0.01,
1,38,0.03,-10.02,-0.1,-0.01,-0.01,
1,38,0.07,-10.01,-0.14,0,-0.01,
1,38,0.07,-10.01,-0.14,0,-0.01,
1,38,0.07,-10.01,-0.14,-0.01,-0.01,
1,38,0.05,-10.07,-0.07,0,-0.01,
1,38,0.05,-10.07,-0.07,0,-0.01,
1,38,0.05,-10.07,-0.07,-0.01,-0.01,
1,38,0.04,-9.98,-0.09,-0.01,-0.01,
1,38,0.04,-9.98,-0.09,-0.01,-0.01,
1,38,0.1,-10.04,-0.16,-0.01,-0.01,
1,38,0.1,-10.04,-0.16,-0.01,-0.01,
1,38,0.1,-10.04,-0.16,-0.01,-0.01,
1,38,0,-10.07,-0.13,-0.01,-0.01,
1,38,0,-10.07,-0.13,0,-0.01,
1,38,0,-10.07,-0.13,0,-0.01,
1,38,0.02,-10.02,-0.14,0,-0.01,
1,38,0.02,-10.02,-0.14,0,-0.01,
1,38,0.02,-10.02,-0.14,0,-0.01,
1,38,-0.02,-9.97,-0.14,-0.01,-0.01,
1,38,-0.02,-9.97,-0.14,-0.01,-0.01,
1,38,-0.02,-9.97,-0.14,-0.01,-0.01,
1,38,-0.05,-10.04,-0.11,0,-0.01,
1,38,-0.05,-10.04,-0.11,-0.01,0,
1,38,-0.05,-10.04,-0.11,-0.01,0,
1,38,-0.01,-10.08,-0.13,-0.01,-0.01,
1,38,-0.01,-10.08,-0.13,-0.01,-0.01,
1,38,-0.01,-10.08,-0.13,-0.01,-0.01,
1,38,0,-10.01,-0.1,-0.01,-0.01,
1,38,0,-10.01,-0.1,-0.01,-0.01,
1,38,0.06,-10.03,-0.12,-0.01,-0.01,
1,38,0.06,-10.03,-0.12,-0.01,-0.01,
1,38,0.06,-10.03,-0.12,-0.01,-0.01,
1,38,0.07,-10.05,-0.12,-0.01,-0.01,
1,38,0.07,-10.05,-0.12,-0.01,-0.01,
1,38,0.07,-10.05,-0.12,0,-0.01,
1,38,-0.01,-10.06,-0.11,0,-0.01,
1,38,-0.01,-10.06,-0.11,0,-0.01,
1,38,-0.01,-10.06,-0.11,-0.01,-0.01,
1,38,0.02,-10.06,-0.11,-0.01,-0.01,
1,38,0.02,-10.06,-0.11,-0.01,-0.01,
1,38,0.02,-10.06,-0.11,-0.01,-0.01,
1,38,0.04,-10,-0.05,0,-0.01,
1,38,0.04,-10,-0.05,0,-0.01,
1,38,0.04,-10,-0.05,-0.01,-0.01,
1,38,-0.01,-10.07,-0.12,0,-0.01,
1,39,-0.01,-10.07,-0.12,0,-0.01,
1,39,0,-10.05,-0.11,-0.01,-0.01,
1,39,0,-10.05,-0.11,-0.01,-0.01,
1,39,0,-10.05,-0.11,-0.01,-0.01,
1,39,0.02,-10.01,-0.12,-0.01,-0.01,
1,39,0.02,-10.01,-0.12,-0.01,-0.01,
1,39,0.02,-10.01,-0.12,-0.01,-0.01,
1,39,0,-10.06,-0.1,0,-0.01,
1,39,0,-10.06,-0.1,-0.01,-0.01,
1,39,0,-10.06,-0.1,-0.01,-0.01,
1,39,0.04,-10.03,-0.12,-0.01,-0.01,
1,39,0.04,-10.03,-0.12,-0.01,-0.01,
1,39,0.04,-10.03,-0.12,-0.01,-0.01,
1,39,0.03,-10.03,-0.12,-0.01,-0.01,
1,39,0.03,-10.03,-0.12,-0.01,-0.01,
1,39,0.03,-10.03,-0.12,-0.01,-0.01,
1,39,0.09,-10.04,-0.13,0,-0.01,
1,39,0.09,-10.04,-0.13,0,-0.01,
1,39,0.09,-10.04,-0.13,0,-0.01,
1,39,0,-10.04,-0.07,-0.01,-0.01,
1,39,0,-10.04,-0.07,-0.01,-0.01,
1,39,0,-10.04,-0.07,-0.01,-0.01,
1,39,-0.05,-10,-0.1,0,-0.01,
1,39,-0.05,-10,-0.1,0,-0.01,
1,39,-0.05,-10,-0.1,-0.01,-0.01,
1,39,0.01,-10.02,-0.09,-0.01,-0.01,
1,39,0.01,-10.02,-0.09,-0.01,-0.01,
1,39,0.05,-10.07,-0.12,0,-0.01,
1,39,0.05,-10.07,-0.12,-0.01,-0.01,
1,39,0.05,-10.07,-0.12,-0.01,-0.01,
1,39,-0.01,-10.02,-0.12,-0.01,-0.01,
1,39,-0.01,-10.02,-0.12,-0.01,-0.01,
1,39,-0.01,-10.02,-0.12,-0.01,-0.01,
1,39,0.01,-10.02,-0.14,-0.01,-0.01,
1,39,0.01,-10.02,-0.14,-0.01,-0.01,
1,39,0.01,-10.02,-0.14,-0.01,-0.01,
1,39,-0.06,-10.04,-0.16,-0.01,-0.01,
1,39,-0.06,-10.04,-0.16,-0.01,-0.01,
1,39,-0.06,-10.04,-0.16,-0.01,-0.01,
1,39,0.02,-10.06,-0.07,-0.01,-0.01,
1,39,0.02,-10.06,-0.07,-0.01,-0.01,
1,39,0.02,-10.06,-0.07,-0.01,-0.01,
1,39,0.03,-10.03,-0.09,-0.01,-0.01,
1,39,0.03,-10.03,-0.09,-0.01,-0.01,
1,39,0.04,-10.03,-0.12,-0.01,-0.01,
1,39,0.04,-10.03,-0.12,0,-0.01,
1,39,0.04,-10.03,-0.12,-0.01,-0.01,
1,39,0,-10.04,-0.14,-0.01,-0.01,
1,39,0,-10.04,-0.14,-0.01,-0.01,
1,39,0,-10.04,-0.14,0,-0.01,
1,39,0.05,-10.06,-0.14,0,-0.01,
1,39,0.05,-10.06,-0.14,-0.01,-0.01,
1,39,0.05,-10.06,-0.14,-0.01,-0.01,
1,39,0.01,-9.99,-0.09,-0.01,-0.01,
1,39,0.01,-9.99,-0.09,-0.01,-0.01,
1,39,0.01,-9.99,-0.09,-0.01,-0.01,
1,39,0,-10.04,-0.13,-0.01,-0.01,
1,39,0,-10.04,-0.13,-0.01,-0.01,
1,39,0,-10.04,-0.13,-0.01,-0.01,
1,39,0,-10.01,-0.13,-0.01,-0.01,
1,39,0,-10.01,-0.13,-0.01,-0.01,
1,39,0,-10.01,-0.13,-0.01,0,
1,39,0.01,-10.05,-0.14,-0.01,0,
1,39,0.01,-10.05,-0.14,-0.01,-0.01,
1,39,0.01,-10.05,-0.14,0,-0.01,
1,39,0.06,-10,-0.07,0,-0.01,
1,39,0.06,-10,-0.07,-0.01,-0.01,
1,39,0.01,-10.03,-0.11,-0.01,-0.01,
1,39,0.01,-10.03,-0.11,0,-0.01,
1,39,0.01,-10.03,-0.11,0,-0.01,
1,39,0,-10.06,-0.19,-0.01,-0.01,
1,39,0,-10.06,-0.19,-0.01,-0.01,
1,39,0,-10.06,-0.19,-0.01,-0.01,
1,39,0,-9.98,-0.11,-0.01,-0.01,
1,39,0,-9.98,-0.11,-0.01,-0.01,
1,39,0,-9.98,-0.11,-0.01,-0.01,
1,39,0.04,-9.97,-0.08,-0.01,-0.01,
1,39,0.04,-9.97,-0.08,-0.01,-0.01,
1,39,0.04,-9.97,-0.08,-0.01,-0.01,
1,39,-0.04,-10.01,-0.14,0,-0.01,
1,39,-0.04,-10.01,-0.14,-0.01,-0.01,
1,39,-0.01,-10.03,-0.1,-0.01,-0.01,
1,39,-0.01,-10.03,-0.1,-0.01,-0.01,
1,39,-0.01,-10.03,-0.1,-0.01,-0.01,
1,39,0.02,-10.01,-0.13,-0.01,-0.01,
1,39,0.02,-10.01,-0.13,-0.01,-0.01,
1,39,0.02,-10.01,-0.13,-0.01,-0.01,
1,39,0,-10.02,-0.17,-0.01,-0.01,
1,39,0,-10.02,-0.17,-0.01,-0.01,
1,39,0,-10.02,-0.17,0,-0.01,
1,39,0.02,-10.07,-0.11,0,-0.01,
1,39,0.02,-10.07,-0.11,-0.01,-0.01,
1,39,0.02,-10.07,-0.11,-0.01,-0.01,
1,39,-0.02,-10.04,-0.13,-0.01,-0.01,
1,39,-0.02,-10.04,-0.13,-0.01,-0.01,
1,39,-0.02,-10.04,-0.13,0,-0.01,
1,39,0.01,-10.04,-0.07,0,-0.01,
1,39,0.01,-10.04,-0.07,0,-0.01,
1,39,0.02,-10.08,-0.13,0,-0.01,
1,39,0.02,-10.08,-0.13,-0.01,-0.01,
1,39,0.02,-10.08,-0.13,-0.01,-0.01,
1,39,-0.09,-10.06,-0.08,0,-0.01,
1,39,-0.09,-10.06,-0.08,0,-0.01,
1,39,-0.09,-10.06,-0.08,-0.01,-0.01,
1,39,0.03,-10.05,-0.13,0,-0.01,
1,39,0.03,-10.05,-0.13,0,-0.01,
1,39,0.03,-10.05,-0.13,-0.01,-0.01,
1,39,0.01,-10.02,-0.08,-0.01,-0.01,
1,39,0.01,-10.02,-0.08,-0.01,-0.01,
1,39,0.01,-10.02,-0.08,0,-0.01,
1,39,0.03,-10.03,-0.11,-0.01,-0.01,
1,39,0.03,-10.03,-0.11,-0.01,-0.01,
1,39,-0.02,-10.08,-0.11,-0.01,-0.01,
1,39,-0.02,-10.08,-0.11,-0.01,-0.01,
1,39,-0.02,-10.08,-0.11,-0.01,-0.01,
1,39,0.04,-10.04,-0.1,-0.01,-0.01,
1,39,0.04,-10.04,-0.1,-0.01,-0.01,
1,39,0.04,-10.04,-0.1,-0.01,-0.01,
1,39,0.02,-10.05,-0.12,-0.01,-0.01,
1,39,0.02,-10.05,-0.12,0,-0.01,
1,39,0.02,-10.05,-0.12,-0.01,-0.01,
1,39,-0.04,-10.03,-0.16,-0.01,-0.01,
1,39,-0.04,-10.03,-0.16,-0.01,-0.01,
1,39,-0.04,-10.03,-0.16,-0.01,-0.01,
1,39,0,-10.06,-0.15,-0.01,-0.01,
1,39,0,-10.06,-0.15,0,-0.01,
1,39,0,-10.06,-0.15,0,-0.01,
1,39,0.04,-10.04,-0.12,0,-0.01,
1,39,0.04,-10.04,-0.12,-0.01,-0.01,
1,39,0.04,-10.04,-0.12,-0.01,-0.01,
1,39,-0.03,-10.01,-0.14,-0.01,-0.01,
1,39,-0.03,-10.01,-0.14,0,-0.01,
1,39,0.06,-10.05,-0.17,-0.01,-0.01,
1,39,0.06,-10.05,-0.17,-0.01,-0.01,
1,39,0.06,-10.05,-0.17,0,-0.01,
1,39,0.04,-10.07,-0.08,-0.01,-0.01,
1,39,0.04,-10.07,-0.08,-0.01,-0.01,
1,39,0.04,-10.07,-0.08,-0.01,-0.01,
1,39,0,-10.03,-0.11,-0.01,-0.01,
1,39,0,-10.03,-0.11,-0.01,-0.01,
1,39,0,-10.03,-0.11,-0.01,-0.01,
1,39,0.07,-10.04,-0.11,-0.01,-0.01,
1,39,0.07,-10.04,-0.11,-0.01,-0.01,
1,39,0.07,-10.04,-0.11,-0.01,-0.01,
1,39,0.03,-9.94,-0.15,0,-0.01,
1,39,0.03,-9.94,-0.15,0,-0.01,
1,39,0.03,-9.94,-0.15,-0.01,-0.01,
1,39,-0.04,-10.05,-0.13,-0.01,-0.01,
1,39,-0.04,-10.05,-0.13,-0.01,-0.01,
1,39,0.06,-9.98,-0.16,-0.01,-0.01,
1,39,0.06,-9.98,-0.16,0,-0.01,
1,39,0.06,-9.98,-0.16,0,-0.01,
1,39,-0.02,-9.99,-0.11,-0.01,-0.02,
1,39,-0.02,-9.99,-0.11,-0.01,-0.01,
1,40,-0.02,-9.99,-0.11,-0.01,-0.01,
1,40,0.02,-10.04,-0.09,-0.01,-0.01,
1,40,0.02,-10.04,-0.09,-0.01,-0.02,
1,40,0.02,-10.04,-0.09,-0.01,-0.01,
1,40,-0.05,-10.04,-0.11,-0.01,-0.01,
1,40,-0.05,-10.04,-0.11,-0.01,-0.01,
1,40,-0.05,-10.04,-0.11,-0.01,0,
1,40,0.02,-10.07,-0.12,-0.01,0,
1,40,0.02,-10.07,-0.12,-0.01,-0.01,
1,40,0.02,-10.07,-0.12,-0.01,-0.01,
1,40,-0.01,-10.04,-0.11,-0.01,-0.01,
1,40,-0.01,-10.04,-0.11,-0.01,-0.01,
1,40,-0.02,-10.07,-0.1,0,-0.01,
1,40,-0.02,-10.07,-0.1,0,-0.01,
1,40,-0.02,-10.07,-0.1,-0.01,-0.01,
1,40,0.03,-10.04,-0.1,-0.01,-0.01,
1,40,0.03,-10.04,-0.1,-0.01,-0.01,
1,40,0.03,-10.04,-0.1,-0.01,-0.01,
1,40,0.01,-10.04,-0.11,-0.01,-0.01,
1,40,0.01,-10.04,-0.11,-0.01,-0.01,
1,40,0.01,-10.04,-0.11,-0.01,-0.01,
1,40,0.04,-10.02,-0.1,0,-0.01,
1,40,0.04,-10.02,-0.1,0,-0.01,
1,40,0.04,-10.02,-0.1,-0.01,-0.01,
1,40,-0.02,-10.06,-0.12,-0.01,-0.01,
1,40,-0.02,-10.06,-0.12,-0.01,-0.01,
1,40,-0.02,-10.06,-0.12,0,-0.01,
1,40,0.03,-10.01,-0.18,-0.01,-0.01,
1,40,0.03,-10.01,-0.18,-0.01,-0.01,
1,40,0.06,-10.04,-0.12,-0.01,-0.01,
1,40,0.06,-10.04,-0.12,-0.01,-0.01,
1,40,0.06,-10.04,-0.12,-0.01,-0.01,
1,40,-0.02,-9.97,-0.11,0,-0.01,
1,40,-0.02,-9.97,-0.11,-0.01,-0.01,
1,40,-0.02,-9.97,-0.11,-0.01,-0.01,
1,40,-0.03,-10.04,-0.14,-0.01,-0.01,
1,40,-0.03,-10.04,-0.14,-0.01,-0.01,
1,40,-0.03,-10.04,-0.14,-0.01,-0.01,
1,40,0.04,-10.01,-0.11,0,-0.01,
1,40,0.04,-10.01,-0.11,-0.01,-0.01,
1,40,0.04,-10.01,-0.11,-0.01,-0.01,
1,40,0,-10,-0.11,-0.01,-0.01,
1,40,0,-10,-0.11,-0.01,-0.02,
1,40,0,-10,-0.11,-0.01,-0.02,
1,40,0.05,-10.01,-0.13,-0.01,-0.01,
1,40,0.05,-10.01,-0.13,-0.01,-0.01,
1,40,0.05,-10.01,-0.13,-0.01,-0.01,
1,40,0.08,-10.02,-0.1,0,-0.01,
1,40,0.08,-10.02,-0.1,-0.01,-0.01,
1,40,0.01,-10.05,-0.1,-0.01,-0.01,
1,40,0.01,-10.05,-0.1,0,-0.01,
1,40,0.01,-10.05,-0.1,0,-0.01,
1,40,0.01,-10.1,-0.19,0,-0.01,
1,40,0.01,-10.1,-0.19,-0.01,-0.01,
1,40,0.01,-10.1,-0.19,-0.01,-0.01,
1,40,-0.01,-10,-0.1,-0.01,-0.01,
1,40,-0.01,-10,-0.1,-0.01,-0.01,
1,40,-0.01,-10,-0.1,-0.01,-0.01,
1,40,0.02,-10.05,-0.09,-0.01,-0.01,
1,40,0.02,-10.05,-0.09,-0.01,-0.01,
1,40,0.02,-10.05,-0.09,-0.01,-0.01,
1,40,0.02,-10.04,-0.09,-0.01,-0.01,
1,40,0.02,-10.04,-0.09,-0.01,-0.01,
1,40,0.02,-10.04,-0.09,-0.01,-0.01,
1,40,-0.01,-10.07,-0.11,-0.01,-0.01,
1,40,-0.01,-10.07,-0.11,-0.01,-0.01,
1,40,-0.01,-10.07,-0.11,-0.01,-0.01,
1,40,0.07,-10.05,-0.11,-0.01,-0.01,
1,40,0.07,-10.05,-0.11,-0.01,-0.01,
1,40,0.07,-10.05,-0.11,-0.01,-0.01,
1,40,0.05,-10.04,-0.1,-0.01,-0.01,
1,40,0.05,-10.04,-0.1,0,-0.01,
1,40,0.05,-10.04,-0.1,-0.01,-0.01,
1,40,0,-10.06,-0.18,-0.01,-0.01,
1,40,0,-10.06,-0.18,0,-0.01,
1,40,0.04,-10.04,-0.09,0,-0.01,
1,40,0.04,-10.04,-0.09,0,-0.01,
1,40,0.04,-10.04,-0.09,-0.01,-0.01,
1,40,0.05,-10.01,-0.12,-0.01,-0.01,
1,40,0.05,-10.01,-0.12,-0.01,-0.01,
1,40,0.05,-10.01,-0.12,-0.01,-0.01,
1,40,0.08,-9.94,0.07,-0.02,0,
1,40,0.08,-9.94,0.07,-0.02,0,
1,40,0.08,-9.94,0.07,-0.01,-0.01,
1,40,0.02,-9.97,-0.09,-0.01,-0.01,
1,40,0.02,-9.97,-0.09,-0.01,-0.01,
1,40,0.02,-9.97,-0.09,-0.01,0,
1,40,-0.12,-10.17,-0.26,0,-0.01,
1,40,-0.12,-10.17,-0.26,0,-0.01,
1,40,-0.12,-10.17,-0.26,-0.01,-0.01,
1,40,0.09,-10.12,-0.16,0,-0.01,
1,40,0.09,-10.12,-0.16,0,-0.01,
1,40,0.03,-9.95,-0.09,-0.01,-0.01,
1,40,0.03,-9.95,-0.09,0,-0.01,
1,40,0.03,-9.95,-0.09,0,-0.01,
1,40,0.14,-10.02,-0.19,-0.01,-0.01,
1,40,0.14,-10.02,-0.19,-0.01,-0.01,
1,40,0.14,-10.02,-0.19,-0.01,-0.01,
1,40,-0.09,-10.07,-0.07,0,-0.01,
1,40,-0.09,-10.07,-0.07,-0.01,-0.01,
1,40,-0.09,-10.07,-0.07,0,-0.01,
1,40,0.03,-10.03,-0.12,0,-0.01,
1,40,0.03,-10.03,-0.12,-0.01,-0.01,
1,40,0.03,-10.03,-0.12,-0.01,-0.01,
1,40,0.06,-10.09,-0.07,-0.01,-0.01,
1,40,0.06,-10.09,-0.07,-0.01,-0.01,
1,40,-0.02,-10.01,-0.11,-0.01,-0.01,
1,40,-0.02,-10.01,-0.11,-0.01,-0.01,
1,40,-0.02,-10.01,-0.11,-0.01,-0.01,
1,40,0.06,-10.11,-0.17,0,-0.01,
1,40,0.06,-10.11,-0.17,0,-0.01,
1,40,0.06,-10.11,-0.17,0,-0.01,
1,40,-0.01,-10.02,-0.16,-0.01,-0.01,
1,40,-0.01,-10.02,-0.16,-0.01,-0.01,
1,40,-0.01,-10.02,-0.16,-0.01,-0.01,
1,40,-0.01,-9.99,-0.1,0,-0.01,
1,40,-0.01,-9.99,-0.1,0,-0.01,
1,40,-0.01,-9.99,-0.1,-0.01,-0.01,
1,40,0.04,-10.01,-0.13,-0.01,-0.01,
1,40,0.04,-10.01,-0.13,-0.01,-0.01,
1,40,0.04,-10.01,-0.13,-0.01,-0.01,
1,40,-0.06,-10.08,-0.11,-0.01,-0.01,
1,40,-0.06,-10.08,-0.11,-0.01,-0.01,
1,40,-0.06,-10.08,-0.11,-0.01,-0.01,
1,40,0.01,-10.03,-0.17,-0.01,-0.01,
1,40,0.01,-10.03,-0.17,-0.01,-0.01,
1,40,0.03,-10.02,-0.11,-0.01,-0.01,
1,40,0.03,-10.02,-0.11,-0.01,-0.01,
1,40,0.03,-10.02,-0.11,-0.01,-0.01,
1,40,0.02,-10.06,-0.1,0,-0.01,
1,40,0.02,-10.06,-0.1,-0.01,-0.01,
1,40,0.02,-10.06,-0.1,-0.01,-0.01,
1,40,0.06,-10.05,-0.11,0,-0.01,
1,40,0.06,-10.05,-0.11,-0.01,-0.01,
1,40,0.06,-10.05,-0.11,-0.01,-0.01,
1,40,0,-10.03,-0.12,0,-0.01,
1,40,0,-10.03,-0.12,-0.01,-0.01,
1,40,0,-10.03,-0.12,-0.01,-0.01,
1,40,0.07,-10.02,-0.11,0,-0.01,
1,40,0.07,-10.02,-0.11,-0.01,-0.01,
1,40,0.07,-10.02,-0.11,-0.01,-0.01,
1,40,0.02,-10.05,-0.13,-0.01,-0.01,
1,40,0.02,-10.05,-0.13,-0.01,-0.01,
1,40,0.02,-10.05,-0.13,-0.01,-0.01,
1,40,0,-10.02,-0.08,-0.01,-0.01,
1,40,0,-10.02,-0.08,-0.01,-0.01,
1,40,0,-10.02,-0.08,-0.01,-0.01,
1,40,-0.01,-10.03,-0.12,-0.01,-0.01,
1,40,-0.01,-10.03,-0.12,-0.01,-0.01,
1,40,0.02,-10.02,-0.12,-0.01,-0.01,
1,40,0.02,-10.02,-0.12,-0.01,-0.01,
1,40,0.02,-10.02,-0.12,-0.01,-0.01,
1,40,0.04,-10.06,-0.14,-0.01,-0.01,
1,41,0.04,-10.06,-0.14,-0.01,-0.01,
1,41,0.04,-10.06,-0.14,-0.01,-0.01,
1,41,0.03,-10.04,-0.11,-0.01,-0.01,
1,41,0.03,-10.04,-0.11,-0.01,-0.01,
1,41,0.03,-10.04,-0.11,-0.01,-0.01,
1,41,0.06,-10.06,-0.07,-0.01,-0.01,
1,41,0.06,-10.06,-0.07,0,0,
1,41,0.06,-10.06,-0.07,0,0,
1,41,-0.06,-10.05,-0.15,-0.01,-0.01,
1,41,-0.06,-10.05,-0.15,-0.01,-0.01,
1,41,-0.06,-10.05,-0.15,-0.01,-0.01,
1,41,0.03,-10.03,-0.14,-0.01,-0.01,
1,41,0.03,-10.03,-0.14,-0.01,-0.01,
1,41,0.03,-10.03,-0.14,-0.01,-0.01,
1,41,0.01,-10.03,-0.15,-0.01,-0.01,
1,41,0.01,-10.03,-0.15,-0.01,-0.01,
1,41,0.04,-9.97,-0.08,-0.01,-0.01,
1,41,0.04,-9.97,-0.08,-0.01,-0.01,
1,41,0.04,-9.97,-0.08,0,-0.01,
1,41,0,-10.01,-0.03,-0.01,-0.01,
1,41,0,-10.01,-0.03,-0.01,-0.01,
1,41,0,-10.01,-0.03,-0.01,-0.01,
1,41,0.03,-10.04,-0.16,-0.01,-0.01,
1,41,0.03,-10.04,-0.16,-0.01,-0.01,
1,41,0.03,-10.04,-0.16,-0.01,-0.01,
1,41,0.01,-10.05,-0.13,-0.01,-0.01,
1,41,0.01,-10.05,-0.13,-0.01,-0.01,
1,41,0.01,-10.05,-0.13,-0.01,-0.01,
1,41,0.03,-10.08,-0.12,-0.01,-0.01,
1,41,0.03,-10.08,-0.12,-0.01,-0.01,
1,41,0.03,-10.08,-0.12,0,-0.01,
1,41,0.04,-10.05,-0.12,-0.01,-0.01,
1,41,0.04,-10.05,-0.12,-0.01,-0.01,
1,41,0.02,-10.04,-0.07,-0.01,-0.01,
1,41,0.02,-10.04,-0.07,-0.01,-0.01,
1,41,0.02,-10.04,-0.07,-0.01,-0.01,
1,41,0.05,-10.04,-0.11,-0.01,-0.01,
1,41,0.05,-10.04,-0.11,0,-0.01,
1,41,0.05,-10.04,-0.11,0,-0.01,
1,41,0,-10.07,-0.14,0,-0.01,
1,41,0,-10.07,-0.14,0,-0.01,
1,41,0,-10.07,-0.14,0,-0.01,
1,41,0,-10.01,-0.09,-0.01,-0.01,
1,41,0,-10.01,-0.09,-0.01,-0.02,
1,41,0,-10.01,-0.09,0,-0.01,
1,41,0,-10,-0.09,0,-0.01,
1,41,0,-10,-0.09,0,-0.01,
1,41,0,-10,-0.09,-0.01,-0.01,
1,41,0.02,-10.06,-0.11,-0.01,-0.01,
1,41,0.02,-10.06,-0.11,-0.01,-0.01,
1,41,-0.02,-9.99,-0.1,0,-0.01,
1,41,-0.02,-9.99,-0.1,0,-0.01,
1,41,-0.02,-9.99,-0.1,-0.01,-0.01,
1,41,0.04,-10,-0.13,-0.01,-0.01,
1,41,0.04,-10,-0.13,-0.01,-0.01,
1,41,0.04,-10,-0.13,-0.01,-0.01,
1,41,0.02,-10.03,-0.09,-0.01,-0.01,
1,41,0.02,-10.03,-0.09,-0.01,-0.01,
1,41,0.02,-10.03,-0.09,-0.01,-0.01,
1,41,-0.01,-9.99,-0.18,-0.01,-0.01,
1,41,-0.01,-9.99,-0.18,-0.01,-0.01,
1,41,-0.01,-9.99,-0.18,0,-0.01,
1,41,0.02,-10,-0.17,-0.01,-0.01,
1,41,0.02,-10,-0.17,-0.01,-0.01,
1,41,0.03,-10.02,-0.08,0,-0.01,
1,41,0.03,-10.02,-0.08,-0.01,-0.01,
1,41,0.03,-10.02,-0.08,-0.01,-0.01,
1,41,0,-9.98,-0.13,-0.01,-0.01,
1,41,0,-9.98,-0.13,-0.01,-0.01,
1,41,0,-9.98,-0.13,-0.01,-0.01,
1,41,-0.02,-10.04,-0.08,-0.01,-0.01,
1,41,-0.02,-10.04,-0.08,-0.01,-0.01,
1,41,-0.02,-10.04,-0.08,-0.01,-0.01,
1,41,0.04,-10.08,-0.09,-0.01,-0.01,
1,41,0.04,-10.08,-0.09,0,-0.01,
1,41,0.04,-10.08,-0.09,0,-0.01,
1,41,-0.06,-10.02,-0.11,0,-0.01,
1,41,-0.06,-10.02,-0.11,-0.01,-0.01,
1,41,-0.06,-10.02,-0.11,-0.01,-0.01,
1,41,0.08,-10.04,-0.11,-0.01,-0.01,
1,41,0.08,-10.04,-0.11,-0.01,-0.01,
1,41,0.08,-10.04,-0.11,-0.01,-0.01,
1,41,-0.02,-9.95,-0.09,-0.01,-0.01,
1,41,-0.02,-9.95,-0.09,-0.01,-0.01,
1,41,0.01,-10.06,-0.12,-0.01,-0.01,
1,41,0.01,-10.06,-0.12,-0.01,-0.01,
1,41,0.01,-10.06,-0.12,-0.01,-0.01,
1,41,0.05,-10.05,-0.11,-0.01,-0.01,
1,41,0.05,-10.05,-0.11,-0.01,-0.01,
1,41,0.05,-10.05,-0.11,-0.01,-0.01,
1,41,0.05,-10.03,-0.1,-0.01,-0.01,
1,41,0.05,-10.03,-0.1,-0.01,-0.01,
1,41,0.05,-10.03,-0.1,-0.01,-0.01,
1,41,0.03,-10,-0.15,-0.01,-0.01,
1,41,0.03,-10,-0.15,0,-0.01,
1,41,0.03,-10,-0.15,-0.01,-0.01,
1,41,0.02,-10.02,-0.13,-0.01,-0.01,
1,41,0.02,-10.02,-0.13,-0.01,-0.01,
1,41,0.02,-10.02,-0.13,-0.01,-0.01,
1,41,-0.03,-10.02,-0.17,-0.01,-0.01,
1,41,-0.03,-10.02,-0.17,-0.01,-0.01,
1,41,-0.03,-10.02,-0.17,-0.01,-0.01,
1,41,-0.03,-10.01,-0.14,-0.01,-0.01,
1,41,-0.03,-10.01,-0.14,0,-0.01,
1,41,-0.01,-10,-0.13,-0.01,-0.01,
1,41,-0.01,-10,-0.13,-0.01,-0.01,
1,41,-0.01,-10,-0.13,-0.01,-0.01,
1,41,0.03,-10.05,-0.1,-0.01,-0.01,
1,41,0.03,-10.05,-0.1,-0.01,-0.01,
1,41,0.03,-10.05,-0.1,-0.01,-0.01,
1,41,0.01,-10.06,-0.16,-0.01,-0.01,
1,41,0.01,-10.06,-0.16,-0.01,-0.01,
1,41,0.01,-10.06,-0.16,-0.01,-0.01,
1,41,0.03,-10.04,-0.13,-0.01,-0.01,
1,41,0.03,-10.04,-0.13,-0.01,0,
1,41,0.03,-10.04,-0.13,-0.01,0,
1,41,0.01,-9.98,-0.12,0,-0.01,
1,41,0.01,-9.98,-0.12,-0.01,-0.01,
1,41,0.05,-10.06,-0.14,-0.01,-0.01,
1,41,0.05,-10.06,-0.14,-0.01,-0.01,
1,41,0.05,-10.06,-0.14,0,-0.01,
1,41,-0.02,-10.04,-0.09,0,-0.01,
1,41,-0.02,-10.04,-0.09,-0.01,-0.01,
1,41,-0.02,-10.04,-0.09,0,-0.01,
1,41,0.03,-10.04,-0.12,0,-0.01,
1,41,0.03,-10.04,-0.12,-0.01,-0.01,
1,41,0.03,-10.04,-0.12,-0.01,-0.01,
1,41,0,-10.04,-0.13,-0.01,-0.01,
1,41,0,-10.04,-0.13,0,0,
1,41,0,-10.04,-0.13,-0.01,-0.01,
1,41,0.03,-10.04,-0.11,0,-0.01,
1,41,0.03,-10.04,-0.11,0,-0.01,
1,41,0,-9.99,-0.14,-0.01,-0.01,
1,41,0,-9.99,-0.14,-0.01,-0.01,
1,41,0,-9.99,-0.14,-0.01,-0.01,
1,41,0.03,-10.02,-0.13,0,-0.01,
1,41,0.03,-10.02,-0.13,-0.01,-0.01,
1,41,0.03,-10.02,-0.13,-0.01,-0.01,
1,41,0.03,-10.04,-0.08,-0.01,-0.01,
1,41,0.03,-10.04,-0.08,-0.01,-0.01,
1,41,0.03,-10.04,-0.08,0,-0.01,
1,41,0.06,-10.04,-0.15,0,-0.01,
1,41,0.06,-10.04,-0.15,-0.01,-0.01,
1,41,-0.04,-10,-0.1,-0.01,-0.01,
1,41,-0.04,-10,-0.1,-0.01,-0.01,
1,41,-0.04,-10,-0.1,-0.01,-0.01,
1,41,0.02,-10.02,-0.1,-0.01,-0.01,
1,41,0.02,-10.02,-0.1,-0.01,-0.01,
1,41,0.02,-10.02,-0.1,-0.01,-0.01,
1,41,0.01,-10,-0.07,0,-0.01,
1,41,0.01,-10,-0.07,0,-0.01,
1,41,0.01,-10,-0.07,-0.01,-0.01,
1,42,0.03,-10.1,-0.13,-0.01,-0.01,
1,42,0.03,-10.1,-0.13,-0.01,-0.01,
1,42,-0.08,-10.09,-0.11,-0.01,-0.01,
1,42,-0.08,-10.09,-0.11,-0.01,-0.01,
1,42,-0.08,-10.09,-0.11,-0.01,-0.01,
1,42,0.05,-9.99,-0.16,-0.01,-0.01,
1,42,0.05,-9.99,-0.16,-0.01,-0.01,
1,42,0.05,-9.99,-0.16,-0.01,-0.01,
1,42,0.06,-10.07,-0.18,-0.01,-0.01,
1,42,0.06,-10.07,-0.18,0,-0.01,
1,42,0.06,-10.07,-0.18,-0.01,-0.01,
1,42,0.02,-10.06,-0.17,-0.01,-0.01,
1,42,0.02,-10.06,-0.17,-0.01,-0.01,
1,42,0.03,-10.03,-0.1,-0.01,-0.01,
1,42,0.03,-10.03,-0.1,-0.01,-0.01,
1,42,0.03,-10.03,-0.1,-0.01,-0.01,
1,42,0,-10.06,-0.15,-0.01,-0.01,
1,42,0,-10.06,-0.15,-0.01,-0.01,
1,42,0,-10.06,-0.15,0,-0.01,
1,42,0.01,-10.05,-0.09,0,-0.01,
1,42,0.01,-10.05,-0.09,0,-0.01,
1,42,0.01,-10.05,-0.09,-0.01,-0.01,
1,42,-0.01,-10.01,-0.14,-0.01,-0.01,
1,42,-0.01,-10.01,-0.14,-0.01,-0.01,
1,42,-0.01,-10.01,-0.14,-0.01,-0.01,
1,42,-0.01,-10.08,-0.14,-0.01,-0.01,
1,42,-0.01,-10.08,-0.14,-0.01,-0.01,
1,42,-0.01,-10.08,-0.14,-0.01,-0.01,
1,42,0.06,-10.03,-0.17,-0.01,-0.01,
1,42,0.06,-10.03,-0.17,-0.01,-0.01,
1,42,0.06,-10.03,-0.17,-0.01,-0.01,
1,42,0.02,-10.04,-0.14,0,0,
1,42,0.02,-10.04,-0.14,0,0,
1,42,0.02,-10.04,-0.14,0,-0.01,
1,42,-0.02,-10.01,-0.1,-0.01,-0.01,
1,42,-0.02,-10.01,-0.1,-0.01,-0.01,
1,42,-0.02,-10.01,-0.1,0,-0.01,
1,42,0,-10.01,-0.14,0,-0.01,
1,42,0,-10.01,-0.14,0,-0.01,
1,42,0,-10.01,-0.14,-0.01,-0.01,
1,42,0.04,-9.99,-0.06,-0.01,-0.01,
1,42,0.04,-9.99,-0.06,-0.01,-0.01,
1,42,0.03,-10.04,-0.14,-0.01,-0.01,
1,42,0.03,-10.04,-0.14,-0.01,-0.01,
1,42,0.03,-10.04,-0.14,-0.01,-0.01,
1,42,0.04,-10,-0.07,-0.01,-0.01,
1,42,0.04,-10,-0.07,0,-0.01,
1,42,0.04,-10,-0.07,0,-0.01,
1,42,-0.01,-10.01,-0.09,-0.01,-0.01,
1,42,-0.01,-10.01,-0.09,0,-0.01,
1,42,-0.01,-10.01,-0.09,0,-0.01,
1,42,0.08,-10.03,-0.11,-0.01,-0.01,
1,42,0.08,-10.03,-0.11,-0.01,-0.01,
1,42,0.08,-10.03,-0.11,-0.01,-0.01,
1,42,0.02,-9.99,-0.15,-0.01,-0.01,
1,42,0.02,-9.99,-0.15,-0.01,-0.01,
1,42,0.02,-9.99,-0.15,-0.01,-0.01,
1,42,-0.06,-10.04,-0.13,0,-0.01,
1,42,-0.06,-10.04,-0.13,-0.01,-0.01,
1,42,0.02,-10.03,-0.08,-0.01,-0.01,
1,42,0.02,-10.03,-0.08,-0.01,-0.01,
1,42,0.02,-10.03,-0.08,0,-0.01,
1,42,0,-10.08,-0.09,0,-0.01,
1,42,0,-10.08,-0.09,-0.01,-0.01,
1,42,0,-10.08,-0.09,0,-0.01,
1,42,0.06,-10.01,-0.09,0,-0.01,
1,42,0.06,-10.01,-0.09,-0.01,-0.01,
1,42,0.06,-10.01,-0.09,-0.01,-0.01,
1,42,0.05,-10.04,-0.1,-0.01,-0.01,
1,42,0.05,-10.04,-0.1,-0.01,-0.01,
1,42,0.05,-10.04,-0.1,-0.01,-0.01,
1,42,-0.03,-9.99,-0.15,-0.01,-0.01,
1,42,-0.03,-9.99,-0.15,-0.01,-0.01,
1,42,0.02,-9.99,-0.12,0,-0.01,
1,42,0.02,-9.99,-0.12,0,-0.01,
1,42,0.02,-9.99,-0.12,0,-0.01,
1,42,0.04,-10.04,-0.16,-0.01,-0.01,
1,42,0.04,-10.04,-0.16,-0.01,-0.01,
1,42,0.04,-10.04,-0.16,-0.01,-0.01,
1,42,0.01,-10.04,-0.12,-0.01,-0.01,
1,42,0.01,-10.04,-0.12,-0.01,-0.01,
1,42,0.01,-10.04,-0.12,-0.01,-0.01,
1,42,-0.03,-10.06,-0.1,-0.01,-0.01,
1,42,-0.03,-10.06,-0.1,-0.01,-0.01,
1,42,-0.03,-10.06,-0.1,-0.01,-0.01,
1,42,-0.11,-10,-0.15,0,-0.01,
1,42,-0.11,-10,-0.15,-0.01,-0.01,
1,42,0.05,-10.04,-0.13,-0.01,-0.01,
1,42,0.05,-10.04,-0.13,0,-0.01,
1,42,0.05,-10.04,-0.13,-0.01,-0.01,
1,42,0.04,-9.99,-0.11,-0.01,-0.01,
1,42,0.04,-9.99,-0.11,-0.01,-0.02,
1,42,0.04,-9.99,-0.11,0,-0.01,
1,42,0.03,-10.04,-0.12,0,-0.01,
1,42,0.03,-10.04,-0.12,-0.01,-0.01,
1,42,0.03,-10.04,-0.12,0,-0.01,
1,42,0.01,-10.01,-0.13,-0.01,-0.01,
1,42,0.01,-10.01,-0.13,-0.01,-0.01,
1,42,0.01,-10.01,-0.13,-0.01,-0.01,
1,42,0.04,-10.05,-0.12,-0.01,-0.01,
1,42,0.04,-10.05,-0.12,-0.01,-0.01,
1,42,0.05,-10.01,-0.13,-0.01,-0.01,
1,42,0.05,-10.01,-0.13,-0.01,-0.01,
1,42,0.05,-10.01,-0.13,-0.01,-0.01,
1,42,0.04,-10.01,-0.16,0,-0.01,
1,42,0.04,-10.01,-0.16,0,-0.01,
1,42,0.04,-10.01,-0.16,0,-0.01,
1,42,0.01,-10.02,-0.11,0,-0.01,
1,42,0.01,-10.02,-0.11,-0.01,-0.01,
1,42,0.01,-10.02,-0.11,-0.01,-0.01,
1,42,0.01,-10.05,-0.06,0,-0.01,
1,42,0.01,-10.05,-0.06,-0.01,-0.01,
1,42,-0.02,-10.07,-0.05,0,-0.01,
1,42,-0.02,-10.07,-0.05,0,-0.01,
1,42,-0.02,-10.07,-0.05,-0.01,-0.01,
1,42,0.03,-10.06,-0.05,0,-0.01,
1,42,0.03,-10.06,-0.05,0,-0.01,
1,42,0.03,-10.06,-0.05,-0.01,-0.01,
1,42,0.05,-10,-0.17,0,-0.01,
1,42,0.05,-10,-0.17,0,-0.01,
1,42,0.05,-10,-0.17,-0.01,-0.01,
1,42,0.02,-10.07,-0.14,-0.01,-0.01,
1,42,0.02,-10.07,-0.14,-0.01,-0.01,
1,42,0.02,-10.07,-0.14,-0.01,0,
1,42,0.01,-9.98,-0.13,-0.01,-0.01,
1,42,0.01,-9.98,-0.13,-0.01,-0.01,
1,42,0.01,-9.98,-0.13,0,-0.01,
1,42,0.05,-10,-0.11,-0.01,-0.01,
1,42,0.05,-10,-0.11,-0.01,-0.01,
1,42,0,-10.07,-0.13,-0.01,-0.01,
1,42,0,-10.07,-0.13,-0.01,-0.01,
1,42,0,-10.07,-0.13,-0.01,-0.01,
1,42,0.03,-10.06,-0.17,0,-0.01,
1,42,0.03,-10.06,-0.17,0,-0.01,
1,42,0.03,-10.06,-0.17,0,-0.01,
1,42,0,-10.02,-0.08,-0.01,-0.01,
1,42,0,-10.02,-0.08,-0.01,-0.01,
1,42,0,-10.02,-0.08,-0.01,-0.01,
1,42,0.03,-10.06,-0.1,-0.01,-0.01,
1,42,0.03,-10.06,-0.1,-0.01,-0.01,
1,42,0.03,-10.06,-0.1,-0.01,-0.01,
1,42,0.07,-10.07,-0.12,-0.01,-0.01,
1,42,0.07,-10.07,-0.12,-0.01,-0.01,
1,42,0.07,-10.07,-0.12,-0.01,-0.01,
1,42,-0.01,-10.01,-0.13,-0.01,-0.01,
1,42,-0.01,-10.01,-0.13,0,-0.01,
1,42,-0.01,-10.01,-0.13,0,-0.01,
1,42,0.02,-10.02,-0.13,-0.01,-0.01,
1,42,0.02,-10.02,-0.13,-0.01,-0.01,
1,42,0.02,-10.02,-0.13,-0.01,-0.01,
1,42,0.07,-10.06,-0.12,-0.01,-0.01,
1,42,0.07,-10.06,-0.12,-0.01,-0.01,
1,42,0.01,-10.02,-0.09,-0.01,-0.01,
1,43,0.01,-10.02,-0.09,-0.01,-0.01,
1,43,0.01,-10.02,-0.09,0,-0.01,
1,43,-0.01,-10.03,-0.14,0,-0.01,
1,43,-0.01,-10.03,-0.14,-0.01,-0.01,
1,43,-0.01,-10.03,-0.14,0,-0.01,
1,43,-0.01,-9.99,-0.11,0,-0.01,
1,43,-0.01,-9.99,-0.11,-0.01,-0.01,
1,43,-0.01,-9.99,-0.11,0,-0.01,
1,43,0.11,-10.06,-0.14,0,-0.01,
1,43,0.11,-10.06,-0.14,0,-0.01,
1,43,0.11,-10.06,-0.14,-0.01,-0.01,
1,43,0.08,-10.06,-0.13,-0.01,-0.01,
1,43,0.08,-10.06,-0.13,0,-0.01,
1,43,0.01,-10.06,-0.14,-0.01,0,
1,43,0.01,-10.06,-0.14,-0.01,-0.01,
1,43,0.01,-10.06,-0.14,-0.01,-0.01,
1,43,-0.03,-10,-0.08,0,-0.01,
1,43,-0.03,-10,-0.08,-0.01,-0.01,
1,43,-0.03,-10,-0.08,-0.01,-0.01,
1,43,0.04,-10.03,-0.11,-0.01,-0.01,
1,43,0.04,-10.03,-0.11,-0.01,-0.01,
1,43,0.04,-10.03,-0.11,-0.01,-0.01,
1,43,-0.03,-10.06,-0.04,0,-0.01,
1,43,-0.03,-10.06,-0.04,-0.01,-0.01,
1,43,-0.03,-10.06,-0.04,-0.01,-0.01,
1,43,0.03,-10.04,-0.14,0,-0.01,
1,43,0.03,-10.04,-0.14,-0.01,-0.01,
1,43,0.03,-10.04,-0.14,-0.01,-0.01,
1,43,0.06,-10.03,-0.09,-0.01,-0.01,
1,43,0.06,-10.03,-0.09,-0.01,0,
1,43,0.06,-10.03,-0.09,-0.01,0,
1,43,0.07,-10.07,-0.08,-0.01,-0.01,
1,43,0.07,-10.07,-0.08,-0.01,-0.01,
1,43,0.02,-10.01,-0.11,-0.01,-0.01,
1,43,0.02,-10.01,-0.11,0,-0.01,
1,43,0.02,-10.01,-0.11,-0.01,-0.01,
1,43,0.04,-10.08,-0.14,-0.01,-0.01,
1,43,0.04,-10.08,-0.14,-0.01,-0.01,
1,43,0.04,-10.08,-0.14,-0.01,-0.01,
1,43,-0.01,-10.07,-0.16,-0.01,-0.01,
1,43,-0.01,-10.07,-0.16,0,-0.01,
1,43,-0.01,-10.07,-0.16,0,-0.01,
1,43,0.04,-10.07,-0.11,0,-0.01,
1,43,0.04,-10.07,-0.11,-0.01,0,
1,43,0.04,-10.07,-0.11,-0.01,-0.01,
1,43,0,-10.01,-0.1,-0.01,-0.01,
1,43,0,-10.01,-0.1,-0.01,-0.01,
1,43,0.05,-10.04,-0.15,-0.01,-0.01,
1,43,0.05,-10.04,-0.15,-0.01,-0.01,
1,43,0.05,-10.04,-0.15,-0.01,-0.01,
1,43,0.01,-10.04,-0.11,-0.01,0,
1,43,0.01,-10.04,-0.11,-0.01,0,
1,43,0.01,-10.04,-0.11,0,-0.01,
1,43,-0.02,-10.04,-0.11,0,-0.01,
1,43,-0.02,-10.04,-0.11,0,-0.01,
1,43,-0.02,-10.04,-0.11,-0.01,-0.01,
1,43,0.04,-10.07,-0.12,-0.01,-0.01,
1,43,0.04,-10.07,-0.12,-0.01,-0.01,
1,43,0.04,-10.07,-0.12,-0.01,-0.01,
1,43,0.07,-10.05,-0.16,-0.01,-0.01,
1,43,0.07,-10.05,-0.16,-0.01,-0.01,
1,43,0.07,-10.05,-0.16,0,-0.01,
1,43,0.03,-10.02,-0.12,0,0,
1,43,0.03,-10.02,-0.12,0,0,
1,43,0.03,-10.02,-0.12,-0.01,-0.01,
1,43,0.01,-9.96,-0.16,-0.01,-0.01,
1,43,0.01,-9.96,-0.16,-0.01,-0.01,
1,43,0.01,-9.96,-0.16,0,-0.01,
1,43,0.02,-10.06,-0.12,-0.01,-0.01,
1,43,0.02,-10.06,-0.12,-0.01,-0.01,
1,43,0.02,-10.06,-0.12,-0.01,-0.01,
1,43,-0.01,-10.03,-0.09,-0.01,-0.01,
1,43,-0.01,-10.03,-0.09,0,-0.02,
1,43,-0.01,-10.03,-0.09,-0.01,-0.01,
1,43,0.02,-10.05,-0.06,-0.01,-0.01,
1,43,0.02,-10.05,-0.06,0,-0.01,
1,43,0.02,-10.05,-0.06,-0.01,-0.01,
1,43,0.02,-10.01,-0.13,-0.01,-0.01,
1,43,0.02,-10.01,-0.13,0,0,
1,43,0.02,-9.97,-0.12,0,-0.01,
1,43,0.02,-9.97,-0.12,0,-0.01,
1,43,0.02,-9.97,-0.12,-0.01,-0.01,
1,43,0.16,-10.04,-0.14,-0.01,-0.01,
1,43,0.16,-10.04,-0.14,-0.01,-0.01,
1,43,0.16,-10.04,-0.14,-0.01,-0.01,
1,43,-0.02,-10.07,-0.14,-0.01,-0.01,
1,43,-0.02,-10.07,-0.14,-0.01,-0.01,
1,43,-0.02,-10.07,-0.14,0,-0.01,
1,43,-0.01,-10.11,-0.11,0,-0.01,
1,43,-0.01,-10.11,-0.11,0,-0.01,
1,43,-0.01,-10.11,-0.11,0,-0.01,
1,43,0.09,-10,-0.11,-0.01,-0.01,
1,43,0.09,-10,-0.11,-0.01,-0.01,
1,43,0.09,-10,-0.11,0,-0.01,
1,43,0,-10.04,-0.06,-0.01,-0.01,
1,43,0,-10.04,-0.06,-0.01,-0.01,
1,43,0.05,-10.04,-0.06,-0.01,-0.01,
1,43,0.02,-10,-0.1,-0.01,-0.01,
1,44,-0.02,-10.04,-0.09,-0.01,-0.01,
1,44,-0.03,-9.96,-0.13,0,-0.01,
1,44,0.02,-10,-0.16,-0.01,-0.01,
1,44,0.02,-10,-0.16,0,-0.01,
1,44,0.03,-10.07,-0.06,0,-0.01,
1,44,0.03,-10.07,-0.06,0,-0.01,
1,44,0,-10.03,-0.08,-0.01,-0.01,
1,44,0,-10.03,-0.08,-0.01,-0.01,
1,44,0,-10.03,-0.08,0,-0.01,
1,44,0.02,-10.01,-0.14,0,-0.01,
1,44,0.02,-10.01,-0.14,0,-0.01,
1,44,0.02,-10.01,-0.14,0,-0.01,
1,44,0.07,-10,-0.09,-0.01,-0.01,
1,44,0.07,-10,-0.09,-0.01,-0.01,
1,44,0.07,-10,-0.09,0,-0.02,
1,44,0.08,-9.98,-0.11,-0.01,-0.01,
1,44,0.08,-9.98,-0.11,-0.01,-0.01,
1,44,0.08,-9.98,-0.11,0,-0.01,
1,44,0,-10.01,-0.1,0,-0.01,
1,44,0,-10.01,-0.1,0,-0.01,
1,44,0,-10.01,-0.1,-0.01,-0.01,
1,44,0,-10.01,-0.11,-0.01,-0.01,
1,44,0,-10.01,-0.11,-0.01,-0.01,
1,44,0,-10.01,-0.11,0,-0.01,
1,44,0,-10.09,-0.06,-0.01,-0.01,
1,44,0,-10.09,-0.06,-0.01,-0.01,
1,44,0,-10.09,-0.06,-0.01,-0.01,
1,44,0.03,-9.98,-0.07,-0.01,-0.01,
1,44,0.03,-9.98,-0.07,-0.01,-0.01,
1,44,0.06,-10.07,-0.05,0,-0.01,
1,44,0.06,-10.07,-0.05,0,-0.01,
1,44,0.06,-10.07,-0.05,0,-0.01,
1,44,-0.01,-10.05,-0.11,-0.01,-0.01,
1,44,-0.01,-10.05,-0.11,-0.01,-0.01,
1,44,-0.01,-10.05,-0.11,-0.01,-0.01,
1,44,0.03,-10.01,-0.12,-0.01,-0.01,
1,44,0.03,-10.01,-0.12,-0.01,-0.01,
1,44,0.03,-10.01,-0.12,-0.01,-0.01,
1,44,0.01,-10.02,-0.11,-0.01,-0.01,
1,44,0.01,-10.02,-0.11,0,0,
1,44,0.01,-10.02,-0.11,0,0,
1,44,0.01,-10,-0.12,-0.01,-0.01,
1,44,0.01,-10,-0.12,-0.01,-0.01,
1,44,0.01,-10,-0.12,-0.01,-0.01,
1,44,0.03,-10.03,-0.04,-0.01,-0.01,
1,44,0.03,-10.03,-0.04,0,-0.01,
1,44,0.04,-10.02,-0.1,0,-0.01,
1,44,0.04,-10.02,-0.1,-0.01,-0.01,
1,44,0.04,-10.02,-0.1,-0.01,-0.01,
1,44,-0.06,-9.99,-0.12,-0.01,-0.01,
1,44,-0.06,-9.99,-0.12,-0.01,-0.01,
1,44,-0.06,-9.99,-0.12,-0.01,-0.01,
1,44,0.05,-10.01,-0.11,-0.01,-0.01,
1,44,0.05,-10.01,-0.11,-0.01,-0.01,
1,44,0.05,-10.01,-0.11,-0.01,-0.01,
1,44,0.08,-10.01,-0.07,-0.01,-0.01,
1,44,0.08,-10.01,-0.07,-0.01,-0.01,
1,44,0.08,-10.01,-0.07,-0.01,-0.01,
1,44,0.05,-10.06,-0.12,-0.01,-0.01,
1,44,0.05,-10.06,-0.12,-0.01,-0.01,
1,44,0.05,-10.06,-0.12,-0.01,-0.01,
1,44,0.01,-10.05,-0.17,-0.01,-0.01,
1,44,0.01,-10.05,-0.17,0,-0.01,
1,44,0.01,-10.05,-0.17,-0.01,-0.01,
1,44,-0.05,-10.04,-0.1,-0.01,-0.01,
1,44,-0.05,-10.04,-0.1,-0.01,-0.01,
1,44,0.01,-10.03,-0.05,-0.01,-0.01,
1,44,0.01,-10.03,-0.05,-0.01,-0.01,
1,44,0.01,-10.03,-0.05,-0.01,-0.01,
1,44,0.03,-10.05,-0.08,0,-0.01,
1,44,0.03,-10.05,-0.08,0,-0.01,
1,44,0.03,-10.05,-0.08,-0.01,-0.01,
1,44,0.03,-9.96,-0.1,-0.01,-0.01,
1,44,0.03,-9.96,-0.1,-0.01,-0.01,
1,44,0.03,-9.96,-0.1,-0.01,-0.01,
1,45,0.03,-9.99,-0.1,0,-0.01,
1,45,0.03,-9.99,-0.1,0,-0.01,
1,45,0.03,-9.99,-0.1,-0.01,-0.01,
1,45,0.01,-10.03,-0.12,-0.01,-0.01,
1,45,0.01,-10.03,-0.12,-0.01,-0.01,
1,45,0.01,-10.03,-0.12,0,-0.01,
1,45,0.07,-10.07,-0.16,0,-0.01,
1,45,0.07,-10.07,-0.16,0,-0.01,
1,45,0.07,-10.07,-0.16,0,-0.01,
1,45,-0.02,-10.01,-0.11,-0.01,-0.01,
1,45,-0.02,-10.01,-0.11,-0.01,-0.01,
1,45,-0.02,-10.01,-0.11,0,-0.01,
1,45,0.1,-9.93,-0.06,-0.01,-0.01,
1,45,0.1,-9.93,-0.06,-0.01,-0.01,
1,45,-0.01,-10.04,-0.06,0,-0.01,
1,45,-0.01,-10.04,-0.06,-0.01,-0.01,
1,45,-0.01,-10.04,-0.06,-0.01,-0.01,
1,45,-0.02,-10.02,-0.11,0,-0.01,
1,45,-0.02,-10.02,-0.11,-0.01,-0.01,
1,45,-0.02,-10.02,-0.11,-0.01,-0.01,
1,45,0.01,-10.01,-0.14,-0.01,-0.01,
1,45,0.01,-10.01,-0.14,-0.01,-0.01,
1,45,0.01,-10.01,-0.14,-0.01,-0.01,
1,45,0.07,-10.04,-0.14,-0.01,-0.01,
1,45,0.07,-10.04,-0.14,-0.01,-0.01,
1,45,0.07,-10.04,-0.14,-0.01,-0.01,
1,45,0.09,-10.01,-0.12,-0.01,-0.01,
1,45,0.09,-10.01,-0.12,-0.01,-0.01,
1,45,-0.03,-9.99,-0.12,-0.01,-0.01,
1,45,-0.03,-9.99,-0.12,-0.01,-0.01,
1,45,-0.03,-9.99,-0.12,-0.01,-0.01,
1,45,0.04,-10.04,-0.11,-0.01,-0.01,
1,45,0.04,-10.04,-0.11,-0.01,-0.01,
1,45,0.04,-10.04,-0.11,-0.01,-0.01,
1,45,0.07,-10.02,-0.14,-0.01,-0.01,
1,45,0.07,-10.02,-0.14,-0.01,-0.01,
1,45,0.07,-10.02,-0.14,-0.01,-0.01,
1,45,0.03,-10.03,-0.13,-0.01,-0.01,
1,45,0.03,-10.03,-0.13,-0.01,-0.01,
1,45,0.03,-10.03,-0.13,-0.01,-0.01,
1,45,-0.04,-10.05,-0.11,0,-0.01,
1,45,-0.04,-10.05,-0.11,0,-0.01,
1,45,0.04,-10.05,-0.11,-0.01,-0.01,
1,45,0.04,-10.05,-0.11,-0.01,-0.01,
1,45,0.04,-10.05,-0.11,-0.01,-0.01,
1,45,0.05,-9.99,-0.16,-0.01,-0.01,
1,45,0.05,-9.99,-0.16,-0.01,-0.01,
1,45,0.05,-9.99,-0.16,0,-0.01,
1,45,0,-10.05,-0.13,0,-0.01,
1,45,0,-10.05,-0.13,-0.01,-0.01,
1,45,0,-10.05,-0.13,-0.01,0,
1,45,0.04,-10.08,-0.14,-0.01,0,
1,45,0.04,-10.08,-0.14,0,-0.01,
1,45,0.04,-10.08,-0.14,0,-0.01,
1,45,0.03,-10,-0.1,0,-0.01,
1,45,0.03,-10,-0.1,0,-0.01,
1,45,-0.03,-10.02,-0.09,-0.01,-0.01,
1,45,-0.03,-10.02,-0.09,-0.01,-0.01,
1,45,-0.03,-10.02,-0.09,-0.01,-0.01,
1,45,0,-10.05,-0.1,-0.01,-0.01,
1,45,0,-10.05,-0.1,-0.01,-0.01,
1,45,0,-10.05,-0.1,-0.01,-0.01,
1,45,0,-10.07,-0.13,-0.01,-0.01,
1,45,0,-10.07,-0.13,-0.01,-0.01,
1,45,0,-10.07,-0.13,-0.01,-0.01,
1,45,0.01,-10.05,-0.13,-0.01,-0.01,
1,45,0.01,-10.05,-0.13,-0.01,-0.01,
1,45,0.01,-10.05,-0.13,-0.01,-0.01,
1,45,0.01,-10.01,-0.11,0,-0.01,
1,45,0.01,-10.01,-0.11,0,-0.01,
1,45,0.01,-10.01,-0.11,-0.01,-0.01,
1,45,0.04,-9.99,-0.12,0,-0.01,
1,45,0.04,-9.99,-0.12,0,-0.01,
1,45,-0.01,-10.02,-0.13,-0.01,-0.01,
1,45,-0.01,-10.02,-0.13,0,-0.01,
1,45,-0.01,-10.02,-0.13,0,-0.01,
1,45,0.05,-10.04,-0.15,-0.01,-0.01,
1,45,0.05,-10.04,-0.15,-0.01,0,
1,45,0.05,-10.04,-0.15,-0.01,0,
1,45,0.01,-10.07,-0.13,-0.01,-0.01,
1,45,0.01,-10.07,-0.13,-0.01,-0.01,
1,45,0.01,-10.07,-0.13,-0.01,-0.01,
1,45,0.07,-10.04,-0.09,0,-0.01,
1,45,0.07,-10.04,-0.09,-0.01,-0.01,
1,45,0.07,-10.04,-0.09,-0.01,-0.01,
1,45,0.01,-10.05,-0.14,-0.01,-0.01,
1,45,0.01,-10.05,-0.14,0,-0.01,
1,45,0.01,-10.05,-0.14,-0.01,-0.01,
1,45,-0.01,-10.04,-0.13,-0.01,-0.01,
1,45,-0.01,-10.04,-0.13,-0.01,-0.01,
1,45,-0.01,-10.04,-0.13,-0.01,-0.01,
1,45,-0.06,-10.06,-0.13,-0.01,-0.01,
1,45,-0.06,-10.06,-0.13,-0.01,-0.01,
1,45,-0.06,-10.06,-0.13,-0.01,-0.01,
1,45,0.03,-10.02,-0.1,0,-0.01,
1,45,0.03,-10.02,-0.1,0,-0.01,
1,45,0.04,-10.07,-0.12,0,-0.01,
1,45,0.04,-10.07,-0.12,-0.01,-0.01,
1,45,0.04,-10.07,-0.12,-0.01,-0.01,
1,45,-0.03,-10.03,-0.11,-0.01,-0.01,
1,45,-0.03,-10.03,-0.11,0,-0.01,
1,45,-0.03,-10.03,-0.11,0,-0.01,
1,45,0,-10.07,-0.13,0,-0.01,
1,45,0,-10.07,-0.13,-0.01,-0.01,
1,45,0,-10.07,-0.13,0,-0.01,
1,45,0.08,-10.02,-0.1,0,-0.01,
1,45,0.08,-10.02,-0.1,-0.01,-0.01,
1,45,0.08,-10.02,-0.1,0,-0.01,
1,45,0.04,-10.05,-0.07,0,-0.01,
1,45,0.04,-10.05,-0.07,0,-0.01,
1,45,0.04,-10.05,-0.07,-0.01,-0.01,
1,45,-0.07,-10,-0.09,-0.01,-0.01,
1,45,-0.07,-10,-0.09,0,-0.01,
1,45,-0.01,-10.07,-0.09,-0.01,-0.01,
1,45,-0.01,-10.07,-0.09,0,-0.01,
1,45,-0.01,-10.07,-0.09,0,-0.01,
1,45,0.06,-10.05,-0.1,-0.01,-0.01,
1,45,0.06,-10.05,-0.1,0,-0.01,
1,45,0.06,-10.05,-0.1,0,-0.01,
1,45,-0.03,-10.03,-0.15,0,-0.01,
1,45,-0.03,-10.03,-0.15,-0.01,-0.01,
1,45,-0.03,-10.03,-0.15,-0.01,-0.01,
1,45,-0.01,-10.04,-0.12,-0.01,-0.01,
1,45,-0.01,-10.04,-0.12,-0.01,-0.01,
1,45,-0.01,-10.04,-0.12,-0.01,-0.01,
1,45,0.05,-10.02,-0.1,-0.01,0,
1,45,0.05,-10.02,-0.1,-0.01,-0.01,
1,45,0.05,-10.02,-0.1,-0.01,-0.01,
1,45,0.04,-10.09,-0.09,-0.01,-0.01,
1,45,0.04,-10.09,-0.09,-0.01,-0.01,
1,45,0.04,-10.09,-0.09,-0.01,-0.01,
1,45,0.04,-10.04,-0.12,-0.01,-0.01,
1,45,0.04,-10.04,-0.12,-0.01,0,
1,45,0.03,-10.02,-0.05,-0.01,0,
1,45,0.03,-10.02,-0.05,-0.01,-0.01,
1,45,0.03,-10.02,-0.05,-0.01,-0.01,
1,45,-0.06,-10.04,-0.09,-0.01,-0.01,
1,45,-0.06,-10.04,-0.09,-0.01,-0.01,
1,45,-0.06,-10.04,-0.09,0,-0.01,
1,45,0.08,-10.03,-0.13,0,-0.01,
1,45,0.08,-10.03,-0.13,-0.01,0,
1,45,0.08,-10.03,-0.13,0,-0.01,
1,45,0.04,-10.01,-0.06,0,-0.01,
1,45,0.04,-10.01,-0.06,-0.01,-0.01,
1,45,0.04,-10.01,-0.06,-0.01,-0.01,
1,45,-0.03,-9.99,-0.13,-0.01,-0.01,
1,45,-0.03,-9.99,-0.13,0,-0.01,
1,45,-0.03,-9.99,-0.13,0,-0.01,
1,45,0,-10.04,-0.12,0,-0.01,
1,45,0,-10.04,-0.12,-0.01,-0.01,
1,45,0.02,-10.04,-0.12,-0.01,-0.01,
1,45,0.02,-10.04,-0.12,-0.01,-0.01,
1,45,0.02,-10.04,-0.12,0,-0.01,
1,46,0,-10.03,-0.12,-0.01,-0.01,
1,46,0,-10.03,-0.12,-0.01,-0.01,
1,46,0,-10.03,-0.12,0,-0.01,
1,46,0.04,-10.04,-0.19,-0.01,-0.01,
1,46,0.04,-10.04,-0.19,-0.01,-0.01,
1,46,0.04,-10.04,-0.19,-0.01,-0.01,
1,46,-0.03,-10.01,-0.13,0,-0.01,
1,46,-0.03,-10.01,-0.13,0,-0.01,
1,46,-0.03,-10.01,-0.13,-0.01,-0.01,
1,46,0,-10.07,-0.14,0,-0.01,
1,46,0,-10.07,-0.14,0,-0.01,
1,46,0,-10.07,-0.14,-0.01,-0.01,
1,46,0.01,-10.06,-0.13,-0.01,-0.01,
1,46,0.01,-10.06,-0.13,-0.01,-0.01,
1,46,0.01,-10.06,-0.13,0,-0.01,
1,46,0.04,-10.02,-0.14,0,-0.01,
1,46,0.04,-10.02,-0.14,0,-0.01,
1,46,0.07,-10.02,-0.1,-0.01,-0.01,
1,46,0.07,-10.02,-0.1,-0.01,-0.01,
1,46,0.07,-10.02,-0.1,-0.01,-0.01,
1,46,0.03,-10.03,-0.13,-0.01,-0.01,
1,46,0.03,-10.03,-0.13,0,-0.01,
1,46,0.03,-10.03,-0.13,0,-0.01,
1,46,0.01,-10.04,-0.09,0,-0.01,
1,46,0.01,-10.04,-0.09,-0.01,-0.01,
1,46,0.01,-10.04,-0.09,-0.01,-0.01,
1,46,0.05,-9.99,-0.11,0,-0.01,
1,46,0.05,-9.99,-0.11,-0.01,-0.01,
1,46,0.05,-9.99,-0.11,-0.01,-0.01,
1,46,0.02,-10.1,-0.17,-0.01,-0.01,
1,46,0.02,-10.1,-0.17,-0.01,-0.01,
1,46,0.02,-10.1,-0.17,-0.01,-0.01,
1,46,0.05,-10.03,-0.09,0,-0.01,
1,46,0.05,-10.03,-0.09,-0.01,-0.01,
1,46,0.05,-10.03,-0.09,-0.01,-0.01,
1,46,0.04,-10.05,-0.09,-0.01,-0.01,
1,46,0.04,-10.05,-0.09,-0.01,0,
1,46,0.04,-10.05,-0.09,-0.01,0,
1,46,0.07,-10.01,-0.09,-0.01,-0.01,
1,46,0.07,-10.01,-0.09,-0.01,-0.01,
1,46,0.07,-10.01,-0.09,-0.01,-0.01,
1,46,-0.01,-10.05,-0.16,-0.01,-0.02,
1,46,-0.01,-10.05,-0.16,-0.01,-0.02,
1,46,-0.01,-10.05,-0.16,0,-0.01,
1,46,0.01,-10.06,-0.11,-0.01,-0.01,
1,46,0.01,-10.06,-0.11,0,-0.01,
1,46,0.07,-10.01,-0.03,0,-0.01,
1,46,0.07,-10.01,-0.03,-0.01,-0.01,
1,46,0.07,-10.01,-0.03,-0.01,-0.01,
1,46,0,-10.05,-0.11,-0.01,-0.01,
1,46,0,-10.05,-0.11,0,-0.01,
1,46,0,-10.05,-0.11,-0.01,-0.01,
1,46,-0.06,-10,-0.17,-0.01,-0.01,
1,46,-0.06,-10,-0.17,-0.01,-0.01,
1,46,-0.06,-10,-0.17,-0.01,-0.01,
1,46,0.07,-10.09,-0.15,-0.01,-0.01,
1,46,0.07,-10.09,-0.15,0,-0.01,
1,46,0.07,-10.09,-0.15,-0.01,-0.01,
1,46,-0.01,-9.98,-0.19,-0.01,-0.01,
1,46,-0.01,-9.98,-0.19,-0.01,-0.01,
1,46,0.04,-9.99,-0.1,-0.01,-0.01,
1,46,0.04,-9.99,-0.1,-0.01,-0.01,
1,46,0.04,-9.99,-0.1,-0.01,-0.01,
1,46,-0.01,-10.01,-0.14,-0.01,-0.01,
1,46,-0.01,-10.01,-0.14,-0.01,-0.01,
1,46,-0.01,-10.01,-0.14,-0.01,-0.01,
1,46,-0.05,-10.04,-0.16,-0.01,-0.01,
1,46,-0.05,-10.04,-0.16,-0.01,-0.01,
1,46,-0.05,-10.04,-0.16,-0.01,-0.01,
1,46,0.03,-9.98,-0.13,-0.01,-0.01,
1,46,0.03,-9.98,-0.13,0,-0.01,
1,46,0.03,-9.98,-0.13,0,-0.01,
1,46,-0.02,-9.99,-0.12,-0.01,-0.01,
1,46,-0.02,-9.99,-0.12,0,-0.01,
1,46,0,-10.04,-0.14,0,-0.01,
1,46,0,-10.04,-0.14,-0.01,-0.01,
1,46,0,-10.04,-0.14,0,-0.01,
1,46,-0.02,-10.02,-0.09,0,-0.01,
1,46,-0.02,-10.02,-0.09,-0.01,-0.01,
1,46,-0.02,-10.02,-0.09,0,-0.01,
1,46,0.09,-10.01,-0.1,0,-0.01,
1,46,0.09,-10.01,-0.1,0,-0.01,
1,46,0.09,-10.01,-0.1,-0.01,-0.01,
1,46,-0.03,-10.05,-0.11,-0.01,-0.01,
1,46,-0.03,-10.05,-0.11,-0.01,-0.01,
1,46,-0.03,-10.05,-0.11,-0.01,-0.01,
1,46,0.01,-10.05,-0.18,-0.01,-0.01,
1,46,0.01,-10.05,-0.18,-0.01,-0.01,
1,46,0.03,-10.05,-0.1,-0.01,-0.01,
1,46,0.03,-10.05,-0.1,-0.01,-0.01,
1,46,0.03,-10.05,-0.1,0,-0.01,
1,46,0.04,-9.96,-0.06,0,-0.01,
1,46,0.04,-9.96,-0.06,0,-0.01,
1,46,0.04,-9.96,-0.06,-0.01,-0.01,
1,46,0.03,-10.02,-0.05,-0.01,-0.01,
1,46,0.03,-10.02,-0.05,-0.01,-0.01,
1,46,0.03,-10.02,-0.05,-0.01,-0.01,
1,46,0,-10.03,-0.15,-0.01,-0.01,
1,46,0,-10.03,-0.15,-0.01,-0.01,
1,46,0,-10.03,-0.15,0,-0.01,
1,46,-0.06,-10.04,-0.1,-0.01,-0.01,
1,46,-0.06,-10.04,-0.1,-0.01,-0.01,
1,46,-0.06,-10.04,-0.1,-0.01,-0.01,
1,46,0.09,-10.01,-0.06,0,-0.01,
1,46,0.09,-10.01,-0.06,0,-0.01,
1,46,0.09,-10.01,-0.06,-0.01,-0.01,
1,46,0.09,-10,-0.05,-0.01,-0.01,
1,46,0.09,-10,-0.05,-0.01,-0.01,
1,46,0,-10,-0.23,0,-0.01,
1,46,0,-10,-0.23,-0.01,-0.01,
1,46,0,-10,-0.23,-0.01,-0.01,
1,46,-0.02,-10.07,-0.12,-0.01,-0.01,
1,46,-0.02,-10.07,-0.12,0,-0.01,
1,46,-0.02,-10.07,-0.12,0,-0.01,
1,46,0,-10.06,-0.11,-0.01,-0.01,
1,46,0,-10.06,-0.11,-0.01,-0.01,
1,46,0,-10.06,-0.11,-0.01,-0.01,
1,46,0.13,-10.02,-0.06,-0.01,-0.01,
1,46,0.13,-10.02,-0.06,-0.01,-0.01,
1,46,0.13,-10.02,-0.06,-0.01,-0.01,
1,46,-0.04,-10.04,-0.14,0,-0.01,
1,46,-0.04,-10.04,-0.14,-0.01,-0.01,
1,46,-0.04,-10.04,-0.14,-0.01,-0.01,
1,46,0,-10.05,-0.1,0,-0.01,
1,46,0,-10.05,-0.1,-0.01,-0.01,
1,46,0,-10.05,-0.1,-0.01,-0.01,
1,46,0.05,-10.03,-0.08,0,-0.01,
1,46,0.05,-10.03,-0.08,0,-0.01,
1,46,0.05,-10.03,-0.08,-0.01,-0.01,
1,46,0.06,-10.05,-0.16,-0.01,-0.01,
1,46,0.06,-10.05,-0.16,-0.01,-0.01,
1,46,0.06,-10.05,-0.16,-0.01,-0.01,
1,46,0.01,-10.11,-0.16,-0.01,-0.01,
1,46,0.01,-10.11,-0.16,-0.01,-0.01,
1,46,0.01,-10.11,-0.16,0,-0.01,
1,46,0.04,-10.01,-0.15,0,-0.01,
1,46,0.04,-10.01,-0.15,0,-0.01,
1,46,0.04,-10.01,-0.15,-0.01,-0.01,
1,46,-0.01,-10.03,-0.1,0,-0.01,
1,46,-0.01,-10.03,-0.1,0,-0.01,
1,46,-0.01,-10.03,-0.1,-0.01,-0.01,
1,46,0.04,-9.97,-0.04,-0.01,-0.01,
1,46,0.04,-9.97,-0.04,-0.01,-0.01,
1,46,0.04,-9.97,-0.04,0,-0.01,
1,46,0.01,-10.06,-0.07,-0.01,-0.01,
1,46,0.01,-10.06,-0.07,-0.01,-0.01,
1,46,0.02,-10.05,-0.1,-0.01,-0.01,
1,46,0.02,-10.05,-0.1,-0.01,-0.01,
1,46,0.02,-10.05,-0.1,-0.01,-0.01,
1,46,0,-10.02,-0.15,-0.01,-0.01,
1,46,0,-10.02,-0.15,0,-0.01,
1,46,0,-10.02,-0.15,0,-0.01,
1,46,0.1,-10.02,-0.07,-0.01,-0.01,
1,46,0.1,-10.02,-0.07,-0.01,-0.01,
1,46,0.1,-10.02,-0.07,-0.01,-0.01,
1,47,0.14,-10,-0.06,-0.01,-0.01,
1,47,0.14,-10,-0.06,-0.01,-0.01,
1,47,0.14,-10,-0.06,-0.01,-0.01,
1,47,-0.02,-10.08,-0.18,-0.01,-0.01,
1,47,-0.02,-10.08,-0.18,0,-0.01,
1,47,-0.02,-10.08,-0.18,0,-0.01,
1,47,0,-10.03,-0.1,0,-0.01,
1,47,0,-10.03,-0.1,-0.01,-0.01,
1,47,0,-10.03,-0.1,-0.01,-0.01,
1,47,0.04,-10.03,-0.08,0,-0.01,
1,47,0.04,-10.03,-0.08,-0.01,-0.01,
1,47,0.01,-10.03,-0.09,-0.01,-0.01,
1,47,0.01,-10.03,-0.09,-0.01,-0.01,
1,47,0.01,-10.03,-0.09,-0.01,-0.01,
1,47,-0.02,-10.05,-0.15,-0.01,-0.01,
1,47,-0.02,-10.05,-0.15,-0.01,-0.01,
1,47,-0.02,-10.05,-0.15,-0.01,-0.01,
1,47,-0.04,-10.03,-0.11,-0.01,-0.01,
1,47,-0.04,-10.03,-0.11,-0.01,-0.02,
1,47,-0.04,-10.03,-0.11,-0.01,-0.01,
1,47,0.06,-10.02,-0.1,-0.01,-0.01,
1,47,0.06,-10.02,-0.1,-0.01,-0.01,
1,47,0.06,-10.02,-0.1,-0.01,0,
1,47,0.05,-10.04,-0.08,-0.01,0,
1,47,0.05,-10.04,-0.08,0,-0.01,
1,47,0.05,-10.04,-0.08,0,-0.01,
1,47,-0.02,-10.06,-0.14,0,-0.01,
1,47,-0.02,-10.06,-0.14,0,-0.01,
1,47,-0.02,-10.06,-0.14,-0.01,-0.01,
1,47,-0.02,-9.99,-0.11,-0.01,-0.01,
1,47,-0.02,-9.99,-0.11,-0.01,-0.01,
1,47,0.06,-10.01,-0.06,-0.01,-0.01,
1,47,0.06,-10.01,-0.06,-0.01,-0.01,
1,47,0.06,-10.01,-0.06,-0.01,-0.01,
1,47,0.03,-10.11,-0.17,0,-0.01,
1,47,0.03,-10.11,-0.17,0,-0.01,
1,47,0.03,-10.11,-0.17,0,-0.01,
1,47,-0.02,-10.05,-0.18,-0.01,-0.01,
1,47,-0.02,-10.05,-0.18,-0.01,-0.01,
1,47,-0.02,-10.05,-0.18,-0.01,-0.01,
1,47,-0.03,-10.07,-0.18,-0.01,-0.01,
1,47,-0.03,-10.07,-0.18,-0.01,-0.01,
1,47,-0.03,-10.07,-0.18,-0.01,0,
1,47,0.02,-10.04,-0.15,-0.01,-0.01,
1,47,0.02,-10.04,-0.15,-0.01,-0.01,
1,47,0.02,-10.04,-0.15,-0.01,-0.01,
1,47,0.05,-9.99,-0.07,0,-0.01,
1,47,0.05,-9.99,-0.07,0,-0.01,
1,47,0.04,-10.04,-0.13,-0.01,-0.01,
1,47,0.04,-10.04,-0.13,0,-0.01,
1,47,0.04,-10.04,-0.13,0,-0.01,
1,47,0.02,-10.04,-0.12,0,-0.01,
1,47,0.02,-10.04,-0.12,-0.01,-0.01,
1,47,0.02,-10.04,-0.12,-0.01,-0.01,
1,47,0.08,-9.96,-0.02,0,-0.01,
1,47,0.08,-9.96,-0.02,-0.01,-0.01,
1,47,0.08,-9.96,-0.02,-0.01,-0.01,
1,47,0,-10.11,-0.15,-0.01,-0.01,
1,47,0,-10.11,-0.15,-0.01,-0.01,
1,47,0,-10.11,-0.15,-0.01,-0.01,
1,47,0,-10.03,-0.12,-0.01,-0.01,
1,47,0,-10.03,-0.12,-0.01,-0.01,
1,47,0,-10.03,-0.12,-0.01,-0.01,
1,47,0.02,-9.98,-0.11,0,-0.01,
1,47,0.02,-9.98,-0.11,0,-0.01,
1,47,0.02,-9.98,-0.11,0,-0.01,
1,47,0.04,-10.06,-0.12,-0.01,-0.01,
1,47,0.04,-10.06,-0.12,-0.01,-0.01,
1,47,0.04,-10.06,-0.12,-0.01,-0.01,
1,47,-0.01,-10.02,-0.13,-0.01,-0.01,
1,47,-0.01,-10.02,-0.13,-0.01,-0.01,
1,47,-0.01,-10.02,-0.13,-0.01,-0.01,
1,47,0.01,-10.01,-0.12,-0.01,-0.01,
1,47,0.01,-10.01,-0.12,-0.01,-0.01,
1,47,0.01,-10.01,-0.12,-0.01,-0.01,
1,47,-0.02,-10.05,-0.08,-0.01,-0.01,
1,47,-0.02,-10.05,-0.08,-0.01,-0.01,
1,47,0.05,-10,-0.11,-0.01,-0.01,
1,47,0.05,-10,-0.11,-0.01,-0.01,
1,47,0.05,-10,-0.11,-0.01,-0.01,
1,47,0.05,-10.06,-0.08,-0.01,-0.01,
1,47,0.05,-10.06,-0.08,-0.01,-0.01,
1,47,0.05,-10.06,-0.08,-0.01,-0.01,
1,47,0,-10.05,-0.11,-0.01,-0.01,
1,47,0,-10.05,-0.11,-0.01,-0.01,
1,47,0,-10.05,-0.11,-0.01,-0.01,
1,47,0.08,-10.05,-0.11,-0.01,-0.01,
1,47,0.08,-10.05,-0.11,0,-0.01,
1,47,0.08,-10.05,-0.11,-0.01,-0.01,
1,47,0.01,-9.98,-0.14,-0.01,-0.01,
1,47,0.01,-9.98,-0.14,-0.01,-0.01,
1,47,0.01,-9.98,-0.14,0,-0.01,
1,47,0,-10.03,-0.08,0,-0.01,
1,47,0,-10.03,-0.08,-0.01,-0.01,
1,47,0.05,-9.98,-0.12,-0.01,-0.01,
1,47,0.05,-9.98,-0.12,-0.01,-0.01,
1,47,0.05,-9.98,-0.12,0,-0.01,
1,47,0.05,-10,-0.13,-0.01,-0.01,
1,47,0.05,-10,-0.13,-0.01,-0.01,
1,47,0.05,-10,-0.13,-0.01,-0.01,
1,47,0.04,-10.05,-0.16,-0.01,-0.01,
1,47,0.04,-10.05,-0.16,-0.01,-0.01,
1,47,0.04,-10.05,-0.16,-0.01,-0.01,
1,47,0.03,-9.99,-0.11,-0.01,-0.01,
1,47,0.03,-9.99,-0.11,-0.01,-0.01,
1,47,0.03,-9.99,-0.11,0,-0.01,
1,47,0,-10.03,-0.11,0,-0.01,
1,47,0,-10.03,-0.11,0,-0.01,
1,47,0,-10.03,-0.11,-0.01,-0.01,
1,47,-0.01,-10.04,-0.1,-0.01,-0.01,
1,47,-0.01,-10.04,-0.1,-0.01,-0.01,
1,47,0,-9.95,-0.12,-0.01,-0.01,
1,47,0,-9.95,-0.12,-0.01,-0.01,
1,47,0,-9.95,-0.12,-0.01,-0.01,
1,47,0.04,-10.09,-0.17,-0.01,-0.01,
1,47,0.04,-10.09,-0.17,-0.01,-0.01,
1,47,0.04,-10.09,-0.17,0,-0.01,
1,47,0.07,-10.01,-0.11,0,-0.01,
1,47,0.07,-10.01,-0.11,-0.01,-0.01,
1,47,0.07,-10.01,-0.11,0,-0.01,
1,47,-0.02,-10.01,-0.12,0,-0.01,
1,47,-0.02,-10.01,-0.12,-0.01,-0.01,
1,47,-0.02,-10.01,-0.12,-0.01,-0.01,
1,47,0.01,-10.04,-0.11,-0.01,-0.01,
1,47,0.01,-10.04,-0.11,0,-0.01,
1,47,0.01,-10.04,-0.11,0,0,
1,47,-0.03,-10.05,-0.13,0,0,
1,47,-0.03,-10.05,-0.13,-0.01,-0.01,
1,47,-0.06,-10.02,-0.11,-0.01,-0.01,
1,47,-0.06,-10.02,-0.11,-0.01,-0.01,
1,47,-0.06,-10.02,-0.11,0,-0.01,
1,47,0.08,-9.97,-0.15,-0.01,-0.01,
1,47,0.08,-9.97,-0.15,-0.01,-0.01,
1,47,0.08,-9.97,-0.15,-0.01,0,
1,47,0.02,-10.06,-0.11,-0.01,-0.01,
1,47,0.02,-10.06,-0.11,-0.01,-0.01,
1,47,0.02,-10.06,-0.11,-0.01,-0.01,
1,47,0,-10.04,-0.15,-0.01,-0.01,
1,47,0,-10.04,-0.15,-0.01,-0.01,
1,47,0,-10.04,-0.15,-0.01,-0.01,
1,47,0,-10.02,-0.17,-0.01,-0.01,
1,47,0,-10.02,-0.17,-0.01,-0.01,
1,47,0,-10.02,-0.17,-0.01,-0.01,
1,47,0.03,-9.94,-0.11,-0.01,-0.01,
1,47,0.03,-9.94,-0.11,-0.01,-0.01,
1,47,0.06,-9.96,-0.14,-0.01,-0.01,
1,47,0.06,-9.96,-0.14,-0.01,-0.01,
1,47,0.06,-9.96,-0.14,-0.01,-0.01,
1,47,0.02,-10.07,-0.14,-0.01,-0.01,
1,47,0.02,-10.07,-0.14,-0.01,0,
1,47,0.02,-10.07,-0.14,-0.01,0,
1,47,0.04,-10.08,-0.11,0,-0.01,
1,47,0.04,-10.08,-0.11,0,-0.01,
1,47,0.04,-10.08,-0.11,0,-0.01,
1,48,0.02,-9.99,-0.09,-0.01,-0.02,
1,48,0.02,-9.99,-0.09,-0.01,0,
1,48,0.02,-9.99,-0.09,-0.01,0,
1,48,0.02,-10.04,-0.15,-0.01,-0.01,
1,48,0.02,-10.04,-0.15,-0.01,-0.01,
1,48,0.02,-10.04,-0.15,-0.01,-0.01,
1,48,0.04,-10.36,-0.21,-0.01,-0.01,
1,48,0.04,-10.36,-0.21,-0.01,-0.01,
1,48,0.04,-10.36,-0.21,0,-0.01,
1,48,-0.11,-9.91,-0.16,-0.01,-0.01,
1,48,-0.11,-9.91,-0.16,-0.01,-0.01,
1,48,-0.11,-9.91,-0.16,0,-0.01,
1,48,-0.01,-9.92,-0.14,-0.01,-0.01,
1,48,-0.01,-9.92,-0.14,-0.01,-0.01,
1,48,-0.01,-9.92,-0.14,0,-0.01,
1,48,0.03,-10.03,-0.17,-0.01,-0.01,
1,48,0.03,-10.03,-0.17,-0.01,-0.01,
1,48,0.03,-10.03,-0.17,-0.01,-0.01,
1,48,-0.02,-10.06,0.01,0,-0.01,
1,48,-0.02,-10.06,0.01,0,-0.01,
1,48,-0.02,-10.06,0.01,-0.01,-0.01,
1,48,0.02,-9.94,-0.04,0,-0.01,
1,48,0.02,-9.94,-0.04,0,-0.01,
1,48,0.08,-10.03,-0.01,0,-0.01,
1,48,0.08,-10.03,-0.01,-0.01,-0.01,
1,48,0.08,-10.03,-0.01,-0.01,-0.01,
1,48,0.03,-10.02,-0.15,-0.01,-0.01,
1,48,0.03,-10.02,-0.15,-0.01,-0.01,
1,48,0.03,-10.02,-0.15,-0.01,-0.01,
1,48,-0.01,-10.06,-0.16,-0.01,-0.01,
1,48,-0.01,-10.06,-0.16,0,-0.01,
1,48,-0.01,-10.06,-0.16,0,-0.01,
1,48,0.02,-10.06,-0.22,-0.01,-0.01,
1,48,0.02,-10.06,-0.22,0,-0.01,
1,48,0.02,-10.06,-0.22,0,-0.01,
1,48,-0.01,-10.06,-0.14,-0.01,-0.01,
1,48,-0.01,-10.06,-0.14,0,-0.01,
1,48,-0.01,-10.06,-0.14,0,-0.01,
1,48,0.16,-10.04,-0.12,0,-0.01,
1,48,0.16,-10.04,-0.12,0,-0.01,
1,48,-0.03,-10.07,-0.12,0,-0.01,
1,48,-0.03,-10.07,-0.12,-0.01,-0.01,
1,48,-0.03,-10.07,-0.12,-0.01,-0.01,
1,48,-0.02,-10,-0.12,-0.01,-0.01,
1,48,-0.02,-10,-0.12,-0.01,-0.01,
1,48,-0.02,-10,-0.12,-0.01,-0.01,
1,48,-0.04,-10.02,-0.09,-0.01,-0.01,
1,48,-0.04,-10.02,-0.09,-0.01,-0.01,
1,48,-0.04,-10.02,-0.09,0,-0.01,
1,48,-0.01,-9.99,-0.12,0,-0.01,
1,48,-0.01,-9.99,-0.12,0,-0.01,
1,48,-0.01,-9.99,-0.12,-0.01,-0.01,
1,48,0.09,-10.07,-0.12,0,-0.01,
1,48,0.09,-10.07,-0.12,0,-0.01,
1,48,0.09,-10.07,-0.12,-0.01,-0.01,
1,48,0.05,-10.1,-0.09,-0.01,-0.01,
1,48,0.05,-10.1,-0.09,-0.01,-0.01,
1,48,0.06,-10.05,-0.11,-0.01,-0.01,
1,48,0.06,-10.05,-0.11,-0.01,-0.01,
1,48,0.06,-10.05,-0.11,-0.01,-0.01,
1,48,0.04,-10.02,-0.06,0,-0.01,
1,48,0.04,-10.02,-0.06,-0.01,-0.01,
1,48,0.04,-10.02,-0.06,-0.01,-0.01,
1,48,0.04,-10.04,-0.07,0,0,
1,48,0.04,-10.04,-0.07,-0.01,-0.01,
1,48,0.04,-10.04,-0.07,-0.01,-0.01,
1,48,0.03,-10.06,-0.1,-0.01,-0.01,
1,48,0.03,-10.06,-0.1,-0.01,-0.01,
1,48,0.03,-10.06,-0.1,-0.01,-0.01,
1,48,-0.05,-10.07,-0.13,0,-0.01,
1,48,-0.05,-10.07,-0.13,0,-0.01,
1,48,-0.02,-10.02,-0.11,0,-0.01,
1,48,-0.02,-10.02,-0.11,0,-0.01,
1,48,-0.02,-10.02,-0.11,-0.01,-0.01,
1,48,0.09,-9.97,-0.04,-0.01,-0.01,
1,48,0.09,-9.97,-0.04,-0.01,-0.01,
1,48,0.09,-9.97,-0.04,0,-0.01,
1,48,0.02,-9.98,-0.13,-0.01,-0.01,
1,48,0.02,-9.98,-0.13,-0.01,-0.01,
1,48,0.02,-9.98,-0.13,-0.01,-0.01,
1,48,0.01,-10.04,-0.03,-0.01,-0.02,
1,48,0.01,-10.04,-0.03,-0.01,-0.02,
1,48,0.01,-10.04,-0.03,-0.01,-0.01,
1,48,-0.01,-9.99,-0.13,-0.01,-0.01,
1,48,-0.01,-9.99,-0.13,-0.01,-0.01,
1,48,-0.01,-10.06,-0.14,-0.01,-0.01,
1,48,-0.01,-10.06,-0.14,-0.01,-0.01,
1,48,-0.01,-10.06,-0.14,-0.01,-0.01,
1,48,0.11,-10.07,-0.12,-0.01,-0.01,
1,48,0.11,-10.07,-0.12,-0.01,-0.01,
1,48,0.11,-10.07,-0.12,-0.01,-0.01,
1,48,0.03,-10.09,-0.18,-0.01,-0.01,
1,48,0.03,-10.09,-0.18,-0.01,-0.01,
1,48,0.03,-10.09,-0.18,-0.01,-0.01,
1,48,0,-10.04,-0.17,0,-0.01,
1,48,0,-10.04,-0.17,-0.01,-0.01,
1,48,0,-10.04,-0.17,-0.01,-0.01,
1,48,0.07,-10.06,-0.11,-0.01,-0.01,
1,48,0.07,-10.06,-0.11,0,-0.01,
1,48,0.07,-10.06,-0.11,0,-0.01,
1,48,0,-10.07,-0.1,-0.02,-0.01,
1,48,0,-10.07,-0.1,-0.01,-0.01,
1,48,0,-10.02,-0.16,-0.01,-0.01,
1,48,0,-10.02,-0.16,-0.01,-0.01,
1,48,0,-10.02,-0.16,-0.01,-0.01,
1,48,0.01,-10.03,-0.06,-0.01,-0.01,
1,48,0.01,-10.03,-0.06,0,0,
1,48,0.01,-10.03,-0.06,-0.01,-0.01,
1,48,-0.01,-10.02,-0.08,-0.01,-0.01,
1,48,-0.01,-10.02,-0.08,-0.01,-0.01,
1,48,-0.01,-10.02,-0.08,-0.01,-0.01,
1,48,0.04,-10.03,-0.1,-0.01,-0.01,
1,48,0.04,-10.03,-0.1,0,-0.01,
1,48,0.04,-10.03,-0.1,0,-0.01,
1,48,0.05,-9.97,-0.16,0,-0.01,
1,48,0.05,-9.97,-0.16,-0.01,-0.01,
1,48,0.05,-9.97,-0.16,-0.01,-0.02,
1,48,-0.01,-10.01,-0.14,-0.01,-0.01,
1,48,-0.01,-10.01,-0.14,-0.01,-0.01,
1,48,-0.01,-10.01,-0.14,-0.01,-0.01,
1,48,0.11,-10.03,-0.11,-0.01,-0.01,
1,48,0.11,-10.03,-0.11,-0.01,-0.01,
1,48,-0.05,-10,-0.07,-0.01,-0.01,
1,48,-0.05,-10,-0.07,-0.01,-0.01,
1,48,-0.05,-10,-0.07,-0.01,-0.01,
1,48,-0.04,-10.07,-0.08,-0.01,-0.01,
1,48,-0.04,-10.07,-0.08,-0.01,-0.01,
1,48,-0.04,-10.07,-0.08,-0.01,-0.01,
1,48,-0.07,-10.05,-0.1,-0.01,-0.01,
1,48,-0.07,-10.05,-0.1,-0.01,-0.01,
1,48,-0.07,-10.05,-0.1,-0.01,-0.01,
1,48,0.03,-9.99,-0.12,-0.01,-0.01,
1,48,0.03,-9.99,-0.12,-0.01,-0.01,
1,48,0.03,-9.99,-0.12,-0.01,-0.01,
1,48,0.06,-10.04,-0.12,-0.01,-0.01,
1,48,0.06,-10.04,-0.12,-0.01,-0.01,
1,48,0.06,-10.04,-0.12,-0.01,-0.01,
1,48,0.01,-10.06,-0.15,0,-0.01,
1,48,0.01,-10.06,-0.15,-0.01,-0.01,
1,48,0.02,-10.06,-0.14,-0.01,-0.01,
1,48,0.02,-10.06,-0.14,-0.01,-0.01,
1,48,0.02,-10.06,-0.14,-0.01,-0.01,
1,48,0.02,-10.01,-0.11,-0.01,-0.01,
1,48,0.02,-10.01,-0.11,-0.01,-0.01,
1,48,0.02,-10.01,-0.11,-0.01,-0.01,
1,48,0.01,-10.01,-0.07,-0.01,-0.01,
1,48,0.01,-10.01,-0.07,-0.01,-0.01,
1,48,0.01,-10.01,-0.07,-0.01,-0.01,
1,48,-0.01,-10.05,-0.17,-0.01,-0.01,
1,48,-0.01,-10.05,-0.17,-0.01,-0.01,
1,48,-0.01,-10.05,-0.17,0,-0.01,
1,48,0.03,-10.03,-0.09,0,-0.01,
1,48,0.03,-10.03,-0.09,0,-0.01,
1,49,0.04,-10.03,-0.16,-0.01,-0.01,
1,49,0.04,-10.03,-0.16,-0.01,-0.01,
1,49,0.04,-10.03,-0.16,-0.01,-0.01,
1,49,0.03,-9.97,-0.09,-0.01,-0.01,
1,49,0.03,-9.97,-0.09,0,-0.01,
1,49,0.03,-9.97,-0.09,0,-0.01,
1,49,0,-10.07,-0.1,-0.01,-0.01,
1,49,0,-10.07,-0.1,-0.01,-0.01,
1,49,0,-10.07,-0.1,-0.01,-0.01,
1,49,0.03,-10.06,-0.11,0,-0.01,
1,49,0.03,-10.06,-0.11,-0.01,-0.01,
1,49,0.03,-10.06,-0.11,-0.01,-0.01,
1,49,0.02,-10.04,-0.1,0,-0.01,
1,49,0.02,-10.04,-0.1,-0.01,-0.01,
1,49,0.02,-10.04,-0.1,-0.01,-0.01,
1,49,0.04,-10.03,-0.08,-0.01,-0.01,
1,49,0.04,-10.03,-0.08,-0.01,-0.01,
1,49,0.04,-10.04,-0.15,-0.01,-0.01,
1,49,0.04,-10.04,-0.15,-0.01,-0.01,
1,49,0.04,-10.04,-0.15,-0.01,-0.01,
1,49,0,-10.05,-0.1,-0.01,-0.01,
1,49,0,-10.05,-0.1,-0.01,0,
1,49,0,-10.05,-0.1,-0.01,-0.01,
1,49,0.04,-10.03,-0.04,-0.01,-0.01,
1,49,0.04,-10.03,-0.04,0,-0.01,
1,49,0.04,-10.03,-0.04,-0.01,-0.01,
1,49,0.04,-10.02,-0.16,-0.01,-0.01,
1,49,0.04,-10.02,-0.16,-0.01,-0.01,
1,49,0.04,-10.02,-0.16,-0.01,-0.01,
1,49,0.05,-10.05,-0.15,-0.01,-0.01,
1,49,0.05,-10.05,-0.15,0,-0.01,
1,49,0.05,-10.05,-0.15,-0.01,-0.01,
1,49,0.05,-10.03,-0.13,-0.01,-0.01,
1,49,0.05,-10.03,-0.13,-0.01,-0.01,
1,49,0.05,-10.03,-0.13,-0.01,-0.01,
1,49,0.09,-10.03,-0.11,-0.01,-0.01,
1,49,0.09,-10.03,-0.11,-0.01,-0.01,
1,49,0.01,-10.06,-0.07,0,-0.01,
1,49,0.01,-10.06,-0.07,0,-0.01,
1,49,0.01,-10.06,-0.07,-0.01,-0.01,
1,49,-0.04,-10,-0.09,-0.01,-0.01,
1,49,-0.04,-10,-0.09,-0.01,-0.01,
1,49,-0.04,-10,-0.09,-0.01,-0.01,
1,49,0.05,-10.02,-0.11,-0.01,-0.01,
1,49,0.05,-10.02,-0.11,-0.01,-0.01,
1,49,0.05,-10.02,-0.11,-0.01,-0.01,
1,49,0.08,-10,-0.12,-0.01,-0.02,
1,49,0.08,-10,-0.12,-0.01,-0.02,
1,49,0.08,-10,-0.12,-0.01,-0.01,
1,49,0.08,-10.01,-0.09,-0.01,0,
1,49,0.08,-10.01,-0.09,-0.01,0,
1,49,0.08,-10.01,-0.09,0,-0.01,
1,49,0.03,-10.01,-0.13,0,-0.01,
1,49,0.03,-10.01,-0.13,0,-0.01,
1,49,0.03,-10.01,-0.13,-0.01,-0.01,
1,49,0.01,-10.02,-0.09,-0.01,-0.01,
1,49,0.01,-10.02,-0.09,-0.01,-0.01,
1,49,0.01,-10.02,-0.09,-0.01,-0.01,
1,49,0.09,-10.01,-0.08,0,-0.01,
1,49,0.09,-10.01,-0.08,0,-0.01,
1,49,-0.01,-10.06,-0.1,-0.01,-0.01,
1,49,-0.01,-10.06,-0.1,-0.01,-0.01,
1,49,-0.01,-10.06,-0.1,-0.01,-0.01,
1,49,0.06,-10,-0.07,-0.01,-0.01,
1,49,0.06,-10,-0.07,-0.01,-0.01,
1,49,0.06,-10,-0.07,-0.01,-0.01,
1,49,0,-10.12,-0.08,-0.01,-0.01,
1,49,0,-10.12,-0.08,-0.01,-0.01,
1,49,0,-10.12,-0.08,-0.01,-0.01,
1,49,0,-10.01,-0.12,-0.01,-0.01,
1,49,0,-10.01,-0.12,-0.01,0,
1,49,0,-10.06,-0.11,-0.01,-0.01,
1,49,0,-10.06,-0.11,-0.01,-0.01,
1,49,0,-10.06,-0.11,-0.01,-0.01,
1,49,0.09,-10,-0.12,-0.01,-0.01,
1,49,0.09,-10,-0.12,-0.01,-0.01,
1,49,0.09,-10,-0.12,-0.01,-0.01,
1,49,-0.04,-10.11,-0.11,0,-0.01,
1,49,-0.04,-10.11,-0.11,0,-0.01,
1,49,-0.04,-10.11,-0.11,-0.01,-0.01,
1,49,-0.03,-10.04,-0.11,-0.01,-0.01,
1,49,-0.03,-10.04,-0.11,-0.01,-0.01,
1,49,-0.03,-10.04,-0.11,0,-0.01,
1,49,0.06,-10.05,-0.04,0,-0.01,
1,49,0.06,-10.05,-0.04,0,-0.01,
1,49,0.02,-10.07,-0.11,-0.01,-0.01,
1,49,0.02,-10.07,-0.11,0,-0.01,
1,49,0.02,-10.07,-0.11,-0.01,-0.01,
1,49,-0.07,-10.04,-0.15,-0.01,-0.01,
1,49,-0.07,-10.04,-0.15,-0.01,-0.01,
1,49,-0.07,-10.04,-0.15,-0.01,-0.01,
1,49,-0.06,-10.06,-0.17,-0.01,-0.01,
1,49,-0.06,-10.06,-0.17,0,-0.01,
1,49,-0.06,-10.06,-0.17,-0.01,-0.01,
1,49,-0.09,-10.07,-0.15,-0.01,-0.01,
1,49,-0.09,-10.07,-0.15,-0.01,-0.01,
1,49,-0.09,-10.07,-0.15,-0.01,-0.01,
1,49,0,-10.08,-0.2,-0.01,-0.01,
1,49,0,-10.08,-0.2,-0.01,-0.01,
1,49,0,-10.08,-0.2,-0.01,-0.01,
1,49,0.04,-10.04,-0.14,-0.01,-0.01,
1,49,0.04,-10.04,-0.14,-0.01,-0.01,
1,49,0.04,-10.04,-0.14,-0.01,-0.01,
1,49,0.02,-10.02,-0.11,-0.01,-0.01,
1,49,0.02,-10.02,-0.11,-0.01,-0.01,
1,49,0.09,-9.95,-0.05,0,-0.01,
1,49,0.09,-9.95,-0.05,0,-0.01,
1,49,0.09,-9.95,-0.05,-0.01,-0.01,
1,49,0.04,-9.99,0.01,-0.01,-0.01,
1,49,0.04,-9.99,0.01,-0.01,-0.01,
1,49,0.04,-9.99,0.01,-0.01,-0.01,
1,49,0.04,-10,-0.08,-0.01,-0.01,
1,49,0.04,-10,-0.08,-0.01,-0.01,
1,49,0.04,-10,-0.08,0,-0.01,
1,49,-0.02,-9.97,-0.13,-0.01,-0.01,
1,49,-0.02,-9.97,-0.13,-0.01,-0.01,
1,49,-0.02,-9.97,-0.13,-0.01,-0.01,
1,49,0.11,-10.03,-0.1,0,-0.01,
1,49,0.11,-10.03,-0.1,0,-0.01,
1,49,0.11,-10.03,-0.1,-0.01,0,
1,49,-0.05,-10.08,-0.13,-0.01,-0.01,
1,49,-0.05,-10.08,-0.13,-0.01,-0.01,
1,49,0.01,-9.99,-0.15,-0.01,-0.01,
1,49,0.01,-9.99,-0.15,-0.01,-0.01,
1,49,0.01,-9.99,-0.15,-0.01,-0.01,
1,49,0,-10.04,-0.1,-0.01,-0.01,
1,49,0,-10.04,-0.1,-0.01,-0.01,
1,49,0,-10.04,-0.1,-0.01,-0.01,
1,49,0.06,-9.93,-0.11,-0.01,-0.01,
1,49,0.06,-9.93,-0.11,-0.01,-0.01,
1,49,0.06,-9.93,-0.11,-0.01,-0.01,
1,49,-0.02,-10.01,-0.13,0,-0.01,
1,49,-0.02,-10.01,-0.13,-0.01,0,
1,49,-0.02,-10.01,-0.13,-0.01,0,
1,49,-0.08,-10.1,-0.13,-0.01,-0.01,
1,49,-0.08,-10.1,-0.13,-0.01,-0.01,
1,49,-0.08,-10.1,-0.13,-0.01,-0.01,
1,49,0.03,-10,-0.13,0,-0.01,
1,49,0.03,-10,-0.13,-0.01,-0.01,
1,49,0.03,-10,-0.13,-0.01,-0.01,
1,49,0.02,-9.98,-0.13,-0.01,-0.01,
1,49,0.02,-9.98,-0.13,-0.01,-0.01,
1,49,0.02,-9.98,-0.13,-0.01,-0.01,
1,49,-0.03,-10.05,-0.13,0,-0.01,
1,49,-0.03,-10.05,-0.13,0,-0.01,
1,49,-0.03,-10.05,-0.13,-0.01,-0.01,
1,49,-0.03,-10.07,-0.15,-0.01,-0.01,
1,49,-0.03,-10.07,-0.15,-0.01,-0.01,
1,49,-0.03,-10.07,-0.15,-0.01,-0.01,
1,49,0.1,-10.05,-0.1,-0.01,-0.01,
1,49,0.1,-10.05,-0.1,-0.01,-0.01,
1,49,0.08,-9.96,-0.06,-0.01,-0.01,
1,49,0.08,-9.96,-0.06,-0.01,-0.01,
1,50,0.08,-9.96,-0.06,-0.01,-0.01,
1,50,0,-10.06,-0.11,0,-0.01,
1,50,0,-10.06,-0.11,-0.01,-0.01,
1,50,0,-10.06,-0.11,-0.01,-0.01,
1,50,0.01,-10.03,-0.13,-0.01,-0.01,
1,50,0.01,-10.03,-0.13,-0.01,-0.01,
1,50,0.01,-10.03,-0.13,-0.01,-0.01,
1,50,0,-10,-0.11,-0.01,-0.01,
1,50,0,-10,-0.11,-0.01,-0.01,
1,50,0,-10,-0.11,-0.01,-0.01,
1,50,0.06,-9.99,-0.11,-0.01,-0.01,
1,50,0.06,-9.99,-0.11,0,-0.01,
1,50,0.06,-9.99,-0.11,0,-0.01,
1,50,-0.02,-10.07,-0.1,-0.01,-0.01,
1,50,-0.02,-10.07,-0.1,-0.01,-0.01,
1,50,-0.02,-10.07,-0.1,-0.01,-0.01,
1,50,-0.05,-9.98,-0.13,-0.01,-0.01,
1,50,-0.05,-9.98,-0.13,-0.01,-0.01,
1,50,0.02,-10.07,-0.12,-0.01,-0.01,
1,50,0.02,-10.07,-0.12,0,-0.01,
1,50,0.02,-10.07,-0.12,-0.01,-0.01,
1,50,0.02,-10.05,-0.12,-0.01,-0.01,
1,50,0.02,-10.05,-0.12,-0.01,-0.01,
1,50,0.02,-10.05,-0.12,-0.01,-0.01,
1,50,0.05,-10.03,-0.13,-0.01,-0.01,
1,50,0.05,-10.03,-0.13,0,-0.01,
1,50,0.05,-10.03,-0.13,-0.01,-0.01,
1,50,0,-10.04,-0.11,-0.01,-0.01,
1,50,0,-10.04,-0.11,-0.01,-0.01,
1,50,0,-10.04,-0.11,0,-0.01,
1,50,0.06,-10.09,-0.11,0,-0.01,
1,50,0.06,-10.09,-0.11,-0.01,-0.01,
1,50,0.06,-10.09,-0.11,-0.01,-0.01,
1,50,0.01,-10.01,-0.16,-0.01,-0.01,
1,50,0.01,-10.01,-0.16,-0.01,-0.01,
1,50,0.03,-10.01,-0.21,0,-0.01,
1,50,0.03,-10.01,-0.21,0,-0.01,
1,50,0.03,-10.01,-0.21,-0.01,-0.01,
1,50,0,-10.05,-0.11,0,-0.01,
1,50,0,-10.05,-0.11,-0.01,-0.01,
1,50,0,-10.05,-0.11,-0.01,-0.01,
1,50,-0.01,-10.05,-0.09,-0.01,-0.01,
1,50,-0.01,-10.05,-0.09,-0.01,-0.01,
1,50,-0.01,-10.05,-0.09,-0.01,-0.01,
1,50,0.04,-10.03,-0.14,-0.01,-0.01,
1,50,0.02,-10.05,-0.13,0,-0.01,
1,50,0.02,-10.05,-0.13,0,-0.01,
1,50,0.02,-10.05,-0.13,-0.01,-0.01,
1,50,-0.04,-10.03,-0.18,-0.01,-0.01,
1,50,-0.04,-10.03,-0.18,-0.01,-0.01,
1,50,-0.04,-10.03,-0.18,-0.01,-0.01,
1,50,-0.02,-10.01,-0.13,0,-0.01,
1,50,-0.02,-10.01,-0.13,0,-0.01,
1,50,-0.02,-10.01,-0.13,0,-0.01,
1,50,0.02,-9.97,-0.12,-0.01,-0.01,
1,50,0.02,-9.97,-0.12,-0.01,-0.01,
1,50,0.02,-9.97,-0.12,0,-0.01,
1,50,0.02,-10.05,-0.1,-0.01,-0.01,
1,50,0.02,-10.05,-0.1,-0.01,-0.01,
1,50,0.04,-10.02,-0.16,-0.01,-0.01,
1,50,0.04,-10.02,-0.16,0,-0.01,
1,50,0.04,-10.02,-0.16,0,-0.01,
1,50,0.05,-10.03,-0.11,0,-0.01,
1,50,0.05,-10.03,-0.11,-0.01,-0.01,
1,50,0.05,-10.03,-0.11,-0.01,-0.01,
1,50,0.07,-9.98,-0.06,-0.01,-0.01,
1,50,0.07,-9.98,-0.06,-0.01,-0.01,
1,50,0.07,-9.98,-0.06,-0.01,-0.01,
1,50,0.01,-10.04,-0.08,-0.01,-0.01,
1,50,0.01,-10.04,-0.08,-0.01,-0.01,
1,50,0.01,-10.04,-0.08,-0.01,-0.01,
1,50,0.02,-10.03,-0.15,-0.01,-0.01,
1,50,0.02,-10.03,-0.15,-0.01,-0.01,
1,50,0.02,-10.03,-0.15,-0.01,-0.01,
1,50,0.03,-10.02,-0.11,-0.01,0,
1,50,0.03,-10.02,-0.11,-0.01,0,
1,50,0.03,-10.02,-0.11,0,-0.01,
1,50,0,-10.02,-0.11,-0.01,-0.01,
1,50,0,-10.02,-0.11,-0.01,-0.01,
1,50,-0.03,-10.06,-0.08,-0.01,-0.01,
1,50,-0.03,-10.06,-0.08,-0.01,-0.01,
1,50,-0.03,-10.06,-0.08,-0.01,-0.01,
1,50,0,-9.97,-0.11,-0.01,-0.01,
1,50,0,-9.97,-0.11,0,-0.01,
1,50,0,-9.97,-0.11,-0.01,-0.01,
1,50,0.06,-10.01,-0.11,-0.01,-0.01,
1,50,0.06,-10.01,-0.11,-0.01,-0.01,
1,50,0.06,-10.01,-0.11,-0.01,-0.01,
1,50,0.07,-9.99,-0.14,-0.01,-0.01,
1,50,0.07,-9.99,-0.14,0,-0.01,
1,50,0.07,-9.99,-0.14,0,-0.01,
1,50,0.03,-9.98,-0.09,-0.01,-0.01,
1,50,0.03,-9.98,-0.09,-0.01,-0.01,
1,50,0.03,-9.98,-0.09,-0.01,-0.01,
1,50,0.04,-10.06,-0.09,0,-0.01,
1,50,0.04,-10.06,-0.09,0,-0.01,
1,50,0.04,-10.06,-0.09,0,-0.01,
1,50,0.01,-10.03,-0.09,0,-0.02,
1,50,0.01,-10.03,-0.09,-0.01,-0.01,
1,50,0.01,-10.03,-0.09,-0.01,-0.01,
1,50,-0.03,-10.03,-0.12,-0.01,-0.01,
1,50,-0.03,-10.03,-0.12,-0.01,-0.01,
1,50,-0.03,-10.03,-0.12,-0.01,-0.01,
1,50,0.07,-10.03,-0.08,-0.01,-0.01,
1,50,0.07,-10.03,-0.08,-0.01,0,
1,50,0.04,-10.02,-0.07,-0.01,0,
1,50,0.04,-10.02,-0.07,-0.01,-0.01,
1,50,0.04,-10.02,-0.07,-0.01,-0.01,
1,50,0,-10.02,-0.11,0,-0.01,
1,50,0,-10.02,-0.11,0,-0.01,
1,50,0,-10.02,-0.11,-0.01,-0.01,
1,50,0.04,-10.06,-0.13,0,-0.01,
1,50,0.04,-10.06,-0.13,0,-0.01,
1,50,0.04,-10.06,-0.13,-0.01,0,
1,50,0.05,-10.02,-0.13,-0.01,-0.01,
1,50,0.05,-10.02,-0.13,-0.01,-0.01,
1,50,0.05,-10.02,-0.13,0,-0.01,
1,50,0.1,-10.05,-0.12,-0.01,-0.01,
1,50,0.1,-10.05,-0.12,-0.01,-0.01,
1,50,0.1,-10.05,-0.12,0,-0.01,
1,50,0,-10.07,-0.13,-0.01,-0.01,
1,50,0,-10.07,-0.13,-0.01,-0.01,
1,50,0,-10.07,-0.13,-0.01,-0.01,
1,50,0,-10.02,-0.11,-0.01,-0.01,
1,50,0,-10.02,-0.11,-0.01,-0.01,
1,50,0.02,-10.08,-0.13,0,-0.01,
1,50,0.02,-10.08,-0.13,0,-0.01,
1,50,0.02,-10.08,-0.13,0,-0.01,
1,50,0.1,-10.01,-0.14,0,-0.01,
1,50,0.1,-10.01,-0.14,-0.01,-0.01,
1,50,0.1,-10.01,-0.14,-0.01,-0.01,
1,50,0.01,-10.03,-0.14,-0.01,-0.01,
1,50,0.01,-10.03,-0.14,-0.01,-0.01,
1,50,0.01,-10.03,-0.14,-0.01,-0.01,
1,50,-0.03,-10.03,-0.08,0,-0.01,
1,50,-0.03,-10.03,-0.08,-0.01,0,
1,50,-0.03,-10.03,-0.08,-0.01,0,
1,50,0.02,-10.05,-0.14,-0.01,-0.01,
1,50,0.02,-10.05,-0.14,-0.01,-0.01,
1,50,0.02,-10.02,-0.15,-0.01,-0.01,
1,50,0.02,-10.02,-0.15,-0.01,-0.01,
1,50,0.02,-10.02,-0.15,-0.01,-0.01,
1,50,0.09,-10,-0.09,-0.01,-0.01,
1,50,0.09,-10,-0.09,0,-0.01,
1,50,0.09,-10,-0.09,-0.01,-0.01,
1,50,0.07,-9.96,-0.09,-0.01,-0.01,
1,50,0.07,-9.96,-0.09,-0.01,-0.01,
1,50,0.07,-9.96,-0.09,-0.01,-0.01,
1,50,-0.02,-10.06,-0.13,-0.01,-0.01,
1,51,-0.02,-10.06,-0.13,0,0,
1,51,-0.02,-10.06,-0.13,-0.01,-0.01,
1,51,0.02,-10.02,-0.11,-0.01,-0.01,
1,51,0.02,-10.02,-0.11,-0.01,-0.01,
1,51,0.03,-10.04,-0.07,-0.01,-0.01,
1,51,0.03,-10.04,-0.07,-0.01,-0.01,
1,51,0.03,-10.04,-0.07,-0.01,-0.01,
1,51,0.03,-10.04,-0.11,0,-0.01,
1,51,0.03,-10.04,-0.11,0,-0.01,
1,51,0.03,-10.04,-0.11,0,-0.01,
1,51,0.06,-10.01,-0.11,-0.01,-0.01,
1,51,0.06,-10.01,-0.11,-0.01,-0.01,
1,51,0.06,-10.01,-0.11,-0.01,-0.01,
1,51,0.03,-10.06,-0.1,-0.01,-0.01,
1,51,0.03,-10.06,-0.1,-0.01,-0.01,
1,51,0.03,-10.06,-0.1,-0.01,-0.01,
1,51,-0.01,-10.05,-0.07,-0.01,-0.01,
1,51,-0.01,-10.05,-0.07,-0.01,-0.01,
1,51,-0.01,-10.05,-0.07,-0.01,-0.01,
1,51,-0.01,-10.08,-0.14,0,-0.01,
1,51,-0.01,-10.08,-0.14,0,-0.01,
1,51,-0.03,-9.96,-0.13,0,-0.01,
1,51,-0.03,-9.96,-0.13,-0.01,-0.01,
1,51,-0.03,-9.96,-0.13,-0.01,-0.01,
1,51,0.02,-10.03,-0.08,-0.01,-0.01,
1,51,0.02,-10.03,-0.08,0,-0.01,
1,51,0.02,-10.03,-0.08,-0.01,-0.01,
1,51,0,-9.99,-0.12,-0.01,-0.01,
1,51,0,-9.99,-0.12,-0.01,-0.01,
1,51,0,-9.99,-0.12,0,-0.01,
1,51,0.05,-10.08,-0.15,0,-0.01,
1,51,0.05,-10.08,-0.15,-0.01,-0.01,
1,51,0.05,-10.08,-0.15,0,-0.01,
1,51,0.03,-10.05,-0.14,0,-0.01,
1,51,0.03,-10.05,-0.14,-0.01,-0.01,
1,51,0.03,-10.05,-0.14,-0.01,-0.01,
1,51,0.03,-10.05,-0.15,-0.01,-0.01,
1,51,0.03,-10.05,-0.15,-0.01,-0.01,
1,51,0.03,-10.05,-0.15,-0.01,-0.01,
1,51,0.03,-10.09,-0.13,-0.01,-0.01,
1,51,0.03,-10.09,-0.13,-0.01,-0.01,
1,51,0.03,-10.09,-0.13,-0.01,-0.01,
1,51,0.05,-10.02,-0.12,-0.01,-0.01,
1,51,0.05,-10.02,-0.12,-0.01,-0.01,
1,51,0.05,-10.02,-0.12,0,-0.01,
1,51,0,-9.99,-0.13,0,-0.01,
1,51,0,-9.99,-0.13,-0.01,-0.01,
1,51,0,-9.99,-0.13,-0.01,-0.01,
1,51,0.02,-10.08,-0.07,-0.01,-0.01,
1,51,0.02,-10.08,-0.07,0,-0.01,
1,51,0.02,-10.02,-0.13,-0.01,-0.01,
1,51,0.02,-10.02,-0.13,-0.01,-0.01,
1,51,0.02,-10.02,-0.13,-0.01,-0.01,
1,51,0.01,-10.03,-0.16,0,0,
1,51,0.01,-10.03,-0.16,0,0,
1,51,0.01,-10.03,-0.16,-0.01,-0.01,
1,51,-0.01,-10.04,-0.12,-0.01,-0.01,
1,51,-0.01,-10.04,-0.12,-0.01,-0.01,
1,51,-0.01,-10.04,-0.12,-0.01,-0.01,
1,51,0,-10,-0.12,-0.01,-0.01,
1,51,0,-10,-0.12,-0.01,-0.01,
1,51,0,-10,-0.12,-0.01,-0.01,
1,51,-0.01,-10.06,-0.11,0,-0.01,
1,51,-0.01,-10.06,-0.11,0,-0.01,
1,51,-0.01,-10.07,-0.08,-0.01,-0.01,
1,51,-0.01,-10.07,-0.08,-0.01,-0.01,
1,51,-0.01,-10.07,-0.08,-0.01,-0.01,
1,51,0.01,-10,-0.12,-0.01,-0.01,
1,51,0.01,-10,-0.12,0,-0.01,
1,51,0.01,-10,-0.12,0,-0.01,
1,51,0.06,-10.05,-0.12,-0.01,-0.01,
1,51,0.06,-10.05,-0.12,-0.01,-0.01,
1,51,0.06,-10.05,-0.12,-0.01,-0.01,
1,51,0.01,-10.06,-0.13,0,-0.01,
1,51,0.01,-10.06,-0.13,-0.01,-0.01,
1,51,0.01,-10.06,-0.13,-0.01,-0.01,
1,51,0.08,-10.02,-0.07,-0.01,-0.01,
1,51,0.08,-10.02,-0.07,-0.01,-0.01,
1,51,0.08,-10.02,-0.07,-0.01,-0.01,
1,51,0,-9.98,-0.11,-0.01,-0.01,
1,51,0,-9.98,-0.11,-0.01,-0.01,
1,51,0.01,-10.04,-0.13,-0.01,-0.01,
1,51,0.01,-10.04,-0.13,-0.01,-0.01,
1,51,0.01,-10.04,-0.13,-0.01,-0.01,
1,51,0.02,-10.1,-0.1,-0.01,-0.01,
1,51,0.02,-10.1,-0.1,-0.01,-0.01,
1,51,0.02,-10.1,-0.1,-0.01,-0.01,
1,51,0.04,-10.04,-0.12,-0.01,-0.01,
1,51,0.04,-10.04,-0.12,-0.01,-0.01,
1,51,0.04,-10.04,-0.12,-0.01,-0.01,
1,51,0,-10.03,-0.08,0,-0.01,
1,51,0,-10.03,-0.08,0,-0.01,
1,51,0,-10.03,-0.08,-0.01,-0.01,
1,51,-0.01,-10.05,-0.1,-0.01,-0.01,
1,51,-0.01,-10.05,-0.1,-0.01,-0.01,
1,51,-0.01,-10.05,-0.1,-0.01,-0.01,
1,51,-0.02,-10.02,-0.12,-0.01,-0.01,
1,51,-0.02,-10.02,-0.12,-0.01,-0.01,
1,51,0.04,-10,-0.12,-0.01,-0.01,
1,51,0.04,-10,-0.12,-0.01,-0.01,
1,51,0.04,-10,-0.12,-0.01,-0.01,
1,51,0.01,-10.03,-0.05,0,-0.01,
1,51,0.01,-10.03,-0.05,-0.01,-0.01,
1,51,0.01,-10.03,-0.05,-0.01,-0.01,
1,51,0.04,-10.01,-0.11,-0.01,-0.01,
1,51,0.04,-10.01,-0.11,0,-0.01,
1,51,0.04,-10.01,-0.11,0,-0.01,
1,51,0.04,-10.07,-0.11,-0.01,-0.01,
1,51,0.04,-10.07,-0.11,-0.01,-0.01,
1,51,0.04,-10.07,-0.11,-0.01,-0.01,
1,51,0.01,-10.02,-0.12,0,-0.01,
1,51,0.01,-10.02,-0.12,-0.01,-0.01,
1,51,0.01,-10.02,-0.12,-0.01,-0.01,
1,51,0.04,-10.07,-0.11,0,-0.02,
1,51,0.04,-10.07,-0.11,-0.01,-0.01,
1,51,0.04,-10.07,-0.11,-0.01,-0.01,
1,51,0.04,-10.08,-0.12,-0.01,-0.01,
1,51,0.04,-10.08,-0.12,-0.01,-0.01,
1,51,0.04,-10.08,-0.12,0,-0.01,
1,51,0.01,-9.99,-0.08,-0.01,-0.01,
1,51,0.01,-9.99,-0.08,-0.01,-0.01,
1,51,0.01,-9.99,-0.08,-0.01,-0.01,
1,51,0,-10,-0.1,0,-0.01,
1,51,0,-10,-0.1,0,-0.01,
1,51,0,-10,-0.1,0,-0.01,
1,51,-0.01,-10.04,-0.11,-0.01,-0.01,
1,51,-0.01,-10.04,-0.11,-0.01,-0.01,
1,51,0.06,-9.99,-0.1,-0.01,-0.01,
1,51,0.06,-9.99,-0.1,-0.01,-0.01,
1,51,0.06,-9.99,-0.1,-0.01,-0.01,
1,51,-0.01,-10.08,-0.1,-0.01,-0.01,
1,51,-0.01,-10.08,-0.1,-0.01,-0.01,
1,51,-0.01,-10.08,-0.1,-0.01,-0.01,
1,51,0.06,-9.97,-0.14,0,-0.01,
1,51,0.06,-9.97,-0.14,-0.01,-0.01,
1,51,0.06,-9.97,-0.14,-0.01,-0.01,
1,51,-0.02,-10.01,-0.12,0,-0.01,
1,51,-0.02,-10.01,-0.12,-0.01,-0.01,
1,51,-0.02,-10.01,-0.12,-0.01,-0.01,
1,51,-0.01,-10.03,-0.08,0,-0.01,
1,51,-0.01,-10.03,-0.08,-0.01,-0.01,
1,51,-0.01,-10.03,-0.08,-0.01,-0.01,
1,51,0.01,-10.02,-0.09,-0.01,-0.01,
1,51,0.01,-10.02,-0.09,-0.01,0,
1,51,0.01,-10.02,-0.09,-0.01,0,
1,51,-0.04,-10.06,-0.14,-0.01,-0.01,
1,51,-0.04,-10.06,-0.14,-0.01,-0.01,
1,51,0.02,-10.03,-0.13,-0.01,-0.01,
1,51,0.02,-10.03,-0.13,-0.01,-0.01,
1,51,0.02,-10.03,-0.13,0,-0.01,
1,51,0.1,-10,-0.12,0,-0.01,
1,51,0.1,-10,-0.12,-0.01,-0.01,
1,51,0.1,-10,-0.12,0,-0.01,
1,51,0.04,-10.06,-0.15,0,-0.01,
1,52,0.04,-10.06,-0.15,0,-0.01,
1,52,0.04,-10.06,-0.15,0,-0.01,
1,52,-0.04,-10.09,-0.09,-0.01,-0.01,
1,52,-0.04,-10.09,-0.09,-0.01,-0.01,
1,52,-0.04,-10.09,-0.09,-0.01,-0.01,
1,52,0,-10.02,-0.1,-0.01,-0.01,
1,52,0,-10.02,-0.1,-0.01,-0.01,
1,52,0.02,-10,-0.09,-0.01,0,
1,52,0.02,-10,-0.09,-0.01,-0.01,
1,52,0.02,-10,-0.09,-0.01,-0.01,
1,52,0.02,-9.99,-0.12,-0.01,-0.01,
1,52,0.02,-9.99,-0.12,-0.01,-0.01,
1,52,0.02,-9.99,-0.12,-0.01,-0.01,
1,52,0.04,-10.01,-0.1,-0.01,-0.01,
1,52,0.04,-10.01,-0.1,-0.01,-0.01,
1,52,0.04,-10.01,-0.1,-0.01,-0.01,
1,52,0.05,-10.03,-0.1,-0.01,-0.01,
1,52,0.05,-10.03,-0.1,-0.01,-0.01,
1,52,0.05,-10.03,-0.1,-0.01,-0.01,
1,52,-0.01,-9.99,-0.11,-0.01,-0.01,
1,52,-0.01,-9.99,-0.11,-0.01,-0.01,
1,52,-0.01,-10.03,-0.09,-0.01,-0.01,
1,52,-0.01,-10.03,-0.09,-0.01,-0.01,
1,52,-0.01,-10.03,-0.09,-0.01,-0.01,
1,52,0,-10.04,-0.11,-0.01,-0.01,
1,52,0,-10.04,-0.11,-0.01,-0.01,
1,52,0,-10.04,-0.11,-0.01,-0.01,
1,52,0.02,-10.01,-0.11,0,-0.01,
1,52,0.02,-10.01,-0.11,0,-0.01,
1,52,0.02,-10.01,-0.11,-0.01,0,
1,52,-0.01,-10.08,-0.11,0,-0.01,
1,52,-0.01,-10.08,-0.11,0,-0.01,
1,52,-0.01,-10.08,-0.11,0,-0.01,
1,52,0,-10.02,-0.11,-0.01,-0.01,
1,52,0,-10.02,-0.11,-0.01,-0.01,
1,52,0.14,-9.98,-0.07,-0.01,-0.01,
1,52,0.14,-9.98,-0.07,0,-0.01,
1,52,0.14,-9.98,-0.07,0,-0.01,
1,52,0.08,-9.92,-0.13,0,-0.01,
1,52,0.08,-9.92,-0.13,-0.01,-0.01,
1,52,0.08,-9.92,-0.13,-0.01,-0.01,
1,52,-0.11,-10.07,-0.23,0,-0.01,
1,52,-0.11,-10.07,-0.23,0,-0.01,
1,52,-0.11,-10.07,-0.23,0,-0.01,
1,52,-0.02,-10.02,-0.15,-0.01,-0.01,
1,52,-0.02,-10.02,-0.15,-0.01,-0.01,
1,52,-0.02,-10.02,-0.15,-0.01,-0.01,
1,52,0.13,-10.03,-0.03,-0.01,-0.01,
1,52,0.13,-10.03,-0.03,-0.01,-0.01,
1,52,-0.01,-10.05,-0.14,-0.01,-0.01,
1,52,-0.01,-10.05,-0.14,-0.01,-0.01,
1,52,-0.01,-10.05,-0.14,-0.01,-0.01,
1,52,-0.05,-10.06,-0.16,0,-0.01,
1,52,-0.05,-10.06,-0.16,0,-0.01,
1,52,-0.05,-10.06,-0.16,-0.01,-0.01,
1,52,0.03,-10.07,-0.1,-0.01,-0.01,
1,52,0.03,-10.07,-0.1,-0.01,-0.01,
1,52,0.03,-10.07,-0.1,-0.01,-0.01,
1,52,0.1,-9.97,-0.12,-0.01,-0.01,
1,52,0.1,-9.97,-0.12,-0.01,-0.01,
1,52,0.1,-9.97,-0.12,-0.01,-0.01,
1,52,-0.01,-10.08,-0.27,-0.01,-0.01,
1,52,-0.01,-10.08,-0.27,-0.01,-0.01,
1,52,-0.01,-10.08,-0.27,0,-0.01,
1,52,-0.11,-10.04,-0.11,0,-0.01,
1,52,-0.11,-10.04,-0.11,0,-0.01,
1,52,-0.11,-10.04,-0.11,-0.01,-0.01,
1,52,0.07,-10.01,-0.14,-0.01,-0.01,
1,52,0.07,-10.01,-0.14,-0.01,-0.01,
1,52,0.07,-10.01,-0.14,0,-0.01,
1,52,0.06,-9.99,0.01,0,-0.01,
1,52,0.06,-9.99,0.01,-0.01,-0.01,
1,52,0.06,-9.99,0.01,-0.01,0,
1,52,-0.01,-10.08,-0.12,-0.01,0,
1,52,-0.01,-10.08,-0.12,-0.01,-0.01,
1,52,-0.01,-10.08,-0.12,-0.01,-0.01,
1,52,-0.06,-10.07,-0.19,-0.01,-0.01,
1,52,-0.06,-10.07,-0.19,-0.01,-0.01,
1,52,0.09,-10.03,-0.1,0,-0.01,
1,52,0.09,-10.03,-0.1,0,-0.01,
1,52,0.09,-10.03,-0.1,-0.01,-0.01,
1,52,0.09,-9.99,-0.08,-0.01,0,
1,52,0.09,-9.99,-0.08,-0.01,0,
1,52,0.09,-9.99,-0.08,0,-0.01,
1,52,0.01,-10.03,-0.11,-0.01,-0.01,
1,52,0.01,-10.03,-0.11,-0.01,-0.01,
1,52,0.01,-10.03,-0.11,-0.01,-0.01,
1,52,-0.09,-10.06,-0.2,-0.01,-0.01,
1,52,-0.09,-10.06,-0.2,-0.01,-0.01,
1,52,-0.09,-10.06,-0.2,0,-0.02,
1,52,0.04,-10.05,-0.14,-0.01,-0.01,
1,52,0.04,-10.05,-0.14,-0.01,-0.01,
1,52,0.04,-10.05,-0.14,-0.01,-0.01,
1,52,0.05,-9.99,-0.09,-0.01,0,
1,52,0.05,-9.99,-0.09,-0.01,0,
1,52,0.03,-10.08,-0.09,-0.01,-0.01,
1,52,0.03,-10.08,-0.09,0,-0.01,
1,52,0.03,-10.08,-0.09,0,-0.01,
1,52,-0.02,-10,-0.11,-0.01,-0.01,
1,52,-0.02,-10,-0.11,0,-0.01,
1,52,-0.02,-10,-0.11,0,-0.01,
1,52,0.04,-10.06,-0.12,-0.01,-0.01,
1,52,0.04,-10.06,-0.12,-0.01,-0.01,
1,52,0.04,-10.06,-0.12,-0.01,-0.01,
1,52,0.01,-10.03,-0.12,-0.01,-0.01,
1,52,0.01,-10.03,-0.12,-0.01,-0.01,
1,52,0.01,-10.03,-0.12,-0.01,-0.01,
1,52,-0.01,-10.05,-0.14,-0.01,-0.01,
1,52,-0.01,-10.05,-0.14,-0.01,-0.01,
1,52,-0.01,-10.05,-0.14,-0.01,-0.01,
1,52,0.03,-10.11,-0.13,-0.01,-0.01,
1,52,0.03,-10.11,-0.13,0,-0.01,
1,52,0.03,-10.11,-0.13,-0.01,-0.01,
1,52,0.05,-10.04,-0.08,-0.01,-0.01,
1,52,0.05,-10.04,-0.08,-0.01,-0.01,
1,52,0.02,-10.08,-0.12,-0.01,-0.01,
1,52,0.02,-10.08,-0.12,-0.01,-0.01,
1,52,0.02,-10.08,-0.12,-0.01,-0.01,
1,52,-0.05,-10.05,-0.14,-0.01,-0.01,
1,52,-0.05,-10.05,-0.14,-0.01,-0.01,
1,52,-0.05,-10.05,-0.14,-0.01,-0.01,
1,52,-0.04,-10,-0.12,-0.01,-0.01,
1,52,-0.04,-10,-0.12,-0.01,-0.01,
1,52,-0.04,-10,-0.12,0,-0.01,
1,52,0.04,-10.07,-0.12,-0.01,-0.01,
1,52,0.04,-10.07,-0.12,-0.01,-0.01,
1,52,0.04,-10.07,-0.12,-0.01,-0.01,
1,52,0.04,-9.99,-0.11,0,-0.01,
1,52,0.04,-9.99,-0.11,0,-0.01,
1,52,0.04,-9.99,-0.11,-0.01,-0.01,
1,52,-0.04,-10.06,-0.14,-0.01,-0.01,
1,52,-0.04,-10.06,-0.14,-0.01,-0.01,
1,52,0,-10.02,-0.04,-0.01,-0.01,
1,52,0,-10.02,-0.04,-0.01,-0.01,
1,52,0,-10.02,-0.04,-0.01,-0.01,
1,52,-0.05,-10.05,-0.12,-0.01,-0.01,
1,52,-0.05,-10.05,-0.12,0,-0.01,
1,52,-0.05,-10.05,-0.12,0,-0.01,
1,52,-0.05,-10.07,-0.16,0,-0.01,
1,52,-0.05,-10.07,-0.16,-0.01,-0.01,
1,52,-0.05,-10.07,-0.16,-0.01,-0.01,
1,52,0.04,-10.07,-0.17,-0.01,-0.01,
1,52,0.04,-10.07,-0.17,-0.01,-0.01,
1,52,0.04,-10.07,-0.17,-0.01,-0.01,
1,52,-0.02,-10.08,-0.16,0,-0.01,
1,52,-0.02,-10.08,-0.16,-0.01,-0.01,
1,52,-0.02,-10.08,-0.16,-0.01,-0.01,
1,52,0.03,-10.06,-0.14,0,-0.01,
1,52,0.03,-10.06,-0.14,-0.01,-0.01,
1,52,0.03,-10.06,-0.14,-0.01,-0.01,
1,52,0.06,-10,-0.13,0,-0.01,
1,52,0.06,-10,-0.13,0,-0.01,
1,52,0.06,-10,-0.13,-0.01,-0.01,
1,52,0.03,-9.96,-0.07,-0.01,-0.01,
1,53,0.03,-9.96,-0.07,-0.01,-0.01,
1,53,0.03,-9.96,-0.07,-0.01,-0.01,
1,53,-0.02,-10.08,-0.07,0,-0.01,
1,53,-0.02,-10.08,-0.07,0,-0.01,
1,53,-0.02,-10.08,-0.07,-0.01,-0.01,
1,53,0.05,-10.06,-0.11,0,-0.01,
1,53,0.05,-10.06,-0.11,0,-0.01,
1,53,0.05,-10.06,-0.11,0,-0.01,
1,53,0.04,-10.05,-0.07,-0.01,-0.01,
1,53,0.04,-10.05,-0.07,-0.01,-0.01,
1,53,0.11,-10.02,-0.11,-0.01,-0.01,
1,53,0.11,-10.02,-0.11,0,-0.01,
1,53,0.11,-10.02,-0.11,0,-0.01,
1,53,-0.07,-10.11,-0.16,-0.01,-0.01,
1,53,-0.07,-10.11,-0.16,0,-0.01,
1,53,-0.07,-10.11,-0.16,0,-0.01,
1,53,0,-9.99,-0.14,0,-0.01,
1,53,0,-9.99,-0.14,-0.01,-0.01,
1,53,0,-9.99,-0.14,-0.01,-0.01,
1,53,-0.01,-10.03,-0.1,0,0,
1,53,-0.01,-10.03,-0.1,0,-0.01,
1,53,-0.01,-10.03,-0.1,0,-0.01,
1,53,0.02,-10.04,-0.08,-0.01,-0.01,
1,53,0.02,-10.04,-0.08,-0.01,-0.01,
1,53,0.02,-10.04,-0.08,-0.01,-0.01,
1,53,-0.06,-10.05,-0.07,-0.01,-0.01,
1,53,-0.06,-10.05,-0.07,-0.01,-0.01,
1,53,-0.06,-10.05,-0.07,-0.01,-0.01,
1,53,0.01,-9.97,-0.11,-0.01,-0.01,
1,53,0.01,-9.97,-0.11,-0.01,-0.01,
1,53,-0.03,-10.09,-0.07,-0.01,-0.01,
1,53,-0.03,-10.09,-0.07,-0.01,-0.01,
1,53,-0.03,-10.09,-0.07,-0.01,-0.01,
1,53,0.05,-9.97,-0.13,-0.01,-0.01,
1,53,0.05,-9.97,-0.13,-0.01,-0.01,
1,53,0.05,-9.97,-0.13,-0.01,-0.01,
1,53,-0.08,-10.05,-0.1,-0.01,-0.01,
1,53,-0.08,-10.05,-0.1,-0.01,-0.01,
1,53,-0.08,-10.05,-0.1,-0.01,-0.01,
1,53,0,-10.06,-0.1,-0.01,-0.01,
1,53,0,-10.06,-0.1,-0.01,-0.01,
1,53,0,-10.06,-0.1,0,-0.01,
1,53,0.1,-10.06,-0.09,0,-0.01,
1,53,0.1,-10.06,-0.09,0,-0.01,
1,53,0.1,-10.06,-0.09,-0.01,-0.01,
1,53,0.04,-9.98,-0.1,-0.01,-0.01,
1,53,0.04,-9.98,-0.1,-0.01,-0.01,
1,53,0.04,-9.98,-0.1,-0.01,-0.01,
1,53,0.04,-10.05,-0.14,-0.01,-0.01,
1,53,0.04,-10.05,-0.14,-0.01,-0.01,
1,53,0.07,-10.03,-0.08,0,-0.01,
1,53,0.07,-10.03,-0.08,0,-0.01,
1,53,0.07,-10.03,-0.08,-0.01,-0.01,
1,53,0.09,-9.96,-0.14,0,-0.01,
1,53,0.09,-9.96,-0.14,0,-0.01,
1,53,0.09,-9.96,-0.14,-0.01,-0.01,
1,53,0.07,-10.07,-0.06,0,-0.01,
1,53,0.07,-10.07,-0.06,0,-0.01,
1,53,0.07,-10.07,-0.06,-0.01,0,
1,53,-0.03,-10.17,-0.18,-0.01,-0.01,
1,53,-0.03,-10.17,-0.18,-0.01,-0.01,
1,53,-0.03,-10.17,-0.18,-0.01,-0.01,
1,53,0.03,-10.08,-0.17,-0.01,-0.01,
1,53,0.03,-10.08,-0.17,-0.01,-0.01,
1,53,0.03,-10.08,-0.17,-0.01,-0.01,
1,53,0.05,-10.02,-0.09,0,-0.01,
1,53,0.05,-10.02,-0.09,0,-0.01,
1,53,0.05,-9.99,-0.12,0,-0.01,
1,53,0.05,-9.99,-0.12,-0.01,-0.01,
1,53,0.05,-9.99,-0.12,-0.01,-0.01,
1,53,0.01,-10.03,-0.11,-0.01,-0.01,
1,53,0.01,-10.03,-0.11,-0.01,-0.01,
1,53,0.01,-10.03,-0.11,-0.01,-0.01,
1,53,0.04,-10.05,-0.16,-0.01,-0.01,
1,53,0.04,-10.05,-0.16,-0.01,-0.01,
1,53,0.04,-10.05,-0.16,-0.01,-0.01,
1,53,0.02,-9.99,-0.09,-0.01,-0.01,
1,53,0.02,-9.99,-0.09,0,-0.01,
1,53,0.02,-9.99,-0.09,-0.01,-0.01,
1,53,0,-10.01,-0.18,-0.01,-0.01,
1,53,0,-10.01,-0.18,-0.01,-0.01,
1,53,0,-10.01,-0.18,0,-0.01,
1,53,-0.04,-10.01,-0.14,0,-0.01,
1,53,-0.04,-10.01,-0.14,0,-0.01,
1,53,-0.04,-10.01,-0.14,0,-0.01,
1,53,0.05,-10.01,-0.14,0,-0.01,
1,53,0.05,-10.01,-0.14,-0.01,-0.01,
1,53,0,-10.05,-0.1,-0.01,-0.01,
1,53,0,-10.05,-0.1,-0.01,-0.01,
1,53,0,-10.05,-0.1,-0.01,-0.01,
1,53,-0.03,-10.01,-0.12,-0.01,-0.01,
1,53,-0.03,-10.01,-0.12,-0.01,-0.01,
1,53,-0.03,-10.01,-0.12,-0.01,-0.01,
1,53,-0.03,-10.01,-0.16,-0.01,-0.01,
1,53,-0.03,-10.01,-0.16,-0.01,-0.01,
1,53,-0.03,-10.01,-0.16,-0.01,-0.01,
1,53,-0.01,-10,-0.18,-0.01,-0.01,
1,53,-0.01,-10,-0.18,-0.01,-0.01,
1,53,-0.01,-10,-0.18,-0.01,-0.01,
1,53,0.05,-10.03,-0.13,-0.01,-0.01,
1,53,0.05,-10.03,-0.13,-0.01,-0.01,
1,53,0.05,-10.03,-0.13,0,-0.01,
1,53,-0.05,-9.95,-0.14,0,-0.01,
1,53,-0.05,-9.95,-0.14,-0.01,-0.01,
1,53,-0.05,-9.95,-0.14,-0.01,-0.01,
1,53,0.03,-10,-0.14,-0.01,-0.01,
1,53,0.03,-10,-0.14,-0.01,-0.01,
1,53,0.03,-10,-0.14,-0.01,-0.01,
1,53,0.03,-10,-0.13,-0.01,-0.01,
1,53,0.03,-10,-0.13,-0.01,-0.01,
1,53,0.03,-10,-0.13,-0.01,-0.01,
1,53,0,-10.06,-0.11,-0.01,-0.01,
1,53,0,-10.06,-0.11,-0.01,-0.01,
1,53,0,-10.07,-0.14,-0.01,-0.01,
1,53,0,-10.07,-0.14,-0.01,-0.01,
1,53,0,-10.07,-0.14,-0.01,-0.01,
1,53,-0.01,-10.02,-0.11,-0.01,-0.01,
1,53,-0.01,-10.02,-0.11,-0.01,-0.01,
1,53,-0.01,-10.02,-0.11,0,-0.01,
1,53,0.01,-10.02,-0.1,-0.01,-0.01,
1,53,0.01,-10.02,-0.1,-0.01,-0.01,
1,53,0.01,-10.02,-0.1,0,-0.01,
1,53,-0.01,-10,-0.09,-0.01,-0.01,
1,53,-0.01,-10,-0.09,0,-0.01,
1,53,-0.01,-10,-0.09,0,-0.01,
1,53,0.04,-10.02,-0.06,-0.01,-0.01,
1,53,0.04,-10.02,-0.06,-0.01,-0.01,
1,53,0.04,-10.03,-0.13,-0.01,-0.01,
1,53,0.04,-10.03,-0.13,-0.01,-0.01,
1,53,0.04,-10.03,-0.13,-0.01,-0.01,
1,53,-0.01,-10,-0.11,-0.01,-0.01,
1,53,-0.01,-10,-0.11,0,-0.01,
1,53,-0.01,-10,-0.11,0,-0.01,
1,53,-0.03,-10.03,-0.12,0,-0.01,
1,53,-0.03,-10.03,-0.12,-0.01,-0.01,
1,53,-0.03,-10.03,-0.12,-0.01,-0.01,
1,53,-0.02,-9.99,-0.11,-0.01,-0.01,
1,53,-0.02,-9.99,-0.11,-0.01,-0.01,
1,53,-0.02,-9.99,-0.11,-0.01,-0.01,
1,53,0.01,-10.02,-0.09,-0.01,-0.01,
1,53,0.01,-10.02,-0.09,0,-0.01,
1,53,0.01,-10.02,-0.09,-0.01,-0.01,
1,53,0.04,-10.03,-0.11,-0.01,-0.01,
1,53,0.04,-10.03,-0.11,0,-0.01,
1,53,0.05,-9.95,-0.07,-0.01,-0.01,
1,53,0.05,-9.95,-0.07,-0.01,-0.01,
1,53,0.05,-9.95,-0.07,-0.01,-0.01,
1,53,0.03,-10.03,-0.14,0,-0.01,
1,53,0.03,-10.03,-0.14,0,-0.01,
1,53,0.03,-10.03,-0.14,-0.01,-0.01,
1,53,0.07,-10.02,-0.16,0,-0.01,
1,53,0.07,-10.02,-0.16,-0.01,-0.01,
1,53,0.07,-10.02,-0.16,-0.01,-0.01,
1,53,0.03,-10.02,-0.15,-0.01,-0.01,
1,54,0.03,-10.02,-0.15,-0.01,-0.01,
1,54,0.03,-10.02,-0.15,-0.01,-0.01,
1,54,0.01,-10.03,-0.16,-0.01,-0.01,
1,54,0.01,-10.03,-0.16,0,-0.01,
1,54,0.03,-10.01,-0.11,0,-0.01,
1,54,0.03,-10.01,-0.11,-0.01,-0.01,
1,54,0.03,-10.01,-0.11,-0.01,-0.01,
1,54,0.05,-10.01,-0.1,-0.01,-0.01,
1,54,0.05,-10.01,-0.1,0,-0.01,
1,54,0.05,-10.01,-0.1,-0.01,-0.01,
1,54,0.02,-10.04,-0.13,-0.01,-0.01,
1,54,0.02,-10.04,-0.13,-0.01,-0.01,
1,54,0.02,-10.04,-0.13,-0.01,-0.01,
1,54,0,-10.04,-0.12,-0.01,-0.01,
1,54,0,-10.04,-0.12,-0.01,-0.01,
1,54,0,-10.04,-0.12,-0.01,-0.01,
1,54,0,-10.07,-0.16,-0.01,-0.01,
1,54,0,-10.07,-0.16,0,-0.01,
1,54,0.07,-10.05,-0.16,-0.01,-0.01,
1,54,0.07,-10.05,-0.16,-0.01,-0.01,
1,54,0.07,-10.05,-0.16,0,-0.01,
1,54,0.07,-10.07,-0.1,-0.01,-0.01,
1,54,0.07,-10.07,-0.1,0,-0.01,
1,54,0.07,-10.07,-0.1,0,-0.01,
1,54,0.01,-10.07,-0.16,-0.01,-0.01,
1,54,0.01,-10.07,-0.16,0,-0.01,
1,54,0.01,-10.07,-0.16,0,-0.01,
1,54,0,-10.11,-0.14,0,-0.01,
1,54,0,-10.11,-0.14,0,-0.01,
1,54,0,-10.11,-0.14,0,-0.01,
1,54,0.04,-10.06,-0.1,-0.01,-0.01,
1,54,0.04,-10.06,-0.1,0,-0.01,
1,54,0.04,-10.06,-0.1,0,-0.01,
1,54,0.03,-10.01,-0.17,0,-0.01,
1,54,0.03,-10.01,-0.17,0,-0.01,
1,54,0.03,-10.01,-0.17,0,-0.01,
1,54,-0.03,-10.01,-0.1,0,-0.01,
1,54,-0.03,-10.01,-0.1,0,-0.01,
1,54,0.04,-9.99,-0.14,-0.01,-0.01,
1,54,0.04,-9.99,-0.14,-0.01,-0.01,
1,54,0.04,-9.99,-0.14,-0.01,-0.01,
1,54,0.03,-10.03,-0.08,0,-0.01,
1,54,0.03,-10.03,-0.08,-0.01,-0.01,
1,54,0.03,-10.03,-0.08,-0.01,-0.01,
1,54,0.04,-10.06,-0.15,-0.01,-0.01,
1,54,0.04,-10.06,-0.15,0,-0.01,
1,54,0.04,-10.06,-0.15,0,-0.01,
1,54,0.01,-10.03,-0.1,-0.01,-0.01,
1,54,0.01,-10.03,-0.1,-0.01,-0.01,
1,54,0.01,-10.03,-0.1,-0.01,-0.01,
1,54,-0.04,-10.04,-0.11,-0.01,-0.01,
1,54,-0.04,-10.04,-0.11,-0.01,-0.01,
1,54,-0.04,-10.04,-0.11,-0.01,-0.01,
1,54,0.02,-10.01,-0.13,0,-0.01,
1,54,0.02,-10.01,-0.13,0,-0.01,
1,54,0.02,-10.01,-0.13,0,-0.01,
1,54,-0.04,-10.03,-0.11,0,-0.01,
1,54,-0.04,-10.03,-0.11,-0.01,-0.01,
1,54,-0.01,-10,-0.13,-0.01,-0.01,
1,54,-0.01,-10,-0.13,-0.01,-0.01,
1,54,-0.01,-10,-0.13,-0.01,-0.01,
1,54,-0.03,-10.01,-0.15,0,-0.01,
1,54,-0.03,-10.01,-0.15,0,-0.01,
1,54,-0.03,-10.01,-0.15,-0.01,-0.01,
1,54,0.06,-10,-0.11,0,-0.01,
1,54,0.06,-10,-0.11,0,-0.01,
1,54,0.06,-10,-0.11,0,-0.01,
1,54,0.06,-10.01,-0.13,-0.01,-0.01,
1,54,0.06,-10.01,-0.13,-0.01,-0.01,
1,54,0,-10.08,-0.09,-0.01,-0.01,
1,54,0,-10.08,-0.09,0,-0.01,
1,54,0,-10.08,-0.09,0,-0.01,
1,54,-0.07,-10.08,-0.16,0,-0.01,
1,54,-0.07,-10.08,-0.16,-0.01,-0.01,
1,54,-0.07,-10.08,-0.16,-0.01,-0.01,
1,54,-0.03,-10.07,-0.13,-0.01,-0.01,
1,54,-0.03,-10.07,-0.13,-0.01,-0.01,
1,54,-0.03,-10.07,-0.13,-0.01,-0.01,
1,54,0.06,-10.08,-0.07,-0.01,-0.01,
1,54,0.06,-10.08,-0.07,-0.01,-0.01,
1,54,0,-9.99,-0.15,-0.01,-0.01,
1,54,0,-9.99,-0.15,-0.01,-0.01,
1,54,0,-9.99,-0.15,-0.01,-0.01,
1,54,0.09,-9.98,-0.09,-0.01,-0.01,
1,54,0.09,-9.98,-0.09,0,-0.01,
1,54,0.09,-9.98,-0.09,0,-0.01,
1,54,0.01,-10.01,-0.11,0,-0.01,
1,54,0.01,-10.01,-0.11,0,-0.01,
1,54,0.01,-10.01,-0.11,0,-0.01,
1,54,0.02,-10.07,-0.13,-0.01,-0.01,
1,54,0.02,-10.07,-0.13,0,-0.01,
1,54,0.03,-10.03,-0.09,0,-0.01,
1,54,0.03,-10.03,-0.09,0,-0.01,
1,54,0.03,-10.03,-0.09,0,-0.01,
1,54,-0.01,-10.03,-0.13,0,-0.01,
1,54,-0.01,-10.03,-0.13,-0.01,-0.01,
1,54,-0.01,-10.03,-0.13,-0.01,-0.01,
1,54,0.04,-9.97,-0.11,-0.01,-0.01,
1,54,0.04,-9.97,-0.11,-0.01,-0.01,
1,54,0.04,-9.97,-0.11,-0.01,-0.01,
1,54,0,-10.03,-0.12,-0.01,-0.01,
1,54,0,-10.03,-0.12,-0.01,-0.01,
1,54,0,-10.03,-0.12,-0.01,-0.01,
1,54,0.03,-10.05,-0.11,-0.01,-0.01,
1,54,0.03,-10.05,-0.11,-0.01,-0.01,
1,54,0.03,-10.05,-0.11,0,-0.01,
1,54,0.01,-10.01,-0.18,-0.01,-0.01,
1,54,0.01,-10.01,-0.18,-0.01,-0.01,
1,54,0.01,-10.06,-0.11,-0.01,-0.01,
1,54,0.01,-10.06,-0.11,-0.01,-0.01,
1,54,0.01,-10.06,-0.11,-0.01,-0.01,
1,54,0.01,-10.04,-0.12,-0.01,-0.01,
1,54,0.01,-10.04,-0.12,-0.01,-0.01,
1,54,0.01,-10.04,-0.12,-0.01,-0.01,
1,54,0.01,-10.04,-0.11,-0.01,-0.01,
1,54,0.01,-10.04,-0.11,0,-0.01,
1,54,0.01,-10.04,-0.11,0,-0.01,
1,54,0.03,-10.07,-0.14,-0.01,-0.01,
1,54,0.03,-10.07,-0.14,0,-0.01,
1,54,0.03,-10.09,-0.11,0,-0.01,
1,54,0.03,-10.09,-0.11,-0.01,0,
1,54,0.03,-10.09,-0.11,0,-0.01,
1,54,0.01,-10.03,-0.12,0,-0.01,
1,54,0.01,-10.03,-0.12,-0.01,-0.01,
1,54,0.01,-10.03,-0.12,-0.01,-0.01,
1,54,0.03,-10.04,-0.11,-0.01,-0.01,
1,54,0.03,-10.04,-0.11,0,-0.01,
1,54,0.03,-10.04,-0.11,0,-0.01,
1,54,0.05,-10.02,-0.12,0,-0.01,
1,54,0.05,-10.02,-0.12,-0.01,-0.01,
1,54,0.05,-10.02,-0.12,-0.01,-0.01,
1,54,0.01,-9.99,-0.15,-0.01,-0.01,
1,54,0.01,-9.99,-0.15,-0.01,-0.01,
1,54,0.01,-9.99,-0.15,-0.01,0,
1,54,0.06,-10.04,-0.09,-0.01,0,
1,54,0.06,-10.04,-0.09,-0.01,-0.01,
1,54,0.06,-10.04,-0.09,-0.01,-0.01,
1,54,0,-10.04,-0.09,-0.01,-0.01,
1,54,0,-10.04,-0.09,-0.01,-0.01,
1,54,0,-10.04,-0.09,-0.01,-0.01,
1,54,-0.04,-10.05,-0.16,-0.01,-0.01,
1,54,-0.04,-10.05,-0.16,-0.01,-0.01,
1,54,0.05,-10.05,-0.12,-0.01,-0.01,
1,54,0.05,-10.05,-0.12,-0.01,-0.01,
1,54,0.05,-10.05,-0.12,-0.01,-0.01,
1,54,0.05,-10.02,-0.06,0,-0.01,
1,54,0.05,-10.02,-0.06,0,-0.01,
1,54,0.05,-10.02,-0.06,0,-0.01,
1,54,0.11,-10.03,-0.08,-0.01,-0.01,
1,54,0.11,-10.03,-0.08,-0.01,-0.01,
1,54,0.11,-10.03,-0.08,-0.01,-0.01,
1,54,-0.01,-10.03,-0.12,-0.01,-0.01,
1,55,-0.01,-10.03,-0.12,-0.01,-0.01,
1,55,-0.01,-10.03,-0.12,-0.01,-0.01,
1,55,0.01,-10.01,-0.21,0,-0.01,
1,55,0.01,-10.01,-0.21,-0.01,-0.01,
1,55,-0.01,-10.1,-0.14,-0.01,-0.01,
1,55,-0.01,-10.1,-0.14,-0.01,-0.01,
1,55,-0.01,-10.1,-0.14,0,-0.01,
1,55,-0.01,-10,-0.11,0,-0.01,
1,55,-0.01,-10,-0.11,0,-0.01,
1,55,-0.01,-10,-0.11,0,-0.01,
1,55,0,-10.03,-0.08,0,-0.01,
1,55,0,-10.03,-0.08,-0.01,-0.01,
1,55,0,-10.03,-0.08,-0.01,-0.01,
1,55,0.06,-9.98,-0.09,-0.01,-0.01,
1,55,0.06,-9.98,-0.09,-0.01,-0.01,
1,55,0.06,-9.98,-0.09,-0.01,-0.01,
1,55,0.06,-9.99,-0.07,-0.01,-0.01,
1,55,0.06,-9.99,-0.07,-0.01,-0.01,
1,55,0,-10.06,-0.13,-0.01,-0.01,
1,55,0,-10.06,-0.13,-0.01,-0.01,
1,55,0,-10.06,-0.13,-0.01,-0.01,
1,55,-0.01,-10.08,-0.12,-0.01,-0.01,
1,55,-0.01,-10.08,-0.12,-0.01,-0.01,
1,55,-0.01,-10.08,-0.12,-0.01,-0.01,
1,55,0.01,-10.02,-0.1,-0.01,-0.01,
1,55,0.01,-10.02,-0.1,-0.01,-0.01,
1,55,0.01,-10.02,-0.1,-0.01,-0.01,
1,55,-0.06,-10.03,-0.16,-0.01,-0.01,
1,55,-0.06,-10.03,-0.16,0,-0.01,
1,55,-0.06,-10.03,-0.16,0,-0.01,
1,55,0.01,-10.04,-0.09,0,0,
1,55,0.01,-10.04,-0.09,0,-0.01,
1,55,0.03,-10.04,-0.12,0,-0.01,
1,55,0.03,-10.04,-0.12,0,-0.01,
1,55,0.03,-10.04,-0.12,0,-0.01,
1,55,-0.01,-10.04,-0.09,0,-0.01,
1,55,-0.01,-10.04,-0.09,-0.01,-0.01,
1,55,-0.01,-10.04,-0.09,0,-0.01,
1,55,-0.01,-10.07,-0.1,0,-0.01,
1,55,-0.01,-10.07,-0.1,0,-0.01,
1,55,-0.01,-10.07,-0.1,-0.01,-0.01,
1,55,-0.02,-10.04,-0.17,-0.01,-0.01,
1,55,-0.02,-10.04,-0.17,-0.01,-0.01,
1,55,-0.02,-10.04,-0.17,-0.01,-0.01,
1,55,0.05,-10.01,-0.1,-0.01,-0.01,
1,55,0.05,-10.01,-0.1,-0.01,-0.01,
1,55,-0.01,-10.04,-0.13,-0.01,-0.01,
1,55,-0.01,-10.04,-0.13,-0.01,-0.01,
1,55,-0.01,-10.04,-0.13,-0.01,-0.01,
1,55,0.02,-10.07,-0.08,-0.01,-0.01,
1,55,0.02,-10.07,-0.08,-0.01,-0.01,
1,55,0.02,-10.07,-0.08,-0.01,-0.01,
1,55,0.04,-10.06,-0.11,-0.01,-0.01,
1,55,0.04,-10.06,-0.11,-0.01,-0.01,
1,55,0.04,-10.06,-0.11,-0.01,-0.01,
1,55,0.05,-10.04,-0.04,-0.01,-0.01,
1,55,0.05,-10.04,-0.04,-0.01,0,
1,55,0.02,-10.06,-0.08,-0.01,-0.01,
1,55,0.02,-10.06,-0.08,-0.01,-0.01,
1,55,0.02,-10.06,-0.08,0,-0.01,
1,55,0.05,-10.06,-0.15,-0.01,-0.01,
1,55,0.05,-10.06,-0.15,-0.01,-0.01,
1,55,0.05,-10.06,-0.15,-0.01,-0.01,
1,55,0.01,-10.04,-0.12,0,-0.01,
1,55,0.01,-10.04,-0.12,0,-0.01,
1,55,0.01,-10.04,-0.12,-0.01,-0.01,
1,55,0.08,-10,-0.12,0,-0.01,
1,55,0.08,-10,-0.12,0,-0.01,
1,55,0.08,-10,-0.12,-0.01,-0.01,
1,55,0,-10.02,-0.04,-0.01,-0.01,
1,55,0,-10.02,-0.04,-0.01,-0.01,
1,55,0,-10.02,-0.04,-0.01,-0.01,
1,55,0.07,-10.14,-0.18,-0.01,-0.01,
1,55,0.07,-10.14,-0.18,0,-0.01,
1,55,0.07,-10.14,-0.18,-0.01,-0.01,
1,55,0,-10.02,-0.17,-0.01,-0.01,
1,55,0,-10.02,-0.17,-0.01,-0.01,
1,55,0.03,-10.05,-0.16,-0.01,-0.01,
1,55,0.03,-10.05,-0.16,-0.01,-0.01,
1,55,0.03,-10.05,-0.16,-0.01,-0.01,
1,55,0.08,-10.03,-0.16,-0.01,-0.01,
1,55,0.08,-10.03,-0.16,-0.01,-0.01,
1,55,0.08,-10.03,-0.16,-0.01,-0.01,
1,55,-0.04,-10.07,-0.18,-0.01,-0.01,
1,55,-0.04,-10.07,-0.18,-0.01,-0.01,
1,55,-0.04,-10.07,-0.18,-0.01,0,
1,55,0.02,-10.02,-0.06,0,-0.01,
1,55,0.02,-10.02,-0.06,-0.01,0,
1,55,0.02,-10.02,-0.06,-0.01,0,
1,55,0.02,-10.04,-0.07,-0.01,-0.01,
1,55,0.02,-10.04,-0.07,0,-0.01,
1,55,0.02,-10.04,-0.07,0,-0.01,
1,55,0.09,-10.04,-0.11,-0.01,-0.01,
1,55,0.09,-10.04,-0.11,-0.01,-0.01,
1,55,0.09,-10.04,-0.11,-0.01,-0.01,
1,55,0.02,-10.06,-0.16,-0.01,-0.01,
1,55,0.02,-10.06,-0.16,0,-0.01,
1,55,0.02,-10.06,-0.16,0,-0.01,
1,55,0.03,-9.98,-0.14,-0.01,-0.01,
1,55,0.03,-9.98,-0.14,-0.01,-0.01,
1,55,0.1,-10.04,-0.12,-0.01,-0.01,
1,55,0.1,-10.04,-0.12,-0.01,-0.01,
1,55,0.1,-10.04,-0.12,-0.01,-0.01,
1,55,0.04,-10.06,-0.11,-0.01,-0.01,
1,55,0.04,-10.06,-0.11,0,-0.01,
1,55,0.04,-10.06,-0.11,-0.01,-0.01,
1,55,0,-10.04,-0.09,-0.01,-0.01,
1,55,0,-10.04,-0.09,-0.01,-0.01,
1,55,0,-10.04,-0.09,-0.01,-0.01,
1,55,-0.06,-10.03,-0.11,-0.01,-0.01,
1,55,-0.06,-10.03,-0.11,-0.01,-0.01,
1,55,-0.06,-10.03,-0.11,0,-0.01,
1,55,-0.04,-10.02,-0.08,0,-0.01,
1,55,-0.04,-10.02,-0.08,-0.01,-0.01,
1,55,-0.04,-10.02,-0.08,0,-0.01,
1,55,0.04,-10.03,-0.14,0,-0.01,
1,55,0.04,-10.03,-0.14,-0.01,-0.01,
1,55,0.05,-10.11,-0.11,-0.01,-0.01,
1,55,0.05,-10.11,-0.11,-0.01,-0.01,
1,55,0.05,-10.11,-0.11,0,-0.01,
1,55,-0.03,-10.05,-0.17,0,-0.01,
1,55,-0.03,-10.05,-0.17,0,-0.01,
1,55,-0.03,-10.05,-0.17,-0.01,-0.01,
1,55,0.07,-10.06,-0.1,0,-0.01,
1,55,0.07,-10.06,-0.1,0,-0.01,
1,55,0.07,-10.06,-0.1,-0.01,-0.01,
1,55,0.01,-10.02,-0.1,-0.01,-0.01,
1,55,0.01,-10.02,-0.1,-0.01,-0.01,
1,55,0.01,-10.02,-0.1,-0.01,-0.01,
1,55,-0.01,-10.07,-0.13,-0.01,-0.02,
1,55,-0.01,-10.07,-0.13,-0.01,-0.02,
1,55,-0.01,-10.07,-0.13,-0.01,-0.01,
1,55,0,-10.04,-0.11,-0.01,-0.01,
1,55,0,-10.04,-0.11,-0.01,-0.01,
1,55,-0.02,-10.09,-0.16,-0.01,-0.01,
1,55,-0.02,-10.09,-0.16,-0.01,-0.01,
1,55,-0.02,-10.09,-0.16,-0.01,-0.01,
1,55,0.01,-10.04,-0.11,-0.01,-0.01,
1,55,0.01,-10.04,-0.11,-0.01,-0.01,
1,55,0.01,-10.04,-0.11,-0.01,-0.01,
1,55,-0.01,-10.02,-0.13,0,-0.01,
1,55,-0.01,-10.02,-0.13,-0.01,-0.01,
1,55,-0.01,-10.02,-0.13,-0.01,-0.01,
1,55,0.03,-10.07,-0.1,-0.01,-0.01,
1,55,0.03,-10.07,-0.1,-0.01,-0.01,
1,55,0.03,-10.07,-0.1,-0.01,-0.01,
1,55,0.06,-10.04,-0.14,-0.01,-0.01,
1,55,0.06,-10.04,-0.14,-0.01,-0.01,
1,55,0.06,-10.04,-0.14,0,-0.01,
1,55,0.08,-10,-0.1,0,-0.01,
1,55,0.08,-10,-0.1,-0.01,-0.01,
1,55,0,-10.02,-0.07,-0.01,-0.01,
1,56,0,-10.02,-0.07,-0.01,-0.01,
1,56,0,-10.02,-0.07,-0.01,-0.01,
1,56,0.05,-10.02,-0.07,-0.01,-0.01,
1,56,0.05,-10.02,-0.07,-0.01,-0.01,
1,56,0.05,-10.02,-0.07,-0.01,-0.02,
1,56,0,-10.03,-0.15,-0.01,-0.01,
1,56,0,-10.03,-0.15,-0.01,-0.01,
1,56,0,-10.03,-0.15,0,-0.01,
1,56,0.01,-10.08,-0.1,0,-0.01,
1,56,0.01,-10.08,-0.1,0,-0.01,
1,56,0.01,-10.08,-0.1,0,-0.01,
1,56,0,-10.07,-0.12,0,-0.01,
1,56,0,-10.07,-0.12,0,-0.01,
1,56,0,-10.07,-0.12,-0.01,-0.01,
1,56,0.02,-10.03,-0.08,-0.01,-0.01,
1,56,0.02,-10.03,-0.08,-0.01,-0.01,
1,56,0.02,-10.03,-0.08,-0.01,-0.01,
1,56,0.01,-10.01,-0.08,-0.01,-0.01,
1,56,0.01,-10.01,-0.08,-0.01,-0.01,
1,56,0.01,-9.98,-0.1,0,-0.01,
1,56,0.01,-9.98,-0.1,-0.01,-0.01,
1,56,0.06,-9.99,-0.1,-0.01,-0.01,
1,56,0.06,-9.99,-0.1,-0.01,-0.01,
1,56,0.06,-9.99,-0.1,-0.01,-0.01,
1,56,0.01,-10.11,-0.18,-0.01,-0.01,
1,56,0.01,-10.11,-0.18,0,-0.01,
1,56,0.01,-10.11,-0.18,0,-0.01,
1,56,0.02,-10.07,-0.1,-0.01,-0.01,
1,56,0.02,-10.07,-0.1,0,-0.01,
1,56,0.02,-10.07,-0.1,0,-0.01,
1,56,0.03,-9.99,-0.17,-0.01,-0.01,
1,56,0.03,-9.99,-0.17,-0.01,-0.01,
1,56,0.03,-9.99,-0.17,-0.01,-0.01,
1,56,0.04,-10.06,-0.11,-0.01,-0.01,
1,56,0.04,-10.06,-0.11,-0.01,-0.01,
1,56,0,-10.07,-0.11,-0.01,-0.01,
1,56,0,-10.07,-0.11,0,-0.01,
1,56,0,-10.07,-0.11,-0.01,-0.01,
1,56,-0.05,-9.99,-0.15,-0.01,-0.01,
1,56,-0.05,-9.99,-0.15,-0.01,-0.01,
1,56,-0.05,-9.99,-0.15,-0.01,-0.01,
1,56,0.06,-10.08,-0.08,-0.01,-0.01,
1,56,0.06,-10.08,-0.08,-0.01,-0.01,
1,56,0.06,-10.08,-0.08,-0.01,-0.01,
1,56,0.01,-10,-0.11,-0.01,-0.01,
1,56,0.01,-10,-0.11,-0.01,-0.01,
1,56,0.01,-10,-0.11,-0.01,-0.01,
1,56,0,-10.05,-0.15,-0.01,-0.01,
1,56,0,-10.05,-0.15,-0.01,-0.01,
1,56,0,-10.05,-0.15,-0.01,-0.01,
1,56,0.1,-10.03,-0.14,-0.01,-0.01,
1,56,0.1,-10.03,-0.14,-0.01,-0.01,
1,56,0,-10.01,-0.09,0,-0.01,
1,56,0,-10.01,-0.09,0,-0.01,
1,56,0,-10.01,-0.09,0,-0.01,
1,56,0.09,-10.03,-0.09,-0.01,-0.01,
1,56,0.09,-10.03,-0.09,-0.01,-0.01,
1,56,0.09,-10.03,-0.09,-0.01,-0.01,
1,56,-0.01,-10.04,-0.14,-0.01,-0.01,
1,56,-0.01,-10.04,-0.14,-0.01,-0.01,
1,56,-0.01,-10.04,-0.14,-0.01,-0.01,
1,56,0.02,-10.08,-0.14,-0.01,-0.01,
1,56,0.02,-10.08,-0.14,-0.01,-0.01,
1,56,0.02,-10.08,-0.14,-0.01,-0.01,
1,56,0.04,-9.98,-0.11,-0.01,-0.01,
1,56,0.04,-9.98,-0.11,-0.01,-0.01,
1,56,0.04,-9.98,-0.11,-0.01,-0.01,
1,56,0.04,-10.05,-0.08,-0.01,-0.01,
1,56,0.04,-10.05,-0.08,0,-0.01,
1,56,-0.03,-10.01,-0.11,0,-0.01,
1,56,-0.03,-10.01,-0.11,-0.01,-0.01,
1,56,-0.03,-10.01,-0.11,-0.01,-0.01,
1,56,0.08,-10.06,-0.17,-0.01,-0.01,
1,56,0.08,-10.06,-0.17,-0.01,-0.01,
1,56,0.08,-10.06,-0.17,0,-0.01,
1,56,0.01,-9.99,-0.18,0,-0.01,
1,56,0.01,-9.99,-0.18,-0.01,-0.01,
1,56,0.01,-9.99,-0.18,-0.01,-0.01,
1,56,0.03,-10.09,-0.14,-0.01,-0.01,
1,56,0.03,-10.09,-0.14,0,-0.01,
1,56,0.03,-10.09,-0.14,-0.01,-0.01,
1,56,-0.05,-10.02,-0.14,-0.01,-0.01,
1,56,-0.05,-10.02,-0.14,-0.01,-0.01,
1,56,-0.05,-10.02,-0.14,-0.01,-0.01,
1,56,-0.05,-10.11,-0.06,-0.01,-0.01,
1,56,-0.05,-10.11,-0.06,-0.01,-0.01,
1,56,0,-9.99,-0.14,0,-0.01,
1,56,0,-9.99,-0.14,0,-0.01,
1,56,0,-9.99,-0.14,0,-0.01,
1,56,0,-10.06,-0.1,-0.01,-0.01,
1,56,0,-10.06,-0.1,-0.01,-0.01,
1,56,0,-10.06,-0.1,-0.01,-0.01,
1,56,0.05,-9.97,-0.07,0,-0.01,
1,56,0.05,-9.97,-0.07,0,-0.01,
1,56,0.05,-9.97,-0.07,-0.01,-0.01,
1,56,0.03,-10.06,-0.08,-0.01,-0.01,
1,56,0.03,-10.06,-0.08,-0.01,-0.01,
1,56,0.03,-10.06,-0.08,0,-0.01,
1,56,0.03,-9.97,-0.16,-0.01,-0.01,
1,56,0.03,-9.97,-0.16,-0.01,-0.01,
1,56,0.03,-9.97,-0.16,0,-0.01,
1,56,0,-10.04,-0.11,-0.01,-0.01,
1,56,0,-10.04,-0.11,-0.01,-0.01,
1,56,0.02,-10,-0.11,-0.01,-0.01,
1,56,0.02,-10,-0.11,0,-0.01,
1,56,0.02,-10,-0.11,0,-0.01,
1,56,0,-10.06,-0.08,-0.01,-0.01,
1,56,0,-10.06,-0.08,-0.01,-0.01,
1,56,0,-10.06,-0.08,-0.01,-0.01,
1,56,0.02,-10,-0.08,-0.01,-0.02,
1,56,0.02,-10,-0.08,-0.01,-0.01,
1,56,0.02,-10,-0.08,-0.01,-0.01,
1,56,0.02,-10.03,-0.08,0,-0.01,
1,56,0.02,-10.03,-0.08,-0.01,-0.01,
1,56,0.02,-10.03,-0.08,-0.01,-0.01,
1,56,0.01,-10.03,-0.07,-0.01,-0.01,
1,56,0.01,-10.03,-0.07,0,-0.01,
1,56,0.01,-10.03,-0.07,0,-0.01,
1,56,0,-10.03,-0.14,-0.01,-0.01,
1,56,0,-10.03,-0.14,-0.01,-0.01,
1,56,0,-10.03,-0.14,-0.01,-0.01,
1,56,0.06,-10.1,-0.15,-0.01,-0.01,
1,56,0.06,-10.1,-0.15,-0.01,-0.01,
1,56,0.06,-10.1,-0.15,-0.01,-0.01,
1,56,0.06,-10.03,-0.13,0,-0.01,
1,56,0.06,-10.03,-0.13,-0.01,-0.01,
1,56,0.06,-10.03,-0.13,-0.01,-0.01,
1,56,0.03,-10.06,-0.11,0,-0.01,
1,56,0.03,-10.06,-0.11,-0.01,-0.01,
1,56,0.03,-10.06,-0.11,-0.01,-0.01,
1,56,-0.02,-10.08,-0.14,0,-0.01,
1,56,-0.02,-10.08,-0.14,0,0,
1,56,-0.03,-10.02,-0.07,0,0,
1,56,-0.03,-10.02,-0.07,-0.01,-0.01,
1,56,-0.03,-10.02,-0.07,-0.01,-0.01,
1,56,0.01,-10.09,-0.09,-0.01,-0.01,
1,56,0.01,-10.09,-0.09,0,-0.01,
1,56,0.01,-10.09,-0.09,0,-0.01,
1,56,0.07,-10.04,-0.06,0,-0.01,
1,56,0.07,-10.04,-0.06,-0.01,-0.01,
1,56,0.07,-10.04,-0.06,-0.01,-0.01,
1,56,0.05,-10.02,-0.15,-0.01,-0.01,
1,56,0.05,-10.02,-0.15,0,-0.01,
1,56,0.01,-10.03,-0.16,0,-0.01,
1,56,0.01,-10.03,-0.16,-0.01,-0.01,
1,56,0.01,-10.03,-0.16,-0.01,-0.01,
1,56,0.06,-10,-0.18,0,-0.01,
1,56,0.06,-10,-0.18,-0.01,-0.01,
1,56,0.06,-10,-0.18,-0.01,-0.01,
1,57,0.02,-10.08,-0.07,-0.01,-0.01,
1,57,0.02,-10.08,-0.07,-0.01,-0.01,
1,57,0.02,-10.08,-0.07,-0.01,-0.01,
1,57,0.03,-10.02,-0.11,0,-0.01,
1,57,0.03,-10.02,-0.11,-0.01,-0.01,
1,57,0.03,-10.02,-0.11,-0.01,-0.01,
1,57,0.04,-10.05,-0.17,-0.01,-0.01,
1,57,0.04,-10.05,-0.17,-0.01,-0.01,
1,57,0.04,-10.05,-0.17,-0.01,-0.01,
1,57,0.05,-10.03,-0.14,-0.01,-0.01,
1,57,0.05,-10.03,-0.14,-0.01,-0.01,
1,57,-0.04,-10.05,-0.13,-0.01,-0.01,
1,57,-0.04,-10.05,-0.13,-0.01,-0.01,
1,57,-0.04,-10.05,-0.13,-0.01,-0.01,
1,57,-0.01,-10.09,-0.16,-0.01,-0.01,
1,57,-0.01,-10.09,-0.16,-0.01,-0.01,
1,57,-0.01,-10.09,-0.16,-0.01,-0.01,
1,57,-0.03,-10.03,-0.06,-0.01,-0.01,
1,57,-0.03,-10.03,-0.06,-0.01,-0.01,
1,57,-0.03,-10.03,-0.06,-0.01,-0.01,
1,57,0.02,-10.04,-0.11,-0.01,-0.01,
1,57,0.02,-10.04,-0.11,-0.01,-0.01,
1,57,0.02,-10.04,-0.11,-0.01,-0.01,
1,57,0.02,-10.02,-0.03,-0.01,-0.01,
1,57,0.02,-10.02,-0.03,-0.01,-0.01,
1,57,0.02,-10.02,-0.03,-0.01,-0.01,
1,57,0.03,-10.03,-0.15,-0.01,-0.01,
1,57,0.03,-10.03,-0.15,-0.01,-0.01,
1,57,0.03,-10.01,-0.14,0,-0.02,
1,57,0.03,-10.01,-0.14,0,-0.02,
1,57,0.03,-10.01,-0.14,-0.01,-0.01,
1,57,0.03,-10.04,-0.09,-0.01,-0.01,
1,57,0.03,-10.04,-0.09,-0.01,-0.01,
1,57,0.03,-10.04,-0.09,-0.01,-0.01,
1,57,0.02,-10,-0.11,-0.01,-0.01,
1,57,0.02,-10,-0.11,-0.01,-0.01,
1,57,0.02,-10,-0.11,-0.01,-0.01,
1,57,0,-10.01,-0.11,-0.01,-0.01,
1,57,0,-10.01,-0.11,-0.01,-0.01,
1,57,0,-10.01,-0.11,-0.01,-0.01,
1,57,0.01,-10.03,-0.14,0,-0.01,
1,57,0.01,-10.03,-0.14,0,-0.01,
1,57,0.05,-10.06,-0.11,0,-0.01,
1,57,0.05,-10.06,-0.11,-0.01,-0.01,
1,57,0.05,-10.06,-0.11,-0.01,-0.01,
1,57,0.06,-10.03,-0.13,-0.01,-0.01,
1,57,0.06,-10.03,-0.13,-0.01,-0.01,
1,57,0.06,-10.03,-0.13,-0.01,-0.01,
1,57,-0.01,-9.98,-0.14,-0.01,-0.01,
1,57,-0.01,-9.98,-0.14,-0.01,-0.01,
1,57,-0.01,-9.98,-0.14,-0.01,-0.01,
1,57,-0.04,-10.07,-0.12,-0.01,-0.01,
1,57,-0.04,-10.07,-0.12,-0.01,-0.01,
1,57,-0.04,-10.07,-0.12,-0.01,-0.01,
1,57,0.03,-10.02,-0.1,-0.01,-0.01,
1,57,0.03,-10.02,-0.1,-0.01,-0.01,
1,57,0.03,-10.02,-0.1,0,-0.01,
1,57,-0.05,-10.02,-0.08,0,-0.01,
1,57,-0.05,-10.02,-0.08,-0.01,-0.01,
1,57,0.02,-10.02,-0.11,0,-0.01,
1,57,0.02,-10.02,-0.11,0,-0.01,
1,57,0.02,-10.02,-0.11,-0.01,-0.01,
1,57,-0.03,-10.01,-0.14,-0.01,0,
1,57,-0.03,-10.01,-0.14,-0.01,0,
1,57,-0.03,-10.01,-0.14,-0.01,-0.01,
1,57,0.01,-10.02,-0.13,0,-0.01,
1,57,0.01,-10.02,-0.13,0,-0.01,
1,57,0.01,-10.02,-0.13,0,-0.01,
1,57,0.07,-10.03,-0.11,0,-0.01,
1,57,0.07,-10.03,-0.11,0,-0.01,
1,57,0.07,-10.03,-0.11,-0.01,-0.01,
1,57,0.09,-9.98,-0.13,-0.01,-0.01,
1,57,0.09,-9.98,-0.13,-0.01,-0.01,
1,57,0.09,-9.98,-0.13,0,-0.01,
1,57,0.05,-10.08,-0.1,-0.01,-0.01,
1,57,0.05,-10.08,-0.1,-0.01,-0.01,
1,57,0.05,-10.08,-0.1,-0.01,-0.01,
1,57,0,-10.02,-0.13,-0.01,-0.01,
1,57,0,-10.02,-0.13,-0.01,-0.01,
1,57,0,-10.02,-0.13,0,-0.01,
1,57,0.05,-10.11,-0.11,-0.01,-0.01,
1,57,0.05,-10.11,-0.11,-0.01,-0.01,
1,57,0.05,-10.11,-0.11,0,-0.01,
1,57,0.06,-9.92,-0.03,-0.01,-0.01,
1,57,0.06,-9.92,-0.03,-0.01,-0.01,
1,57,0.05,-10.05,-0.11,-0.01,-0.01,
1,57,0.05,-10.05,-0.11,0,-0.01,
1,57,0.05,-10.05,-0.11,0,-0.01,
1,57,0.04,-10.01,-0.13,0,-0.01,
1,57,0.04,-10.01,-0.13,-0.01,-0.01,
1,57,0.04,-10.01,-0.13,-0.01,-0.01,
1,57,0.01,-10.05,-0.11,-0.01,-0.01,
1,57,0.01,-10.05,-0.11,-0.01,-0.01,
1,57,0.01,-10.05,-0.11,-0.01,-0.01,
1,57,-0.02,-10.01,-0.07,-0.01,-0.01,
1,57,-0.02,-10.01,-0.07,-0.01,-0.01,
1,57,-0.02,-10.01,-0.07,-0.01,-0.01,
1,57,0.07,-9.99,-0.11,-0.01,-0.01,
1,57,0.07,-9.99,-0.11,-0.01,-0.01,
1,57,0.07,-9.99,-0.11,-0.01,-0.01,
1,57,0,-10.01,-0.12,-0.01,-0.01,
1,57,0,-10.01,-0.12,-0.01,-0.01,
1,57,0.03,-10.08,-0.09,-0.01,-0.01,
1,57,0.03,-10.08,-0.09,0,-0.01,
1,57,0.03,-10.08,-0.09,-0.01,-0.01,
1,57,0.01,-10,-0.11,-0.01,-0.01,
1,57,0.01,-10,-0.11,-0.01,-0.01,
1,57,0.01,-10,-0.11,-0.01,-0.01,
1,57,0.03,-10.05,-0.07,-0.01,-0.01,
1,57,0.03,-10.05,-0.07,-0.01,-0.01,
1,57,0.03,-10.05,-0.07,-0.01,-0.01,
1,57,0.05,-10.07,-0.11,-0.01,-0.01,
1,57,0.05,-10.07,-0.11,-0.01,-0.01,
1,57,0.05,-10.07,-0.11,0,-0.01,
1,57,-0.01,-10.02,-0.16,0,-0.01,
1,57,-0.01,-10.02,-0.16,0,-0.01,
1,57,-0.01,-10.02,-0.16,-0.01,-0.01,
1,57,0.03,-10.03,-0.11,-0.01,-0.01,
1,57,0.03,-10.03,-0.11,-0.01,-0.01,
1,57,0.01,-10.05,-0.05,-0.01,-0.01,
1,57,0.01,-10.05,-0.05,-0.01,-0.01,
1,57,0.01,-10.05,-0.05,-0.01,-0.01,
1,57,0.03,-10,-0.11,0,-0.01,
1,57,0.03,-10,-0.11,-0.01,-0.01,
1,57,0.03,-10,-0.11,-0.01,-0.01,
1,57,0.05,-10.06,-0.11,-0.01,-0.01,
1,57,0.05,-10.06,-0.11,-0.01,-0.01,
1,57,0.05,-10.06,-0.11,-0.01,-0.01,
1,57,-0.02,-10.02,-0.06,-0.01,-0.01,
1,57,-0.02,-10.02,-0.06,-0.01,-0.01,
1,57,-0.02,-10.02,-0.06,-0.01,-0.01,
1,57,0,-10.03,-0.12,-0.01,-0.01,
1,57,0,-10.03,-0.12,0,-0.01,
1,57,0,-10.03,-0.12,0,-0.01,
1,57,0.04,-10.03,-0.07,0,-0.01,
1,57,0.04,-10.03,-0.07,-0.01,-0.01,
1,57,0.04,-10.09,-0.11,-0.01,-0.01,
1,57,0.04,-10.09,-0.11,-0.01,-0.01,
1,57,0.04,-10.09,-0.11,-0.01,-0.01,
1,57,-0.01,-10.02,-0.09,-0.01,-0.01,
1,57,-0.01,-10.02,-0.09,0,-0.01,
1,57,-0.01,-10.02,-0.09,-0.01,-0.01,
1,57,0,-10.04,-0.13,-0.01,-0.01,
1,57,0,-10.04,-0.13,-0.01,-0.01,
1,57,0,-10.04,-0.13,-0.01,-0.01,
1,57,0,-10.02,-0.06,-0.01,-0.01,
1,57,0,-10.02,-0.06,-0.01,-0.01,
1,57,0,-10.02,-0.06,-0.01,-0.01,
1,57,0.08,-10.03,-0.14,-0.01,-0.01,
1,57,0.08,-10.03,-0.14,-0.01,-0.01,
1,57,0.08,-10.03,-0.14,0,-0.01,
1,57,0.07,-10.02,-0.13,0,-0.01,
1,57,0.07,-10.02,-0.13,-0.01,-0.01,
1,57,0.07,-10.02,-0.13,-0.01,-0.02,
1,58,0.07,-10.07,-0.12,-0.01,-0.02,
1,58,0.07,-10.07,-0.12,-0.01,-0.01,
1,58,0,-10,-0.14,-0.01,-0.01,
1,58,0,-10,-0.14,-0.01,-0.01,
1,58,0,-10,-0.14,0,-0.01,
1,58,0.01,-10.07,-0.13,-0.01,-0.01,
1,58,0.01,-10.07,-0.13,-0.01,-0.01,
1,58,0.01,-10.07,-0.13,0,-0.01,
1,58,-0.03,-10.04,-0.1,-0.01,-0.01,
1,58,-0.03,-10.04,-0.1,-0.01,-0.01,
1,58,-0.03,-10.04,-0.1,-0.01,-0.01,
1,58,0,-10.08,-0.13,-0.01,-0.01,
1,58,0,-10.08,-0.13,-0.01,-0.01,
1,58,0,-10.08,-0.13,-0.01,-0.01,
1,58,0.03,-10.04,-0.1,-0.01,-0.01,
1,58,0.03,-10.04,-0.1,-0.01,-0.01,
1,58,0.03,-10.04,-0.1,-0.01,-0.01,
1,58,0.06,-10.07,-0.05,-0.01,-0.01,
1,58,0.06,-10.07,-0.05,-0.01,-0.01,
1,58,0.06,-10.07,-0.05,0,-0.01,
1,58,0.06,-9.97,-0.11,0,-0.01,
1,58,0.06,-9.97,-0.11,0,-0.01,
1,58,0.07,-10.04,-0.09,-0.01,-0.01,
1,58,0.07,-10.04,-0.09,-0.01,-0.01,
1,58,0.07,-10.04,-0.09,-0.01,-0.01,
1,58,0.09,-10.02,-0.13,-0.01,-0.01,
1,58,0.09,-10.02,-0.13,-0.01,-0.01,
1,58,0.09,-10.02,-0.13,-0.01,-0.01,
1,58,0.04,-10.07,-0.11,-0.01,-0.01,
1,58,0.04,-10.07,-0.11,-0.01,-0.01,
1,58,0.04,-10.07,-0.11,-0.01,-0.01,
1,58,0.04,-10.07,-0.14,-0.01,-0.01,
1,58,0.04,-10.07,-0.14,0,-0.01,
1,58,0.04,-10.07,-0.14,0,-0.01,
1,58,-0.03,-10.03,-0.09,0,-0.01,
1,58,-0.03,-10.03,-0.09,0,-0.01,
1,58,-0.04,-10.11,-0.1,-0.01,-0.01,
1,58,-0.04,-10.11,-0.1,-0.01,-0.01,
1,58,-0.04,-10.11,-0.1,0,-0.01,
1,58,0.06,-10.06,-0.11,-0.01,-0.01,
1,58,0.06,-10.06,-0.11,-0.01,-0.01,
1,58,0.06,-10.06,-0.11,0,-0.01,
1,58,0.09,-10.02,-0.13,-0.01,-0.01,
1,58,0.09,-10.02,-0.13,-0.01,-0.01,
1,58,0.09,-10.02,-0.13,0,-0.01,
1,58,-0.01,-10.08,-0.14,-0.01,-0.01,
1,58,-0.01,-10.08,-0.14,-0.01,-0.01,
1,58,-0.01,-10.08,-0.14,-0.01,-0.01,
1,58,0.05,-9.99,-0.13,-0.01,0,
1,58,0.05,-9.99,-0.13,-0.01,0,
1,58,0.05,-9.99,-0.13,0,-0.01,
1,58,-0.09,-9.97,-0.07,-0.01,-0.01,
1,58,-0.09,-9.97,-0.07,-0.01,-0.01,
1,58,-0.09,-9.97,-0.07,0,-0.01,
1,58,0.13,-9.97,-0.06,-0.01,-0.01,
1,58,0.13,-9.97,-0.06,-0.01,-0.01,
1,58,-0.14,-10.08,-0.12,-0.01,-0.01,
1,58,-0.14,-10.08,-0.12,-0.01,-0.01,
1,58,-0.14,-10.08,-0.12,-0.01,-0.01,
1,58,-0.31,-10.28,-0.49,-0.01,-0.01,
1,58,-0.31,-10.28,-0.49,0,-0.01,
1,58,-0.31,-10.28,-0.49,0,-0.01,
1,58,0,-10.04,-0.36,0,-0.01,
1,58,0,-10.04,-0.36,-0.01,-0.01,
1,58,0,-10.04,-0.36,-0.01,-0.01,
1,58,0.16,-9.96,-0.07,0,-0.01,
1,58,0.16,-9.96,-0.07,-0.01,-0.01,
1,58,0.16,-9.96,-0.07,-0.01,-0.01,
1,58,0.19,-9.86,-0.01,-0.01,-0.01,
1,58,0.19,-9.86,-0.01,-0.01,-0.01,
1,58,0.19,-9.86,-0.01,-0.01,-0.01,
1,58,-0.15,-10.14,-0.16,-0.01,0,
1,58,-0.15,-10.14,-0.16,-0.01,-0.01,
1,58,0.09,-9.99,-0.09,-0.01,-0.01,
1,58,0.09,-9.99,-0.09,0,-0.01,
1,58,0.09,-9.99,-0.09,0,-0.02,
1,58,0.15,-9.98,0,0,-0.02,
1,58,0.15,-9.98,0,0,-0.01,
1,58,0.15,-9.98,0,-0.01,-0.01,
1,58,0.08,-10.04,-0.17,-0.01,-0.01,
1,58,0.08,-10.04,-0.17,-0.01,-0.01,
1,58,0.08,-10.04,-0.17,-0.01,-0.01,
1,58,-0.24,-10.14,-0.21,-0.01,-0.01,
1,58,-0.24,-10.14,-0.21,-0.01,-0.01,
1,58,-0.24,-10.14,-0.21,0,-0.01,
1,58,-0.02,-10.09,-0.15,0,-0.01,
1,58,-0.02,-10.09,-0.15,0,-0.01,
1,58,-0.02,-10.09,-0.15,0,-0.01,
1,58,0.14,-9.95,0.04,0,-0.01,
1,58,0.14,-9.95,0.04,-0.01,-0.01,
1,58,0.08,-9.98,-0.09,-0.01,-0.01,
1,58,0.08,-9.98,-0.09,-0.01,-0.01,
1,58,0.08,-9.98,-0.09,-0.01,-0.01,
1,58,-0.06,-10.09,-0.2,-0.01,-0.01,
1,58,-0.06,-10.09,-0.2,-0.01,-0.01,
1,58,-0.06,-10.09,-0.2,-0.01,-0.01,
1,58,0,-10.06,-0.18,-0.01,-0.01,
1,58,0,-10.06,-0.18,-0.01,-0.01,
1,58,0,-10.06,-0.18,0,-0.01,
1,58,0.11,-9.96,-0.02,-0.01,-0.01,
1,58,0.11,-9.96,-0.02,-0.01,-0.01,
1,58,0.11,-9.96,-0.02,0,-0.01,
1,58,0.06,-10.03,-0.09,-0.01,-0.01,
1,58,0.06,-10.03,-0.09,-0.01,-0.01,
1,58,0.06,-10.03,-0.09,-0.01,-0.01,
1,58,-0.13,-10.08,-0.19,-0.01,-0.01,
1,58,-0.13,-10.08,-0.19,-0.01,-0.01,
1,58,-0.13,-10.08,-0.19,-0.01,-0.02,
1,58,-0.13,-10.06,-0.11,-0.01,-0.01,
1,58,-0.13,-10.06,-0.11,-0.01,-0.01,
1,58,-0.13,-10.06,-0.11,0,-0.01,
1,58,0.15,-10.01,-0.07,-0.01,-0.01,
1,58,0.15,-10.01,-0.07,-0.01,-0.01,
1,58,0.15,-10.01,-0.07,-0.01,0,
1,58,0.1,-9.99,-0.1,-0.01,-0.01,
1,58,0.1,-9.99,-0.1,-0.01,-0.01,
1,58,0.1,-9.99,-0.1,-0.01,-0.01,
1,58,-0.06,-10.04,-0.18,-0.01,-0.01,
1,58,-0.06,-10.04,-0.18,-0.01,-0.01,
1,58,-0.11,-10.09,-0.17,0,-0.01,
1,58,-0.11,-10.09,-0.17,0,-0.01,
1,58,-0.11,-10.09,-0.17,0,-0.01,
1,58,0.19,-9.96,-0.08,0,-0.01,
1,58,0.19,-9.96,-0.08,-0.01,-0.01,
1,58,0.19,-9.96,-0.08,-0.01,-0.01,
1,58,-0.03,-10,0,-0.01,-0.01,
1,58,-0.03,-10,0,0,-0.01,
1,58,-0.03,-10,0,0,-0.01,
1,58,0.04,-10.05,-0.13,-0.01,-0.01,
1,58,0.04,-10.05,-0.13,-0.01,-0.01,
1,58,0.04,-10.05,-0.13,-0.01,-0.01,
1,58,-0.18,-10.06,-0.18,-0.01,-0.01,
1,58,-0.18,-10.06,-0.18,-0.01,-0.01,
1,58,-0.18,-10.06,-0.18,-0.01,-0.01,
1,58,0.21,-10.03,-0.09,-0.01,-0.01,
1,58,0.21,-10.03,-0.09,-0.01,-0.01,
1,58,0.03,-9.99,-0.02,-0.01,-0.01,
1,58,0.03,-9.99,-0.02,-0.01,-0.01,
1,58,0.03,-9.99,-0.02,-0.01,-0.01,
1,58,-0.06,-10.07,-0.15,-0.01,-0.01,
1,58,-0.06,-10.07,-0.15,-0.01,-0.01,
1,58,-0.06,-10.07,-0.15,-0.01,-0.01,
1,58,0.01,-10.09,-0.21,-0.01,-0.01,
1,58,0.01,-10.09,-0.21,0,-0.01,
1,58,0.01,-10.09,-0.21,-0.01,-0.01,
1,58,0.06,-9.9,-0.06,-0.01,-0.01,
1,58,0.06,-9.9,-0.06,-0.01,-0.01,
1,58,0.06,-9.9,-0.06,-0.01,-0.01,
1,58,0.09,-9.98,0.02,-0.01,-0.01,
1,58,0.09,-9.98,0.02,-0.01,-0.01,
1,58,0.09,-9.98,0.02,-0.01,-0.01,
1,58,-0.02,-10.01,-0.12,-0.01,-0.01,
1,58,-0.02,-10.01,-0.12,-0.01,-0.01,
1,59,-0.02,-10.01,-0.12,0,-0.01,
1,59,-0.08,-10.06,-0.06,0,-0.01,
1,59,-0.08,-10.06,-0.06,-0.01,-0.01,
1,59,0.09,-9.91,-0.08,-0.01,-0.01,
1,59,0.09,-9.91,-0.08,-0.01,-0.01,
1,59,0.09,-9.91,-0.08,0,-0.01,
1,59,-0.15,-9.75,-0.15,-0.01,-0.01,
1,59,-0.15,-9.75,-0.15,-0.01,-0.01,
1,59,-0.15,-9.75,-0.15,-0.01,-0.01,
1,59,-0.15,-10,-0.15,-0.01,-0.01,
1,59,-0.15,-10,-0.15,-0.01,-0.01,
1,59,-0.15,-10,-0.15,-0.01,-0.01,
1,59,-0.05,-10.03,-0.12,-0.02,-0.01,
1,59,-0.05,-10.03,-0.12,-0.01,-0.01,
1,59,-0.05,-10.03,-0.12,-0.01,-0.01,
1,59,0.36,-9.95,0.02,-0.02,0,
1,59,0.36,-9.95,0.02,0.01,-0.01,
1,59,0.36,-9.95,0.02,0.01,-0.01,
1,59,0.43,-10.15,-0.39,0,0,
1,59,0.43,-10.15,-0.39,0.01,0.03,
1,59,-0.57,-9.63,1.18,0.01,0.03,
1,59,-0.57,-9.63,1.18,-0.04,-0.01,
1,59,-0.57,-9.63,1.18,-0.03,0.01,
1,59,-0.94,-10.14,-0.71,-0.03,0.01,
1,59,-0.94,-10.14,-0.71,0,0.03,
1,59,-0.94,-10.14,-0.71,-0.01,0.03,
1,59,0.37,-9.92,-0.01,-0.01,0.03,
1,59,0.37,-9.92,-0.01,-0.01,0.02,
1,59,0.37,-9.92,-0.01,0,0.04,
1,59,-0.04,-10.01,-0.23,0,0.04,
1,59,-0.04,-10.01,-0.23,0.01,0.07,
1,59,-0.04,-10.01,-0.23,0,0.04,
1,59,-0.32,-9.97,-0.23,0,0.04,
1,59,-0.32,-9.97,-0.23,0.01,0,
1,59,-0.32,-9.97,-0.23,0.01,0,
1,59,-0.3,-10.03,-0.15,0.02,-0.01,
1,59,-0.3,-10.03,-0.15,0.01,-0.02,
1,59,-0.3,-10.03,-0.15,0.01,-0.02,
1,59,0.88,-10.1,-0.65,-0.01,-0.01,
1,59,0.88,-10.1,-0.65,0.01,-0.01,
1,59,0.88,-10.1,-0.65,0.01,-0.01,
1,59,-0.53,-10.18,-0.05,-0.01,-0.01,
1,59,-0.53,-10.18,-0.05,-0.01,-0.01,
1,59,-0.53,-10.18,-0.05,-0.01,-0.01,
1,59,0.1,-9.92,-0.12,-0.01,-0.01,
1,59,0.1,-9.92,-0.12,-0.01,-0.01,
1,59,0.1,-9.92,-0.12,-0.01,-0.01,
1,59,0.04,-9.87,0.01,0,-0.01,
1,59,0.04,-9.87,0.01,-0.01,0,
1,59,0.04,-9.87,0.01,-0.01,0,
1,59,0.05,-10.07,-0.21,-0.01,-0.01,
1,59,0.05,-10.07,-0.21,-0.01,-0.01,
1,59,-0.04,-10.11,-0.17,-0.01,-0.01,
1,59,-0.04,-10.11,-0.17,-0.01,-0.01,
1,59,-0.04,-10.11,-0.17,-0.01,-0.02,
1,59,0.1,-9.97,0.2,-0.01,-0.02,
1,59,0.1,-9.97,0.2,-0.01,-0.01,
1,59,0.1,-9.97,0.2,-0.01,0,
1,59,0.04,-9.98,-0.18,-0.01,0,
1,59,0.04,-9.98,-0.18,-0.01,-0.01,
1,59,0.04,-9.98,-0.18,-0.01,-0.01,
1,59,-0.02,-9.98,-0.2,-0.01,-0.01,
1,59,-0.02,-9.98,-0.2,0,0,
1,59,-0.02,-9.98,-0.2,0,-0.01,
1,59,-0.05,-10.04,-0.11,0,-0.01,
1,59,-0.05,-10.04,-0.11,-0.01,0,
1,59,0.13,-9.98,0.04,-0.01,0,
1,59,0.13,-9.98,0.04,-0.01,0,
1,59,0.13,-9.98,0.04,-0.01,-0.01,
1,59,0,-10.02,-0.08,-0.01,-0.01,
1,59,0,-10.02,-0.08,-0.01,-0.01,
1,59,0,-10.02,-0.08,-0.01,-0.01,
1,59,0.05,-10.03,-0.12,-0.01,-0.01,
1,59,0.05,-10.03,-0.12,-0.01,-0.01,
1,59,0.05,-10.03,-0.12,-0.01,-0.01,
1,59,-0.06,-10.01,-0.14,-0.01,-0.01,
1,59,-0.06,-10.01,-0.14,-0.01,-0.01,
1,59,-0.06,-10.01,-0.14,0,-0.01,
1,59,-0.29,-10.07,-0.09,0,-0.02,
1,59,-0.29,-10.07,-0.09,-0.01,-0.01,
1,59,-0.29,-10.07,-0.09,-0.01,-0.01,
1,59,0.3,-10.07,-0.07,0,-0.01,
1,59,0.3,-10.07,-0.07,-0.01,-0.01,
1,59,0.03,-10.01,-0.02,-0.01,-0.01,
1,59,0.03,-10.01,-0.02,-0.01,-0.01,
1,59,0.03,-10.01,-0.02,-0.01,-0.01,
1,59,0.09,-10.05,-0.11,-0.01,-0.01,
1,59,0.09,-10.05,-0.11,-0.01,-0.01,
1,59,0.09,-10.05,-0.11,0,-0.01,
1,59,-0.03,-9.96,-0.09,0,-0.01,
1,59,-0.03,-9.96,-0.09,-0.01,-0.01,
1,59,-0.03,-9.96,-0.09,-0.01,-0.01,
1,59,0.05,-10,-0.06,-0.01,-0.01,
1,59,0.05,-10,-0.06,0,0,
1,59,0.05,-10,-0.06,-0.01,-0.01,
1,59,-0.06,-10.08,-0.19,-0.01,-0.01,
1,59,-0.06,-10.08,-0.19,0,-0.01,
1,59,-0.06,-10.08,-0.19,-0.01,-0.01,
1,59,0.05,-9.99,-0.1,-0.01,-0.01,
1,59,0.05,-9.99,-0.1,-0.01,-0.01,
1,59,0.08,-10.02,-0.15,-0.01,-0.01,
1,59,0.08,-10.02,-0.15,-0.01,-0.01,
1,59,0.08,-10.02,-0.15,-0.02,0.01,
1,59,0.21,-9.97,-0.06,-0.01,0.04,
1,59,0.21,-9.97,-0.06,-0.01,0.04,
1,59,0.21,-9.97,-0.06,-0.01,0.06,
1,59,-0.02,-10.09,-0.14,-0.01,0.08,
1,59,-0.02,-10.09,-0.14,-0.01,0.08,
1,59,-0.02,-10.09,-0.14,-0.01,0.1,
1,59,-0.09,-10.03,-0.14,0,0.1,
1,59,-0.09,-10.03,-0.14,0,0.1,
1,59,-0.09,-10.03,-0.14,0,0.07,
1,59,-0.2,-10.22,-0.22,0,0.04,
1,59,-0.2,-10.22,-0.22,0,0.04,
1,59,-0.2,-10.22,-0.22,-0.01,0.02,
1,59,-0.05,-10.08,-0.2,0,-0.01,
1,59,-0.05,-10.08,-0.2,0,-0.01,
1,59,-0.04,-10.11,-0.26,-0.01,-0.01,
1,59,-0.04,-10.11,-0.26,0,-0.01,
1,59,-0.04,-10.11,-0.26,0,-0.02,
1,59,-0.11,-10.06,-0.21,0,-0.02,
1,59,-0.11,-10.06,-0.21,0,-0.01,
1,59,-0.11,-10.06,-0.21,0,-0.01,
1,59,0.21,-10,-0.06,0,-0.01,
1,59,0.21,-10,-0.06,0,-0.01,
1,59,0.21,-10,-0.06,-0.01,-0.01,
1,59,-0.04,-10.01,-0.03,-0.01,-0.01,
1,59,-0.04,-10.01,-0.03,-0.01,-0.01,
1,59,-0.04,-10.01,-0.03,-0.01,-0.01,
1,59,0.1,-10.09,-0.11,-0.01,-0.01,
1,59,0.1,-10.09,-0.11,-0.01,-0.01,
1,59,0.1,-10.09,-0.11,-0.01,-0.02,
1,59,-0.07,-10.46,0.17,-0.01,-0.02,
1,59,-0.07,-10.46,0.17,-0.01,0,
1,59,0.05,-9.96,-0.1,-0.01,-0.01,
1,59,0.05,-9.96,-0.1,-0.01,-0.01,
1,59,0.05,-9.96,-0.1,-0.01,-0.01,
1,59,0.09,-9.9,-0.02,-0.01,-0.01,
1,59,0.09,-9.9,-0.02,-0.01,-0.01,
1,59,0.09,-9.9,-0.02,-0.01,-0.01,
1,59,-0.06,-10.09,-0.1,-0.01,-0.01,
1,59,-0.06,-10.09,-0.1,-0.01,-0.01,
1,59,-0.06,-10.09,-0.1,-0.01,-0.01,
1,59,0.03,-9.97,-0.2,-0.01,-0.01,
1,59,0.03,-9.97,-0.2,-0.01,-0.01,
1,59,0.03,-9.97,-0.2,0,-0.01,
1,59,0.03,-9.96,-0.12,0,-0.01,
1,59,0.03,-9.96,-0.12,-0.01,0,
1,59,0.03,-9.96,-0.12,-0.01,-0.01,
1,59,-0.14,-10.03,-0.15,-0.01,-0.01,
1,59,-0.14,-10.03,-0.15,-0.01,-0.01,
1,59,-0.14,-10.03,-0.15,-0.01,-0.01,
1,59,0.03,-10.12,-0.14,-0.01,-0.01,
1,59,0.03,-10.12,-0.14,0,-0.01,
2,0,0.03,-10.12,-0.14,-0.01,-0.01,
2,0,0.02,-10.02,-0.12,-0.01,-0.01,
2,0,0.02,-10.02,-0.12,-0.01,-0.01,
2,0,0.01,-10.03,-0.11,-0.01,-0.01,
2,0,0.01,-10.03,-0.11,-0.01,-0.01,
2,0,0.01,-10.03,-0.11,-0.01,-0.01,
2,0,-0.03,-10.13,-0.11,-0.01,-0.01,
2,0,-0.03,-10.13,-0.11,-0.01,-0.01,
2,0,-0.03,-10.13,-0.11,-0.01,-0.01,
2,0,0,-10.18,-0.16,-0.01,-0.01,
2,0,0,-10.18,-0.16,0,-0.01,
2,0,0,-10.18,-0.16,0,-0.01,
2,0,0.12,-10.07,-0.2,0,-0.01,
2,0,0.12,-10.07,-0.2,-0.01,-0.01,
2,0,0.12,-10.07,-0.2,-0.01,-0.01,
2,0,-0.04,-10.04,-0.09,0,-0.01,
2,0,-0.04,-10.04,-0.09,-0.01,-0.01,
2,0,0.48,-10.02,-0.24,-0.01,-0.01,
2,0,0.48,-10.02,-0.24,0,-0.01,
2,0,0.48,-10.02,-0.24,0,-0.01,
2,0,-0.27,-10.01,-0.06,0,-0.01,
2,0,-0.27,-10.01,-0.06,-0.01,-0.01,
2,0,-0.27,-10.01,-0.06,-0.01,0,
2,0,0.14,-10.06,-0.18,-0.01,0,
2,0,0.14,-10.06,-0.18,-0.01,0,
2,0,0.14,-10.06,-0.18,-0.01,-0.01,
2,0,-0.06,-10.12,-0.18,-0.01,-0.01,
2,0,-0.06,-10.12,-0.18,-0.01,-0.01,
2,0,-0.06,-10.12,-0.18,0,-0.01,
2,0,-0.01,-10.02,-0.15,0,-0.01,
2,0,-0.01,-10.02,-0.15,0,-0.01,
2,0,0.15,-9.99,-0.1,0,-0.01,
2,0,0.15,-9.99,-0.1,-0.01,-0.01,
2,0,0.15,-9.99,-0.1,-0.01,-0.01,
2,0,-0.29,-10.44,-0.24,-0.01,-0.01,
2,0,-0.29,-10.44,-0.24,0,-0.01,
2,0,-0.29,-10.44,-0.24,0,-0.01,
2,0,0.03,-10.1,-0.11,-0.01,-0.01,
2,0,0.03,-10.1,-0.11,0,-0.01,
2,0,0.03,-10.1,-0.11,0,-0.01,
2,0,-0.06,-10.13,-0.13,-0.01,-0.01,
2,0,-0.06,-10.13,-0.13,-0.01,-0.01,
2,0,-0.06,-10.13,-0.13,-0.01,-0.01,
2,0,-0.1,-10.11,-0.24,-0.01,-0.01,
2,0,-0.1,-10.11,-0.24,0,-0.01,
2,0,-0.02,-10.02,-0.05,0,-0.01,
2,0,-0.02,-10.02,-0.05,0,-0.01,
2,0,-0.02,-10.02,-0.05,-0.01,-0.01,
2,0,0.12,-9.97,-0.05,-0.01,-0.01,
2,0,0.12,-9.97,-0.05,-0.01,-0.01,
2,0,0.12,-9.97,-0.05,-0.01,-0.01,
2,0,0.23,-10.2,-0.77,0,-0.01,
2,0,0.23,-10.2,-0.77,0,-0.01,
0,1,0,-10.01,-0.29,0,0,-0.01
0,1,0.03,-10.03,-0.18,0,-0.01,0
0,1,0.03,-10.03,-0.18,0,0,-0.01
0,1,0.03,-10.03,-0.18,0,-0.01,-0.01
0,1,0.02,-10,-0.19,0,-0.01,-0.01
0,1,0.02,-10,-0.19,0,-0.01,-0.01
0,1,0.01,-10.02,-0.26,0,-0.01,-0.01
0,1,0.01,-10.02,-0.26,0,-0.01,-0.01
0,1,0.01,-10.02,-0.26,0,-0.01,-0.01
0,1,-0.01,-9.99,-0.12,0,-0.01,-0.01
0,1,-0.01,-9.99,-0.12,0,-0.01,-0.01
0,1,-0.01,-9.99,-0.12,0,-0.01,-0.01
0,1,0.02,-10.06,-0.22,0,0,-0.01
0,1,0.02,-10.06,-0.22,0,0,-0.01
0,1,0.02,-10.06,-0.22,0,-0.01,-0.01
0,1,0.01,-10.05,-0.28,0,0,-0.01
0,1,0.01,-10.05,-0.28,0,0,-0.01
0,1,0.01,-10.05,-0.28,0,-0.01,-0.01
0,1,-0.02,-10.04,-0.18,0,-0.01,-0.01
0,1,-0.02,-10.04,-0.18,0,-0.01,-0.01
0,1,0.02,-10.04,-0.21,0,0,-0.01
0,1,0.02,-10.04,-0.21,0,0,-0.01
0,1,0.02,-10.04,-0.21,0,-0.01,-0.02
0,1,-0.01,-10.03,-0.21,0,-0.01,-0.02
0,1,-0.01,-10.03,-0.21,0,0,-0.01
0,1,-0.01,-10.03,-0.21,0,0,-0.01
0,1,-0.03,-10,-0.19,0,0,-0.01
0,1,-0.03,-10,-0.19,0,-0.01,-0.01
0,1,-0.03,-10,-0.19,0,-0.01,-0.01
0,1,0.03,-10.06,-0.18,0,-0.01,-0.01
0,1,0.03,-10.06,-0.18,0,-0.01,-0.01
0,1,0.03,-10.06,-0.18,0,-0.01,-0.01
0,1,0,-10.05,-0.24,0,0,-0.01
0,1,0,-10.05,-0.24,0,-0.01,-0.01
0,1,0,-10.05,-0.24,0,-0.01,-0.01
0,1,-0.01,-10.01,-0.16,0,0,-0.01
0,1,-0.01,-10.01,-0.16,0,-0.01,-0.01
0,1,-0.01,-10.01,-0.16,0,-0.01,-0.01
0,1,0.03,-10.07,-0.22,0,0,-0.01
0,1,0.03,-10.07,-0.22,0,-0.01,-0.01
0,1,0.03,-10.07,-0.22,0,-0.01,-0.01
0,1,0.04,-10.02,-0.19,0,0,-0.01
0,1,0.04,-10.02,-0.19,0,-0.01,-0.01
0,1,-0.03,-10.06,-0.16,0,-0.01,-0.01
0,1,-0.03,-10.06,-0.16,0,-0.01,-0.01
0,1,-0.03,-10.06,-0.16,0,-0.01,-0.01
0,1,0.02,-10.04,-0.19,0,-0.01,-0.01
0,1,0.02,-10.04,-0.19,0,-0.01,-0.01
0,1,0.02,-10.04,-0.19,0,-0.01,-0.01
0,1,-0.01,-10.07,-0.28,0,-0.01,-0.01
0,1,-0.01,-10.07,-0.28,0,-0.01,-0.01
0,1,-0.01,-10.07,-0.28,0,0,-0.01
0,2,0,-10.06,-0.21,0,0,-0.01
0,2,0,-10.06,-0.21,0,0,-0.01
0,2,0,-10.06,-0.21,0,0,-0.01
0,2,0.04,-9.99,-0.16,0,-0.01,-0.01
0,2,0.04,-9.99,-0.16,0,-0.01,-0.01
0,2,0.04,-9.99,-0.16,0,-0.01,-0.01
0,2,0.03,-10,-0.2,0,-0.01,-0.01
0,2,0.03,-10,-0.2,0,-0.01,-0.01
0,2,-0.07,-10.08,-0.23,0,-0.01,-0.01
0,2,-0.07,-10.08,-0.23,0,-0.01,-0.01
0,2,-0.07,-10.08,-0.23,0,-0.01,-0.01
0,2,-0.01,-10.02,-0.17,0,0,-0.01
0,2,-0.01,-10.02,-0.17,0,-0.01,-0.01
0,2,-0.01,-10.02,-0.17,0,-0.01,-0.01
0,2,0,-10.06,-0.23,0,0,-0.01
0,2,0,-10.06,-0.23,0,-0.01,-0.01
0,2,0,-10.06,-0.23,0,-0.01,-0.01
0,2,-0.02,-10.06,-0.22,0,-0.01,-0.01
0,2,-0.02,-10.06,-0.22,0,0,-0.01
0,2,-0.02,-10.06,-0.22,0,0,-0.01
0,2,0,-9.99,-0.1,0,-0.01,-0.01
0,2,0,-9.99,-0.1,0,-0.01,-0.01
0,2,0.04,-10.02,-0.19,0,0,-0.01
0,2,0.04,-10.02,-0.19,0,0,-0.01
0,2,0.04,-10.02,-0.19,0,-0.01,-0.01
0,2,0.01,-10,-0.23,0,-0.01,-0.01
0,2,0.01,-10,-0.23,0,-0.01,-0.01
0,2,0.01,-10,-0.23,0,-0.01,-0.01
0,2,-0.02,-10.07,-0.14,0,-0.01,-0.01
0,2,-0.02,-10.07,-0.14,0,-0.01,-0.01
0,2,-0.02,-10.07,-0.14,0,0,-0.01
0,2,0,-10.04,-0.19,0,0,-0.01
0,2,0,-10.04,-0.19,0,0,-0.01
0,2,0,-10.04,-0.19,0,-0.01,-0.01
0,2,0,-10.01,-0.25,0,-0.01,-0.01
0,2,0,-10.01,-0.25,0,-0.01,-0.01
0,2,0,-10.04,-0.19,0,0,-0.01
0,2,0,-10.04,-0.19,0,-0.01,-0.01
0,2,0,-10.04,-0.19,0,-0.01,-0.01
0,2,0,-9.96,-0.19,0,-0.01,-0.01
0,2,0,-9.96,-0.19,0,-0.01,-0.01
0,2,0,-9.96,-0.19,0,-0.01,-0.01
0,2,0,-10.05,-0.21,0,0,-0.01
0,2,0,-10.05,-0.21,0,-0.01,-0.01
0,2,0,-10.05,-0.21,0,0,-0.01
0,2,-0.01,-10.02,-0.14,0,0,-0.01
0,2,-0.01,-10.02,-0.14,0,-0.01,-0.01
0,2,-0.01,-10.02,-0.14,0,-0.01,-0.01
0,2,0.02,-10.01,-0.15,0,-0.01,-0.01
0,2,0.02,-10.01,-0.15,0,0,-0.01
0,2,0.02,-10.01,-0.15,0,0,-0.01
0,2,0.04,-10.01,-0.2,0,0,-0.01
0,2,0.04,-10.01,-0.2,0,0,-0.01
0,2,0.04,-10.01,-0.2,0,-0.01,-0.01
0,2,0.05,-10.01,-0.22,0,-0.01,-0.01
0,2,0.05,-10.01,-0.22,0,-0.01,-0.01
0,2,-0.02,-10.03,-0.14,0,0,-0.01
0,2,-0.02,-10.03,-0.14,0,0,-0.01
0,2,-0.02,-10.03,-0.14,0,-0.01,-0.01
0,2,0.03,-9.96,-0.19,0,0,-0.01
0,2,0.03,-9.96,-0.19,0,0,-0.01
0,2,0.03,-9.96,-0.19,0,-0.01,-0.01
0,2,0.01,-10.05,-0.16,0,0,-0.01
0,2,0.01,-10.05,-0.16,0,0,-0.01
0,2,0.01,-10.05,-0.16,0,-0.01,-0.01
0,2,-0.03,-10.07,-0.13,0,-0.01,-0.01
0,2,-0.03,-10.07,-0.13,0,-0.01,-0.01
0,2,-0.03,-10.07,-0.13,0,-0.01,-0.01
0,2,0.01,-9.99,-0.17,0,-0.01,-0.01
0,2,0.01,-9.99,-0.17,0,-0.01,-0.01
0,2,0.01,-9.99,-0.17,0,-0.01,-0.01
0,2,0,-10.02,-0.22,0,-0.01,-0.01
0,2,0,-10.02,-0.22,0,-0.01,-0.01
0,2,-0.01,-10.02,-0.08,0,-0.01,-0.01
0,2,-0.01,-10.02,-0.08,0,0,-0.01
0,2,-0.01,-10.02,-0.08,0,0,-0.01
0,2,0.03,-9.98,-0.2,0,-0.01,-0.01
0,2,0.03,-9.98,-0.2,0,-0.01,-0.01
0,2,0.03,-9.98,-0.2,0,-0.01,-0.01
0,2,0.04,-9.97,-0.22,0,-0.01,-0.01
0,2,0.04,-9.97,-0.22,0,-0.01,-0.01
0,2,0.04,-9.97,-0.22,0,-0.01,-0.01
0,2,0.03,-10,-0.14,0,-0.01,-0.01
0,2,0.03,-10,-0.14,0,-0.01,-0.01
0,2,0.03,-10,-0.14,0,-0.01,-0.01
0,2,0.03,-10.01,-0.11,0,-0.01,-0.01
0,2,0.03,-10.01,-0.11,0,-0.01,-0.01
0,2,0.05,-10,-0.22,0,0,-0.01
0,2,0.05,-10,-0.22,0,0,-0.01
0,2,0.05,-10,-0.22,0,-0.01,-0.01
0,2,0.08,-10.08,-0.19,0,-0.01,-0.01
0,2,0.08,-10.08,-0.19,0,-0.01,-0.01
0,2,0.08,-10.08,-0.19,0,0,-0.02
0,2,-0.01,-9.97,-0.19,0,-0.01,-0.01
0,2,-0.01,-9.97,-0.19,0,-0.01,-0.01
0,2,-0.01,-9.97,-0.19,0,-0.01,-0.01
0,2,0.04,-10.05,-0.23,0,-0.01,-0.01
0,2,0.04,-10.05,-0.23,0,-0.01,-0.01
0,2,0.04,-9.97,-0.16,0,0,-0.01
0,2,0.04,-9.97,-0.16,0,0,-0.01
0,2,0.04,-9.97,-0.16,0,-0.01,-0.01
0,2,0.03,-10.02,-0.16,0,-0.01,-0.01
0,2,0.03,-10.02,-0.16,0,-0.01,-0.01
0,2,0.03,-10.02,-0.16,0,0,-0.01
0,2,0.05,-9.99,-0.16,0,0,-0.01
0,2,0.05,-9.99,-0.16,0,-0.01,0
0,2,0.05,-9.99,-0.16,0,-0.01,-0.01
0,2,0.06,-10.04,-0.2,0,-0.01,-0.01
0,2,0.06,-10.04,-0.2,0,-0.01,-0.01
0,2,0.01,-10.05,-0.13,0,-0.01,-0.01
0,2,0.01,-10.05,-0.13,0,-0.01,-0.01
0,2,0.01,-10.05,-0.13,0,-0.01,-0.01
0,2,0.03,-10.01,-0.18,0,-0.01,-0.01
0,2,0.03,-10.01,-0.18,0,-0.01,-0.01
0,2,0.03,-10.01,-0.18,0,-0.01,-0.01
0,2,0.01,-9.97,-0.22,0,-0.01,-0.01
0,2,0.01,-9.97,-0.22,0,-0.01,-0.01
0,2,0.01,-9.97,-0.22,0,-0.01,-0.01
0,2,-0.01,-10.05,-0.13,0,0,-0.01
0,2,-0.01,-10.05,-0.13,0,-0.01,-0.01
0,2,-0.08,-9.99,-0.16,0,-0.01,-0.01
0,2,-0.08,-9.99,-0.16,0,-0.01,-0.01
0,2,-0.08,-9.99,-0.16,0,0,-0.01
0,2,0.02,-10.01,-0.18,0,0,-0.01
0,2,0.02,-10.01,-0.18,0,-0.01,-0.01
0,2,0.02,-10.01,-0.18,0,0,-0.01
0,2,-0.05,-10.04,-0.17,0,-0.01,-0.01
0,2,-0.05,-10.04,-0.17,0,-0.01,-0.01
0,2,-0.05,-10.04,-0.17,0,-0.01,-0.01
0,2,0,-9.98,-0.12,0,-0.01,-0.01
0,2,0,-9.98,-0.12,0,-0.01,-0.01
0,2,0.02,-10,-0.2,0,-0.01,-0.01
0,2,0.02,-10,-0.2,0,0,-0.01
0,2,0.02,-10,-0.2,0,0,-0.01
0,2,-0.01,-9.99,-0.19,0,0,-0.01
0,2,-0.01,-9.99,-0.19,0,-0.01,-0.01
0,2,-0.01,-9.99,-0.19,0,-0.01,-0.01
0,2,-0.01,-10.05,-0.13,0,0,-0.01
0,2,-0.01,-10.05,-0.13,0,-0.01,-0.01
0,2,-0.01,-10.05,-0.13,0,-0.01,-0.01
0,2,0,-10.07,-0.2,0,-0.01,-0.01
0,2,0,-10.07,-0.2,0,-0.01,-0.01
0,2,0,-10.07,-0.2,0,-0.01,-0.01
0,2,0.09,-10.15,-0.21,0,-0.01,-0.01
0,2,0.09,-10.15,-0.21,0,-0.01,-0.01
0,2,0.09,-10.15,-0.21,0,-0.01,-0.01
0,2,-0.01,-9.98,-0.19,0,-0.01,-0.01
0,2,-0.01,-9.98,-0.19,0,0,-0.01
0,2,0.03,-10.09,-0.16,0,0,-0.01
0,2,0.03,-10.09,-0.16,0,0,-0.01
0,2,0.03,-10.09,-0.16,0,0,-0.01
0,2,0.03,-10.06,-0.19,0,0,-0.01
0,3,0.03,-10.06,-0.19,0,0,-0.01
0,3,0.03,-10.06,-0.19,0,0,-0.01
0,3,-0.02,-10.03,-0.13,0,0,-0.01
0,3,-0.02,-10.03,-0.13,0,-0.01,-0.01
0,3,-0.02,-10.03,-0.13,0,0,-0.01
0,3,0,-10.02,-0.11,0,-0.01,-0.01
0,3,0,-10.02,-0.11,0,-0.01,-0.01
0,3,0,-10.02,-0.11,0,-0.01,-0.01
0,3,0.06,-10.05,-0.14,0,-0.01,-0.01
0,3,0.06,-10.05,-0.14,0,-0.01,-0.01
0,3,0.06,-10.05,-0.14,0,-0.01,-0.01
0,3,0.07,-9.95,-0.16,0,-0.01,-0.01
0,3,0.07,-9.95,-0.16,0,-0.01,-0.01
0,3,0.05,-9.99,-0.13,0,-0.01,-0.01
0,3,0.05,-9.99,-0.13,0,-0.01,-0.01
0,3,0.05,-9.99,-0.13,0,-0.01,-0.01
0,3,-0.04,-10.02,-0.21,0,-0.01,-0.01
0,3,-0.04,-10.02,-0.21,0,0,-0.01
0,3,-0.04,-10.02,-0.21,0,0,-0.01
0,3,0,-10.05,-0.15,0,-0.01,-0.01
0,3,0,-10.05,-0.15,0,-0.01,-0.01
0,3,0,-10.05,-0.15,0,-0.01,-0.01
0,3,0,-10.03,-0.15,0,-0.01,-0.01
0,3,0,-10.03,-0.15,0,-0.01,-0.01
0,3,0,-10.03,-0.15,0,-0.01,-0.01
0,3,0.06,-10.05,-0.16,0,-0.01,-0.01
0,3,0.06,-10.05,-0.16,0,-0.01,-0.01
0,3,0.01,-10.03,-0.13,0,-0.01,-0.01
0,3,0.01,-10.03,-0.13,0,-0.01,-0.01
0,3,0.01,-10.03,-0.13,0,0,-0.01
0,3,-0.05,-10.02,-0.07,0,-0.01,-0.01
0,3,-0.05,-10.02,-0.07,0,-0.01,-0.01
0,3,-0.05,-10.02,-0.07,0,0,-0.01
0,3,0.08,-10.03,-0.11,0,-0.01,-0.01
0,3,0.08,-10.03,-0.11,0,-0.01,-0.01
0,3,0.08,-10.03,-0.11,0,0,-0.01
0,3,0.03,-10.03,-0.2,0,-0.01,-0.01
0,3,0.03,-10.03,-0.2,0,-0.01,-0.01
0,3,0.01,-10,-0.11,0,-0.01,-0.01
0,3,0.01,-10,-0.11,0,-0.01,-0.01
0,3,0.01,-10,-0.11,0,-0.01,-0.01
0,3,-0.02,-9.96,-0.13,0,0,-0.01
0,3,-0.02,-9.96,-0.13,0,-0.01,-0.01
0,3,-0.02,-9.96,-0.13,0,-0.01,-0.01
0,3,0.06,-10.03,-0.18,0,-0.01,-0.01
0,3,0.06,-10.03,-0.18,0,-0.01,-0.01
0,3,0.06,-10.03,-0.18,0,-0.01,-0.01
0,3,0.08,-10.07,-0.15,0,-0.01,-0.01
0,3,0.08,-10.07,-0.15,0,-0.01,-0.01
0,3,0.08,-10.07,-0.15,0,0,-0.01
0,3,-0.02,-10.03,-0.12,0,0,-0.01
0,3,-0.02,-10.03,-0.12,0,-0.01,-0.01
0,3,-0.01,-10.02,-0.14,0,-0.01,-0.01
0,3,-0.01,-10.02,-0.14,0,-0.01,-0.01
0,3,-0.01,-10.02,-0.14,0,-0.01,-0.01
0,3,0.02,-10.04,-0.14,0,0,0
0,3,0.02,-10.04,-0.14,0,0,0
0,3,0.02,-10.04,-0.14,0,0,-0.01
0,3,0.07,-10.02,-0.09,0,0,-0.01
0,3,0.07,-10.02,-0.09,0,-0.01,-0.01
0,3,0.07,-10.02,-0.09,0,-0.01,-0.01
0,3,0.02,-10.04,-0.13,0,-0.01,-0.01
0,3,0.02,-10.04,-0.13,0,-0.01,-0.01
0,3,0.01,-10.06,-0.17,0,-0.01,-0.01
0,3,0.01,-10.06,-0.17,0,0,-0.01
0,3,0.01,-10.06,-0.17,0,-0.01,-0.01
0,3,0.01,-10.05,-0.16,0,-0.01,-0.01
0,3,0.01,-10.05,-0.16,0,-0.01,-0.01
0,3,0.01,-10.05,-0.16,0,-0.01,-0.01
0,3,0.01,-10.02,-0.14,0,-0.01,-0.01
0,3,0.01,-10.02,-0.14,0,-0.01,-0.01
0,3,0.01,-10.02,-0.14,0,0,-0.01
0,3,-0.03,-10.03,-0.17,0,0,-0.01
0,3,-0.03,-10.03,-0.17,0,-0.01,-0.01
0,3,-0.03,-10.03,-0.17,0,-0.01,-0.01
0,3,0,-10.02,-0.19,0,-0.01,-0.01
0,3,0,-10.02,-0.19,0,-0.01,-0.01
0,3,-0.02,-10.02,-0.15,0,-0.01,-0.01
0,3,-0.02,-10.02,-0.15,0,-0.01,-0.01
0,3,-0.02,-10.02,-0.15,0,-0.01,-0.01
0,3,0.02,-9.99,-0.16,0,-0.01,-0.01
0,3,0.02,-9.99,-0.16,0,-0.01,-0.01
0,3,0.02,-9.99,-0.16,0,-0.01,-0.01
0,3,0.03,-9.99,-0.17,0,-0.01,-0.01
0,3,0.03,-9.99,-0.17,0,-0.01,-0.01
0,3,0.03,-9.99,-0.17,0,-0.01,-0.01
0,3,-0.02,-9.96,-0.11,0,-0.01,-0.01
0,3,-0.02,-9.96,-0.11,0,-0.01,-0.01
0,3,-0.02,-9.96,-0.11,0,-0.01,-0.01
0,3,0.03,-10,-0.1,0,-0.01,-0.01
0,3,0.03,-10,-0.1,0,-0.01,-0.01
0,3,0.03,-10,-0.1,0,-0.01,-0.01
0,3,0.07,-10.04,-0.16,0,-0.01,-0.01
0,3,0.07,-10.04,-0.16,0,0,-0.01
0,3,-0.04,-10.05,-0.13,0,0,-0.01
0,3,-0.04,-10.05,-0.13,0,-0.01,-0.01
0,3,-0.04,-10.05,-0.13,0,-0.01,-0.01
0,3,0,-10.02,-0.14,0,-0.01,-0.01
0,3,0,-10.02,-0.14,0,-0.01,-0.01
0,3,0,-10.02,-0.14,0,-0.01,-0.01
0,3,0.01,-9.97,-0.22,0,-0.01,-0.01
0,3,0.01,-9.97,-0.22,0,0,-0.01
0,3,0.01,-9.97,-0.22,0,-0.01,-0.01
0,3,0.06,-9.97,-0.17,0,-0.01,-0.01
0,3,0.06,-9.97,-0.17,0,0,-0.01
0,3,0.06,-9.97,-0.17,0,0,-0.01
0,3,0,-10.03,-0.11,0,0,-0.01
0,3,0,-10.03,-0.11,0,-0.01,-0.01
0,3,0.01,-10.07,-0.25,0,-0.01,-0.01
0,3,0.01,-10.07,-0.25,0,-0.01,-0.01
0,3,0.01,-10.07,-0.25,0,-0.01,-0.01
0,3,0,-10.02,-0.18,0,-0.01,-0.01
0,3,0,-10.02,-0.18,0,-0.01,-0.01
0,3,0,-10.02,-0.18,0,-0.01,-0.01
0,3,0.04,-9.96,-0.1,0,-0.01,-0.01
0,3,0.04,-9.96,-0.1,0,0,-0.01
0,3,0.04,-9.96,-0.1,0,0,-0.01
0,3,0.05,-9.96,-0.15,0,0,-0.01
0,3,0.05,-9.96,-0.15,0,-0.01,-0.01
0,3,-0.02,-10.04,-0.17,0,-0.01,-0.01
0,3,-0.02,-10.04,-0.17,0,-0.01,-0.01
0,3,-0.02,-10.04,-0.17,0,-0.01,-0.01
0,3,0.03,-10,-0.12,0,-0.01,-0.01
0,3,0.03,-10,-0.12,0,-0.01,-0.01
0,3,0.03,-10,-0.12,0,-0.01,-0.01
0,3,-0.03,-9.97,-0.1,0,-0.01,-0.01
0,3,-0.03,-9.97,-0.1,0,-0.01,-0.01
0,3,-0.03,-9.97,-0.1,0,0,-0.01
0,3,0,-10.06,-0.24,0,-0.01,-0.01
0,3,0,-10.06,-0.24,0,-0.01,-0.01
0,3,0,-10.06,-0.24,0,0,-0.01
0,3,0.05,-10.03,-0.16,0,-0.01,-0.01
0,3,0.05,-10.03,-0.16,0,-0.01,-0.01
0,3,0.05,-10.03,-0.16,0,0,-0.01
0,3,0,-10,-0.1,0,-0.01,-0.01
0,3,0,-10,-0.1,0,-0.01,-0.01
0,3,0,-10.03,-0.18,0,0,-0.01
0,3,0,-10.03,-0.18,0,-0.01,-0.01
0,3,0,-10.03,-0.18,0,-0.01,-0.01
0,3,-0.04,-10.02,-0.2,0,-0.01,-0.01
0,3,-0.04,-10.02,-0.2,0,-0.01,-0.01
0,3,-0.04,-10.02,-0.2,0,-0.01,-0.01
0,3,0.06,-10.07,-0.15,0,-0.01,-0.01
0,3,0.06,-10.07,-0.15,0,-0.01,-0.01
0,3,0.06,-10.07,-0.15,0,-0.01,-0.01
0,3,-0.01,-10,-0.11,0,-0.01,-0.01
0,3,-0.01,-10,-0.11,0,0,-0.01
0,3,-0.01,-10,-0.11,0,0,-0.01
0,3,0.05,-10.05,-0.2,0,0,-0.01
0,3,0.05,-10.05,-0.2,0,-0.01,-0.01
0,3,0.05,-10.05,-0.2,0,-0.01,-0.01
0,4,0.02,-10.03,-0.2,0,0,-0.01
0,4,0.02,-10.03,-0.2,0,-0.01,-0.01
0,4,0.03,-9.99,-0.11,0,-0.01,-0.01
0,4,0.03,-9.99,-0.11,0,0,-0.01
0,4,0.03,-9.99,-0.11,0,0,-0.01
0,4,0.03,-9.99,-0.11,0,0,-0.01
0,4,-0.04,-10.05,-0.15,0,-0.01,-0.01
0,4,-0.04,-10.05,-0.15,0,-0.01,-0.01
0,4,-0.04,-10.05,-0.15,0,-0.01,-0.01
0,4,0.03,-9.99,-0.19,0,0,0
0,4,0.03,-9.99,-0.19,0,0,0
0,4,0.03,-9.99,-0.19,0,0,-0.01
0,4,0.02,-9.99,-0.17,0,-0.01,-0.01
0,4,0.02,-9.99,-0.17,0,-0.01,-0.01
0,4,0.02,-9.99,-0.17,0,-0.01,-0.01
0,4,0.04,-10.05,-0.09,0,-0.01,-0.01
0,4,0.04,-10.05,-0.09,0,-0.01,-0.01
0,4,0.04,-10.05,-0.09,0,0,-0.01
0,4,-0.03,-10.07,-0.16,0,0,-0.01
0,4,-0.03,-10.07,-0.16,0,-0.01,-0.01
0,4,-0.03,-10.07,-0.16,0,-0.01,-0.01
0,4,0.06,-9.99,-0.15,0,-0.01,-0.01
0,4,0.06,-9.99,-0.15,0,-0.01,-0.01
0,4,-0.03,-10.06,-0.07,0,-0.01,-0.01
0,4,-0.03,-10.06,-0.07,0,-0.01,-0.01
0,4,-0.03,-10.06,-0.07,0,-0.01,-0.01
0,4,0.05,-10.01,-0.19,0,0,-0.01
0,4,0.05,-10.01,-0.19,0,0,-0.01
0,4,0.05,-10.01,-0.19,0,-0.01,-0.01
0,4,0.03,-10.02,-0.16,0,0,0
0,4,0.03,-10.02,-0.16,0,0,0
0,4,0.03,-10.02,-0.16,0,-0.01,-0.01
0,4,0,-9.97,-0.13,0,-0.01,-0.01
0,4,0,-9.97,-0.13,0,-0.01,-0.01
0,4,0,-9.97,-0.13,0,-0.01,-0.01
0,4,0.05,-10,-0.14,0,-0.01,-0.01
0,4,0.05,-10,-0.14,0,-0.01,-0.01
0,4,0.05,-10,-0.14,0,-0.01,-0.01
0,4,0.04,-10.06,-0.21,0,-0.01,-0.01
0,4,0.04,-10.06,-0.21,0,-0.01,-0.01
0,4,0.04,-10.06,-0.21,0,0,-0.01
0,4,0.05,-10.05,-0.18,0,0,-0.01
0,4,0.05,-10.05,-0.18,0,0,-0.01
0,4,0,-10.06,-0.1,0,-0.01,0
0,4,0,-10.06,-0.1,0,-0.01,-0.01
0,4,0,-10.06,-0.1,0,-0.01,-0.01
0,4,-0.02,-10.01,-0.14,0,-0.01,-0.01
0,4,-0.02,-10.01,-0.14,0,0,-0.01
0,4,-0.02,-10.01,-0.14,0,0,-0.01
0,4,0.02,-10.06,-0.14,0,-0.01,-0.01
0,4,0.02,-10.06,-0.14,0,-0.01,-0.01
0,4,0.02,-10.06,-0.14,0,0,-0.01
0,4,0.04,-10.04,-0.12,0,0,-0.01
0,4,0.04,-10.04,-0.12,0,-0.01,-0.01
0,4,0.04,-10.04,-0.12,0,-0.01,-0.01
0,4,0.04,-10.04,-0.16,0,-0.01,-0.01
0,4,0.04,-10.04,-0.16,0,0,-0.01
0,4,0.04,-10.04,-0.16,0,-0.01,-0.01
0,4,0.05,-10.05,-0.24,0,-0.01,-0.01
0,4,0.05,-10.05,-0.24,0,-0.01,-0.01
0,4,0,-9.98,-0.11,0,-0.01,-0.01
0,4,0,-9.98,-0.11,0,-0.01,-0.01
0,4,0,-9.98,-0.11,0,-0.01,-0.01
0,4,0.04,-10,-0.14,0,0,-0.01
0,4,0.04,-10,-0.14,0,0,-0.01
0,4,0.04,-10,-0.14,0,-0.01,-0.01
0,4,0.01,-10.03,-0.17,0,-0.01,-0.01
0,4,0.01,-10.03,-0.17,0,-0.01,-0.01
0,4,0.01,-10.03,-0.17,0,-0.01,0
0,4,0.05,-10.07,-0.17,0,-0.01,-0.01
0,4,0.05,-10.07,-0.17,0,-0.01,-0.01
0,4,0.05,-10.07,-0.17,0,-0.01,-0.01
0,4,0.07,-10.03,-0.11,0,-0.01,-0.01
0,4,0.07,-10.03,-0.11,0,-0.01,-0.01
0,4,0.07,-10.03,-0.11,0,-0.01,0
0,4,0.01,-10.06,-0.14,0,0,-0.01
0,4,0.01,-10.06,-0.14,0,0,-0.01
0,4,-0.01,-10.07,-0.19,0,-0.01,-0.01
0,4,-0.01,-10.07,-0.19,0,0,-0.01
0,4,-0.01,-10.07,-0.19,0,0,-0.01
0,4,0.05,-10.01,-0.11,0,0,-0.01
0,4,0.05,-10.01,-0.11,0,0,-0.01
0,4,0.05,-10.01,-0.11,0,0,-0.01
0,4,0.01,-10.04,-0.14,0,-0.01,-0.01
0,4,0.01,-10.04,-0.14,0,0,-0.01
0,4,0,-10.02,-0.16,0,-0.01,-0.01
0,4,0.02,-9.99,-0.08,0,-0.01,-0.01
0,5,0.03,-10.03,-0.18,0,-0.01,-0.01
0,5,0.04,-10,-0.21,0,-0.01,-0.01
0,5,0.08,-10,-0.14,0,-0.01,-0.01
0,5,0.08,-10,-0.14,0,-0.01,-0.01
0,5,0.08,-10,-0.14,0,-0.01,-0.01
0,5,0.02,-10.09,-0.19,0,0,-0.01
0,5,0.02,-10.09,-0.19,0,0,-0.01
0,5,0.02,-10.09,-0.19,0,-0.01,-0.01
0,5,-0.03,-10.06,-0.18,0,-0.01,-0.01
0,5,-0.03,-10.06,-0.18,0,-0.01,-0.01
0,5,-0.03,-10.06,-0.18,0,0,-0.01
0,5,-0.06,-10.03,-0.14,0,0,-0.01
0,5,-0.06,-10.03,-0.14,0,-0.01,-0.01
0,5,-0.06,-10.03,-0.14,0,-0.01,-0.01
0,5,0.01,-10.06,-0.18,0,-0.01,-0.01
0,5,0.01,-10.06,-0.18,0,0,-0.01
0,5,0.01,-10.06,-0.18,0,0,-0.01
0,5,0.02,-10.04,-0.16,0,-0.01,-0.01
0,5,0.02,-10.04,-0.16,0,-0.01,-0.01
0,5,0.02,-10.04,-0.16,0,-0.01,-0.01
0,5,-0.07,-9.96,-0.07,0,-0.01,-0.01
0,5,-0.07,-9.96,-0.07,0,0,-0.01
0,5,-0.07,-9.96,-0.07,0,0,-0.01
0,5,0.02,-10.04,-0.17,0,-0.01,-0.01
0,5,0.02,-10.04,-0.17,0,-0.01,-0.01
0,5,0.02,-10.04,-0.17,0,0,-0.01
0,5,0.04,-10.07,-0.23,0,0,-0.01
0,5,0.04,-10.07,-0.23,0,0,-0.01
0,5,0.04,-10.07,-0.23,0,-0.01,-0.01
0,5,-0.01,-10.08,-0.15,0,-0.01,-0.01
0,5,-0.01,-10.08,-0.15,0,-0.01,-0.01
0,5,-0.01,-10.08,-0.15,0,0,-0.01
0,5,0,-9.97,-0.11,0,-0.01,-0.01
0,5,0,-9.97,-0.11,0,-0.01,-0.01
0,5,0,-9.97,-0.11,0,0,-0.01
0,5,0.01,-10.01,-0.16,0,-0.01,-0.01
0,5,0.01,-10.01,-0.16,0,-0.01,-0.01
0,5,0.01,-10.01,-0.16,0,0,-0.01
0,5,0,-10,-0.17,0,-0.01,-0.01
0,5,0,-10,-0.17,0,-0.01,-0.01
0,5,0,-10,-0.17,0,0,-0.01
0,5,-0.02,-10.02,-0.07,0,0,-0.01
0,5,-0.02,-10.02,-0.07,0,-0.01,0
0,5,-0.02,-10.02,-0.07,0,0,-0.01
0,5,0.03,-10.08,-0.13,0,0,-0.01
0,5,0.03,-10.08,-0.13,0,0,-0.01
0,5,0.03,-10.08,-0.13,0,-0.01,-0.01
0,5,0.02,-10.03,-0.17,0,-0.01,-0.01
0,5,0.02,-10.03,-0.17,0,-0.01,-0.01
0,5,0.02,-10.03,-0.17,0,-0.01,-0.01
0,5,-0.01,-10.04,-0.11,0,-0.01,-0.01
0,5,-0.01,-10.04,-0.11,0,0,-0.01
0,5,-0.01,-10.04,-0.11,0,-0.01,-0.01
0,5,-0.04,-9.98,-0.15,0,-0.01,-0.01
0,5,-0.04,-9.98,-0.15,0,0,-0.01
0,5,-0.04,-9.98,-0.15,0,0,-0.01
0,5,0.01,-10.1,-0.18,0,0,-0.01
0,5,0.01,-10.1,-0.18,0,-0.01,-0.01
0,5,0.01,-10.1,-0.18,0,-0.01,-0.01
0,5,0.07,-10.06,-0.18,0,0,-0.01
0,5,0.07,-10.06,-0.18,0,-0.01,-0.01
0,5,0.07,-10.06,-0.18,0,-0.01,-0.01
0,5,-0.04,-10.01,-0.12,0,-0.01,-0.01
0,5,-0.04,-10.01,-0.12,0,-0.01,-0.01
0,5,-0.04,-10.01,-0.12,0,-0.01,-0.01
0,5,-0.04,-10.04,-0.08,0,0,-0.01
0,5,-0.04,-10.04,-0.08,0,0,-0.01
0,5,0.04,-10.04,-0.19,0,0,-0.01
0,5,0.04,-10.04,-0.19,0,-0.01,-0.01
0,5,0.04,-10.04,-0.19,0,0,-0.01
0,5,0.03,-10.03,-0.11,0,0,-0.01
0,5,0.03,-10.03,-0.11,0,0,-0.01
0,5,0.03,-10.03,-0.11,0,0,-0.01
0,5,0.02,-10.03,-0.15,0,0,-0.01
0,5,0.02,-10.03,-0.15,0,-0.01,-0.01
0,5,0.02,-10.03,-0.15,0,-0.01,-0.01
0,5,-0.05,-10.03,-0.16,0,-0.01,-0.01
0,5,-0.05,-10.03,-0.16,0,0,-0.01
0,5,-0.05,-10.03,-0.16,0,0,-0.01
0,5,-0.03,-10.08,-0.19,0,-0.01,-0.01
0,5,-0.03,-10.08,-0.19,0,-0.01,-0.01
0,5,-0.03,-10.08,-0.19,0,-0.01,-0.01
0,5,0.02,-10.06,-0.11,0,-0.01,-0.01
0,5,0.02,-10.06,-0.11,0,-0.01,-0.01
0,5,0.02,-10.06,-0.11,0,-0.01,-0.01
0,5,0.01,-10.13,-0.14,0,-0.01,-0.01
0,5,0.01,-10.13,-0.14,0,-0.01,-0.01
0,5,0.01,-10.13,-0.14,0,-0.01,-0.01
0,5,0.09,-9.97,-0.18,0,0,-0.01
0,5,0.09,-9.97,-0.18,0,-0.01,-0.01
0,5,0.09,-9.97,-0.18,0,-0.01,-0.01
0,6,-0.02,-10.06,-0.19,0,-0.01,-0.01
0,6,-0.02,-10.06,-0.19,0,-0.01,-0.01
0,6,-0.02,-10.06,-0.19,0,-0.01,-0.01
0,6,-0.06,-10.03,-0.15,0,0,-0.01
0,6,-0.06,-10.03,-0.15,0,0,-0.01
0,6,-0.06,-10.03,-0.15,0,0,-0.01
0,6,0.01,-10.01,-0.15,0,-0.01,-0.01
0,6,0.01,-10.01,-0.15,0,-0.01,-0.01
0,6,0.01,-10.01,-0.15,0,-0.01,-0.01
0,6,0.08,-10.04,-0.2,0,-0.01,-0.01
0,6,0.08,-10.04,-0.2,0,-0.01,-0.01
0,6,0.08,-10.04,-0.2,0,-0.01,-0.01
0,6,0.05,-10.04,-0.11,0,-0.01,-0.01
0,6,0.05,-10.04,-0.11,0,-0.01,-0.01
0,6,0.05,-10.04,-0.11,0,0,-0.01
0,6,0.02,-10.03,-0.13,0,0,-0.01
0,6,0.02,-10.03,-0.13,0,0,-0.01
0,6,0.02,-10.03,-0.13,0,0,-0.01
0,6,0,-10.03,-0.17,0,0,-0.01
0,6,0,-10.03,-0.17,0,-0.01,-0.01
0,6,0,-10.03,-0.17,0,-0.01,-0.01
0,6,-0.05,-10.04,-0.16,0,-0.01,-0.01
0,6,-0.05,-10.04,-0.16,0,-0.01,-0.01
0,6,-0.05,-10.04,-0.16,0,-0.01,-0.01
0,6,0,-9.96,-0.09,0,-0.01,-0.01
0,6,0,-9.96,-0.09,0,-0.01,-0.01
0,6,0,-9.96,-0.09,0,-0.01,-0.01
0,6,-0.03,-10.01,-0.13,0,-0.01,-0.01
0,6,-0.03,-10.01,-0.13,0,0,-0.01
0,6,-0.03,-10.01,-0.13,0,-0.01,-0.01
0,6,0.03,-10.04,-0.18,0,-0.01,-0.01
0,6,0.03,-10.04,-0.18,0,0,-0.01
0,6,-0.02,-10.03,-0.12,0,0,0
0,6,-0.02,-10.03,-0.12,0,0,0
0,6,-0.02,-10.03,-0.12,0,-0.01,-0.01
0,6,0.04,-10.05,-0.11,0,0,-0.01
0,6,0.04,-10.05,-0.11,0,0,-0.01
0,6,0.04,-10.05,-0.11,0,0,-0.01
0,6,0.01,-9.99,-0.18,0,-0.01,-0.01
0,6,0.01,-9.99,-0.18,0,-0.01,-0.01
0,6,0.01,-9.99,-0.18,0,0,-0.01
0,6,0.01,-10.1,-0.16,0,0,-0.01
0,6,0.01,-10.1,-0.16,0,0,-0.01
0,6,0.01,-10.1,-0.16,0,-0.01,-0.01
0,6,0.01,-10.07,-0.13,0,-0.01,-0.01
0,6,0.01,-10.07,-0.13,0,-0.01,-0.01
0,6,0.01,-10.07,-0.13,0,0,-0.01
0,6,0.02,-10.07,-0.16,0,0,-0.01
0,6,0.02,-10.07,-0.16,0,-0.01,-0.01
0,6,0.02,-10.07,-0.16,0,0,-0.01
0,6,-0.01,-10.07,-0.19,0,0,-0.01
0,6,-0.01,-10.07,-0.19,0,-0.01,-0.01
0,6,-0.01,-10.07,-0.19,0,-0.01,-0.01
0,6,-0.04,-10.06,-0.14,0,-0.01,-0.01
0,6,-0.04,-10.06,-0.14,0,0,-0.01
0,6,-0.04,-10.06,-0.14,0,-0.01,-0.01
0,6,0.03,-10,-0.16,0,-0.01,-0.01
0,6,0.03,-10,-0.16,0,-0.01,-0.01
0,6,0.03,-10,-0.16,0,-0.01,-0.01
0,6,0,-10.03,-0.18,0,-0.01,-0.01
0,6,0,-10.03,-0.18,0,0,-0.01
0,6,0,-10.03,-0.18,0,0,-0.01
0,6,-0.05,-10.04,-0.15,0,-0.01,-0.01
0,6,-0.05,-10.04,-0.15,0,0,-0.01
0,6,-0.05,-10.04,-0.15,0,0,-0.01
0,6,0,-10.03,-0.09,0,-0.01,-0.01
0,6,0,-10.03,-0.09,0,-0.01,-0.01
0,6,0,-10.03,-0.09,0,-0.01,-0.01
0,6,0.03,-10.07,-0.13,0,-0.01,-0.01
0,6,0.03,-10.07,-0.13,0,0,-0.01
0,6,0.03,-10.07,-0.13,0,0,-0.01
0,6,0.02,-10.04,-0.18,0,0,-0.01
0,6,0.02,-10.04,-0.18,0,0,-0.01
0,6,0.03,-10.04,-0.11,0,0,-0.01
0,6,0.03,-10.04,-0.11,0,0,-0.01
0,6,0.03,-10.04,-0.11,0,-0.01,-0.01
0,6,-0.05,-10.06,-0.07,0,-0.01,-0.01
0,6,-0.05,-10.06,-0.07,0,0,-0.01
0,6,-0.05,-10.06,-0.07,0,-0.01,-0.01
0,6,0.05,-10.03,-0.19,0,-0.01,-0.01
0,6,0.05,-10.03,-0.19,0,-0.01,-0.01
0,6,0.05,-10.03,-0.19,0,0,-0.01
0,6,0.01,-10.07,-0.17,0,0,-0.01
0,6,0.01,-10.07,-0.17,0,-0.01,-0.01
0,6,0.01,-10.07,-0.17,0,-0.01,-0.01
0,6,0.03,-10.02,-0.1,0,-0.01,-0.01
0,6,0.03,-10.02,-0.1,0,-0.01,-0.01
0,6,0.03,-10.02,-0.1,0,-0.01,-0.01
0,6,-0.01,-10,-0.15,0,-0.01,-0.01
0,6,-0.01,-10,-0.15,0,0,-0.01
0,6,-0.01,-10,-0.15,0,0,-0.01
0,6,0,-10.02,-0.17,0,-0.01,-0.01
0,6,0,-10.02,-0.17,0,-0.01,-0.01
0,6,0,-10.02,-0.17,0,-0.01,-0.01
0,6,-0.02,-10.09,-0.18,0,-0.01,-0.01
0,6,-0.02,-10.09,-0.18,0,-0.01,-0.01
0,6,-0.02,-10.09,-0.18,0,-0.01,-0.01
0,6,-0.02,-10.08,-0.15,0,0,-0.01
0,6,-0.02,-10.08,-0.15,0,0,-0.01
0,6,-0.02,-10.08,-0.15,0,-0.01,-0.01
0,6,0,-10.07,-0.17,0,-0.01,-0.01
0,6,0,-10.07,-0.17,0,-0.01,-0.01
0,6,0,-10.07,-0.17,0,-0.01,-0.01
0,6,0,-10.02,-0.17,0,0,-0.01
0,6,0,-10.02,-0.17,0,0,-0.01
0,6,0,-10.02,-0.17,0,-0.01,-0.01
0,6,-0.03,-10.01,-0.14,0,-0.01,-0.01
0,6,-0.03,-10.01,-0.14,0,-0.01,-0.01
0,6,-0.03,-10.01,-0.14,0,-0.01,-0.01
0,6,0.02,-10.01,-0.13,0,-0.01,-0.01
0,6,0.02,-10.01,-0.13,0,-0.01,-0.01
0,6,0.02,-10.01,-0.13,0,-0.01,-0.01
0,6,0.03,-10.04,-0.16,0,-0.01,-0.01
0,6,0.03,-10.04,-0.16,0,-0.01,-0.01
0,6,0.03,-10.04,-0.16,0,-0.01,-0.01
0,6,0,-10.04,-0.23,0,0,-0.01
0,6,0,-10.04,-0.23,0,-0.01,-0.01
0,6,0,-10.04,-0.23,0,-0.01,-0.01
0,6,-0.04,-9.98,-0.13,0,-0.01,-0.01
0,6,-0.04,-9.98,-0.13,0,0,-0.01
0,6,-0.04,-9.98,-0.13,0,0,-0.01
0,6,0.07,-10.06,-0.13,0,-0.01,-0.01
0,6,0.07,-10.06,-0.13,0,0,-0.01
0,6,0.07,-10.06,-0.13,0,0,-0.01
0,6,0.03,-10.04,-0.2,0,-0.01,-0.01
0,6,0.03,-10.04,-0.2,0,-0.01,-0.01
0,6,0.03,-10.04,-0.2,0,-0.01,-0.01
0,6,0.03,-10.06,-0.13,0,-0.01,-0.01
0,6,0.03,-10.06,-0.13,0,-0.01,-0.01
0,6,0.03,-10.06,-0.13,0,-0.01,-0.01
0,6,-0.02,-10.03,-0.08,0,0,-0.01
0,6,-0.02,-10.03,-0.08,0,-0.01,-0.01
0,6,-0.02,-10.03,-0.08,0,-0.01,-0.01
0,6,0.01,-10.05,-0.14,0,-0.01,-0.01
0,6,0.01,-10.05,-0.14,0,-0.01,-0.01
0,6,0.01,-10.05,-0.14,0,0,-0.01
0,6,-0.03,-10.04,-0.19,0,-0.01,-0.01
0,6,-0.03,-10.04,-0.19,0,-0.01,-0.01
0,6,-0.03,-10.04,-0.19,0,-0.01,-0.01
0,6,0.01,-10.05,-0.14,0,0,-0.01
0,6,0.01,-10.05,-0.14,0,0,-0.01
0,6,0.01,-10.05,-0.14,0,-0.01,0
0,6,-0.03,-10.03,-0.14,0,-0.01,-0.01
0,6,-0.03,-10.03,-0.14,0,-0.01,-0.01
0,6,-0.03,-10.03,-0.14,0,-0.01,-0.01
0,6,0.06,-10.02,-0.18,0,0,-0.01
0,6,0.06,-10.02,-0.18,0,0,-0.01
0,6,0.06,-10.02,-0.18,0,-0.01,-0.01
0,6,-0.01,-10.06,-0.12,0,-0.01,-0.01
0,6,-0.01,-10.06,-0.12,0,-0.01,-0.01
0,6,-0.01,-10.06,-0.12,0,-0.01,-0.01
0,6,0.03,-9.98,-0.09,0,-0.01,-0.01
0,6,0.03,-9.98,-0.09,0,0,-0.01
0,6,0.03,-9.98,-0.09,0,0,-0.01
0,6,0,-9.96,-0.12,0,0,-0.01
0,6,0,-9.96,-0.12,0,-0.01,-0.01
0,6,0,-9.96,-0.12,0,0,-0.01
0,6,0.05,-10.02,-0.18,0,0,-0.01
0,6,0.05,-10.02,-0.18,0,-0.01,-0.01
0,7,0,-9.99,-0.11,0,-0.01,-0.01
0,7,0,-9.99,-0.11,0,-0.01,-0.01
0,7,0,-9.99,-0.11,0,-0.01,-0.01
0,7,-0.02,-10.07,-0.1,0,-0.01,-0.01
0,7,-0.02,-10.07,-0.1,0,-0.01,-0.01
0,7,-0.02,-10.07,-0.1,0,0,-0.01
0,7,0,-10.07,-0.17,0,-0.01,-0.01
0,7,0,-10.07,-0.17,0,-0.01,-0.01
0,7,0,-10.07,-0.17,0,-0.01,-0.01
0,7,0.01,-10,-0.12,0,-0.01,-0.01
0,7,0.01,-10,-0.12,0,-0.01,-0.01
0,7,0.01,-10,-0.12,0,-0.01,-0.01
0,7,-0.01,-10.01,-0.12,0,-0.01,-0.01
0,7,-0.01,-10.01,-0.12,0,-0.01,-0.01
0,7,-0.01,-10.01,-0.12,0,-0.01,-0.01
0,7,-0.04,-10.02,-0.2,0,-0.01,-0.01
0,7,-0.04,-10.02,-0.2,0,-0.01,-0.01
0,7,-0.04,-10.02,-0.2,0,-0.01,0
0,7,0,-10.05,-0.14,0,-0.01,0
0,7,0,-10.05,-0.14,0,-0.01,-0.01
0,7,0,-10.05,-0.14,0,-0.01,-0.01
0,7,0.06,-10.01,-0.12,0,-0.01,-0.01
0,7,0.06,-10.01,-0.12,0,-0.01,-0.01
0,7,0.06,-10.01,-0.12,0,-0.01,-0.01
0,7,0,-9.98,-0.1,0,0,-0.01
0,7,0,-9.98,-0.1,0,0,-0.01
0,7,0,-9.98,-0.1,0,-0.01,-0.01
0,7,0,-10.07,-0.16,0,-0.01,-0.01
0,7,0,-10.07,-0.16,0,-0.01,-0.01
0,7,0,-10.07,-0.16,0,-0.01,-0.01
0,7,0.03,-10.05,-0.16,0,-0.01,-0.01
0,7,0.03,-10.05,-0.16,0,-0.01,-0.01
0,7,0.03,-10.05,-0.16,0,0,-0.01
0,7,0.02,-10.04,-0.11,0,0,-0.01
0,7,0.02,-10.04,-0.11,0,0,-0.01
0,7,0.02,-10.04,-0.11,0,-0.01,-0.01
0,7,0.02,-10.01,-0.13,0,-0.01,-0.01
0,7,0.02,-10.01,-0.13,0,-0.01,-0.01
0,7,0.02,-10.01,-0.13,0,-0.01,-0.01
0,7,0.03,-10.07,-0.18,0,-0.01,-0.01
0,7,0.03,-10.07,-0.18,0,0,0
0,7,0.03,-10.07,-0.18,0,0,0
0,7,0,-10.03,-0.15,0,-0.01,-0.01
0,7,0,-10.03,-0.15,0,-0.01,-0.01
0,7,0.02,-10.01,-0.14,0,-0.01,-0.01
0,7,0.02,-10.01,-0.14,0,-0.01,-0.01
0,7,0.02,-10.01,-0.14,0,-0.01,-0.01
0,7,0.01,-10.06,-0.2,0,-0.01,-0.01
0,7,0.01,-10.06,-0.2,0,-0.01,-0.01
0,7,0.01,-10.06,-0.2,0,0,-0.01
0,7,-0.02,-9.96,-0.16,0,0,-0.01
0,7,-0.02,-9.96,-0.16,0,-0.01,-0.01
0,7,-0.02,-9.96,-0.16,0,-0.01,-0.01
0,7,0.02,-10.06,-0.14,0,-0.01,-0.01
0,7,0.02,-10.06,-0.14,0,-0.01,-0.01
0,7,0.02,-10.06,-0.14,0,-0.01,0
0,7,-0.03,-10.06,-0.19,0,-0.01,0
0,7,-0.03,-10.06,-0.19,0,-0.01,-0.01
0,7,-0.03,-10.06,-0.19,0,-0.01,-0.01
0,7,0,-9.95,-0.19,0,-0.01,-0.01
0,7,0,-9.95,-0.19,0,0,-0.01
0,7,0,-9.95,-0.19,0,0,-0.01
0,7,0,-10.04,-0.16,0,0,-0.01
0,7,0,-10.04,-0.16,0,0,-0.01
0,7,0,-10.04,-0.16,0,-0.01,-0.01
0,7,0.03,-9.98,-0.1,0,-0.01,-0.01
0,7,0.03,-9.98,-0.1,0,-0.01,-0.01
0,7,0.03,-9.98,-0.1,0,-0.01,-0.01
0,7,0.02,-9.99,-0.15,0,-0.01,-0.01
0,7,0.02,-9.99,-0.15,0,-0.01,-0.01
0,7,0.02,-9.99,-0.15,0,-0.01,-0.01
0,7,0.02,-10.04,-0.15,0,0,-0.01
0,7,0.02,-10.04,-0.15,0,0,-0.01
0,7,0.02,-10.04,-0.15,0,0,-0.01
0,7,-0.01,-9.99,-0.1,0,-0.01,-0.01
0,7,-0.01,-9.99,-0.1,0,0,-0.01
0,7,-0.01,-9.99,-0.1,0,0,-0.01
0,7,-0.01,-10.01,-0.2,0,-0.01,-0.01
0,7,-0.01,-10.01,-0.2,0,-0.01,-0.01
0,7,-0.01,-10.01,-0.2,0,-0.01,-0.01
0,7,0.03,-10.02,-0.19,0,0,-0.01
0,7,0.03,-10.02,-0.19,0,0,-0.01
0,7,0.03,-10.02,-0.19,0,-0.01,-0.01
0,7,0,-10.03,-0.19,0,-0.01,-0.01
0,7,0,-10.03,-0.19,0,-0.01,-0.01
0,7,0,-10.03,-0.19,0,-0.01,-0.01
0,7,0.03,-10.07,-0.18,0,-0.01,-0.01
0,7,0.03,-10.07,-0.18,0,-0.01,-0.01
0,7,0,-10.04,-0.18,0,-0.01,-0.01
0,7,0,-10.04,-0.18,0,-0.01,0
0,7,0,-10.04,-0.18,0,-0.01,0
0,7,0,-10.1,-0.14,0,-0.01,-0.01
0,7,0,-10.1,-0.14,0,-0.01,-0.01
0,7,0,-10.1,-0.14,0,-0.01,-0.01
0,7,0.05,-10.1,-0.09,0,0,-0.01
0,7,0.05,-10.1,-0.09,0,0,-0.01
0,7,0.05,-10.1,-0.09,0,0,-0.01
0,7,-0.09,-9.94,0,0,0,-0.01
0,7,-0.09,-9.94,0,0,-0.01,-0.01
0,7,-0.09,-9.94,0,0,-0.01,-0.01
0,7,0.02,-9.95,-0.18,0,-0.01,-0.01
0,7,0.02,-9.95,-0.18,0,-0.01,-0.01
0,7,0.02,-9.95,-0.18,0,-0.01,-0.01
0,7,0.02,-10.09,-0.22,0,-0.01,-0.01
0,7,0.02,-10.09,-0.22,0,-0.01,-0.01
0,7,0.02,-10.09,-0.22,0,-0.01,-0.01
0,7,0,-10.01,-0.07,0,-0.01,-0.01
0,7,0,-10.01,-0.07,0,-0.01,-0.01
0,7,0,-10.01,-0.07,0,-0.01,-0.01
0,7,0,-10.01,-0.07,0,-0.01,-0.01
0,7,0.04,-10.02,-0.1,0,-0.01,0
0,7,0.04,-10.02,-0.1,0,0,-0.01
0,7,0.02,-10.07,-0.22,0,0,-0.01
0,7,0.02,-10.07,-0.22,0,0,-0.01
0,7,0.02,-10.07,-0.22,0,-0.01,-0.01
0,7,0.04,-10.03,-0.16,0,-0.01,-0.01
0,7,0.04,-10.03,-0.16,0,-0.01,-0.01
0,7,0.04,-10.03,-0.16,0,-0.01,-0.01
0,7,0.06,-10.01,-0.15,0,-0.01,-0.01
0,7,0.06,-10.01,-0.15,0,-0.01,-0.01
0,7,0.06,-10.01,-0.15,0,-0.01,-0.01
0,7,0,-10.07,-0.18,0,0,-0.01
0,7,0,-10.07,-0.18,0,-0.01,-0.01
0,7,0,-10.07,-0.18,0,-0.01,-0.01
0,7,-0.04,-10.09,-0.16,0,-0.01,-0.01
0,7,-0.04,-10.09,-0.16,0,0,-0.01
0,7,-0.04,-10.09,-0.16,0,0,-0.01
0,7,-0.02,-10.01,-0.12,0,0,-0.01
0,7,-0.02,-10.01,-0.12,0,0,-0.01
0,7,-0.02,-10.01,-0.12,0,0,-0.01
0,7,0,-10.05,-0.17,0,0,-0.01
0,7,0,-10.05,-0.17,0,-0.01,-0.01
0,7,0,-10.05,-0.17,0,-0.01,-0.01
0,7,-0.04,-10.01,-0.15,0,-0.01,-0.01
0,7,-0.04,-10.01,-0.15,0,-0.01,-0.01
0,7,-0.04,-10.01,-0.15,0,0,-0.01
0,7,0.01,-10.04,-0.21,0,0,-0.01
0,7,0.01,-10.04,-0.21,0,0,-0.01
0,7,0.01,-10.04,-0.21,0,-0.01,-0.01
0,7,0,-10.04,-0.13,0,-0.01,-0.01
0,7,0,-10.04,-0.13,0,-0.01,-0.01
0,7,0,-10.04,-0.13,0,-0.01,-0.01
0,7,0.01,-10.03,-0.18,0,-0.01,-0.01
0,7,0.01,-10.03,-0.18,0,-0.01,-0.01
0,7,0.01,-10.03,-0.18,0,0,-0.01
0,7,0.03,-10.01,-0.17,0,0,-0.01
0,7,0.03,-10.01,-0.17,0,0,-0.01
0,7,0.03,-10.01,-0.17,0,0,-0.01
0,7,0.03,-10.04,-0.14,0,0,-0.01
0,7,0.03,-10.04,-0.14,0,0,-0.01
0,7,0.03,-10.04,-0.14,0,-0.01,0
0,7,-0.02,-10.01,-0.07,0,-0.01,0
0,7,-0.02,-10.01,-0.07,0,-0.01,-0.01
0,7,-0.02,-10.01,-0.07,0,-0.01,-0.01
0,7,0.07,-10,-0.08,0,-0.01,-0.01
0,7,0.07,-10,-0.08,0,-0.01,-0.01
0,7,0.07,-10,-0.08,0,-0.01,-0.01
0,7,-0.01,-10.02,-0.1,0,-0.01,-0.01
0,7,-0.01,-10.02,-0.1,0,-0.01,-0.01
0,8,-0.01,-10.02,-0.1,0,-0.01,-0.01
0,8,-0.02,-9.99,-0.13,0,-0.01,-0.01
0,8,-0.02,-9.99,-0.13,0,0,-0.01
0,8,-0.02,-9.99,-0.13,0,-0.01,-0.01
0,8,-0.02,-10.06,-0.11,0,-0.01,-0.01
0,8,-0.02,-10.06,-0.11,0,0,-0.01
0,8,-0.02,-10.06,-0.11,0,0,-0.01
0,8,0,-10,-0.12,0,0,-0.01
0,8,0,-10,-0.12,0,-0.01,-0.01
0,8,0,-10,-0.12,0,-0.01,-0.01
0,8,-0.07,-10.04,-0.17,0,0,-0.01
0,8,-0.07,-10.04,-0.17,0,-0.01,0
0,8,-0.07,-10.04,-0.17,0,-0.01,0
0,8,0.04,-10.06,-0.08,0,0,-0.01
0,8,0.04,-10.06,-0.08,0,0,-0.01
0,8,0.04,-10.06,-0.08,0,0,-0.01
0,8,-0.03,-10.04,-0.11,0,0,-0.01
0,8,-0.03,-10.04,-0.11,0,0,-0.01
0,8,0.05,-10.03,-0.13,0,0,-0.01
0,8,0.05,-10.03,-0.13,0,-0.01,-0.01
0,8,0.05,-10.03,-0.13,0,0,0
0,8,0.04,-10.03,-0.19,0,0,0
0,8,0.04,-10.03,-0.19,0,0,-0.01
0,8,0.04,-10.03,-0.19,0,0,-0.01
0,8,0.02,-9.98,-0.13,0,-0.01,-0.01
0,8,0.02,-9.98,-0.13,0,-0.01,-0.01
0,8,0.02,-9.98,-0.13,0,-0.01,-0.01
0,8,0.03,-10.03,-0.16,0,0,-0.01
0,8,0.03,-10.03,-0.16,0,-0.01,-0.02
0,8,0.03,-10.03,-0.16,0,-0.01,-0.02
0,8,0.01,-10.07,-0.25,0,-0.01,-0.01
0,8,0.01,-10.07,-0.25,0,-0.01,-0.01
0,8,0.01,-10.07,-0.25,0,-0.01,-0.01
0,8,0.01,-10.03,-0.11,0,-0.01,-0.01
0,8,0.01,-10.03,-0.11,0,-0.01,-0.01
0,8,0.01,-10.03,-0.11,0,-0.01,-0.01
0,8,0.03,-10.02,-0.11,0,-0.01,-0.01
0,8,0.03,-10.02,-0.11,0,-0.01,-0.01
0,8,0.03,-10.02,-0.11,0,-0.01,-0.01
0,8,-0.01,-10.01,-0.2,0,-0.01,-0.01
0,8,-0.01,-10.01,-0.2,0,-0.01,-0.01
0,8,-0.01,-10.01,-0.2,0,-0.01,-0.01
0,8,0,-10.06,-0.17,0,-0.01,-0.01
0,8,0,-10.06,-0.17,0,-0.01,-0.01
0,8,0,-10.06,-0.17,0,-0.01,-0.01
0,8,0,-10.06,-0.17,0,-0.01,-0.01
0,8,-0.02,-10.07,-0.13,0,0,-0.01
0,8,-0.02,-10.07,-0.13,0,-0.01,-0.01
0,8,-0.02,-10.07,-0.13,0,-0.01,-0.01
0,8,0.02,-10.05,-0.11,0,-0.01,-0.01
0,8,0.02,-10.05,-0.11,0,-0.01,-0.01
0,8,0.03,-10.11,-0.21,0,-0.01,-0.01
0,8,0.03,-10.11,-0.21,0,-0.01,-0.01
0,8,0.03,-10.11,-0.21,0,-0.01,-0.01
0,8,0.02,-10.11,-0.16,0,-0.01,-0.01
0,8,0.02,-10.11,-0.16,0,-0.01,-0.01
0,8,0.02,-10.11,-0.16,0,-0.01,-0.01
0,8,0,-10.06,-0.1,0,0,-0.01
0,8,0,-10.06,-0.1,0,-0.01,-0.01
0,8,0,-10.06,-0.1,0,-0.01,-0.01
0,8,0.02,-10.01,-0.16,0,0,-0.01
0,8,0.02,-10.01,-0.16,0,-0.01,-0.01
0,8,0.02,-10.01,-0.16,0,-0.01,-0.01
0,8,-0.01,-9.99,-0.17,0,-0.01,-0.01
0,8,-0.01,-9.99,-0.17,0,-0.01,-0.01
0,8,-0.01,-9.99,-0.17,0,-0.01,-0.01
0,8,-0.02,-10.01,-0.1,0,0,-0.01
0,8,-0.02,-10.01,-0.1,0,0,-0.01
0,8,-0.02,-10.01,-0.1,0,0,-0.01
0,8,-0.06,-10,-0.16,0,-0.01,-0.01
0,8,-0.06,-10,-0.16,0,-0.01,-0.01
0,8,-0.06,-10,-0.16,0,-0.01,-0.01
0,8,0.03,-10,-0.15,0,-0.01,-0.01
0,8,0.03,-10,-0.15,0,0,-0.01
0,8,0.03,-10,-0.15,0,0,-0.01
0,8,0.02,-10.04,-0.19,0,-0.01,-0.01
0,8,0.02,-10.04,-0.19,0,-0.01,-0.01
0,8,0.02,-10.04,-0.19,0,-0.01,-0.01
0,8,0,-9.98,-0.1,0,-0.01,-0.01
0,8,0,-9.98,-0.1,0,-0.01,-0.01
0,8,0,-9.98,-0.1,0,-0.01,-0.01
0,8,-0.01,-10.05,-0.16,0,-0.01,-0.01
0,8,-0.01,-10.05,-0.16,0,-0.01,-0.01
0,8,-0.01,-10.05,-0.16,0,0,0
0,8,0,-10,-0.18,0,-0.01,-0.01
0,8,0,-10,-0.18,0,-0.01,-0.01
0,8,0,-10,-0.18,0,-0.01,-0.01
0,8,-0.01,-10,-0.21,0,-0.01,-0.01
0,8,-0.01,-10,-0.21,0,-0.01,-0.01
0,8,-0.01,-10,-0.21,0,0,-0.01
0,8,-0.01,-10.06,-0.15,0,-0.01,0
0,8,-0.01,-10.06,-0.15,0,-0.01,0
0,8,-0.01,-10.06,-0.15,0,0,-0.01
0,8,-0.07,-10.04,-0.19,0,0,-0.01
0,8,-0.07,-10.04,-0.19,0,0,-0.01
0,8,-0.07,-10.04,-0.19,0,-0.01,-0.01
0,8,0.03,-10.07,-0.15,0,-0.01,-0.01
0,8,0.03,-10.07,-0.15,0,-0.01,-0.01
0,8,0.03,-10.07,-0.15,0,-0.01,-0.01
0,8,0.06,-10,-0.04,0,-0.01,-0.01
0,8,0.06,-10,-0.04,0,-0.01,-0.01
0,8,0.17,-10.07,-0.18,0,-0.01,-0.01
0,8,0.17,-10.07,-0.18,0,-0.01,-0.01
0,8,0.17,-10.07,-0.18,0,-0.01,-0.01
0,8,-0.24,-10.03,-0.23,0,-0.01,-0.01
0,8,-0.24,-10.03,-0.23,0,-0.01,-0.01
0,8,-0.24,-10.03,-0.23,0,0,-0.01
0,8,-0.29,-10.08,-0.39,0,-0.01,-0.01
0,8,-0.29,-10.08,-0.39,0,-0.01,-0.01
0,8,-0.29,-10.08,-0.39,0,0.01,-0.02
0,8,0.81,-9.98,-0.43,0,-0.01,-0.01
0,8,0.81,-9.98,-0.43,0,-0.01,-0.01
0,8,0.81,-9.98,-0.43,0,-0.01,-0.01
0,8,-0.58,-10.14,-0.32,0,0,-0.01
0,8,-0.58,-10.14,-0.32,0,0,-0.01
0,8,-0.58,-10.14,-0.32,0,-0.01,-0.01
0,8,0.16,-9.92,-0.04,0,-0.01,-0.01
0,8,0.16,-9.92,-0.04,0,-0.01,-0.01
0,8,0.16,-9.92,-0.04,0,-0.01,-0.01
0,8,0.33,-9.97,-0.13,0,-0.01,-0.01
0,8,0.33,-9.97,-0.13,0,0,0
0,8,0.33,-9.97,-0.13,0,-0.01,-0.01
0,8,-0.25,-10.07,-0.13,0,-0.01,-0.01
0,8,-0.25,-10.07,-0.13,0,0,0
0,8,-0.25,-10.07,-0.13,0,0,0
0,8,-0.22,-10.14,-0.33,0,-0.01,-0.01
0,8,-0.22,-10.14,-0.33,0,0,-0.01
0,8,-0.22,-10.14,-0.33,0,0,-0.01
0,8,-0.19,-10,-0.05,0,0,-0.01
0,8,-0.19,-10,-0.05,0,-0.01,-0.01
0,8,-0.19,-10,-0.05,0,-0.01,-0.01
0,8,0.62,-10.18,-0.66,0,-0.02,-0.01
0,8,0.62,-10.18,-0.66,0,-0.02,-0.01
0,8,0.62,-10.18,-0.66,0,0.03,0
0,8,0.21,-9.94,0.03,0,0.02,0
0,8,0.21,-9.94,0.03,0,0.02,0
0,8,0.21,-9.94,0.03,0,0.02,0.02
0,8,0.46,-10.26,-0.73,0,0.03,0.06
0,8,0.46,-10.26,-0.73,0,0.03,0.06
0,8,0.46,-10.26,-0.73,0,0.06,0.12
0,8,0.05,-10.26,-0.51,0,0.08,0.19
0,8,0.05,-10.26,-0.51,0,0.08,0.19
0,8,0.05,-10.26,-0.51,0,0.08,0.28
0,8,-0.09,-9.94,0.41,0,0.05,0.34
0,8,-0.09,-9.94,0.41,0,0.05,0.34
0,8,-0.09,-9.94,0.41,0,0.02,0.29
0,8,0.33,-10.26,0.86,0,0.02,0.29
0,8,0.33,-10.26,0.86,0,0.02,0.27
0,8,0.33,-10.26,0.86,0,0.02,0.25
0,8,-0.14,-10.55,0.63,0,0.02,0.25
0,8,-0.14,-10.55,0.63,0,0.03,0.24
0,8,-0.14,-10.55,0.63,0,0.05,0.21
0,8,-0.31,-11.5,0.1,0,0.05,0.21
0,8,-0.31,-11.5,0.1,0,0.11,0.14
0,8,-0.31,-11.5,0.1,0,0.18,0.09
0,8,0.14,-11.86,-0.53,0,0.18,0.09
0,8,0.14,-11.86,-0.53,0,0.26,0.07
0,8,0.14,-11.86,-0.53,0,0.32,0.07
0,8,1.01,-11.57,-0.22,0,0.32,0.07
0,8,1.01,-11.57,-0.22,0,0.35,0.11
0,9,1.01,-11.57,-0.22,0,0.33,0.17
0,9,1.36,-11.28,0.58,0,0.33,0.17
0,9,1.36,-11.28,0.58,0,0.28,0.24
0,9,1.36,-11.28,0.58,0,0.27,0.31
0,9,0.59,-11.82,-0.12,0,0.27,0.31
0,9,0.59,-11.82,-0.12,0,0.28,0.36
0,9,0.59,-11.82,-0.12,0,0.28,0.36
0,9,0.14,-11.65,-0.06,0,0.32,0.38
0,9,0.14,-11.65,-0.06,0,0.33,0.38
0,9,0.14,-11.65,-0.06,0,0.33,0.38
0,9,0.23,-11.09,0.39,0,0.33,0.34
0,9,0.23,-11.09,0.39,0,0.31,0.31
0,9,0.23,-11.09,0.39,0,0.31,0.31
0,9,-0.11,-11.01,0.79,0,0.28,0.23
0,9,-0.11,-11.01,0.79,0,0.25,0.12
0,9,-0.11,-11.01,0.79,0,0.25,0.12
0,9,-0.18,-11.04,0.58,0,0.21,-0.01
0,9,-0.18,-11.04,0.58,0,0.19,-0.08
0,9,-0.18,-11.04,0.58,0,0.19,-0.08
0,9,0.15,-10.68,0.54,0,0.16,-0.12
0,9,0.15,-10.68,0.54,0,0.13,-0.11
0,9,0.49,-10.19,0.47,0,0.13,-0.11
0,9,0.49,-10.19,0.47,0,0.09,-0.08
0,9,0.49,-10.19,0.47,0,0.04,-0.03
0,9,0.24,-10.26,0.12,0,0.04,-0.03
0,9,0.24,-10.26,0.12,0,0.02,0.02
0,9,0.24,-10.26,0.12,0,0.02,0.02
0,9,0.05,-10.4,-0.17,0,0.03,0.07
0,9,0.05,-10.4,-0.17,0,0.04,0.11
0,9,0.05,-10.4,-0.17,0,0.04,0.11
0,9,0.02,-10.16,0.16,0,0.03,0.14
0,9,0.02,-10.16,0.16,0,0,0.16
0,9,0.02,-10.16,0.16,0,0,0.16
0,9,0.07,-9.79,0.78,0,-0.04,0.16
0,9,0.07,-9.79,0.78,0,-0.1,0.13
0,9,0.07,-9.79,0.78,0,-0.1,0.13
0,9,-0.25,-9.49,0.66,0,-0.18,0.06
0,9,-0.25,-9.49,0.66,0,-0.23,-0.01
0,9,-0.25,-9.49,0.66,0,-0.23,-0.01
0,9,-0.15,-9.55,0.65,0,-0.29,-0.08
0,9,-0.15,-9.55,0.65,0,-0.35,-0.11
0,9,-0.15,-9.55,0.65,0,-0.35,-0.11
0,9,0.03,-9.87,0.13,0,-0.38,-0.11
0,9,0.03,-9.87,0.13,0,-0.38,-0.09
0,9,0.03,-9.87,0.13,0,-0.38,-0.09
0,9,0.15,-10.1,0,0,-0.39,-0.05
0,9,0.15,-10.1,0,0,-0.39,-0.01
0,9,0.15,-10.1,0,0,-0.39,-0.01
0,9,0.23,-9.84,0.25,0,-0.42,0.01
0,9,0.23,-9.84,0.25,0,-0.45,0
0,9,0.23,-9.84,0.25,0,-0.45,0
0,9,0.04,-9.68,0.62,0,-0.49,-0.02
0,9,0.04,-9.68,0.62,0,-0.54,-0.06
0,9,-0.11,-9.63,0.45,0,-0.54,-0.06
0,9,-0.11,-9.63,0.45,0,-0.58,-0.1
0,9,-0.11,-9.63,0.45,0,-0.6,-0.12
0,9,-0.2,-9.68,0.06,0,-0.6,-0.12
0,9,-0.2,-9.68,0.06,0,-0.6,-0.11
0,9,-0.2,-9.68,0.06,0,-0.61,-0.09
0,9,-0.07,-9.83,-0.21,0,-0.61,-0.09
0,9,-0.07,-9.83,-0.21,0,-0.59,-0.06
0,9,-0.07,-9.83,-0.21,0,-0.59,-0.06
0,9,-0.06,-9.65,-0.22,0,-0.56,-0.01
0,9,-0.06,-9.65,-0.22,0,-0.55,0
0,9,-0.06,-9.65,-0.22,0,-0.55,0
0,9,0.24,-9.4,-0.04,0,-0.54,0.01
0,9,0.24,-9.4,-0.04,0,-0.54,0.02
0,9,0.24,-9.4,-0.04,0,-0.54,0.02
0,9,0.22,-9.34,-0.17,0,-0.54,0.05
0,9,0.22,-9.34,-0.17,0,-0.53,0.08
0,9,0.22,-9.34,-0.17,0,-0.53,0.08
0,9,0.01,-9.54,-0.39,0,-0.51,0.09
0,9,0.01,-9.54,-0.39,0,-0.47,0.11
0,9,0.01,-9.54,-0.39,0,-0.47,0.11
0,9,-0.51,-9.66,-0.53,0,-0.42,0.1
0,9,-0.51,-9.66,-0.53,0,-0.36,0.06
0,9,-0.51,-9.66,-0.53,0,-0.36,0.06
0,9,-0.46,-9.64,-0.43,0,-0.31,0
0,9,-0.46,-9.64,-0.43,0,-0.27,-0.06
0,9,-0.46,-9.64,-0.43,0,-0.27,-0.06
0,9,-0.46,-9.59,-0.43,0,-0.23,-0.12
0,9,-0.46,-9.59,-0.43,0,-0.2,-0.17
0,9,-0.46,-9.59,-0.43,0,-0.2,-0.17
0,9,0.02,-9.57,-0.3,0,-0.18,-0.2
0,9,0.02,-9.57,-0.3,0,-0.18,-0.2
0,9,0.02,-9.57,-0.3,0,-0.17,-0.19
0,9,0.24,-9.61,-0.4,0,-0.16,-0.16
0,9,0.24,-9.61,-0.4,0,-0.16,-0.16
0,9,0.24,-9.61,-0.4,0,-0.14,-0.08
0,9,-0.27,-9.71,-0.57,0,-0.12,-0.03
0,9,-0.27,-9.71,-0.57,0,-0.12,-0.03
0,9,-0.27,-9.71,-0.57,0,-0.09,0.01
0,9,-0.31,-9.54,-0.57,0,-0.09,0.04
0,9,-0.31,-9.54,-0.57,0,-0.09,0.04
0,9,-0.54,-9.49,-0.4,0,-0.07,0.06
0,9,-0.54,-9.49,-0.4,0,-0.09,0.07
0,9,-0.54,-9.49,-0.4,0,-0.09,0.07
0,9,-0.49,-9.46,-0.25,0,-0.09,0.07
0,9,-0.49,-9.46,-0.25,0,-0.1,0.05
0,9,-0.49,-9.46,-0.25,0,-0.1,0.05
0,9,-0.22,-9.34,-0.11,0,-0.12,0.02
0,9,-0.22,-9.34,-0.11,0,-0.14,-0.01
0,9,-0.22,-9.34,-0.11,0,-0.14,-0.01
0,9,-0.15,-9.38,-0.16,0,-0.16,-0.03
0,9,-0.15,-9.38,-0.16,0,-0.16,-0.03
0,9,-0.15,-9.38,-0.16,0,-0.16,-0.03
0,9,-0.5,-9.58,-0.54,0,-0.16,-0.01
0,9,-0.5,-9.58,-0.54,0,-0.16,-0.01
0,9,-0.5,-9.58,-0.54,0,-0.13,0.02
0,9,-0.88,-9.5,-0.24,0,-0.07,0
0,9,-0.88,-9.5,-0.24,0,-0.07,0
0,9,-0.88,-9.5,-0.24,0,0.03,-0.07
0,9,-0.75,-9.7,-0.05,0,0.12,-0.1
0,9,-0.75,-9.7,-0.05,0,0.12,-0.1
0,9,-0.75,-9.7,-0.05,0,0.18,-0.01
0,9,-0.68,-9.46,0,0,0.17,0.12
0,9,-0.68,-9.46,0,0,0.17,0.12
0,9,-0.68,-9.46,0,0,0.11,0.21
0,9,-1.5,-13.06,-0.73,0,0.13,0.28
0,9,-1.5,-13.06,-0.73,0,0.13,0.28
0,9,-1.5,-13.06,-0.73,0,0.28,0.33
0,9,0.97,-9.87,-0.71,0,0.21,0.59
0,9,0.97,-9.87,-0.71,0,0.21,0.59
0,9,0.97,-9.87,-0.71,0,0.17,0.61
0,9,-1.58,-10.87,-0.81,0,0.18,0.54
0,9,-1.58,-10.87,-0.81,0,0.18,0.54
0,9,-1.58,-10.87,-0.81,0,0.19,0.53
0,9,-1.3,-11.04,-1.1,0,0.19,0.53
0,9,-1.3,-11.04,-1.1,0,0.19,0.51
0,9,-1.3,-11.04,-1.1,0,0.18,0.45
0,9,-1.24,-10.24,-1.09,0,0.18,0.45
0,9,-1.24,-10.24,-1.09,0,0.18,0.34
0,9,-1.24,-10.24,-1.09,0,0.16,0.29
0,9,-0.77,-9.38,-1.05,0,0.16,0.29
0,9,-0.77,-9.38,-1.05,0,0.09,0.24
0,9,-1.03,-9.09,-0.86,0,-0.04,0.22
0,9,-1.03,-9.09,-0.86,0,-0.04,0.22
0,9,-1.03,-9.09,-0.86,0,-0.12,0.2
0,9,-1.03,-9.09,-0.86,0,-0.19,0.16
0,9,-2.08,-9.45,-0.89,0,-0.19,0.16
0,9,-2.08,-9.45,-0.89,0,-0.24,0.08
0,9,-2.08,-9.45,-0.89,0,-0.24,0.08
0,9,-2.33,-10.2,-1.38,0,-0.24,-0.03
0,9,-2.33,-10.2,-1.38,0,-0.21,-0.1
0,9,-2.33,-10.2,-1.38,0,-0.21,-0.1
0,9,-1.59,-10.19,-1.42,0,-0.17,-0.15
0,9,-1.59,-10.19,-1.42,0,-0.12,-0.17
0,9,-1.59,-10.19,-1.42,0,-0.12,-0.17
0,9,-1.02,-10.03,-1.4,0,-0.08,-0.15
0,9,-1.02,-10.03,-1.4,0,-0.04,-0.07
0,9,-1.02,-10.03,-1.4,0,-0.04,-0.07
0,9,-0.88,-10,-1.19,0,-0.01,0.03
0,9,-0.88,-10,-1.19,0,-0.01,0.03
0,9,-0.88,-10,-1.19,0,0,0.15
0,9,-1.03,-10.23,-0.85,0,0,0.21
0,9,-1.03,-10.23,-0.85,0,0,0.21
0,9,-1.03,-10.23,-0.85,0,-0.03,0.26
0,9,-1.16,-10.3,-0.68,0,-0.06,0.26
0,10,-1.16,-10.3,-0.68,0,-0.06,0.26
0,10,-1.16,-10.3,-0.68,0,-0.07,0.23
0,10,-0.91,-10.47,-1.09,0,-0.05,0.21
0,10,-0.91,-10.47,-1.09,0,-0.05,0.21
0,10,-0.91,-10.47,-1.09,0,-0.01,0.23
0,10,-0.84,-10.62,-1.23,0,-0.01,0.23
0,10,-0.84,-10.62,-1.23,0,0.02,0.29
0,10,-1.27,-10.71,-1.29,0,0.05,0.35
0,10,-1.27,-10.71,-1.29,0,0.09,0.39
0,10,-1.27,-10.71,-1.29,0,0.09,0.39
0,10,-2.16,-10.51,-0.77,0,0.09,0.42
0,10,-2.16,-10.51,-0.77,0,0.09,0.42
0,10,-2.16,-10.51,-0.77,0,0.09,0.43
0,10,-1.9,-10.28,-0.83,0,0.08,0.41
0,10,-1.9,-10.28,-0.83,0,0.08,0.41
0,10,-1.9,-10.28,-0.83,0,0.05,0.39
0,10,-1.49,-10.01,-1.08,0,0.02,0.37
0,10,-1.49,-10.01,-1.08,0,0.02,0.37
0,10,-1.49,-10.01,-1.08,0,-0.01,0.33
0,10,-1.61,-10.19,-1.32,0,-0.02,0.3
0,10,-1.61,-10.19,-1.32,0,-0.02,0.3
0,10,-1.61,-10.19,-1.32,0,-0.02,0.25
0,10,-1.96,-10.36,-1.27,0,-0.01,0.2
0,10,-1.96,-10.36,-1.27,0,-0.01,0.2
0,10,-1.96,-10.36,-1.27,0,0,0.13
0,10,-1.52,-10.58,-1.36,0,0.01,0.09
0,10,-1.52,-10.58,-1.36,0,0.01,0.09
0,10,-1.52,-10.58,-1.36,0,0.05,0.07
0,10,-0.72,-10.41,-1.58,0,0.08,0.08
0,10,-0.72,-10.41,-1.58,0,0.08,0.08
0,10,-0.72,-10.41,-1.58,0,0.13,0.09
0,10,-0.81,-10.23,-1.93,0,0.2,0.1
0,10,-0.81,-10.23,-1.93,0,0.2,0.1
0,10,-0.81,-10.23,-1.93,0,0.25,0.11
0,10,-1.33,-10.25,-1.64,0,0.29,0.12
0,10,-1.33,-10.25,-1.64,0,0.29,0.12
0,10,-1.38,-10.11,-1.09,0,0.31,0.13
0,10,-1.38,-10.11,-1.09,0,0.31,0.14
0,10,-1.38,-10.11,-1.09,0,0.31,0.14
0,10,-1.35,-9.77,-0.68,0,0.3,0.16
0,10,-1.35,-9.77,-0.68,0,0.28,0.16
0,10,-1.35,-9.77,-0.68,0,0.28,0.16
0,10,-1.05,-9.45,-0.27,0,0.24,0.17
0,10,-1.05,-9.45,-0.27,0,0.2,0.17
0,10,-1.05,-9.45,-0.27,0,0.2,0.17
0,10,-0.96,-9.37,0.04,0,0.16,0.14
0,10,-0.96,-9.37,0.04,0,0.1,0.12
0,10,-0.96,-9.37,0.04,0,0.1,0.12
0,10,-0.47,-9.31,-0.13,0,0.08,0.15
0,10,-0.47,-9.31,-0.13,0,0.08,0.15
0,10,-0.47,-9.31,-0.13,0,0.06,0.21
0,10,-0.38,-9.47,-0.26,0,0.05,0.26
0,10,-0.38,-9.47,-0.26,0,0.05,0.26
0,10,-0.38,-9.47,-0.26,0,0.03,0.31
0,10,-0.5,-9.39,-0.1,0,0,0.33
0,10,-0.5,-9.39,-0.1,0,0,0.33
0,10,-0.5,-9.39,-0.1,0,-0.04,0.34
0,10,-0.45,-9.25,-0.06,0,-0.07,0.32
0,10,-0.45,-9.25,-0.06,0,-0.07,0.32
0,10,-0.45,-9.25,-0.06,0,-0.12,0.31
0,10,-0.39,-9.21,-0.21,0,-0.15,0.32
0,10,-0.39,-9.21,-0.21,0,-0.15,0.32
0,10,-0.39,-9.21,-0.21,0,-0.18,0.33
0,10,-0.59,-9.35,-0.4,0,-0.21,0.34
0,10,-0.59,-9.35,-0.4,0,-0.21,0.34
0,10,-0.59,-9.35,-0.4,0,-0.22,0.34
0,10,-0.9,-9.44,-1.03,0,-0.22,0.34
0,10,-0.9,-9.44,-1.03,0,-0.2,0.31
0,10,-0.9,-9.44,-1.03,0,-0.18,0.3
0,10,-1.13,-9.7,-1.21,0,-0.18,0.3
0,10,-1.13,-9.7,-1.21,0,-0.18,0.29
0,10,-1.13,-9.7,-1.21,0,-0.16,0.28
0,10,-1.29,-9.93,-1.12,0,-0.16,0.28
0,10,-1.29,-9.93,-1.12,0,-0.15,0.24
0,10,-1.29,-9.93,-1.12,0,-0.13,0.2
0,10,-1.2,-9.87,-1.25,0,-0.13,0.2
0,10,-1.2,-9.87,-1.25,0,-0.11,0.16
0,10,-1.2,-9.87,-1.25,0,-0.11,0.16
0,10,-1.04,-9.97,-1.39,0,-0.08,0.15
0,10,-1.04,-9.97,-1.39,0,-0.04,0.18
0,10,-1.04,-9.97,-1.39,0,-0.04,0.18
0,10,-0.94,-9.98,-1.47,0,0.01,0.22
0,10,-0.94,-9.98,-1.47,0,0.01,0.22
0,10,-0.94,-9.98,-1.47,0,0.06,0.34
0,10,-0.55,-9.97,-1.41,0,0.09,0.45
0,10,-0.55,-9.97,-1.41,0,0.09,0.45
0,10,-0.55,-9.97,-1.41,0,0.1,0.53
0,10,-0.54,-9.63,-0.98,0,0.1,0.55
0,10,-0.54,-9.63,-0.98,0,0.1,0.55
0,10,-0.54,-9.63,-0.98,0,0.09,0.53
0,10,-0.03,-9.24,-0.86,0,0.08,0.51
0,10,-0.03,-9.24,-0.86,0,0.08,0.51
0,10,-0.03,-9.24,-0.86,0,0.08,0.48
0,10,0.25,-9.09,-0.9,0,0.08,0.48
0,10,0.25,-9.09,-0.9,0,0.09,0.45
0,10,0.25,-9.09,-0.9,0,0.1,0.43
0,10,-0.05,-9.05,-0.69,0,0.1,0.43
0,10,-0.05,-9.05,-0.69,0,0.12,0.39
0,10,-0.05,-9.05,-0.69,0,0.11,0.34
0,10,-0.55,-9.6,-0.35,0,0.11,0.34
0,10,-0.55,-9.6,-0.35,0,0.1,0.27
0,10,-0.55,-9.6,-0.35,0,0.09,0.27
0,10,-0.32,-9.93,-0.43,0,0.09,0.27
0,10,-0.32,-9.93,-0.43,0,0.06,0.34
0,10,-0.32,-9.93,-0.43,0,0.04,0.41
0,10,0.03,-9.93,-0.46,0,0.04,0.41
0,10,0.03,-9.93,-0.46,0,0,0.49
0,10,0.03,-9.93,-0.46,0,-0.04,0.55
0,10,0.09,-9.86,-0.41,0,-0.04,0.55
0,10,0.09,-9.86,-0.41,0,-0.07,0.59
0,10,0.09,-9.86,-0.41,0,-0.09,0.62
0,10,-0.04,-9.96,-0.65,0,-0.09,0.62
0,10,-0.04,-9.96,-0.65,0,-0.1,0.63
0,10,-0.04,-9.96,-0.65,0,-0.1,0.63
0,10,-0.23,-10,-0.83,0,-0.11,0.64
0,10,-0.23,-10,-0.83,0,-0.11,0.64
0,10,-0.23,-10,-0.83,0,-0.11,0.64
0,10,-0.29,-9.82,-0.78,0,-0.11,0.6
0,10,-0.29,-9.82,-0.78,0,-0.12,0.53
0,10,-0.29,-9.82,-0.78,0,-0.12,0.53
0,10,-0.44,-9.84,-0.62,0,-0.14,0.44
0,10,-0.44,-9.84,-0.62,0,-0.15,0.35
0,10,-0.44,-9.84,-0.62,0,-0.15,0.35
0,10,-0.15,-10.29,-0.85,0,-0.15,0.32
0,10,-0.15,-10.29,-0.85,0,-0.14,0.35
0,10,0.23,-10.43,-1.13,0,-0.14,0.35
0,10,0.23,-10.43,-1.13,0,-0.13,0.43
0,10,0.23,-10.43,-1.13,0,-0.13,0.43
0,10,0.48,-10.25,-1.35,0,-0.12,0.55
0,10,0.48,-10.25,-1.35,0,-0.11,0.61
0,10,0.48,-10.25,-1.35,0,-0.11,0.61
0,10,0.68,-9.87,-1.45,0,-0.08,0.67
0,10,0.68,-9.87,-1.45,0,-0.07,0.69
0,10,0.68,-9.87,-1.45,0,-0.07,0.69
0,10,0.73,-9.67,-1.42,0,-0.06,0.7
0,10,0.73,-9.67,-1.42,0,-0.07,0.69
0,10,0.73,-9.67,-1.42,0,-0.07,0.69
0,10,0.19,-9.76,-1.36,0,-0.1,0.66
0,10,0.19,-9.76,-1.36,0,-0.14,0.62
0,10,0.19,-9.76,-1.36,0,-0.14,0.62
0,10,-0.32,-9.29,-1.19,0,-0.21,0.56
0,10,-0.32,-9.29,-1.19,0,-0.28,0.43
0,10,-0.32,-9.29,-1.19,0,-0.28,0.43
0,10,-1.15,-10.15,-1.48,0,-0.34,0.34
0,10,-1.15,-10.15,-1.48,0,-0.34,0.34
0,10,-1.15,-10.15,-1.48,0,-0.42,0.29
0,10,-0.85,-10.48,-2.33,0,-0.47,0.32
0,10,-0.85,-10.48,-2.33,0,-0.47,0.32
0,10,-0.85,-10.48,-2.33,0,-0.47,0.31
0,10,-0.34,-10.26,-2.99,0,-0.44,0.33
0,10,-0.34,-10.26,-2.99,0,-0.44,0.33
0,10,-0.34,-10.26,-2.99,0,-0.39,0.39
0,10,0.1,-10.33,-3.01,0,-0.35,0.5
0,10,0.1,-10.33,-3.01,0,-0.35,0.5
0,10,0.1,-10.33,-3.01,0,-0.31,0.58
0,10,-0.61,-9.58,-2.94,0,-0.31,0.58
0,10,-0.61,-9.58,-2.94,0,-0.27,0.54
0,10,-0.61,-9.58,-2.94,0,-0.24,0.43
0,10,-0.62,-8.95,-2.93,0,-0.24,0.43
0,10,-0.62,-8.95,-2.93,0,-0.23,0.28
0,11,-0.62,-8.95,-2.93,0,-0.24,0.18
0,11,-1.6,-10.33,-1.67,0,-0.38,0.01
0,11,0.14,-8.98,-1.76,0,-1.59,-0.42
0,11,0.14,-8.98,-1.76,0,-1.7,-0.39
0,11,-0.01,-9.12,-2.11,0,-1.7,-0.39
0,11,-0.01,-9.12,-2.11,0,-1.79,-0.32
0,11,-0.01,-9.12,-2.11,0,-1.79,-0.32
0,11,0.71,-9.03,-2.87,0,-1.86,-0.18
0,11,0.71,-9.03,-2.87,0,-1.9,-0.04
0,11,0.71,-9.03,-2.87,0,-1.9,-0.04
0,11,1.27,-8.82,-3.53,0,-1.91,0.09
0,11,1.27,-8.82,-3.53,0,-1.91,0.09
0,11,1.27,-8.82,-3.53,0,-1.89,0.19
0,11,0.72,-8.68,-3.9,0,-1.88,0.24
0,11,0.72,-8.68,-3.9,0,-1.88,0.24
0,11,0.72,-8.68,-3.9,0,-1.86,0.14
0,11,-1.94,-9.31,-4.37,0,-1.85,-0.03
0,11,-1.94,-9.31,-4.37,0,-1.85,-0.03
0,11,-1.94,-9.31,-4.37,0,-1.79,-0.21
0,11,-1.76,-8.7,-5.22,0,-1.76,-0.24
0,11,-1.76,-8.7,-5.22,0,-1.76,-0.24
0,11,-1.76,-8.7,-5.22,0,-1.71,-0.14
0,11,-0.59,-8.11,-5.98,0,-1.71,-0.14
0,11,-0.59,-8.11,-5.98,0,-1.62,0.03
0,11,-0.59,-8.11,-5.98,0,-1.5,0.18
0,11,-0.18,-8.84,-6.48,0,-1.5,0.18
0,11,-0.18,-8.84,-6.48,0,-1.37,0.38
0,11,-0.18,-8.84,-6.48,0,-1.32,0.41
0,11,-1.58,-7.98,-5.22,0,-1.32,0.41
0,11,-1.58,-7.98,-5.22,0,-1.35,0.27
0,11,-1.58,-7.98,-5.22,0,-1.42,0.1
0,11,-2.49,-7.32,-4.41,0,-1.42,0.1
0,11,-2.49,-7.32,-4.41,0,-1.55,-0.04
0,11,-2.49,-7.32,-4.41,0,-1.7,-0.08
0,11,-1.28,-6.7,-4.91,0,-1.7,-0.08
0,11,-1.28,-6.7,-4.91,0,-1.79,-0.05
0,11,-1.28,-6.7,-4.91,0,-1.88,-0.01
0,11,-0.79,-7.15,-5.45,0,-1.88,-0.01
0,11,-0.79,-7.15,-5.45,0,-1.93,-0.01
0,11,-0.79,-7.15,-5.45,0,-1.93,-0.01
0,11,-0.97,-6.96,-5.71,0,-2.01,-0.09
0,11,-0.97,-6.96,-5.71,0,-2.01,-0.18
0,11,-0.97,-6.96,-5.71,0,-2.01,-0.18
0,11,-0.75,-6.65,-6.36,0,-2.04,-0.23
0,11,-0.75,-6.65,-6.36,0,-2.03,-0.24
0,11,-0.75,-6.65,-6.36,0,-2.03,-0.24
0,11,-0.12,-6.62,-7.31,0,-2,-0.19
0,11,-0.12,-6.62,-7.31,0,-1.95,-0.09
0,11,-0.12,-6.62,-7.31,0,-1.95,-0.09
0,11,-0.79,-6.72,-7.45,0,-1.9,-0.06
0,11,-0.79,-6.72,-7.45,0,-1.85,-0.03
0,11,-1.44,-6.19,-6.85,0,-1.85,-0.03
0,11,-1.44,-6.19,-6.85,0,-1.86,-0.13
0,11,-1.44,-6.19,-6.85,0,-1.86,-0.13
0,11,-1.9,-5.54,-6.52,0,-1.93,-0.3
0,11,-1.9,-5.54,-6.52,0,-2.01,-0.41
0,11,-1.9,-5.54,-6.52,0,-2.01,-0.41
0,11,-1.18,-4.59,-6.49,0,-2.14,-0.53
0,11,-1.18,-4.59,-6.49,0,-2.27,-0.57
0,11,-1.18,-4.59,-6.49,0,-2.27,-0.57
0,11,-0.44,-4,-7.03,0,-2.39,-0.52
0,11,-0.44,-4,-7.03,0,-2.5,-0.52
0,11,-0.44,-4,-7.03,0,-2.5,-0.52
0,11,-0.08,-4.48,-8.16,0,-2.54,-0.55
0,11,-0.08,-4.48,-8.16,0,-2.55,-0.47
0,11,-0.08,-4.48,-8.16,0,-2.55,-0.47
0,11,1.12,-3.72,-8.79,0,-2.53,-0.37
0,11,1.12,-3.72,-8.79,0,-2.47,-0.27
0,11,1.12,-3.72,-8.79,0,-2.47,-0.27
0,11,0.68,-4.11,-9.21,0,-2.38,-0.21
0,11,0.68,-4.11,-9.21,0,-2.28,-0.21
0,11,0.68,-4.11,-9.21,0,-2.28,-0.21
0,11,0.35,-3.61,-9.14,0,-2.18,-0.23
0,11,0.35,-3.61,-9.14,0,-2.18,-0.23
0,11,0.35,-3.61,-9.14,0,-2.08,-0.25
0,11,0.49,-2.72,-9.17,0,-2.02,-0.23
0,11,0.49,-2.72,-9.17,0,-2.02,-0.23
0,11,0.49,-2.72,-9.17,0,-1.96,-0.18
0,11,0.52,-2.05,-9.02,0,-1.92,-0.14
0,11,0.52,-2.05,-9.02,0,-1.92,-0.14
0,11,0.52,-2.05,-9.02,0,-1.91,-0.1
0,11,0.57,-1.03,-8.71,0,-1.92,-0.11
0,11,0.57,-1.03,-8.71,0,-1.92,-0.11
0,11,0.57,-1.03,-8.71,0,-1.89,-0.19
0,11,-0.12,-1.47,-9.39,0,-1.89,-0.19
0,11,-0.12,-1.47,-9.39,0,-1.85,-0.27
0,11,-0.12,-1.47,-9.39,0,-1.8,-0.31
0,11,-0.62,-1.77,-9.73,0,-1.8,-0.31
0,11,-0.62,-1.77,-9.73,0,-1.73,-0.37
0,11,-0.36,-0.99,-9.26,0,-1.68,-0.45
0,11,-0.36,-0.99,-9.26,0,-1.65,-0.51
0,11,-0.36,-0.99,-9.26,0,-1.65,-0.51
0,11,0.23,-0.44,-9.1,0,-1.63,-0.51
0,11,0.23,-0.44,-9.1,0,-1.62,-0.47
0,11,0.23,-0.44,-9.1,0,-1.62,-0.47
0,11,0.68,0.13,-8.94,0,-1.63,-0.37
0,11,0.68,0.13,-8.94,0,-1.63,-0.37
0,11,0.68,0.13,-8.94,0,-1.67,-0.21
0,11,0.71,0.59,-9.09,0,-1.7,-0.12
0,11,0.71,0.59,-9.09,0,-1.7,-0.12
0,11,0.71,0.59,-9.09,0,-1.72,-0.04
0,11,0.4,0.61,-9.52,0,-1.72,-0.03
0,11,0.4,0.61,-9.52,0,-1.72,-0.03
0,11,0.4,0.61,-9.52,0,-1.69,-0.04
0,11,0.27,0.59,-9.93,0,-1.65,-0.06
0,11,0.27,0.59,-9.93,0,-1.65,-0.06
0,11,0.27,0.59,-9.93,0,-1.6,-0.06
0,11,-0.17,0.53,-9.88,0,-1.55,-0.06
0,11,-0.17,0.53,-9.88,0,-1.55,-0.06
0,11,-0.17,0.53,-9.88,0,-1.49,0.02
0,11,1.14,2.21,-9.17,0,-1.53,0.18
0,11,1.14,2.21,-9.17,0,-1.53,0.18
0,11,1.14,2.21,-9.17,0,-1.58,0.34
0,11,-0.83,0.36,-9.78,0,-1.51,0.29
0,12,-0.83,0.36,-9.78,0,-1.51,0.29
0,12,-0.83,0.36,-9.78,0,-1.49,0.26
0,12,0.13,2.04,-9.49,0,-1.5,0.3
0,12,0.13,2.04,-9.49,0,-1.5,0.3
0,12,0.13,2.04,-9.49,0,-1.51,0.34
0,12,-0.21,2.39,-9.39,0,-1.51,0.34
0,12,-0.21,2.39,-9.39,0,-1.51,0.34
0,12,-0.21,2.39,-9.39,0,-1.52,0.3
0,12,0.25,2.96,-9.2,0,-1.52,0.3
0,12,0.25,2.96,-9.2,0,-1.53,0.2
0,12,0.25,2.96,-9.2,0,-1.53,0.12
0,12,0.05,2.73,-9.34,0,-1.53,0.12
0,12,0.05,2.73,-9.34,0,-1.52,0.02
0,12,0.05,2.73,-9.34,0,-1.52,0.01
0,12,0.74,3.09,-9.42,0,-1.52,0.01
0,12,0.74,3.09,-9.42,0,-1.55,0.09
0,12,0.88,3.28,-9.49,0,-1.58,0.14
0,12,0.88,3.28,-9.49,0,-1.58,0.14
0,12,0.88,3.28,-9.49,0,-1.6,0.18
0,12,0.88,3.28,-9.49,0,-1.59,0.18
0,12,0.77,3.35,-9.75,0,-1.59,0.18
0,12,0.77,3.35,-9.75,0,-1.55,0.15
0,12,0.91,3.59,-9.95,0,-1.51,0.17
0,12,0.91,3.59,-9.95,0,-1.51,0.17
0,12,0.91,3.59,-9.95,0,-1.48,0.19
0,12,2.01,2.98,-10.03,0,-1.48,0.19
0,12,2.01,2.98,-10.03,0,-1.4,0.24
0,12,2.01,2.98,-10.03,0,-1.43,0.12
0,12,0.55,3.24,-9.27,0,-1.43,0.12
0,12,0.55,3.24,-9.27,0,-1.38,0.02
0,12,0.55,3.24,-9.27,0,-1.37,0.03
0,12,1.21,3.87,-10.1,0,-1.37,0.03
0,12,1.21,3.87,-10.1,0,-1.36,0.12
0,12,1.21,3.87,-10.1,0,-1.3,0.14
0,12,0.29,3.69,-9.87,0,-1.3,0.14
0,12,0.29,3.69,-9.87,0,-1.22,0.08
0,12,0.29,3.69,-9.87,0,-1.14,0.05
0,12,0.92,3.98,-9.77,0,-1.14,0.05
0,12,0.92,3.98,-9.77,0,-1.07,0.08
0,12,0.92,3.98,-9.77,0,-1,0.16
0,12,0.93,3.73,-9.61,0,-1,0.16
0,12,0.93,3.73,-9.61,0,-0.9,0.18
0,12,0.93,3.73,-9.61,0,-0.8,0.25
0,12,1.47,3.69,-9.58,0,-0.8,0.25
0,12,1.47,3.69,-9.58,0,-0.69,0.34
0,12,1.47,3.69,-9.58,0,-0.61,0.39
0,12,1.85,3.85,-9.05,0,-0.61,0.39
0,12,1.85,3.85,-9.05,0,-0.53,0.45
0,12,1.85,3.85,-9.05,0,-0.53,0.45
0,12,2.26,3.99,-8.96,0,-0.45,0.51
0,12,2.26,3.99,-8.96,0,-0.4,0.58
0,12,2.26,3.99,-8.96,0,-0.4,0.58
0,12,2.27,3.54,-9.24,0,-0.31,0.67
0,12,2.27,3.54,-9.24,0,-0.23,0.77
0,12,2.27,3.54,-9.24,0,-0.23,0.77
0,12,2.58,3.62,-9.41,0,-0.15,0.89
0,12,2.58,3.62,-9.41,0,-0.08,0.94
0,12,2.58,3.62,-9.41,0,-0.08,0.94
0,12,2.04,3.92,-8.81,0,-0.05,0.91
0,12,2.04,3.92,-8.81,0,-0.05,0.91
0,12,2.04,3.92,-8.81,0,-0.04,0.84
0,12,1.68,3.99,-8.39,0,-0.06,0.75
0,12,1.68,3.99,-8.39,0,-0.06,0.75
0,12,1.68,3.99,-8.39,0,-0.11,0.64
0,12,1.9,4.45,-7.75,0,-0.19,0.57
0,12,1.9,4.45,-7.75,0,-0.19,0.57
0,12,1.9,4.45,-7.75,0,-0.31,0.49
0,12,2.02,4.8,-7.54,0,-0.31,0.49
0,12,2.02,4.8,-7.54,0,-0.45,0.42
0,12,2.02,4.8,-7.54,0,-0.55,0.36
0,12,1.63,4.41,-7.98,0,-0.55,0.36
0,12,1.63,4.41,-7.98,0,-0.6,0.28
0,12,1.63,4.41,-7.98,0,-0.59,0.24
0,12,2.16,4.51,-8.68,0,-0.59,0.24
0,12,2.16,4.51,-8.68,0,-0.64,0.27
0,12,2.16,4.51,-8.68,0,-0.64,0.27
0,12,1.93,4.73,-8.29,0,-0.69,0.31
0,12,1.93,4.73,-8.29,0,-0.7,0.22
0,12,1.93,4.73,-8.29,0,-0.7,0.22
0,12,1.95,4.98,-8.25,0,-0.74,0.11
0,12,1.95,4.98,-8.25,0,-0.77,0.04
0,12,1.95,4.98,-8.25,0,-0.77,0.04
0,12,2.22,5.27,-8.49,0,-0.8,0
0,12,2.22,5.27,-8.49,0,-0.8,-0.02
0,12,2.22,5.27,-8.49,0,-0.8,-0.02
0,12,2.3,4.86,-9.03,0,-0.77,-0.02
0,12,2.3,4.86,-9.03,0,-0.71,-0.01
0,12,2.3,4.86,-9.03,0,-0.71,-0.01
0,12,2.81,4.7,-9.27,0,-0.62,0
0,12,2.81,4.7,-9.27,0,-0.62,0
0,12,2.81,4.7,-9.27,0,-0.52,0.03
0,12,3.49,4.89,-9.06,0,-0.44,0.06
0,12,3.49,4.89,-9.06,0,-0.44,0.06
0,12,3.49,4.89,-9.06,0,-0.36,0.1
0,12,3.73,5.19,-8.8,0,-0.29,0.13
0,12,3.73,5.19,-8.8,0,-0.29,0.13
0,12,3.73,5.19,-8.8,0,-0.23,0.19
0,12,3.87,5.43,-8.53,0,-0.2,0.23
0,12,3.87,5.43,-8.53,0,-0.2,0.23
0,12,3.87,5.43,-8.53,0,-0.18,0.25
0,12,3.85,5.55,-8.48,0,-0.16,0.25
0,12,3.85,5.55,-8.48,0,-0.16,0.25
0,12,3.85,5.55,-8.48,0,-0.14,0.27
0,12,3.66,5.64,-8.54,0,-0.12,0.26
0,12,3.66,5.64,-8.54,0,-0.12,0.26
0,12,3.66,5.64,-8.54,0,-0.09,0.25
0,12,3.39,5.54,-8.73,0,-0.07,0.25
0,12,3.39,5.54,-8.73,0,-0.07,0.25
0,12,3.39,5.54,-8.73,0,-0.04,0.26
0,12,3.21,5.64,-8.67,0,-0.04,0.26
0,12,3.21,5.64,-8.67,0,-0.01,0.24
0,12,3.21,5.64,-8.67,0,0,0.21
0,12,2.93,5.53,-8.61,0,0,0.21
0,12,2.93,5.53,-8.61,0,0.02,0.15
0,12,2.93,5.53,-8.61,0,0.04,0.1
0,12,3.41,5.52,-8.61,0,0.04,0.1
0,12,3.41,5.52,-8.61,0,0.05,0.1
0,12,3.41,5.52,-8.61,0,0.08,0.15
0,12,4.25,5.77,-8.67,0,0.08,0.15
0,12,4.25,5.77,-8.67,0,0.11,0.2
0,12,4.25,5.77,-8.67,0,0.16,0.26
0,12,4.19,5.42,-9,0,0.16,0.26
0,12,4.19,5.42,-9,0,0.23,0.31
0,12,3.85,5.05,-9.2,0,0.23,0.31
0,12,3.85,5.05,-9.2,0,0.31,0.33
0,12,3.85,5.05,-9.2,0,0.37,0.35
0,12,3.84,4.85,-9.11,0,0.37,0.35
0,12,3.84,4.85,-9.11,0,0.44,0.35
0,12,3.84,4.85,-9.11,0,0.48,0.33
0,12,3.88,4.64,-8.7,0,0.48,0.33
0,12,3.88,4.64,-8.7,0,0.52,0.3
0,12,3.88,4.64,-8.7,0,0.53,0.29
0,12,4.14,4.75,-8.12,0,0.53,0.29
0,12,4.14,4.75,-8.12,0,0.52,0.31
0,12,4.14,4.75,-8.12,0,0.49,0.34
0,12,4.11,4.56,-7.87,0,0.49,0.34
0,12,4.11,4.56,-7.87,0,0.45,0.38
0,12,4.11,4.56,-7.87,0,0.41,0.43
0,12,4.42,4.62,-7.73,0,0.41,0.43
0,12,4.42,4.62,-7.73,0,0.35,0.46
0,12,4.42,4.62,-7.73,0,0.29,0.44
0,12,4.57,4.35,-7.69,0,0.29,0.44
0,12,4.57,4.35,-7.69,0,0.24,0.43
0,12,4.57,4.35,-7.69,0,0.22,0.42
0,12,4.88,3.96,-8.07,0,0.22,0.42
0,12,4.88,3.96,-8.07,0,0.21,0.41
0,12,4.88,3.96,-8.07,0,0.21,0.41
0,12,4.75,3.73,-8.3,0,0.24,0.37
0,12,4.75,3.73,-8.3,0,0.27,0.35
0,12,4.75,3.73,-8.3,0,0.27,0.35
0,12,4.69,3.58,-8.54,0,0.32,0.35
0,12,4.69,3.58,-8.54,0,0.36,0.36
0,12,4.69,3.58,-8.54,0,0.36,0.36
0,12,5.21,3.68,-8.55,0,0.39,0.39
0,12,5.21,3.68,-8.55,0,0.39,0.39
0,12,5.21,3.68,-8.55,0,0.43,0.43
0,12,5.83,3.86,-8.65,0,0.46,0.47
0,12,5.83,3.86,-8.65,0,0.46,0.47
0,12,5.83,3.86,-8.65,0,0.53,0.51
0,12,5.84,3.38,-8.78,0,0.59,0.53
0,13,5.84,3.38,-8.78,0,0.59,0.53
0,13,5.84,3.38,-8.78,0,0.67,0.58
0,13,6.14,3.44,-8.67,0,0.73,0.63
0,13,6.14,3.44,-8.67,0,0.73,0.63
0,13,6.14,3.44,-8.67,0,0.77,0.67
0,13,5.99,3.14,-8.67,0,0.77,0.67
0,13,5.99,3.14,-8.67,0,0.81,0.67
0,13,5.99,3.14,-8.67,0,0.84,0.64
0,13,6.07,3.08,-8.5,0,0.84,0.64
0,13,6.07,3.08,-8.5,0,0.89,0.59
0,13,6.07,3.08,-8.5,0,0.91,0.55
0,13,6.15,3.06,-8.29,0,0.91,0.55
0,13,6.15,3.06,-8.29,0,0.93,0.52
0,13,6.15,3.06,-8.29,0,0.93,0.51
0,13,6.36,2.98,-8.2,0,0.93,0.51
0,13,6.36,2.98,-8.2,0,0.93,0.51
0,13,6.36,2.98,-8.2,0,0.95,0.52
0,13,6.27,2.64,-8.09,0,0.95,0.52
0,13,6.27,2.64,-8.09,0,0.96,0.52
0,13,6.27,2.64,-8.09,0,0.96,0.53
0,13,5.99,2.58,-7.74,0,0.96,0.53
0,13,5.99,2.58,-7.74,0,0.93,0.53
0,13,5.99,2.58,-7.74,0,0.87,0.51
0,13,5.68,2.3,-7.67,0,0.87,0.51
0,13,5.68,2.3,-7.67,0,0.83,0.45
0,13,5.68,2.3,-7.67,0,0.8,0.41
0,13,5.84,1.7,-8.11,0,0.8,0.41
0,13,5.84,1.7,-8.11,0,0.8,0.37
0,13,6.05,1.25,-8.33,0,0.8,0.37
0,13,6.05,1.25,-8.33,0,0.83,0.36
0,13,6.05,1.25,-8.33,0,0.85,0.38
0,13,6.43,1.25,-8.33,0,0.85,0.38
0,13,6.43,1.25,-8.33,0,0.86,0.43
0,13,6.43,1.25,-8.33,0,0.88,0.48
0,13,7.1,1.53,-8.34,0,0.88,0.48
0,13,7.1,1.53,-8.34,0,0.92,0.54
0,13,7.1,1.53,-8.34,0,0.98,0.59
0,13,7.27,0.64,-9.01,0,0.98,0.59
0,13,7.27,0.64,-9.01,0,1.07,0.65
0,13,7.27,0.64,-9.01,0,1.16,0.7
0,13,7.2,0.18,-9.07,0,1.16,0.7
0,13,7.2,0.18,-9.07,0,1.26,0.72
0,13,7.2,0.18,-9.07,0,1.35,0.68
0,13,7.4,0.18,-8.66,0,1.35,0.68
0,13,7.4,0.18,-8.66,0,1.4,0.64
0,13,7.4,0.18,-8.66,0,1.45,0.58
0,13,7.22,-0.07,-8.15,0,1.45,0.58
0,13,7.22,-0.07,-8.15,0,1.48,0.52
0,13,7.22,-0.07,-8.15,0,1.48,0.52
0,13,7.72,-0.27,-8.1,0,1.51,0.48
0,13,7.72,-0.27,-8.1,0,1.53,0.46
0,13,7.72,-0.27,-8.1,0,1.53,0.46
0,13,7.65,-0.81,-8,0,1.57,0.45
0,13,7.65,-0.81,-8,0,1.59,0.43
0,13,7.65,-0.81,-8,0,1.59,0.43
0,13,7.55,-1.05,-7.41,0,1.59,0.38
0,13,7.55,-1.05,-7.41,0,1.58,0.35
0,13,7.55,-1.05,-7.41,0,1.58,0.35
0,13,8.3,-1.09,-7.28,0,1.54,0.35
0,13,8.3,-1.09,-7.28,0,1.51,0.37
0,13,8.3,-1.09,-7.28,0,1.51,0.37
0,13,8.19,-1.33,-7.27,0,1.49,0.36
0,13,8.19,-1.33,-7.27,0,1.47,0.3
0,13,8.19,-1.33,-7.27,0,1.47,0.3
0,13,7.45,-1.39,-6.91,0,1.44,0.21
0,13,7.45,-1.39,-6.91,0,1.44,0.21
0,13,7.45,-1.39,-6.91,0,1.36,0.05
0,13,6.83,-1.84,-6.75,0,1.3,-0.04
0,13,6.83,-1.84,-6.75,0,1.3,-0.04
0,13,6.83,-1.84,-6.75,0,1.19,-0.15
0,13,6.53,-2.18,-6.5,0,1.12,-0.26
0,13,6.53,-2.18,-6.5,0,1.12,-0.26
0,13,6.53,-2.18,-6.5,0,1.04,-0.36
0,13,7.01,-2.54,-7.03,0,1.02,-0.38
0,13,7.01,-2.54,-7.03,0,1.02,-0.38
0,13,7.01,-2.54,-7.03,0,1.03,-0.37
0,13,6.79,-3.31,-7.53,0,1.09,-0.34
0,13,6.79,-3.31,-7.53,0,1.09,-0.34
0,13,6.79,-3.31,-7.53,0,1.14,-0.3
0,13,7.01,-3.56,-7.54,0,1.14,-0.3
0,13,7.01,-3.56,-7.54,0,1.2,-0.29
0,13,7.01,-3.56,-7.54,0,1.26,-0.3
0,13,7.21,-4.3,-7.88,0,1.26,-0.3
0,13,7.21,-4.3,-7.88,0,1.34,-0.3
0,13,7.21,-4.3,-7.88,0,1.42,-0.32
0,13,7.77,-4.32,-7.56,0,1.42,-0.32
0,13,7.77,-4.32,-7.56,0,1.46,-0.33
0,13,7.77,-4.32,-7.56,0,1.46,-0.33
0,13,7.68,-4.52,-7.02,0,1.48,-0.36
0,13,7.68,-4.52,-7.02,0,1.49,-0.39
0,13,7.68,-4.52,-7.02,0,1.49,-0.39
0,13,7.83,-4.72,-6.93,0,1.48,-0.4
0,13,7.83,-4.72,-6.93,0,1.48,-0.4
0,13,7.83,-4.72,-6.93,0,1.5,-0.41
0,13,7.72,-4.83,-6.99,0,1.51,-0.41
0,13,7.72,-4.83,-6.99,0,1.51,-0.41
0,13,7.72,-4.83,-6.99,0,1.52,-0.42
0,13,6.86,-5.16,-6.76,0,1.52,-0.45
0,13,6.86,-5.16,-6.76,0,1.52,-0.45
0,13,6.86,-5.16,-6.76,0,1.51,-0.52
0,13,6.14,-5.6,-6.69,0,1.5,-0.61
0,13,6.14,-5.6,-6.69,0,1.5,-0.61
0,13,6.14,-5.6,-6.69,0,1.53,-0.68
0,13,5.74,-6.15,-6.96,0,1.53,-0.68
0,13,5.74,-6.15,-6.96,0,1.58,-0.74
0,13,5.74,-6.15,-6.96,0,1.61,-0.78
0,13,5.01,-6.36,-6.4,0,1.61,-0.78
0,13,5.01,-6.36,-6.4,0,1.64,-0.78
0,13,5.01,-6.36,-6.4,0,1.63,-0.83
0,13,4.87,-5.78,-5.38,0,1.63,-0.83
0,13,4.87,-5.78,-5.38,0,1.57,-0.87
0,13,4.87,-5.78,-5.38,0,1.48,-0.87
0,13,4.48,-5.87,-4.68,0,1.48,-0.87
0,13,4.48,-5.87,-4.68,0,1.38,-0.82
0,13,4.48,-5.87,-4.68,0,1.29,-0.73
0,13,4.53,-6.16,-5.02,0,1.29,-0.73
0,13,4.53,-6.16,-5.02,0,1.22,-0.65
0,13,4.53,-6.16,-5.02,0,1.22,-0.65
0,13,3.62,-7.28,-5.62,0,1.21,-0.64
0,13,3.62,-7.28,-5.62,0,1.24,-0.66
0,13,3.62,-7.28,-5.62,0,1.24,-0.66
0,13,3.25,-7.86,-5.84,0,1.31,-0.67
0,13,3.25,-7.86,-5.84,0,1.39,-0.7
0,13,3.25,-7.86,-5.84,0,1.39,-0.7
0,13,3.99,-8.02,-5.87,0,1.47,-0.65
0,13,3.99,-8.02,-5.87,0,1.56,-0.5
0,13,3.99,-8.02,-5.87,0,1.56,-0.5
0,13,4.15,-8.06,-5.78,0,1.64,-0.37
0,13,4.15,-8.06,-5.78,0,1.77,-0.26
0,13,4.15,-8.06,-5.78,0,1.77,-0.26
0,13,4.18,-8.2,-5.57,0,1.9,-0.24
0,13,4.18,-8.2,-5.57,0,2.02,-0.23
0,13,4.18,-8.2,-5.57,0,2.02,-0.23
0,13,3.56,-8.08,-4.75,0,2.13,-0.26
0,13,3.56,-8.08,-4.75,0,2.21,-0.32
0,13,3.56,-8.08,-4.75,0,2.21,-0.32
0,13,3.18,-7.42,-3.88,0,2.21,-0.33
0,13,3.18,-7.42,-3.88,0,2.21,-0.33
0,13,2.4,-7.45,-2.99,0,2.19,-0.31
0,13,2.4,-7.45,-2.99,0,2.13,-0.26
0,13,2.4,-7.45,-2.99,0,2.13,-0.26
0,13,2.44,-6.81,-2.15,0,2.02,-0.32
0,13,2.44,-6.81,-2.15,0,1.89,-0.32
0,13,2.44,-6.81,-2.15,0,1.89,-0.32
0,13,2.13,-7.09,-2.37,0,1.73,-0.27
0,13,2.13,-7.09,-2.37,0,1.6,-0.23
0,13,2.13,-7.09,-2.37,0,1.6,-0.23
0,13,0.59,-8.22,-2.39,0,1.52,-0.3
0,13,0.59,-8.22,-2.39,0,1.49,-0.47
0,13,0.59,-8.22,-2.39,0,1.49,-0.47
0,13,1.27,-8.22,-2.38,0,1.47,-0.59
0,13,1.27,-8.22,-2.38,0,1.47,-0.59
0,13,1.27,-8.22,-2.38,0,1.41,-0.69
0,13,1.24,-8.57,-1.91,0,1.35,-0.74
0,13,1.24,-8.57,-1.91,0,1.35,-0.74
0,13,1.24,-8.57,-1.91,0,1.29,-0.8
0,13,1.25,-9,-1.49,0,1.25,-0.84
0,13,1.25,-9,-1.49,0,1.25,-0.84
0,13,1.25,-9,-1.49,0,1.23,-0.89
0,13,1.55,-9.76,-1.45,0,1.26,-0.9
0,14,1.55,-9.76,-1.45,0,1.26,-0.9
0,14,1.55,-9.76,-1.45,0,1.29,-0.92
0,14,1.59,-9.79,-0.91,0,1.34,-0.98
0,14,1.59,-9.79,-0.91,0,1.34,-0.98
0,14,1.59,-9.79,-0.91,0,1.4,-1
0,14,2.16,-9.82,-0.89,0,1.48,-0.95
0,14,2.16,-9.82,-0.89,0,1.48,-0.95
0,14,2.16,-9.82,-0.89,0,1.54,-0.87
0,14,1.75,-9.8,-0.11,0,1.54,-0.87
0,14,1.75,-9.8,-0.11,0,1.58,-0.78
0,14,1.75,-9.8,-0.11,0,1.59,-0.72
0,14,1.37,-9.59,0.79,0,1.59,-0.72
0,14,1.37,-9.59,0.79,0,1.57,-0.69
0,14,1.37,-9.59,0.79,0,1.51,-0.68
0,14,0.87,-9.45,1.53,0,1.51,-0.68
0,14,0.87,-9.45,1.53,0,1.44,-0.69
0,14,0.87,-9.45,1.53,0,1.44,-0.69
0,14,0.25,-9.47,1.91,0,1.33,-0.71
0,14,0.25,-9.47,1.91,0,1.27,-0.72
0,14,0.25,-9.47,1.91,0,1.27,-0.72
0,14,-0.86,-9.36,2.49,0,1.17,-0.76
0,14,-0.86,-9.36,2.49,0,1.07,-0.83
0,14,-0.86,-9.36,2.49,0,1.07,-0.83
0,14,-1.19,-9.22,2.87,0,0.95,-0.89
0,14,-1.19,-9.22,2.87,0,0.82,-0.94
0,14,-1.19,-9.22,2.87,0,0.82,-0.94
0,14,-1.42,-9.23,3.12,0,0.68,-0.99
0,14,-1.42,-9.23,3.12,0,0.68,-0.99
0,14,-1.42,-9.23,3.12,0,0.54,-1.03
0,14,-1.47,-9.57,2.98,0,0.45,-1.05
0,14,-1.47,-9.57,2.98,0,0.45,-1.05
0,14,-1.47,-9.57,2.98,0,0.36,-1.03
0,14,-0.87,-9.47,2.72,0,0.27,-0.98
0,14,-0.87,-9.47,2.72,0,0.27,-0.98
0,14,-0.87,-9.47,2.72,0,0.21,-0.92
0,14,-1.15,-9.58,2.33,0,0.16,-0.88
0,14,-1.15,-9.58,2.33,0,0.16,-0.88
0,14,-1.15,-9.58,2.33,0,0.15,-0.84
0,14,-1.21,-9.72,1.94,0,0.18,-0.82
0,14,-1.21,-9.72,1.94,0,0.18,-0.82
0,14,-1.21,-9.72,1.94,0,0.2,-0.81
0,14,-1.83,-9.72,2.13,0,0.21,-0.8
0,14,-1.83,-9.72,2.13,0,0.21,-0.8
0,14,-1.83,-9.72,2.13,0,0.2,-0.8
0,14,-2.04,-9.47,2.39,0,0.2,-0.8
0,14,-2.04,-9.47,2.39,0,0.17,-0.81
0,14,-2.04,-9.47,2.39,0,0.14,-0.82
0,14,-2.25,-9.42,2.61,0,0.14,-0.82
0,14,-2.25,-9.42,2.61,0,0.1,-0.87
0,14,-2.25,-9.42,2.61,0,0.09,-0.87
0,14,-2.45,-9.52,2.42,0,0.09,-0.87
0,14,-2.45,-9.52,2.42,0,0.08,-0.85
0,14,-2.45,-9.52,2.42,0,0.06,-0.82
0,14,-2.43,-9.2,2.57,0,0.06,-0.82
0,14,-2.43,-9.2,2.57,0,0.03,-0.79
0,14,-2.43,-9.2,2.57,0,-0.02,-0.78
0,14,-2.31,-9.1,2.67,0,-0.02,-0.78
0,14,-2.31,-9.1,2.67,0,-0.06,-0.76
0,14,-2.31,-9.1,2.67,0,-0.09,-0.72
0,14,-2.2,-9.21,2.4,0,-0.09,-0.72
0,14,-2.2,-9.21,2.4,0,-0.09,-0.68
0,14,-2.4,-9.27,2.3,0,-0.08,-0.64
0,14,-2.4,-9.27,2.3,0,-0.08,-0.64
0,14,-2.4,-9.27,2.3,0,-0.08,-0.62
0,14,-2.49,-8.97,2.49,0,-0.11,-0.59
0,14,-2.49,-8.97,2.49,0,-0.11,-0.59
0,14,-2.49,-8.97,2.49,0,-0.16,-0.58
0,14,-2.9,-9.05,2.42,0,-0.16,-0.58
0,14,-2.9,-9.05,2.42,0,-0.2,-0.58
0,14,-2.9,-9.05,2.42,0,-0.22,-0.56
0,14,-3.09,-9,2.26,0,-0.22,-0.56
0,14,-3.09,-9,2.26,0,-0.25,-0.55
0,14,-3.09,-9,2.26,0,-0.25,-0.55
0,14,-2.83,-9.02,1.85,0,-0.25,-0.55
0,14,-2.83,-9.02,1.85,0,-0.25,-0.52
0,14,-2.83,-9.02,1.85,0,-0.24,-0.48
0,14,-3.11,-8.98,1.74,0,-0.24,-0.48
0,14,-3.11,-8.98,1.74,0,-0.21,-0.47
0,14,-3.11,-8.98,1.74,0,-0.19,-0.45
0,14,-3.25,-9.15,1.66,0,-0.19,-0.45
0,14,-3.25,-9.15,1.66,0,-0.16,-0.45
0,14,-3.25,-9.15,1.66,0,-0.16,-0.5
0,14,-3.68,-8.94,2.06,0,-0.16,-0.5
0,14,-3.68,-8.94,2.06,0,-0.17,-0.58
0,14,-3.68,-8.94,2.06,0,-0.21,-0.65
0,14,-4.02,-8.95,2.38,0,-0.21,-0.65
0,14,-4.02,-8.95,2.38,0,-0.25,-0.71
0,14,-4.02,-8.95,2.38,0,-0.25,-0.71
0,14,-4.35,-9.04,2.59,0,-0.31,-0.78
0,14,-4.35,-9.04,2.59,0,-0.35,-0.78
0,14,-4.35,-9.04,2.59,0,-0.35,-0.78
0,14,-4.06,-8.62,2.62,0,-0.43,-0.74
0,14,-4.06,-8.62,2.62,0,-0.48,-0.69
0,14,-4.06,-8.62,2.62,0,-0.48,-0.69
0,14,-4.34,-8.76,2.5,0,-0.54,-0.64
0,14,-4.34,-8.76,2.5,0,-0.56,-0.6
0,14,-4.34,-8.76,2.5,0,-0.56,-0.6
0,14,-4.37,-8.79,2.33,0,-0.59,-0.54
0,14,-4.37,-8.79,2.33,0,-0.61,-0.5
0,14,-4.37,-8.79,2.33,0,-0.61,-0.5
0,14,-4.67,-8.72,2.15,0,-0.63,-0.48
0,14,-4.67,-8.72,2.15,0,-0.63,-0.48
0,14,-4.67,-8.72,2.15,0,-0.64,-0.51
0,14,-5.37,-8.86,2.3,0,-0.67,-0.57
0,14,-5.37,-8.86,2.3,0,-0.67,-0.57
0,14,-5.37,-8.86,2.3,0,-0.72,-0.65
0,14,-5.84,-8.77,2.53,0,-0.77,-0.75
0,14,-5.84,-8.77,2.53,0,-0.77,-0.75
0,14,-5.84,-8.77,2.53,0,-0.83,-0.84
0,14,-6.04,-8.76,2.32,0,-0.83,-0.84
0,14,-6.04,-8.76,2.32,0,-0.87,-0.92
0,14,-6.04,-8.76,2.32,0,-0.89,-0.93
0,14,-5.69,-8.66,2.01,0,-0.89,-0.93
0,14,-5.69,-8.66,2.01,0,-0.92,-0.91
0,14,-5.69,-8.66,2.01,0,-0.95,-0.84
0,14,-5.7,-8.83,1.54,0,-0.95,-0.84
0,14,-5.7,-8.83,1.54,0,-0.95,-0.74
0,14,-5.7,-8.83,1.54,0,-0.95,-0.74
0,14,-5.38,-8.75,1.39,0,-0.96,-0.67
0,14,-5.38,-8.75,1.39,0,-0.96,-0.65
0,14,-5.38,-8.75,1.39,0,-0.96,-0.65
0,14,-4.8,-8.72,1.29,0,-1,-0.68
0,14,-4.8,-8.72,1.29,0,-1.01,-0.78
0,14,-4.8,-8.72,1.29,0,-1.01,-0.78
0,14,-4.29,-8.63,1.18,0,-1.04,-0.95
0,14,-4.29,-8.63,1.18,0,-1.06,-1.08
0,14,-4.29,-8.63,1.18,0,-1.06,-1.08
0,14,-4.15,-8.8,0.79,0,-1.05,-1.19
0,14,-4.15,-8.8,0.79,0,-1.05,-1.22
0,14,-4.15,-8.8,0.79,0,-1.05,-1.22
0,14,-3.96,-8.65,0.42,0,-1.03,-1.2
0,14,-3.96,-8.65,0.42,0,-0.99,-1.13
0,14,-4.13,-8.94,0,0,-0.99,-1.13
0,14,-4.13,-8.94,0,0,-0.92,-1.06
0,14,-4.13,-8.94,0,0,-0.87,-1.02
0,14,-4.22,-8.76,-0.26,0,-0.87,-1.02
0,14,-4.22,-8.76,-0.26,0,-0.81,-0.98
0,14,-4.22,-8.76,-0.26,0,-0.73,-0.91
0,14,-4.15,-8.76,-0.52,0,-0.73,-0.91
0,14,-4.15,-8.76,-0.52,0,-0.64,-0.81
0,14,-4.15,-8.76,-0.52,0,-0.56,-0.7
0,14,-4.7,-8.67,-0.52,0,-0.56,-0.7
0,14,-4.7,-8.67,-0.52,0,-0.48,-0.64
0,14,-4.7,-8.67,-0.52,0,-0.41,-0.61
0,14,-5.39,-8.34,-0.18,0,-0.41,-0.61
0,14,-5.39,-8.34,-0.18,0,-0.36,-0.58
0,14,-5.39,-8.34,-0.18,0,-0.36,-0.58
0,14,-5.93,-8.34,0.08,0,-0.34,-0.58
0,14,-5.93,-8.34,0.08,0,-0.34,-0.63
0,14,-5.93,-8.34,0.08,0,-0.34,-0.63
0,14,-6.17,-8.35,0.34,0,-0.35,-0.77
0,14,-6.17,-8.35,0.34,0,-0.37,-0.88
0,14,-6.17,-8.35,0.34,0,-0.37,-0.88
0,14,-6.39,-8.18,0.74,0,-0.41,-1.02
0,14,-6.39,-8.18,0.74,0,-0.47,-1.13
0,14,-6.39,-8.18,0.74,0,-0.47,-1.13
0,14,-6.28,-8.1,0.88,0,-0.53,-1.19
0,14,-6.28,-8.1,0.88,0,-0.59,-1.18
0,14,-6.28,-8.1,0.88,0,-0.59,-1.18
0,15,-6.08,-8.11,0.7,0,-0.65,-1.14
0,15,-6.08,-8.11,0.7,0,-0.69,-1.14
0,15,-6.08,-8.11,0.7,0,-0.69,-1.14
0,15,-5.85,-8.18,0.34,0,-0.71,-1.14
0,15,-5.85,-8.18,0.34,0,-0.73,-1.16
0,15,-5.85,-8.18,0.34,0,-0.73,-1.16
0,15,-5.59,-8.2,0.45,0,-0.73,-1.18
0,15,-5.59,-8.2,0.45,0,-0.75,-1.18
0,15,-5.59,-8.2,0.45,0,-0.75,-1.18
0,15,-5.1,-8.12,0.14,0,-0.76,-1.13
0,15,-5.1,-8.12,0.14,0,-0.75,-1.1
0,15,-5.21,-8.23,-0.04,0,-0.75,-1.1
0,15,-5.21,-8.23,-0.04,0,-0.72,-1.12
0,15,-5.21,-8.23,-0.04,0,-0.72,-1.12
0,15,-5.01,-8.34,-0.07,0,-0.68,-1.17
0,15,-5.01,-8.34,-0.07,0,-0.66,-1.21
0,15,-5.01,-8.34,-0.07,0,-0.66,-1.21
0,15,-4.88,-8.45,0.11,0,-0.63,-1.25
0,15,-4.88,-8.45,0.11,0,-0.6,-1.25
0,15,-4.88,-8.45,0.11,0,-0.6,-1.25
0,15,-4.54,-8.67,0.22,0,-0.56,-1.21
0,15,-4.54,-8.67,0.22,0,-0.52,-1.14
0,15,-4.54,-8.67,0.22,0,-0.52,-1.14
0,15,-5.11,-8.73,0.5,0,-0.49,-1.05
0,15,-5.11,-8.73,0.5,0,-0.47,-0.97
0,15,-5.11,-8.73,0.5,0,-0.47,-0.97
0,15,-5.45,-8.51,0.42,0,-0.44,-0.86
0,15,-5.45,-8.51,0.42,0,-0.43,-0.8
0,15,-5.45,-8.51,0.42,0,-0.43,-0.8
0,15,-5.89,-8.18,0.67,0,-0.43,-0.82
0,15,-5.89,-8.18,0.67,0,-0.45,-0.86
0,15,-5.89,-8.18,0.67,0,-0.45,-0.86
0,15,-6.17,-7.75,0.93,0,-0.51,-0.91
0,15,-6.17,-7.75,0.93,0,-0.56,-0.97
0,15,-6.17,-7.75,0.93,0,-0.56,-0.97
0,15,-6.88,-8.3,0.85,0,-0.6,-1.02
0,15,-6.88,-8.3,0.85,0,-0.6,-1.02
0,15,-6.88,-8.3,0.85,0,-0.64,-1.06
0,15,-6.61,-8.12,0.65,0,-0.67,-1.06
0,15,-6.61,-8.12,0.65,0,-0.67,-1.06
0,15,-6.61,-8.12,0.65,0,-0.69,-1.05
0,15,-6.27,-8.29,0.4,0,-0.7,-1.04
0,15,-6.27,-8.29,0.4,0,-0.7,-1.04
0,15,-6.27,-8.29,0.4,0,-0.71,-1
0,15,-5.84,-8.2,0.31,0,-0.71,-0.98
0,15,-5.84,-8.2,0.31,0,-0.71,-0.98
0,15,-5.84,-8.2,0.31,0,-0.71,-0.95
0,15,-5.52,-8.33,0.29,0,-0.7,-0.94
0,15,-5.52,-8.33,0.29,0,-0.7,-0.94
0,15,-5.52,-8.33,0.29,0,-0.69,-0.94
0,15,-5.35,-8.45,0.43,0,-0.69,-0.98
0,15,-5.35,-8.45,0.43,0,-0.69,-0.98
0,15,-4.91,-8.11,0.62,0,-0.71,-1.04
0,15,-4.91,-8.11,0.62,0,-0.76,-1.07
0,15,-4.91,-8.11,0.62,0,-0.76,-1.07
0,15,-4.75,-8.42,0.42,0,-0.8,-1.06
0,15,-4.75,-8.42,0.42,0,-0.79,-1.02
0,15,-4.75,-8.42,0.42,0,-0.79,-1.02
0,15,-4.83,-8.8,0.33,0,-0.77,-0.99
0,15,-4.83,-8.8,0.33,0,-0.74,-0.94
0,15,-4.83,-8.8,0.33,0,-0.74,-0.94
0,15,-4.71,-8.81,0.53,0,-0.69,-0.87
0,15,-4.71,-8.81,0.53,0,-0.66,-0.85
0,15,-4.71,-8.81,0.53,0,-0.66,-0.85
0,15,-5.24,-8.96,1.12,0,-0.65,-0.84
0,15,-5.24,-8.96,1.12,0,-0.68,-0.83
0,15,-5.24,-8.96,1.12,0,-0.68,-0.83
0,15,-5.09,-8.81,1.7,0,-0.72,-0.81
0,15,-5.09,-8.81,1.7,0,-0.72,-0.81
0,15,-5.09,-8.81,1.7,0,-0.79,-0.79
0,15,-5.46,-9.06,2.53,0,-0.84,-0.83
0,15,-5.46,-9.06,2.53,0,-0.84,-0.83
0,15,-5.46,-9.06,2.53,0,-0.98,-0.97
0,15,-6.14,-8.94,3.76,0,-1.15,-1.12
0,15,-6.14,-8.94,3.76,0,-1.15,-1.12
0,15,-6.14,-8.94,3.76,0,-1.37,-1.3
0,15,-5.8,-9.34,4.15,0,-1.56,-1.4
0,15,-5.8,-9.34,4.15,0,-1.56,-1.4
0,15,-5.8,-9.34,4.15,0,-1.77,-1.46
0,15,-4.68,-9.59,3.89,0,-1.95,-1.46
0,15,-4.68,-9.59,3.89,0,-1.95,-1.46
0,15,-4.68,-9.59,3.89,0,-2.11,-1.44
0,15,-3.84,-9.13,3.87,0,-2.28,-1.37
0,15,-3.84,-9.13,3.87,0,-2.28,-1.37
0,15,-3.84,-9.13,3.87,0,-2.44,-1.22
0,15,-3.33,-10.2,2.79,0,-2.44,-1.22
0,15,-3.33,-10.2,2.79,0,-2.57,-0.93
0,15,-3.33,-10.2,2.79,0,-2.61,-0.7
0,15,-3.01,-10.61,1.79,0,-2.61,-0.7
0,15,-3.01,-10.61,1.79,0,-2.63,-0.47
0,15,-3.27,-10.4,1.61,0,-2.62,-0.38
0,15,-3.27,-10.4,1.61,0,-2.62,-0.38
0,15,-3.27,-10.4,1.61,0,-2.65,-0.34
0,15,-2.61,-9.98,1.39,0,-2.69,-0.34
0,15,-2.61,-9.98,1.39,0,-2.69,-0.34
0,15,-2.61,-9.98,1.39,0,-2.75,-0.36
0,15,-1.64,-9.89,0.93,0,-2.79,-0.35
0,15,-1.64,-9.89,0.93,0,-2.79,-0.35
0,15,-1.64,-9.89,0.93,0,-2.81,-0.33
0,15,-0.32,-9.66,0.07,0,-2.84,-0.27
0,15,-0.32,-9.66,0.07,0,-2.84,-0.27
0,15,-0.32,-9.66,0.07,0,-2.86,-0.14
0,15,0.19,-9.29,-0.62,0,-2.84,-0.1
0,15,0.19,-9.29,-0.62,0,-2.84,-0.1
0,15,0.19,-9.29,-0.62,0,-2.81,-0.08
0,15,1.37,-9.18,-1.8,0,-2.76,0.01
0,15,1.37,-9.18,-1.8,0,-2.76,0.01
0,15,1.37,-9.18,-1.8,0,-2.65,0.14
0,15,1.52,-9.7,-2.89,0,-2.65,0.14
0,15,1.52,-9.7,-2.89,0,-2.49,0.3
0,15,1.52,-9.7,-2.89,0,-2.4,0.39
0,15,1.46,-8.83,-2.9,0,-2.4,0.39
0,15,1.46,-8.83,-2.9,0,-2.31,0.48
0,15,1.46,-8.83,-2.9,0,-2.28,0.54
0,15,1.42,-7.91,-2.95,0,-2.28,0.54
0,15,1.42,-7.91,-2.95,0,-2.26,0.57
0,15,1.42,-7.91,-2.95,0,-2.26,0.57
0,15,1.74,-7.83,-3.47,0,-2.21,0.62
0,15,1.74,-7.83,-3.47,0,-2.19,0.63
0,15,1.74,-7.83,-3.47,0,-2.19,0.63
0,15,1.95,-7.37,-3.74,0,-2.22,0.62
0,15,1.95,-7.37,-3.74,0,-2.23,0.68
0,15,1.95,-7.37,-3.74,0,-2.23,0.68
0,15,2.39,-7.73,-4.82,0,-2.22,0.78
0,15,2.39,-7.73,-4.82,0,-2.16,0.83
0,15,2.39,-7.73,-4.82,0,-2.16,0.83
0,15,2.28,-7.54,-5.16,0,-2.09,0.86
0,15,2.28,-7.54,-5.16,0,-2.09,0.86
0,15,2.28,-7.54,-5.16,0,-2.05,0.92
0,15,2.28,-6.67,-5.56,0,-2.02,0.96
0,15,2.28,-6.67,-5.56,0,-2.02,0.96
0,15,2.28,-6.67,-5.56,0,-2,0.96
0,15,1.21,-7.01,-5.93,0,-1.98,0.92
0,15,1.21,-7.01,-5.93,0,-1.98,0.92
0,15,1.21,-7.01,-5.93,0,-1.97,0.88
0,15,1.38,-6.89,-6.3,0,-1.95,0.89
0,15,1.38,-6.89,-6.3,0,-1.95,0.89
0,15,1.38,-6.89,-6.3,0,-1.93,0.92
0,15,1.52,-6.17,-6.28,0,-1.93,0.92
0,15,1.52,-6.17,-6.28,0,-1.91,0.96
0,15,1.52,-6.17,-6.28,0,-1.93,0.96
0,15,1.49,-4.67,-5.79,0,-1.93,0.96
0,15,1.49,-4.67,-5.79,0,-2.04,0.87
0,15,1.49,-4.67,-5.79,0,-2.16,0.77
0,15,0.8,-4.19,-6.6,0,-2.16,0.77
0,15,0.8,-4.19,-6.6,0,-2.27,0.64
0,15,0.8,-4.19,-6.6,0,-2.25,0.56
0,15,0.77,-5.43,-7.64,0,-2.25,0.56
0,15,0.77,-5.43,-7.64,0,-2.17,0.5
0,15,0.77,-5.43,-7.64,0,-2.14,0.44
0,15,1.73,-3.48,-6.65,0,-2.14,0.44
0,15,1.73,-3.48,-6.65,0,-2.18,0.37
0,15,1.73,-3.48,-6.65,0,-2.26,0.31
0,15,0.91,-2.34,-6.23,0,-2.26,0.31
0,15,0.91,-2.34,-6.23,0,-2.38,0.24
0,15,0.91,-2.34,-6.23,0,-2.46,0.19
0,15,0.72,-1.41,-6.91,0,-2.46,0.19
0,15,0.72,-1.41,-6.91,0,-2.55,0.2
0,15,0.47,-0.93,-7.84,0,-2.6,0.2
0,16,0.47,-0.93,-7.84,0,-2.6,0.2
0,16,0.47,-0.93,-7.84,0,-2.6,0.21
0,16,0.18,-1.14,-9.01,0,-2.56,0.23
0,16,0.18,-1.14,-9.01,0,-2.56,0.23
0,16,0.18,-1.14,-9.01,0,-2.47,0.28
0,16,0.52,-0.98,-9.46,0,-2.34,0.46
0,16,0.52,-0.98,-9.46,0,-2.34,0.46
0,16,0.52,-0.98,-9.46,0,-2.25,0.46
0,16,-0.24,-1.16,-9.58,0,-2.14,0.4
0,16,-0.24,-1.16,-9.58,0,-2.14,0.4
0,16,-0.24,-1.16,-9.58,0,-2.03,0.39
0,16,-0.3,-0.94,-10,0,-1.91,0.35
0,16,-0.3,-0.94,-10,0,-1.91,0.35
0,16,-0.3,-0.94,-10,0,-1.79,0.33
0,16,-0.16,-0.75,-10.49,0,-1.67,0.36
0,16,-0.16,-0.75,-10.49,0,-1.67,0.36
0,16,-0.16,-0.75,-10.49,0,-1.54,0.41
0,16,0.29,-0.24,-10.62,0,-1.4,0.47
0,16,0.29,-0.24,-10.62,0,-1.4,0.47
0,16,0.29,-0.24,-10.62,0,-1.28,0.54
0,16,0.72,0.19,-10.59,0,-1.28,0.54
0,16,0.72,0.19,-10.59,0,-1.14,0.6
0,16,0.72,0.19,-10.59,0,-1.09,0.55
0,16,1.12,0.75,-9.84,0,-1.09,0.55
0,16,1.12,0.75,-9.84,0,-1.07,0.43
0,16,1.84,0.11,-10.33,0,-1.06,0.32
0,16,1.84,0.11,-10.33,0,-1.06,0.32
0,16,1.84,0.11,-10.33,0,-0.97,0.27
0,16,2.62,-0.54,-11.29,0,-0.86,0.27
0,16,2.62,-0.54,-11.29,0,-0.86,0.27
0,16,2.62,-0.54,-11.29,0,-0.66,0.38
0,16,3.39,0.06,-11.49,0,-0.51,0.49
0,16,3.39,0.06,-11.49,0,-0.51,0.49
0,16,3.39,0.06,-11.49,0,-0.32,0.64
0,16,3.08,0.84,-11.32,0,-0.18,0.73
0,16,3.08,0.84,-11.32,0,-0.18,0.73
0,16,3.08,0.84,-11.32,0,-0.04,0.79
0,16,2.8,1.24,-11.33,0,0.08,0.82
0,16,2.8,1.24,-11.33,0,0.08,0.82
0,16,2.8,1.24,-11.33,0,0.19,0.81
0,16,2.15,1.41,-11.47,0,0.32,0.74
0,16,2.15,1.41,-11.47,0,0.32,0.74
0,16,2.15,1.41,-11.47,0,0.48,0.74
0,16,1.62,1.97,-11.65,0,0.48,0.74
0,16,1.62,1.97,-11.65,0,0.65,0.81
0,16,1.62,1.97,-11.65,0,0.75,0.87
0,16,1.13,2.91,-11.22,0,0.75,0.87
0,16,1.13,2.91,-11.22,0,0.82,0.97
0,16,1.13,2.91,-11.22,0,0.87,1.11
0,16,1.43,3.65,-11.47,0,0.87,1.11
0,16,1.43,3.65,-11.47,0,0.9,1.27
0,16,1.43,3.65,-11.47,0,0.93,1.39
0,16,0.5,3.54,-11.87,0,0.93,1.39
0,16,0.5,3.54,-11.87,0,0.97,1.45
0,16,0.5,3.54,-11.87,0,1.02,1.47
0,16,-0.13,3.1,-12.76,0,1.02,1.47
0,16,-0.13,3.1,-12.76,0,1.1,1.44
0,16,-0.13,3.1,-12.76,0,1.1,1.44
0,16,-0.06,2.94,-13.08,0,1.17,1.36
0,16,-0.06,2.94,-13.08,0,1.21,1.32
0,16,-0.06,2.94,-13.08,0,1.21,1.32
0,16,1.07,2.45,-13.42,0,1.27,1.28
0,16,1.07,2.45,-13.42,0,1.31,1.33
0,16,1.07,2.45,-13.42,0,1.31,1.33
0,16,0.08,2.18,-12.96,0,1.32,1.22
0,16,0.08,2.18,-12.96,0,1.32,1.05
0,16,0.08,2.18,-12.96,0,1.32,1.05
0,16,1.01,2.16,-13.2,0,1.33,0.92
0,16,1.01,2.16,-13.2,0,1.33,0.92
0,16,1.01,2.16,-13.2,0,1.34,0.75
0,16,1.32,1.17,-13.56,0,1.38,0.65
0,16,1.32,1.17,-13.56,0,1.38,0.65
0,16,1.32,1.17,-13.56,0,1.44,0.61
0,16,1.64,0.96,-13.49,0,1.51,0.52
0,16,1.64,0.96,-13.49,0,1.51,0.52
0,16,1.64,0.96,-13.49,0,1.58,0.44
0,16,1.87,0.35,-13.31,0,1.64,0.38
0,16,1.87,0.35,-13.31,0,1.64,0.38
0,16,1.87,0.35,-13.31,0,1.68,0.33
0,16,2.6,0.45,-12.92,0,1.71,0.28
0,16,2.6,0.45,-12.92,0,1.71,0.28
0,16,2.6,0.45,-12.92,0,1.74,0.23
0,16,2.53,-0.32,-13.04,0,1.74,0.23
0,16,2.53,-0.32,-13.04,0,1.81,0.18
0,16,2.53,-0.32,-13.04,0,1.9,0.22
0,16,3.24,-0.43,-12.62,0,1.9,0.22
0,16,3.24,-0.43,-12.62,0,1.98,0.31
0,16,3.24,-0.43,-12.62,0,2.06,0.28
0,16,2.9,-1.87,-12.56,0,2.06,0.28
0,16,2.9,-1.87,-12.56,0,2.2,0.24
0,16,2.9,-1.87,-12.56,0,2.33,0.26
0,16,3.53,-2.25,-12.29,0,2.33,0.26
0,16,3.53,-2.25,-12.29,0,2.43,0.31
0,16,3.53,-2.25,-12.29,0,2.5,0.19
0,16,2.54,-2.73,-10.76,0,2.5,0.19
0,16,2.54,-2.73,-10.76,0,2.57,0.04
0,16,2.54,-2.73,-10.76,0,2.6,-0.01
0,16,2.85,-2.54,-10.02,0,2.6,-0.01
0,16,2.85,-2.54,-10.02,0,2.61,-0.1
0,16,2.85,-2.54,-10.02,0,2.61,-0.1
0,16,2.29,-3.15,-9.39,0,2.62,-0.23
0,16,2.29,-3.15,-9.39,0,2.64,-0.26
0,16,2.29,-3.15,-9.39,0,2.64,-0.26
0,16,1.94,-3.76,-9.22,0,2.7,-0.24
0,16,1.94,-3.76,-9.22,0,2.76,-0.27
0,16,1.94,-3.76,-9.22,0,2.76,-0.27
0,16,1.46,-3.95,-8.5,0,2.82,-0.28
0,16,1.46,-3.95,-8.5,0,2.87,-0.24
0,16,1.46,-3.95,-8.5,0,2.87,-0.24
0,16,1.72,-3.89,-7.9,0,2.95,-0.19
0,16,1.72,-3.89,-7.9,0,2.95,-0.19
0,16,2.49,-3.9,-7.6,0,3.03,-0.1
0,16,2.49,-3.9,-7.6,0,3.09,0.02
0,16,2.49,-3.9,-7.6,0,3.09,0.02
0,16,1.97,-4.41,-6.69,0,3.18,0.08
0,16,1.97,-4.41,-6.69,0,3.26,0.03
0,16,1.97,-4.41,-6.69,0,3.26,0.03
0,16,2.55,-4.42,-6.13,0,3.34,-0.07
0,16,2.55,-4.42,-6.13,0,3.39,-0.08
0,16,2.55,-4.42,-6.13,0,3.39,-0.08
0,16,2.35,-4.22,-4.91,0,3.47,-0.07
0,16,2.35,-4.22,-4.91,0,3.49,-0.06
0,16,2.35,-4.22,-4.91,0,3.49,-0.06
0,16,1.48,-4.79,-3.96,0,3.51,-0.06
0,16,1.48,-4.79,-3.96,0,3.52,-0.1
0,16,1.48,-4.79,-3.96,0,3.52,-0.1
0,16,0.74,-4.41,-2.25,0,3.5,-0.21
0,16,0.74,-4.41,-2.25,0,3.41,-0.35
0,16,0.74,-4.41,-2.25,0,3.41,-0.35
0,16,0.82,-4.32,-0.58,0,3.24,-0.47
0,16,0.82,-4.32,-0.58,0,3.24,-0.47
0,16,0.82,-4.32,-0.58,0,3.07,-0.57
0,16,0.69,-5.29,0.29,0,2.96,-0.66
0,16,0.69,-5.29,0.29,0,2.96,-0.66
0,16,0.69,-5.29,0.29,0,2.89,-0.81
0,16,0.58,-6.57,0.48,0,2.89,-0.81
0,16,0.58,-6.57,0.48,0,2.82,-0.95
0,16,0.58,-6.57,0.48,0,2.77,-0.99
0,16,-0.98,-8.94,3.39,0,2.78,-1.58
0,16,-0.98,-8.94,3.39,0,2.71,-1.79
0,16,-0.98,-8.94,3.39,0,2.61,-2.01
0,16,-0.79,-8.73,5.16,0,2.61,-2.01
0,16,-0.79,-8.73,5.16,0,2.46,-2.19
0,16,-0.79,-8.73,5.16,0,2.46,-2.19
0,16,-1.97,-9.1,7.24,0,2.24,-2.32
0,16,-1.97,-9.1,7.24,0,2.01,-2.43
0,16,-1.97,-9.1,7.24,0,2.01,-2.43
0,16,-1.97,-9.1,7.24,0,1.71,-2.57
0,16,-3.17,-9.79,9.04,0,1.71,-2.57
0,16,-3.17,-9.79,9.04,0,1.33,-2.67
0,16,-3.17,-9.79,9.04,0,1.04,-2.74
0,16,-4.53,-10.43,10.1,0,1.04,-2.74
0,16,-4.53,-10.43,10.1,0,0.69,-2.84
0,16,-4.53,-10.43,10.1,0,0.33,-2.87
0,17,-3.89,-10.82,10.1,0,0.33,-2.87
0,17,-3.89,-10.82,10.1,0,0.02,-2.88
0,17,-3.89,-10.82,10.1,0,-0.23,-2.94
0,17,-4.41,-12.65,9.48,0,-0.23,-2.94
0,17,-4.41,-12.65,9.48,0,-0.45,-3.05
0,17,-4.41,-12.65,9.48,0,-0.45,-3.05
0,17,-4.96,-12.88,9.78,0,-0.72,-3.25
0,17,-4.96,-12.88,9.78,0,-0.9,-3.45
0,17,-4.96,-12.88,9.78,0,-0.9,-3.45
0,17,-6.07,-13.46,9.46,0,-1.09,-3.67
0,17,-6.07,-13.46,9.46,0,-1.21,-3.78
0,17,-5.62,-13.15,9.51,0,-1.21,-3.78
0,17,-5.62,-13.15,9.51,0,-1.35,-3.8
0,17,-5.62,-13.15,9.51,0,-1.5,-3.77
0,17,-4.37,-12.66,9.88,0,-1.5,-3.77
0,17,-4.37,-12.66,9.88,0,-1.66,-3.68
0,17,-4.37,-12.66,9.88,0,-1.81,-3.6
0,17,-3.56,-12.55,10.06,0,-1.81,-3.6
0,17,-3.56,-12.55,10.06,0,-1.97,-3.53
0,17,-3.56,-12.55,10.06,0,-2.16,-3.48
0,17,-2.76,-11.79,10,0,-2.16,-3.48
0,17,-2.76,-11.79,10,0,-2.34,-3.42
0,17,-2.76,-11.79,10,0,-2.34,-3.42
0,17,-1.93,-10.91,9.04,0,-2.51,-3.34
0,17,-1.93,-10.91,9.04,0,-2.62,-3.29
0,17,-1.93,-10.91,9.04,0,-2.62,-3.29
0,17,-0.91,-10.07,7.47,0,-2.7,-3.18
0,17,-0.91,-10.07,7.47,0,-2.73,-3.07
0,17,-0.91,-10.07,7.47,0,-2.73,-3.07
0,17,-0.61,-9.68,5.55,0,-2.73,-2.93
0,17,-0.61,-9.68,5.55,0,-2.66,-2.82
0,17,-0.61,-9.68,5.55,0,-2.66,-2.82
0,17,-0.97,-9.56,4.34,0,-2.54,-2.74
0,17,-0.97,-9.56,4.34,0,-2.38,-2.64
0,17,-0.97,-9.56,4.34,0,-2.38,-2.64
0,17,-1.29,-9.1,4,0,-2.22,-2.52
0,17,-1.29,-9.1,4,0,-2.22,-2.52
0,17,-1.29,-9.1,4,0,-2.07,-2.42
0,17,-2.23,-8.15,4.55,0,-1.99,-2.34
0,17,-2.23,-8.15,4.55,0,-1.99,-2.34
0,17,-2.23,-8.15,4.55,0,-1.96,-2.22
0,17,-2.76,-7.91,4.2,0,-1.92,-2.07
0,17,-2.76,-7.91,4.2,0,-1.92,-2.07
0,17,-2.76,-7.91,4.2,0,-1.87,-1.92
0,17,-3.73,-8.17,3.84,0,-1.8,-1.79
0,17,-3.73,-8.17,3.84,0,-1.8,-1.79
0,17,-3.73,-8.17,3.84,0,-1.76,-1.67
0,17,-3.81,-7.57,4.3,0,-1.75,-1.52
0,17,-3.81,-7.57,4.3,0,-1.75,-1.52
0,17,-3.81,-7.57,4.3,0,-1.81,-1.43
0,17,-4.46,-6.82,4.91,0,-1.93,-1.36
0,17,-4.46,-6.82,4.91,0,-1.93,-1.36
0,17,-4.46,-6.82,4.91,0,-2.06,-1.25
0,17,-4.87,-6.96,4.13,0,-2.06,-1.25
0,17,-4.87,-6.96,4.13,0,-2.17,-1.02
0,17,-4.87,-6.96,4.13,0,-2.21,-0.82
0,17,-5.57,-7.15,3.19,0,-2.21,-0.82
0,17,-5.57,-7.15,3.19,0,-2.25,-0.51
0,17,-5.57,-7.15,3.19,0,-2.28,-0.26
0,17,-6.11,-7.13,2.63,0,-2.28,-0.26
0,17,-6.11,-7.13,2.63,0,-2.31,0.01
0,17,-6.11,-7.13,2.63,0,-2.34,0.26
0,17,-6.24,-6.92,2.26,0,-2.34,0.26
0,17,-6.24,-6.92,2.26,0,-2.36,0.55
0,17,-6.24,-6.92,2.26,0,-2.4,0.82
0,17,-6.28,-6.42,1.58,0,-2.4,0.82
0,17,-6.28,-6.42,1.58,0,-2.43,1.07
0,17,-6.28,-6.42,1.58,0,-2.43,1.07
0,17,-6.59,-5.82,1.19,0,-2.46,1.31
0,17,-6.59,-5.82,1.19,0,-2.51,1.48
0,17,-6.59,-5.82,1.19,0,-2.51,1.48
0,17,-6.96,-5.43,0.89,0,-2.6,1.6
0,17,-6.96,-5.43,0.89,0,-2.68,1.58
0,17,-6.96,-5.43,0.89,0,-2.68,1.58
0,17,-6.31,-5.11,0.61,0,-2.76,1.52
0,17,-6.31,-5.11,0.61,0,-2.87,1.46
0,17,-6.31,-5.11,0.61,0,-2.87,1.46
0,17,-4.81,-4.56,0.09,0,-3,1.45
0,17,-4.81,-4.56,0.09,0,-3,1.45
0,17,-4.81,-4.56,0.09,0,-3.13,1.48
0,17,-3.62,-4.06,-0.93,0,-3.2,1.51
0,17,-3.62,-4.06,-0.93,0,-3.2,1.51
0,17,-3.62,-4.06,-0.93,0,-3.27,1.57
0,17,-2.81,-3.62,-1.8,0,-3.34,1.62
0,17,-2.81,-3.62,-1.8,0,-3.34,1.62
0,17,-2.81,-3.62,-1.8,0,-3.39,1.64
0,17,-2.8,-3.51,-2.15,0,-3.45,1.66
0,17,-2.8,-3.51,-2.15,0,-3.45,1.66
0,17,-2.8,-3.51,-2.15,0,-3.53,1.71
0,17,-1.76,-2.56,-2.19,0,-3.65,1.72
0,17,-1.76,-2.56,-2.19,0,-3.65,1.72
0,17,-1.76,-2.56,-2.19,0,-3.8,1.7
0,17,-0.52,-1.26,-2.58,0,-3.8,1.7
0,17,-0.52,-1.26,-2.58,0,-3.96,1.68
0,17,-0.52,-1.26,-2.58,0,-4.05,1.72
0,17,0.22,-1.1,-4.05,0,-4.05,1.72
0,17,0.22,-1.1,-4.05,0,-4.14,1.81
0,17,0.85,-0.99,-5.14,0,-4.18,1.89
0,17,0.85,-0.99,-5.14,0,-4.18,1.89
0,17,0.85,-0.99,-5.14,0,-4.23,1.99
0,17,1.89,-0.55,-6.2,0,-4.25,2.05
0,17,1.89,-0.55,-6.2,0,-4.25,2.05
0,17,1.89,-0.55,-6.2,0,-4.27,2.04
0,17,2.04,0.19,-6.73,0,-4.31,1.93
0,17,2.04,0.19,-6.73,0,-4.31,1.93
0,17,2.04,0.19,-6.73,0,-4.35,1.73
0,17,3.65,1.3,-7.64,0,-4.38,1.51
0,17,3.65,1.3,-7.64,0,-4.38,1.51
0,17,3.65,1.3,-7.64,0,-4.38,1.35
0,17,6.96,1.7,-9.53,0,-4.32,1.27
0,17,6.96,1.7,-9.53,0,-4.32,1.27
0,17,6.96,1.7,-9.53,0,-4.15,1.32
0,17,10.48,1.42,-12.11,0,-3.88,1.45
0,17,10.48,1.42,-12.11,0,-3.88,1.45
0,17,10.48,1.42,-12.11,0,-3.54,1.62
0,17,10.84,0.6,-14.43,0,-3.14,1.8
0,17,10.84,0.6,-14.43,0,-3.14,1.8
0,17,10.84,0.6,-14.43,0,-2.74,1.97
0,17,10.98,0.41,-15.08,0,-2.74,1.97
0,17,10.98,0.41,-15.08,0,-2.3,2.16
0,17,10.98,0.41,-15.08,0,-2.15,2.28
0,17,11.22,1.87,-13.91,0,-2.15,2.28
0,17,11.22,1.87,-13.91,0,-2,2.18
0,17,11.22,1.87,-13.91,0,-1.93,2.07
0,17,12.08,3.29,-15.24,0,-1.93,2.07
0,17,12.08,3.29,-15.24,0,-1.87,2.06
0,17,12.08,3.29,-15.24,0,-1.85,2.05
0,17,10.72,4.65,-15.61,0,-1.85,2.05
0,17,10.72,4.65,-15.61,0,-1.83,1.97
0,17,10.72,4.65,-15.61,0,-1.77,1.78
0,17,9.94,4.77,-17.09,0,-1.77,1.78
0,17,9.94,4.77,-17.09,0,-1.62,1.59
0,17,9.94,4.77,-17.09,0,-1.42,1.31
0,17,9.51,5.43,-18.09,0,-1.42,1.31
0,17,9.51,5.43,-18.09,0,-1.13,0.97
0,17,9.51,5.43,-18.09,0,-1.13,0.97
0,17,9.08,5.52,-19.16,0,-0.67,0.69
0,17,9.08,5.52,-19.16,0,-0.32,0.52
0,17,9.08,5.52,-19.16,0,-0.32,0.52
0,17,10.22,7.57,-18.67,0,0.11,0.42
0,17,10.22,7.57,-18.67,0,0.43,0.39
0,17,8.71,8.15,-17.31,0,0.43,0.39
0,17,8.71,8.15,-17.31,0,0.78,0.26
0,17,8.71,8.15,-17.31,0,1,0.18
0,17,8.49,8.94,-16.46,0,1,0.18
0,17,8.49,8.94,-16.46,0,1.23,0.11
0,17,8.49,8.94,-16.46,0,1.42,0.03
0,17,7.88,8.52,-16.19,0,1.42,0.03
0,17,7.88,8.52,-16.19,0,1.62,-0.02
0,17,7.88,8.52,-16.19,0,1.8,-0.04
0,17,7.33,7.73,-15.96,0,1.8,-0.04
0,17,7.33,7.73,-15.96,0,1.98,-0.1
0,17,7.33,7.73,-15.96,0,1.98,-0.1
0,17,5.66,6.19,-14.99,0,2.14,-0.34
0,17,5.66,6.19,-14.99,0,2.23,-0.56
0,17,5.66,6.19,-14.99,0,2.23,-0.56
0,17,5.35,4.95,-14.2,0,2.33,-0.85
0,17,5.35,4.95,-14.2,0,2.45,-1.08
0,17,5.35,4.95,-14.2,0,2.45,-1.08
0,18,5.35,4.95,-14.2,0,2.58,-1.23
0,18,5.01,3.52,-13.62,0,2.58,-1.23
0,18,5.01,3.52,-13.62,0,2.77,-1.31
0,18,4.31,3.2,-12.37,0,2.91,-1.32
0,18,4.31,3.2,-12.37,0,2.91,-1.32
0,18,4.31,3.2,-12.37,0,3.02,-1.26
0,18,4.31,3.2,-12.37,0,3.1,-1.19
0,18,2.91,2.48,-11.2,0,3.1,-1.19
0,18,2.91,2.48,-11.2,0,3.18,-1.1
0,18,2.91,2.48,-11.2,0,3.18,-1.1
0,18,2.11,1.72,-10.51,0,3.25,-0.97
0,18,2.11,1.72,-10.51,0,3.31,-0.9
0,18,2.11,1.72,-10.51,0,3.31,-0.9
0,18,1.03,0.68,-9.67,0,3.37,-0.85
0,18,1.03,0.68,-9.67,0,3.41,-0.83
0,18,1.03,0.68,-9.67,0,3.41,-0.83
0,18,-0.36,-0.17,-8.08,0,3.42,-0.85
0,18,-0.36,-0.17,-8.08,0,3.4,-0.94
0,18,-0.27,-1.17,-7.57,0,3.4,-0.94
0,18,-0.27,-1.17,-7.57,0,3.38,-0.94
0,18,-0.27,-1.17,-7.57,0,3.32,-0.99
0,18,-0.74,-1.98,-6.44,0,3.32,-0.99
0,18,-0.74,-1.98,-6.44,0,3.25,-1.04
0,18,-0.74,-1.98,-6.44,0,3.25,-1.04
0,18,-0.62,-2.44,-5.73,0,3.16,-1.05
0,18,-0.62,-2.44,-5.73,0,3.11,-1.05
0,18,-0.62,-2.44,-5.73,0,3.11,-1.05
0,18,-1.37,-3.31,-5.33,0,3.02,-1.09
0,18,-1.37,-3.31,-5.33,0,2.99,-1.19
0,18,-1.37,-3.31,-5.33,0,2.99,-1.19
0,18,-1.64,-5.19,-5.45,0,2.98,-1.27
0,18,-1.64,-5.19,-5.45,0,2.99,-1.32
0,18,-1.64,-5.19,-5.45,0,2.99,-1.32
0,18,-0.79,-6.37,-5.36,0,3.03,-1.31
0,18,-0.79,-6.37,-5.36,0,3.11,-1.23
0,18,-0.79,-6.37,-5.36,0,3.11,-1.23
0,18,-0.29,-7.39,-4.81,0,3.21,-1.2
0,18,-0.29,-7.39,-4.81,0,3.21,-1.2
0,18,-0.29,-7.39,-4.81,0,3.32,-1.25
0,18,0.38,-7.82,-3.4,0,3.38,-1.3
0,18,0.38,-7.82,-3.4,0,3.38,-1.3
0,18,0.38,-7.82,-3.4,0,3.42,-1.36
0,18,1.82,-7.75,-1.78,0,3.43,-1.35
0,18,1.82,-7.75,-1.78,0,3.43,-1.35
0,18,1.82,-7.75,-1.78,0,3.37,-1.38
0,18,2.25,-7.82,-0.45,0,3.28,-1.38
0,18,2.25,-7.82,-0.45,0,3.28,-1.38
0,18,2.25,-7.82,-0.45,0,3.16,-1.45
0,18,1.85,-7.88,1.08,0,2.99,-1.58
0,18,1.85,-7.88,1.08,0,2.99,-1.58
0,18,1.85,-7.88,1.08,0,2.83,-1.8
0,18,1,-9.77,2.1,0,2.67,-2
0,18,1,-9.77,2.1,0,2.67,-2
0,18,1,-9.77,2.1,0,2.43,-2.18
0,18,1.48,-8.88,4.52,0,2.43,-2.18
0,18,1.48,-8.88,4.52,0,2.03,-2.36
0,18,1.48,-8.88,4.52,0,1.7,-2.52
0,18,1.02,-9.66,5.2,0,1.7,-2.52
0,18,1.02,-9.66,5.2,0,1.3,-2.73
0,18,1.02,-9.66,5.2,0,1.02,-2.81
0,18,1.57,-10.31,4.47,0,1.02,-2.81
0,18,1.57,-10.31,4.47,0,0.76,-2.85
0,18,1.57,-10.31,4.47,0,0.55,-2.93
0,18,1.64,-10.98,3.79,0,0.55,-2.93
0,18,1.64,-10.98,3.79,0,0.37,-3.04
0,18,1.64,-10.98,3.79,0,0.2,-3.15
0,18,2.6,-11.31,3.24,0,0.2,-3.15
0,18,2.6,-11.31,3.24,0,0.09,-3.25
0,18,2.6,-11.31,3.24,0,0.09,-3.25
0,18,3.45,-11.55,2.74,0,-0.01,-3.35
0,18,3.45,-11.55,2.74,0,-0.05,-3.41
0,18,3.45,-11.55,2.74,0,-0.05,-3.41
0,18,4.49,-11.8,2.47,0,-0.09,-3.43
0,18,4.49,-11.8,2.47,0,-0.1,-3.45
0,18,4.49,-11.8,2.47,0,-0.1,-3.45
0,18,5.06,-11.81,2.75,0,-0.14,-3.49
0,18,5.06,-11.81,2.75,0,-0.17,-3.49
0,18,5.06,-11.81,2.75,0,-0.17,-3.49
0,18,6.39,-11.25,2.65,0,-0.22,-3.44
0,18,6.39,-11.25,2.65,0,-0.24,-3.36
0,18,6.39,-11.25,2.65,0,-0.24,-3.36
0,18,6.41,-11.41,2.56,0,-0.27,-3.28
0,18,6.41,-11.41,2.56,0,-0.28,-3.22
0,18,6.41,-11.41,2.56,0,-0.28,-3.22
0,18,6.28,-10.97,2.83,0,-0.3,-3.16
0,18,6.28,-10.97,2.83,0,-0.33,-3.09
0,18,6.28,-10.97,2.83,0,-0.33,-3.09
0,18,4.84,-10.74,3.13,0,-0.38,-3.06
0,18,4.84,-10.74,3.13,0,-0.38,-3.06
0,18,4.84,-10.74,3.13,0,-0.46,-3.1
0,18,4.08,-10.66,3.08,0,-0.52,-3.13
0,18,4.08,-10.66,3.08,0,-0.52,-3.13
0,18,4.08,-10.66,3.08,0,-0.61,-3.16
0,18,3.63,-10.5,2.46,0,-0.69,-3.13
0,18,3.63,-10.5,2.46,0,-0.69,-3.13
0,18,3.63,-10.5,2.46,0,-0.74,-3.09
0,18,2.54,-10.54,2.27,0,-0.74,-3.09
0,18,2.54,-10.54,2.27,0,-0.81,-3.13
0,18,2.54,-10.54,2.27,0,-0.89,-3.17
0,18,2.01,-9.26,2.39,0,-0.89,-3.17
0,18,2.01,-9.26,2.39,0,-0.99,-3.17
0,18,2.01,-9.26,2.39,0,-1.05,-3.15
0,18,0.79,-9.57,1.76,0,-1.05,-3.15
0,18,0.79,-9.57,1.76,0,-1.09,-3.15
0,18,0.79,-9.57,1.76,0,-1.14,-3.15
0,18,0.03,-9.33,1.7,0,-1.14,-3.15
0,18,0.03,-9.33,1.7,0,-1.22,-3.12
0,18,-0.87,-9.27,1.7,0,-1.3,-3.1
0,18,-0.87,-9.27,1.7,0,-1.3,-3.1
0,18,-0.87,-9.27,1.7,0,-1.4,-3.13
0,18,-1.5,-9.27,0.92,0,-1.4,-3.13
0,18,-1.5,-9.27,0.92,0,-1.51,-3.14
0,18,-1.5,-9.27,0.92,0,-1.55,-3.13
0,18,-1.27,-9.16,-0.21,0,-1.55,-3.13
0,18,-1.27,-9.16,-0.21,0,-1.53,-3.05
0,18,-1.27,-9.16,-0.21,0,-1.5,-2.93
0,18,-2.36,-9.34,-0.48,0,-1.5,-2.93
0,18,-2.36,-9.34,-0.48,0,-1.45,-2.83
0,18,-2.36,-9.34,-0.48,0,-1.4,-2.83
0,18,-2.83,-9.04,-0.49,0,-1.4,-2.83
0,18,-2.83,-9.04,-0.49,0,-1.36,-2.75
0,18,-2.83,-9.04,-0.49,0,-1.35,-2.64
0,18,-2.98,-8.74,-0.08,0,-1.35,-2.64
0,18,-2.98,-8.74,-0.08,0,-1.36,-2.47
0,18,-2.98,-8.74,-0.08,0,-1.42,-2.31
0,18,-2.83,-8.22,0.56,0,-1.42,-2.31
0,18,-2.83,-8.22,0.56,0,-1.5,-2.16
0,18,-2.83,-8.22,0.56,0,-1.63,-1.98
0,18,-2.92,-8.09,0.13,0,-1.63,-1.98
0,18,-2.92,-8.09,0.13,0,-1.74,-1.76
0,18,-2.92,-8.09,0.13,0,-1.85,-1.54
0,18,-3.55,-8.03,-0.15,0,-1.85,-1.54
0,18,-3.55,-8.03,-0.15,0,-1.92,-1.35
0,18,-3.55,-8.03,-0.15,0,-2,-1.18
0,18,-4.13,-7.89,-0.47,0,-2,-1.18
0,18,-4.13,-7.89,-0.47,0,-2.07,-1.03
0,18,-4.13,-7.89,-0.47,0,-2.14,-0.87
0,18,-3.84,-7.33,-0.98,0,-2.14,-0.87
0,18,-3.84,-7.33,-0.98,0,-2.22,-0.7
0,18,-4.23,-7.16,-1.16,0,-2.31,-0.54
0,18,-4.23,-7.16,-1.16,0,-2.31,-0.54
0,18,-4.23,-7.16,-1.16,0,-2.41,-0.45
0,18,-4.68,-7.15,-1.43,0,-2.41,-0.45
0,18,-4.68,-7.15,-1.43,0,-2.53,-0.4
0,18,-4.68,-7.15,-1.43,0,-2.61,-0.37
0,18,-4.47,-7.12,-2.29,0,-2.61,-0.37
0,18,-4.47,-7.12,-2.29,0,-2.69,-0.3
0,18,-4.47,-7.12,-2.29,0,-2.74,-0.22
0,18,-3.9,-6.57,-2.93,0,-2.74,-0.22
0,18,-3.9,-6.57,-2.93,0,-2.81,-0.09
0,18,-3.9,-6.57,-2.93,0,-2.87,0.06
0,18,-3.71,-6.17,-3.41,0,-2.87,0.06
0,18,-3.71,-6.17,-3.41,0,-2.91,0.22
0,18,-3.71,-6.17,-3.41,0,-2.96,0.37
0,18,-3.44,-5.26,-3.6,0,-2.96,0.37
0,18,-3.44,-5.26,-3.6,0,-3.01,0.52
0,18,-3.44,-5.26,-3.6,0,-3.01,0.52
0,18,-3.29,-4.67,-3.73,0,-3.09,0.66
0,18,-3.29,-4.67,-3.73,0,-3.16,0.72
0,18,-3.29,-4.67,-3.73,0,-3.16,0.72
0,19,-3.01,-3.96,-4.01,0,-3.25,0.76
0,19,-3.01,-3.96,-4.01,0,-3.33,0.8
0,19,-3.01,-3.96,-4.01,0,-3.33,0.8
0,19,-2.12,-3.4,-4.79,0,-3.42,0.88
0,19,-2.12,-3.4,-4.79,0,-3.49,1
0,19,-2.12,-3.4,-4.79,0,-3.49,1
0,19,-1.47,-2.71,-5.24,0,-3.57,1.12
0,19,-1.47,-2.71,-5.24,0,-3.68,1.21
0,19,-1.47,-2.71,-5.24,0,-3.68,1.21
0,19,-1.21,-1.92,-5.58,0,-3.79,1.26
0,19,-1.21,-1.92,-5.58,0,-3.79,1.26
0,19,-1.21,-1.92,-5.58,0,-3.91,1.3
0,19,-0.65,-1.75,-6.77,0,-3.95,1.35
0,19,-0.65,-1.75,-6.77,0,-3.95,1.35
0,19,-0.65,-1.75,-6.77,0,-3.97,1.42
0,19,-0.43,-1.32,-7.79,0,-3.97,1.42
0,19,-0.43,-1.32,-7.79,0,-3.96,1.56
0,19,-0.43,-1.32,-7.79,0,-3.95,1.65
0,19,0.11,-0.01,-7.97,0,-3.95,1.65
0,19,0.11,-0.01,-7.97,0,-3.97,1.66
0,19,0.11,-0.01,-7.97,0,-3.98,1.68
0,19,0.67,1.29,-8.35,0,-3.98,1.68
0,19,0.67,1.29,-8.35,0,-4.03,1.58
0,19,0.67,1.29,-8.35,0,-4.03,1.58
0,19,0.67,1.29,-8.35,0,-4.04,1.36
0,19,1.27,2.19,-9.03,0,-4.03,1.24
0,19,1.27,2.19,-9.03,0,-4.03,1.24
0,19,1.27,2.19,-9.03,0,-4.02,1.17
0,19,2.78,3.53,-9.96,0,-3.95,1.17
0,19,2.78,3.53,-9.96,0,-3.95,1.17
0,19,2.78,3.53,-9.96,0,-3.83,1.31
0,19,3.63,3.92,-11.47,0,-3.83,1.31
0,19,3.63,3.92,-11.47,0,-3.62,1.43
0,19,3.63,3.92,-11.47,0,-3.42,1.47
0,19,4.14,3.85,-13.06,0,-3.42,1.47
0,19,4.14,3.85,-13.06,0,-3.09,1.55
0,19,4.14,3.85,-13.06,0,-2.76,1.6
0,19,4.54,3.99,-14.26,0,-2.76,1.6
0,19,4.54,3.99,-14.26,0,-2.31,1.65
0,19,5.8,5.2,-14.71,0,-1.93,1.67
0,19,5.8,5.2,-14.71,0,-1.93,1.67
0,19,5.8,5.2,-14.71,0,-1.44,1.74
0,19,6.9,6.26,-15.46,0,-1.05,1.8
0,19,6.9,6.26,-15.46,0,-1.05,1.8
0,19,6.9,6.26,-15.46,0,-0.6,1.9
0,19,6.91,6.74,-16.01,0,-0.19,2.16
0,19,6.91,6.74,-16.01,0,-0.19,2.16
0,19,6.91,6.74,-16.01,0,0.15,2.28
0,19,5.66,7.96,-14.34,0,0.15,2.28
0,19,5.66,7.96,-14.34,0,0.44,2.33
0,19,5.66,7.96,-14.34,0,0.6,2.3
0,19,5.7,8.02,-13.3,0,0.6,2.3
0,19,5.7,8.02,-13.3,0,0.76,2.26
0,19,5.7,8.02,-13.3,0,0.77,2.2
0,19,4.66,8.28,-12.78,0,0.77,2.2
0,19,4.66,8.28,-12.78,0,0.78,1.99
0,19,4.66,8.28,-12.78,0,0.74,1.62
0,19,3.32,7.06,-13.07,0,0.74,1.62
0,19,3.32,7.06,-13.07,0,0.76,1.09
0,19,3.32,7.06,-13.07,0,0.87,0.54
0,19,4,6.01,-14.32,0,0.87,0.54
0,19,4,6.01,-14.32,0,1.07,0.18
0,19,4,6.01,-14.32,0,1.07,0.18
0,19,4.87,6.86,-12.56,0,1.27,-0.02
0,19,4.87,6.86,-12.56,0,1.36,-0.08
0,19,4.87,6.86,-12.56,0,1.36,-0.08
0,19,6.45,6.99,-12.22,0,1.4,-0.16
0,19,6.45,6.99,-12.22,0,1.46,-0.17
0,19,6.45,6.99,-12.22,0,1.46,-0.17
0,19,6.68,5.53,-12.88,0,1.61,-0.15
0,19,6.68,5.53,-12.88,0,1.8,-0.08
0,19,6.68,5.53,-12.88,0,1.8,-0.08
0,19,8.34,5.21,-13.26,0,2,0.07
0,19,8.34,5.21,-13.26,0,2.24,0.21
0,19,8.34,5.21,-13.26,0,2.24,0.21
0,19,8.25,4.36,-13.8,0,2.5,0.32
0,19,8.25,4.36,-13.8,0,2.76,0.34
0,19,8.25,4.36,-13.8,0,2.76,0.34
0,19,7.02,3.62,-13.73,0,3.01,0.28
0,19,7.02,3.62,-13.73,0,3.01,0.28
0,19,7.02,3.62,-13.73,0,3.25,0.27
0,19,7.08,3.64,-12.45,0,3.35,0.35
0,19,7.08,3.64,-12.45,0,3.35,0.35
0,19,7.08,3.64,-12.45,0,3.46,0.42
0,19,4.88,2.37,-11.36,0,3.54,0.39
0,19,4.88,2.37,-11.36,0,3.54,0.39
0,19,4.88,2.37,-11.36,0,3.6,0.38
0,19,3.09,1.51,-9.81,0,3.61,0.21
0,19,3.09,1.51,-9.81,0,3.61,0.21
0,19,3.09,1.51,-9.81,0,3.55,0.06
0,19,3.6,1.12,-9.17,0,3.54,0.04
0,19,3.6,1.12,-9.17,0,3.54,0.04
0,19,3.6,1.12,-9.17,0,3.55,0.03
0,19,2.45,-0.89,-9.29,0,3.55,0.03
0,19,2.45,-0.89,-9.29,0,3.65,0.05
0,19,2.45,-0.89,-9.29,0,3.76,0.14
0,19,3.48,-2.51,-10.02,0,3.76,0.14
0,19,3.48,-2.51,-10.02,0,3.92,0.4
0,19,3.48,-2.51,-10.02,0,4.06,0.47
0,19,4.77,-2.24,-9.2,0,4.06,0.47
0,19,4.77,-2.24,-9.2,0,4.19,0.78
0,19,4.77,-2.24,-9.2,0,4.22,1.02
0,19,3.55,-2.06,-7.32,0,4.22,1.02
0,19,3.55,-2.06,-7.32,0,4.19,1.19
0,19,3.55,-2.06,-7.32,0,4.13,1.32
0,19,2.45,-2.68,-6.13,0,4.13,1.32
0,19,2.45,-2.68,-6.13,0,4.03,1.42
0,19,2.45,-2.68,-6.13,0,4.03,1.42
0,19,1.18,-3.29,-5.3,0,3.92,1.46
0,19,1.18,-3.29,-5.3,0,3.84,1.41
0,19,1.18,-3.29,-5.3,0,3.84,1.41
0,19,-0.43,-3.43,-4.4,0,3.72,1.27
0,19,-0.43,-3.43,-4.4,0,3.57,1.03
0,19,-0.43,-3.43,-4.4,0,3.57,1.03
0,19,-1.95,-4.88,-3.33,0,3.45,0.73
0,19,-1.95,-4.88,-3.33,0,3.45,0.73
0,19,-1.95,-4.88,-3.33,0,3.33,0.47
0,19,-1.96,-5.15,-2.5,0,3.23,0.3
0,19,-1.96,-5.15,-2.5,0,3.23,0.3
0,19,-1.96,-5.15,-2.5,0,3.09,0.09
0,19,-2.84,-5.23,-0.94,0,3.09,0.09
0,19,-2.84,-5.23,-0.94,0,2.87,-0.16
0,19,-2.84,-5.23,-0.94,0,2.67,-0.3
0,19,-3.24,-5.52,-0.2,0,2.67,-0.3
0,19,-3.24,-5.52,-0.2,0,2.39,-0.48
0,19,-3.24,-5.52,-0.2,0,2.22,-0.61
0,19,-4.09,-7.4,-0.57,0,2.22,-0.61
0,19,-4.09,-7.4,-0.57,0,2.11,-0.78
0,19,-4.09,-7.4,-0.57,0,2.06,-0.87
0,19,-4.03,-8.53,-0.91,0,2.06,-0.87
0,19,-4.03,-8.53,-0.91,0,2.04,-0.97
0,19,-4.03,-8.53,-0.91,0,2,-1.05
0,19,-3.39,-8.71,-0.12,0,2,-1.05
0,19,-3.39,-8.71,-0.12,0,1.93,-1.16
0,19,-3.39,-8.71,-0.12,0,1.84,-1.25
0,19,-2.26,-8.53,0.52,0,1.84,-1.25
0,19,-2.26,-8.53,0.52,0,1.74,-1.28
0,19,-2.26,-8.53,0.52,0,1.66,-1.28
0,19,-1.5,-9.11,0.69,0,1.66,-1.28
0,19,-1.5,-9.11,0.69,0,1.61,-1.3
0,19,-1.5,-9.11,0.69,0,1.61,-1.3
0,19,-0.66,-9.92,1.09,0,1.56,-1.28
0,19,-0.66,-9.92,1.09,0,1.53,-1.26
0,19,-0.66,-9.92,1.09,0,1.53,-1.26
0,19,0.29,-10.09,1.68,0,1.47,-1.2
0,19,0.29,-10.09,1.68,0,1.42,-1.15
0,19,0.29,-10.09,1.68,0,1.42,-1.15
0,19,0.93,-9.87,2.12,0,1.33,-1.07
0,19,0.93,-9.87,2.12,0,1.26,-1.01
0,19,0.93,-9.87,2.12,0,1.26,-1.01
0,19,0.74,-10.26,2.31,0,1.19,-1.01
0,19,0.74,-10.26,2.31,0,1.15,-1.02
0,19,0.73,-10.59,2.29,0,1.15,-1.02
0,19,0.73,-10.59,2.29,0,1.12,-1.04
0,19,0.73,-10.59,2.29,0,1.11,-1.07
0,19,0.84,-10.63,2.71,0,1.11,-1.07
0,19,0.84,-10.63,2.71,0,1.08,-1.07
0,19,0.84,-10.63,2.71,0,1.08,-1.07
0,19,0.93,-9.95,3.12,0,1.01,-1.07
0,19,0.93,-9.95,3.12,0,0.96,-1.04
0,19,0.93,-9.95,3.12,0,0.96,-1.04
0,20,0.17,-10.47,3.17,0,0.91,-1
0,20,0.17,-10.47,3.17,0,0.89,-0.99
0,20,0.17,-10.47,3.17,0,0.89,-0.99
0,20,0.28,-10.4,3.1,0,0.87,-0.99
0,20,0.28,-10.4,3.1,0,0.87,-1.01
0,20,0.28,-10.4,3.1,0,0.87,-1.01
0,20,-0.25,-10.35,3.31,0,0.89,-1.03
0,20,-0.25,-10.35,3.31,0,0.9,-1.09
0,20,-0.25,-10.35,3.31,0,0.9,-1.09
0,20,-0.37,-10.13,3.74,0,0.89,-1.13
0,20,-0.37,-10.13,3.74,0,0.88,-1.15
0,20,-0.37,-10.13,3.74,0,0.88,-1.15
0,20,-1,-10.06,4.08,0,0.87,-1.2
0,20,-1,-10.06,4.08,0,0.85,-1.3
0,20,-1,-10.06,4.08,0,0.85,-1.3
0,20,-0.64,-9.96,4.56,0,0.82,-1.37
0,20,-0.64,-9.96,4.56,0,0.78,-1.4
0,20,-0.64,-9.96,4.56,0,0.78,-1.4
0,20,-0.68,-9.6,5.1,0,0.73,-1.45
0,20,-0.68,-9.6,5.1,0,0.68,-1.48
0,20,-0.68,-9.6,5.1,0,0.68,-1.48
0,20,-1.2,-9.9,5.17,0,0.65,-1.51
0,20,-1.2,-9.9,5.17,0,0.65,-1.51
0,20,-1.2,-9.9,5.17,0,0.62,-1.52
0,20,-1.59,-9.77,5.28,0,0.62,-1.53
0,20,-1.59,-9.77,5.28,0,0.62,-1.53
0,20,-1.59,-9.77,5.28,0,0.58,-1.53
0,20,-0.8,-8.95,5.89,0,0.52,-1.47
0,20,-0.8,-8.95,5.89,0,0.52,-1.47
0,20,-0.8,-8.95,5.89,0,0.45,-1.39
0,20,-1.01,-9.14,5.87,0,0.4,-1.29
0,20,-1.01,-9.14,5.87,0,0.4,-1.29
0,20,-1.01,-9.14,5.87,0,0.35,-1.17
0,20,-1.17,-9,6.11,0,0.35,-1.17
0,20,-1.17,-9,6.11,0,0.29,-1.11
0,20,-1.17,-9,6.11,0,0.2,-1.14
0,20,-2.45,-9.15,6.43,0,0.2,-1.14
0,20,-2.45,-9.15,6.43,0,0.1,-1.22
0,20,-2.45,-9.15,6.43,0,0.02,-1.31
0,20,-2.75,-9.24,6.73,0,0.02,-1.31
0,20,-2.75,-9.24,6.73,0,-0.07,-1.34
0,20,-2.75,-9.24,6.73,0,-0.07,-1.34
0,20,-2.6,-9.19,6.81,0,-0.19,-1.3
0,20,-2.6,-9.19,6.81,0,-0.26,-1.25
0,20,-2.6,-9.19,6.81,0,-0.26,-1.25
0,20,-2.83,-8.99,6.76,0,-0.34,-1.18
0,20,-2.83,-8.99,6.76,0,-0.42,-1.13
0,20,-2.83,-8.99,6.76,0,-0.42,-1.13
0,20,-3.49,-9.19,6.82,0,-0.5,-1.12
0,20,-3.49,-9.19,6.82,0,-0.59,-1.17
0,20,-3.49,-9.19,6.82,0,-0.59,-1.17
0,20,-3.84,-8.92,7.21,0,-0.71,-1.23
0,20,-3.84,-8.92,7.21,0,-0.71,-1.23
0,20,-3.84,-8.92,7.21,0,-0.88,-1.32
0,20,-3.63,-9.03,7.11,0,-1,-1.37
0,20,-3.63,-9.03,7.11,0,-1,-1.37
0,20,-3.63,-9.03,7.11,0,-1.16,-1.43
0,20,-3.12,-8.96,6.71,0,-1.26,-1.46
0,20,-3.12,-8.96,6.71,0,-1.26,-1.46
0,20,-3.12,-8.96,6.71,0,-1.38,-1.45
0,20,-2.48,-9.08,5.93,0,-1.45,-1.43
0,20,-2.48,-9.08,5.93,0,-1.45,-1.43
0,20,-1.95,-8.96,5.26,0,-1.51,-1.39
0,20,-1.95,-8.96,5.26,0,-1.52,-1.34
0,20,-1.95,-8.96,5.26,0,-1.52,-1.34
0,20,-1.76,-9.1,4.7,0,-1.56,-1.28
0,20,-1.76,-9.1,4.7,0,-1.56,-1.25
0,20,-1.76,-9.1,4.7,0,-1.56,-1.25
0,20,-2.04,-9.05,4.4,0,-1.58,-1.25
0,20,-2.04,-9.05,4.4,0,-1.59,-1.27
0,20,-2.04,-9.05,4.4,0,-1.59,-1.27
0,20,-2.45,-9.11,4.03,0,-1.6,-1.34
0,20,-2.45,-9.11,4.03,0,-1.62,-1.42
0,20,-2.45,-9.11,4.03,0,-1.62,-1.42
0,20,-2.54,-8.54,4.15,0,-1.66,-1.52
0,20,-2.54,-8.54,4.15,0,-1.74,-1.59
0,20,-2.54,-8.54,4.15,0,-1.74,-1.59
0,20,-2.62,-8.34,3.8,0,-1.81,-1.63
0,20,-2.62,-8.34,3.8,0,-1.86,-1.63
0,20,-2.62,-8.34,3.8,0,-1.86,-1.63
0,20,-2.42,-8.18,3.31,0,-1.9,-1.59
0,20,-2.42,-8.18,3.31,0,-1.94,-1.55
0,20,-2.42,-8.18,3.31,0,-1.94,-1.55
0,20,-3.08,-8.3,2.8,0,-1.97,-1.53
0,20,-3.08,-8.3,2.8,0,-1.97,-1.53
0,20,-3.08,-8.3,2.8,0,-1.98,-1.5
0,20,-2.82,-8.5,2.18,0,-1.98,-1.45
0,20,-2.82,-8.5,2.18,0,-1.98,-1.45
0,20,-2.82,-8.5,2.18,0,-1.97,-1.36
0,20,-2.85,-8.5,2.03,0,-1.99,-1.33
0,20,-2.85,-8.5,2.03,0,-1.99,-1.33
0,20,-2.85,-8.5,2.03,0,-2.01,-1.33
0,20,-2.66,-8.04,1.97,0,-2.06,-1.33
0,20,-2.66,-8.04,1.97,0,-2.06,-1.33
0,20,-3.07,-7.87,1.76,0,-2.13,-1.36
0,20,-3.07,-7.87,1.76,0,-2.18,-1.39
0,20,-3.07,-7.87,1.76,0,-2.18,-1.39
0,20,-3.49,-8.03,1.25,0,-2.23,-1.42
0,20,-3.49,-8.03,1.25,0,-2.27,-1.43
0,20,-3.49,-8.03,1.25,0,-2.27,-1.43
0,20,-3.85,-8.32,0.94,0,-2.33,-1.4
0,20,-3.85,-8.32,0.94,0,-2.37,-1.36
0,20,-3.85,-8.32,0.94,0,-2.37,-1.36
0,20,-3.62,-7.76,0.56,0,-2.45,-1.29
0,20,-3.62,-7.76,0.56,0,-2.52,-1.24
0,20,-3.62,-7.76,0.56,0,-2.52,-1.24
0,20,-3.96,-7.65,0.09,0,-2.59,-1.2
0,20,-3.96,-7.65,0.09,0,-2.66,-1.16
0,20,-3.96,-7.65,0.09,0,-2.66,-1.16
0,20,-4.22,-7.6,-0.59,0,-2.72,-1.12
0,20,-4.22,-7.6,-0.59,0,-2.76,-1.07
0,20,-4.22,-7.6,-0.59,0,-2.76,-1.07
0,20,-4.55,-7.92,-1.18,0,-2.8,-1.02
0,20,-4.55,-7.92,-1.18,0,-2.83,-0.97
0,20,-4.55,-7.92,-1.18,0,-2.83,-0.97
0,20,-4.29,-7.68,-1.57,0,-2.88,-0.91
0,20,-4.29,-7.68,-1.57,0,-2.91,-0.82
0,20,-4.29,-7.68,-1.57,0,-2.91,-0.82
0,20,-3.93,-7.82,-2.16,0,-2.92,-0.74
0,20,-3.93,-7.82,-2.16,0,-2.93,-0.65
0,20,-3.31,-7.78,-2.73,0,-2.93,-0.65
0,20,-3.31,-7.78,-2.73,0,-2.94,-0.52
0,20,-3.31,-7.78,-2.73,0,-2.93,-0.38
0,20,-3.09,-7.83,-3.29,0,-2.91,-0.24
0,20,-3.09,-7.83,-3.29,0,-2.91,-0.24
0,20,-3.09,-7.83,-3.29,0,-2.89,-0.12
0,20,-2.62,-7.75,-3.74,0,-2.85,-0.02
0,20,-2.62,-7.75,-3.74,0,-2.85,-0.02
0,20,-2.62,-7.75,-3.74,0,-2.83,0.07
0,20,-1.83,-7.21,-4.08,0,-2.83,0.07
0,20,-1.83,-7.21,-4.08,0,-2.8,0.18
0,20,-1.83,-7.21,-4.08,0,-2.78,0.22
0,20,-1.65,-7.13,-4.1,0,-2.78,0.22
0,20,-1.65,-7.13,-4.1,0,-2.76,0.28
0,20,-1.65,-7.13,-4.1,0,-2.77,0.32
0,20,-0.9,-6.62,-4.41,0,-2.77,0.32
0,20,-0.9,-6.62,-4.41,0,-2.8,0.39
0,20,-0.73,-6.77,-4.66,0,-2.82,0.44
0,20,-0.73,-6.77,-4.66,0,-2.82,0.44
0,20,-0.73,-6.77,-4.66,0,-2.84,0.47
0,20,-0.62,-6.24,-4.98,0,-2.87,0.45
0,20,-0.62,-6.24,-4.98,0,-2.87,0.45
0,20,-0.62,-6.24,-4.98,0,-2.9,0.41
0,20,-0.19,-5.87,-5.47,0,-2.91,0.39
0,20,-0.19,-5.87,-5.47,0,-2.91,0.39
0,20,-0.19,-5.87,-5.47,0,-2.91,0.44
0,20,0.11,-5.32,-6.11,0,-2.9,0.49
0,20,0.11,-5.32,-6.11,0,-2.9,0.49
0,20,0.11,-5.32,-6.11,0,-2.86,0.56
0,20,0.03,-5.05,-6.05,0,-2.85,0.59
0,20,0.03,-5.05,-6.05,0,-2.85,0.59
0,20,0.03,-5.05,-6.05,0,-2.87,0.57
0,20,0.68,-4.4,-6.24,0,-2.9,0.54
0,20,0.68,-4.4,-6.24,0,-2.9,0.54
0,20,1.37,-3.98,-6.49,0,-2.93,0.47
0,20,1.37,-3.98,-6.49,0,-2.95,0.46
0,21,1.37,-3.98,-6.49,0,-2.95,0.46
0,21,2.15,-3.19,-6.62,0,-2.97,0.49
0,21,2.15,-3.19,-6.62,0,-2.99,0.5
0,21,2.15,-3.19,-6.62,0,-2.99,0.5
0,21,2.5,-2.63,-6.51,0,-3.02,0.5
0,21,2.5,-2.63,-6.51,0,-3.07,0.49
0,21,2.5,-2.63,-6.51,0,-3.07,0.49
0,21,3.99,-1.77,-7.07,0,-3.13,0.5
0,21,3.99,-1.77,-7.07,0,-3.14,0.54
0,21,3.99,-1.77,-7.07,0,-3.14,0.54
0,21,4.43,-1.22,-7.58,0,-3.13,0.64
0,21,4.43,-1.22,-7.58,0,-3.13,0.69
0,21,4.43,-1.22,-7.58,0,-3.13,0.69
0,21,4.13,-0.68,-7.88,0,-3.13,0.7
0,21,4.13,-0.68,-7.88,0,-3.12,0.65
0,21,4.13,-0.68,-7.88,0,-3.12,0.65
0,21,4.24,0.13,-8,0,-3.13,0.57
0,21,4.24,0.13,-8,0,-3.13,0.49
0,21,4.24,0.13,-8,0,-3.13,0.49
0,21,4.77,0.9,-8.24,0,-3.14,0.43
0,21,4.77,0.9,-8.24,0,-3.14,0.36
0,21,4.77,0.9,-8.24,0,-3.14,0.36
0,21,4.83,1.62,-8.3,0,-3.14,0.29
0,21,4.83,1.62,-8.3,0,-3.14,0.24
0,21,4.83,1.62,-8.3,0,-3.14,0.24
0,21,4.91,2.04,-8.82,0,-3.15,0.21
0,21,4.91,2.04,-8.82,0,-3.11,0.18
0,21,4.91,2.04,-8.82,0,-3.11,0.18
0,21,5.33,2.25,-9.29,0,-3.04,0.15
0,21,5.33,2.25,-9.29,0,-2.94,0.13
0,21,5.49,2.49,-9.52,0,-2.94,0.13
0,21,5.49,2.49,-9.52,0,-2.82,0.1
0,21,5.49,2.49,-9.52,0,-2.7,0.09
0,21,5.86,2.92,-9.59,0,-2.7,0.09
0,21,5.86,2.92,-9.59,0,-2.57,0.09
0,21,5.86,2.92,-9.59,0,-2.57,0.09
0,21,5.66,3,-9.53,0,-2.45,0.07
0,21,5.66,3,-9.53,0,-2.35,0.06
0,21,5.66,3,-9.53,0,-2.35,0.06
0,21,5.9,3.3,-9.48,0,-2.22,0.06
0,21,5.9,3.3,-9.48,0,-2.15,0.08
0,21,5.9,3.3,-9.48,0,-2.15,0.08
0,21,5.87,3.5,-9.32,0,-2.03,0.09
0,21,5.87,3.5,-9.32,0,-1.96,0.1
0,21,5.87,3.5,-9.32,0,-1.96,0.1
0,21,5.43,4,-8.98,0,-1.87,0.09
0,21,5.43,4,-8.98,0,-1.83,0.05
0,21,5.43,4,-8.98,0,-1.83,0.05
0,21,4.93,4.33,-8.68,0,-1.77,0.02
0,21,4.93,4.33,-8.68,0,-1.72,0
0,21,4.93,4.33,-8.68,0,-1.72,0
0,21,4.37,5.07,-8.12,0,-1.7,-0.02
0,21,4.37,5.07,-8.12,0,-1.7,-0.02
0,21,4.37,5.07,-8.12,0,-1.69,-0.03
0,21,4.36,5.69,-7.77,0,-1.7,-0.03
0,21,4.36,5.69,-7.77,0,-1.7,-0.03
0,21,4.36,5.69,-7.77,0,-1.72,-0.04
0,21,4.24,5.73,-7.78,0,-1.72,-0.05
0,21,4.24,5.73,-7.78,0,-1.72,-0.05
0,21,4.24,5.73,-7.78,0,-1.71,-0.05
0,21,4.44,5.76,-8.16,0,-1.69,-0.04
0,21,4.44,5.76,-8.16,0,-1.69,-0.04
0,21,4.44,5.76,-8.16,0,-1.65,-0.06
0,21,4.39,5.68,-8.34,0,-1.6,-0.08
0,21,4.39,5.68,-8.34,0,-1.6,-0.08
0,21,4.39,5.68,-8.34,0,-1.56,-0.1
0,21,4.41,6.21,-7.99,0,-1.56,-0.1
0,21,4.41,6.21,-7.99,0,-1.52,-0.15
0,21,4.41,6.21,-7.99,0,-1.49,-0.19
0,21,4.74,6.66,-7.76,0,-1.49,-0.19
0,21,4.74,6.66,-7.76,0,-1.46,-0.22
0,21,4.74,6.66,-7.76,0,-1.41,-0.21
0,21,5.24,6.89,-7.87,0,-1.41,-0.21
0,21,5.24,6.89,-7.87,0,-1.35,-0.22
0,21,5.24,6.89,-7.87,0,-1.3,-0.23
0,21,5.06,7.06,-7.87,0,-1.3,-0.23
0,21,5.06,7.06,-7.87,0,-1.23,-0.26
0,21,5.06,7.06,-7.87,0,-1.16,-0.24
0,21,5.21,6.7,-8.3,0,-1.16,-0.24
0,21,5.21,6.7,-8.3,0,-1.06,-0.21
0,21,5.29,6.45,-8.49,0,-0.95,-0.17
0,21,5.29,6.45,-8.49,0,-0.95,-0.17
0,21,5.29,6.45,-8.49,0,-0.84,-0.1
0,21,5.52,6.32,-8.07,0,-0.74,-0.08
0,21,5.52,6.32,-8.07,0,-0.74,-0.08
0,21,5.52,6.32,-8.07,0,-0.66,-0.1
0,21,5.68,6.65,-7.61,0,-0.61,-0.13
0,21,5.68,6.65,-7.61,0,-0.61,-0.13
0,21,5.68,6.65,-7.61,0,-0.57,-0.17
0,21,5.96,6.52,-7.97,0,-0.49,-0.17
0,21,5.96,6.52,-7.97,0,-0.49,-0.17
0,21,5.96,6.52,-7.97,0,-0.38,-0.13
0,21,5.83,6.33,-8.2,0,-0.25,-0.09
0,21,5.83,6.33,-8.2,0,-0.25,-0.09
0,21,5.83,6.33,-8.2,0,-0.14,-0.08
0,21,5.88,6.37,-8.14,0,-0.02,-0.06
0,21,5.88,6.37,-8.14,0,-0.02,-0.06
0,21,5.88,6.37,-8.14,0,0.11,-0.05
0,21,5.93,5.97,-8.18,0,0.24,-0.03
0,21,5.93,5.97,-8.18,0,0.24,-0.03
0,21,5.93,5.97,-8.18,0,0.37,0
0,21,5.8,5.48,-8.19,0,0.51,0.06
0,21,5.8,5.48,-8.19,0,0.51,0.06
0,21,5.8,5.48,-8.19,0,0.64,0.15
0,21,6.76,5.78,-8.2,0,0.76,0.27
0,21,6.76,5.78,-8.2,0,0.76,0.27
0,21,6.84,5.62,-8.24,0,0.86,0.38
0,21,6.84,5.62,-8.24,0,0.86,0.38
0,21,6.84,5.62,-8.24,0,0.95,0.46
0,21,6.86,5.37,-8.33,0,1.01,0.49
0,21,6.86,5.37,-8.33,0,1.01,0.49
0,21,6.86,5.37,-8.33,0,1.1,0.52
0,21,7.09,5.36,-8.42,0,1.15,0.53
0,21,7.09,5.36,-8.42,0,1.15,0.53
0,21,7.09,5.36,-8.42,0,1.21,0.56
0,21,7.18,5.06,-8.37,0,1.25,0.59
0,21,7.18,5.06,-8.37,0,1.25,0.59
0,21,7.18,5.06,-8.37,0,1.32,0.63
0,21,7.66,4.81,-8.58,0,1.37,0.67
0,21,7.66,4.81,-8.58,0,1.37,0.67
0,21,7.66,4.81,-8.58,0,1.46,0.71
0,21,7.58,4.25,-8.85,0,1.55,0.74
0,21,7.58,4.25,-8.85,0,1.55,0.74
0,21,7.58,4.25,-8.85,0,1.65,0.74
0,21,7.74,3.63,-9.19,0,1.75,0.75
0,21,7.74,3.63,-9.19,0,1.75,0.75
0,21,7.74,3.63,-9.19,0,1.87,0.75
0,21,7.38,3.27,-8.86,0,1.95,0.72
0,21,7.38,3.27,-8.86,0,1.95,0.72
0,21,7.38,3.27,-8.86,0,2.04,0.66
0,21,7.96,2.94,-8.63,0,2.09,0.64
0,21,7.96,2.94,-8.63,0,2.09,0.64
0,21,7.96,2.94,-8.63,0,2.13,0.59
0,21,7.56,2.46,-8.5,0,2.17,0.55
0,21,7.56,2.46,-8.5,0,2.17,0.55
0,21,7.56,2.46,-8.5,0,2.22,0.49
0,21,6.22,1.43,-8.76,0,2.22,0.49
0,21,6.22,1.43,-8.76,0,2.31,0.43
0,21,6.22,1.43,-8.76,0,2.37,0.36
0,21,5.89,0.53,-8.36,0,2.37,0.36
0,21,5.89,0.53,-8.36,0,2.44,0.34
0,21,5.89,0.53,-8.36,0,2.46,0.36
0,21,6.16,0.06,-7.84,0,2.46,0.36
0,21,6.16,0.06,-7.84,0,2.49,0.36
0,21,6.16,0.06,-7.84,0,2.5,0.32
0,21,5.58,-1.03,-7.54,0,2.5,0.32
0,21,5.58,-1.03,-7.54,0,2.52,0.28
0,21,5.58,-1.03,-7.54,0,2.52,0.28
0,21,5.02,-2.29,-7.13,0,2.55,0.19
0,21,5.02,-2.29,-7.13,0,2.55,0.08
0,21,5.02,-2.29,-7.13,0,2.55,0.08
0,21,5.85,-2.42,-6.35,0,2.5,-0.03
0,21,5.85,-2.42,-6.35,0,2.44,-0.13
0,21,5.85,-2.42,-6.35,0,2.44,-0.13
0,21,6.11,-3.83,-6.15,0,2.4,-0.19
0,21,6.11,-3.83,-6.15,0,2.4,-0.19
0,21,6.11,-3.83,-6.15,0,2.38,-0.16
0,21,6.5,-4.19,-5.62,0,2.34,-0.13
0,21,6.5,-4.19,-5.62,0,2.34,-0.13
0,22,6.5,-4.19,-5.62,0,2.28,-0.1
0,22,6.97,-4.66,-5.17,0,2.21,-0.07
0,22,6.97,-4.66,-5.17,0,2.21,-0.07
0,22,6.97,-4.66,-5.17,0,2.13,-0.09
0,22,6.66,-5.15,-4.8,0,2.06,-0.12
0,22,6.66,-5.15,-4.8,0,2.06,-0.12
0,22,6.66,-5.15,-4.8,0,1.99,-0.14
0,22,6.74,-5.59,-5.05,0,1.99,-0.14
0,22,6.74,-5.59,-5.05,0,1.95,-0.15
0,22,6.74,-5.59,-5.05,0,1.95,-0.17
0,22,6.56,-6.21,-5.24,0,1.95,-0.17
0,22,6.56,-6.21,-5.24,0,1.96,-0.23
0,22,6.56,-6.21,-5.24,0,1.99,-0.28
0,22,6.34,-6.91,-5.18,0,1.99,-0.28
0,22,6.34,-6.91,-5.18,0,2.03,-0.34
0,22,6.34,-6.91,-5.18,0,2.07,-0.41
0,22,5.92,-7.3,-4.46,0,2.07,-0.41
0,22,5.92,-7.3,-4.46,0,2.07,-0.46
0,22,5.92,-7.3,-4.46,0,2.05,-0.49
0,22,5.77,-7.39,-3.75,0,2.05,-0.49
0,22,5.77,-7.39,-3.75,0,2.03,-0.51
0,22,5.77,-7.39,-3.75,0,2.03,-0.51
0,22,6.45,-7.51,-3.8,0,2.02,-0.46
0,22,6.45,-7.51,-3.8,0,2.04,-0.38
0,22,6.45,-7.51,-3.8,0,2.04,-0.38
0,22,6.36,-7.79,-3.77,0,2.07,-0.3
0,22,6.36,-7.79,-3.77,0,2.11,-0.28
0,22,5.75,-7.98,-3.3,0,2.11,-0.28
0,22,5.75,-7.98,-3.3,0,2.13,-0.33
0,22,5.75,-7.98,-3.3,0,2.14,-0.39
0,22,6.12,-8.1,-2.82,0,2.14,-0.39
0,22,6.12,-8.1,-2.82,0,2.14,-0.42
0,22,6.12,-8.1,-2.82,0,2.16,-0.44
0,22,5.91,-8.66,-3.02,0,2.16,-0.44
0,22,5.91,-8.66,-3.02,0,2.21,-0.4
0,22,5.91,-8.66,-3.02,0,2.27,-0.4
0,22,5.38,-8.8,-2.21,0,2.27,-0.4
0,22,5.38,-8.8,-2.21,0,2.29,-0.4
0,22,5.38,-8.8,-2.21,0,2.29,-0.4
0,22,5.01,-7.87,-1.04,0,2.27,-0.43
0,22,5.01,-7.87,-1.04,0,2.21,-0.43
0,22,5.01,-7.87,-1.04,0,2.21,-0.43
0,22,4.45,-8.05,-0.48,0,2.11,-0.35
0,22,4.45,-8.05,-0.48,0,2.03,-0.33
0,22,4.45,-8.05,-0.48,0,2.03,-0.33
0,22,3.37,-8.59,0.22,0,1.92,-0.35
0,22,3.37,-8.59,0.22,0,1.8,-0.39
0,22,3.37,-8.59,0.22,0,1.8,-0.39
0,22,2.75,-8.66,1.11,0,1.65,-0.48
0,22,2.75,-8.66,1.11,0,1.47,-0.6
0,22,2.75,-8.66,1.11,0,1.47,-0.6
0,22,2.52,-8.87,1.34,0,1.28,-0.71
0,22,2.52,-8.87,1.34,0,1.28,-0.71
0,22,2.52,-8.87,1.34,0,1.1,-0.81
0,22,2.02,-9.5,1.24,0,0.99,-0.87
0,22,2.02,-9.5,1.24,0,0.99,-0.87
0,22,2.02,-9.5,1.24,0,0.87,-0.89
0,22,1.94,-9.84,1.09,0,0.8,-0.9
0,22,1.94,-9.84,1.09,0,0.8,-0.9
0,22,1.94,-9.84,1.09,0,0.73,-0.95
0,22,1.82,-10.05,1.09,0,0.67,-1.02
0,22,1.82,-10.05,1.09,0,0.67,-1.02
0,22,1.82,-10.05,1.09,0,0.61,-1.11
0,22,1.84,-10.3,1.25,0,0.56,-1.2
0,22,1.84,-10.3,1.25,0,0.56,-1.2
0,22,1.84,-10.3,1.25,0,0.52,-1.27
0,22,2.38,-10.3,1.3,0,0.47,-1.31
0,22,2.38,-10.3,1.3,0,0.47,-1.31
0,22,2.38,-10.3,1.3,0,0.45,-1.3
0,22,2.97,-10.13,1.15,0,0.45,-1.3
0,22,2.97,-10.13,1.15,0,0.44,-1.29
0,22,2.97,-10.13,1.15,0,0.42,-1.27
0,22,3.02,-9.95,1.15,0,0.42,-1.27
0,22,3.02,-9.95,1.15,0,0.41,-1.24
0,22,3.02,-9.95,1.15,0,0.41,-1.23
0,22,2.7,-10.02,1.39,0,0.41,-1.23
0,22,2.7,-10.02,1.39,0,0.4,-1.23
0,22,2.7,-10.02,1.39,0,0.37,-1.26
0,22,2.55,-9.85,1.67,0,0.37,-1.26
0,22,-1.3,-8.97,2.06,0,-0.52,-2.04
0,22,0.4,-8.8,-0.98,0,-1.05,-1.19
0,23,2.28,-7.44,-5.56,0,-1.79,-0.94
0,23,2.12,-4.03,-7.29,0,-2.56,-0.81
0,23,2.12,-4.03,-7.29,0,-2.56,-0.81
0,23,2.12,-4.03,-7.29,0,-2.61,-0.87
0,23,2.17,-3.42,-8.04,0,-2.61,-0.87
0,23,2.17,-3.42,-8.04,0,-2.63,-0.9
0,23,2.17,-3.42,-8.04,0,-2.61,-0.88
0,23,2.81,-2.7,-8.7,0,-2.61,-0.88
0,23,2.81,-2.7,-8.7,0,-2.56,-0.78
0,23,2.81,-2.7,-8.7,0,-2.49,-0.64
0,23,3.61,-2.28,-9.44,0,-2.49,-0.64
0,23,3.61,-2.28,-9.44,0,-2.38,-0.42
0,23,3.61,-2.28,-9.44,0,-2.26,-0.22
0,23,4.08,-1.66,-9.69,0,-2.26,-0.22
0,23,4.08,-1.66,-9.69,0,-2.13,-0.06
0,23,4.08,-1.66,-9.69,0,-2.04,-0.03
0,23,4.18,-0.91,-9.7,0,-2.04,-0.03
0,23,4.18,-0.91,-9.7,0,-1.93,-0.03
0,23,4.18,-0.91,-9.7,0,-1.85,-0.01
0,23,5.96,-0.61,-10.25,0,-1.85,-0.01
0,23,5.96,-0.61,-10.25,0,-1.7,0.07
0,23,5.96,-0.61,-10.25,0,-1.54,0.21
0,23,8.34,-0.31,-11.24,0,-1.54,0.21
0,23,8.34,-0.31,-11.24,0,-1.27,0.45
0,23,9.85,-0.54,-12.25,0,-1,0.7
0,23,9.85,-0.54,-12.25,0,-1,0.7
0,23,9.85,-0.54,-12.25,0,-0.64,1
0,23,10.56,-0.36,-12.5,0,-0.32,1.25
0,23,10.56,-0.36,-12.5,0,-0.32,1.25
0,23,10.56,-0.36,-12.5,0,0.05,1.49
0,23,9.84,-0.25,-11.82,0,0.3,1.62
0,23,9.84,-0.25,-11.82,0,0.3,1.62
0,23,9.84,-0.25,-11.82,0,0.53,1.67
0,23,8.91,-0.06,-11.07,0,0.72,1.67
0,23,8.91,-0.06,-11.07,0,0.72,1.67
0,23,8.91,-0.06,-11.07,0,0.87,1.62
0,23,7.76,0.44,-9.84,0,0.93,1.54
0,23,7.76,0.44,-9.84,0,0.93,1.54
0,23,7.76,0.44,-9.84,0,0.97,1.46
0,23,7.32,0.16,-9.64,0,1,1.43
0,23,7.32,0.16,-9.64,0,1,1.43
0,23,7.32,0.16,-9.64,0,1.06,1.42
0,23,6.82,-0.54,-9.89,0,1.12,1.42
0,23,6.82,-0.54,-9.89,0,1.12,1.42
0,23,6.82,-0.54,-9.89,0,1.21,1.41
0,23,6.42,-1.06,-9.43,0,1.27,1.37
0,23,6.42,-1.06,-9.43,0,1.27,1.37
0,23,7.18,-1.43,-9.31,0,1.3,1.3
0,23,7.18,-1.43,-9.31,0,1.36,1.25
0,23,7.18,-1.43,-9.31,0,1.36,1.25
0,23,7.2,-2.42,-9.4,0,1.44,1.18
0,23,7.2,-2.42,-9.4,0,1.53,1.08
0,23,7.2,-2.42,-9.4,0,1.53,1.08
0,23,6.45,-3.22,-8.62,0,1.6,0.96
0,23,6.45,-3.22,-8.62,0,1.63,0.89
0,23,6.45,-3.22,-8.62,0,1.63,0.89
0,23,5.87,-3.25,-6.98,0,1.62,0.8
0,23,5.87,-3.25,-6.98,0,1.56,0.75
0,23,5.87,-3.25,-6.98,0,1.56,0.75
0,23,5.71,-3.85,-6.4,0,1.49,0.69
0,23,5.71,-3.85,-6.4,0,1.43,0.68
0,23,5.71,-3.85,-6.4,0,1.43,0.68
0,23,6.36,-4.22,-6.22,0,1.37,0.69
0,23,6.36,-4.22,-6.22,0,1.35,0.73
0,23,6.01,-4.63,-6.15,0,1.35,0.73
0,23,6.01,-4.63,-6.15,0,1.3,0.75
0,23,6.01,-4.63,-6.15,0,1.27,0.73
0,23,5.2,-4.97,-5.79,0,1.27,0.73
0,23,5.2,-4.97,-5.79,0,1.23,0.67
0,23,5.2,-4.97,-5.79,0,1.19,0.64
0,23,5.04,-5.22,-5.66,0,1.19,0.64
0,23,5.04,-5.22,-5.66,0,1.14,0.62
0,23,5.04,-5.22,-5.66,0,1.13,0.58
0,23,4.7,-5.73,-5.53,0,1.11,0.53
0,23,4.7,-5.73,-5.53,0,1.11,0.53
0,23,4.7,-5.73,-5.53,0,1.08,0.48
0,23,5.25,-5.79,-5.43,0,1.08,0.48
0,23,5.25,-5.79,-5.43,0,1.05,0.47
0,23,5.25,-5.79,-5.43,0,1.06,0.5
0,23,5.43,-6.5,-5.99,0,1.06,0.5
0,23,5.43,-6.5,-5.99,0,1.12,0.53
0,23,5.43,-6.5,-5.99,0,1.17,0.53
0,23,4.87,-7.04,-5.79,0,1.17,0.53
0,23,4.87,-7.04,-5.79,0,1.24,0.5
0,23,5.11,-6.9,-5.4,0,1.27,0.49
0,23,5.11,-6.9,-5.4,0,1.31,0.49
0,23,5.11,-6.9,-5.4,0,1.31,0.49
0,23,4.76,-6.99,-4.86,0,1.33,0.49
0,23,4.76,-6.99,-4.86,0,1.33,0.49
0,23,4.76,-6.99,-4.86,0,1.34,0.46
0,23,4.79,-7.27,-4.86,0,1.34,0.45
0,23,4.79,-7.27,-4.86,0,1.34,0.45
0,23,4.79,-7.27,-4.86,0,1.36,0.47
0,23,4.03,-7.56,-4.66,0,1.4,0.47
0,23,4.03,-7.56,-4.66,0,1.4,0.47
0,23,4.03,-7.56,-4.66,0,1.4,0.44
0,23,3.32,-7.35,-3.75,0,1.37,0.38
0,23,3.32,-7.35,-3.75,0,1.37,0.38
0,23,3.32,-7.35,-3.75,0,1.32,0.32
0,23,2.85,-7.76,-3.15,0,1.24,0.28
0,23,2.85,-7.76,-3.15,0,1.24,0.28
0,23,2.85,-7.76,-3.15,0,1.16,0.23
0,23,2.92,-8.11,-3.1,0,1.11,0.21
0,23,2.92,-8.11,-3.1,0,1.11,0.21
0,23,2.92,-8.11,-3.1,0,1.04,0.21
0,23,3.01,-8.15,-2.88,0,1,0.2
0,23,3.01,-8.15,-2.88,0,1,0.2
0,23,3.09,-8.21,-2.82,0,0.93,0.15
0,23,3.09,-8.21,-2.82,0,0.89,0.13
0,23,3.09,-8.21,-2.82,0,0.84,0.1
0,23,2.79,-8.38,-2.84,0,0.84,0.1
0,23,2.79,-8.38,-2.84,0,0.8,0.05
0,23,2.79,-8.38,-2.84,0,0.79,0.02
0,23,2.93,-8.59,-3.01,0,0.79,0.02
0,23,2.93,-8.59,-3.01,0,0.78,0.04
0,23,2.93,-8.59,-3.01,0,0.78,0.08
0,23,2.94,-8.6,-3.16,0,0.78,0.08
0,23,2.94,-8.6,-3.16,0,0.79,0.12
0,23,2.94,-8.6,-3.16,0,0.81,0.13
0,23,2.32,-8.91,-3.07,0,0.81,0.13
0,23,2.32,-8.91,-3.07,0,0.82,0.1
0,23,2.06,-9.06,-2.72,0,0.82,0.05
0,23,2.06,-9.06,-2.72,0,0.82,0.05
0,23,2.06,-9.06,-2.72,0,0.81,0.01
0,23,2.39,-8.77,-2.51,0,0.79,0
0,23,2.39,-8.77,-2.51,0,0.79,0
0,23,2.39,-8.77,-2.51,0,0.78,-0.01
0,23,2.22,-9.11,-2.68,0,0.79,-0.02
0,24,2.22,-9.11,-2.68,0,0.81,-0.01
0,24,2.22,-9.11,-2.68,0,0.81,-0.01
0,24,2.3,-8.89,-2.59,0,0.83,0.01
0,24,2.3,-8.89,-2.59,0,0.84,-0.01
0,24,2.3,-8.89,-2.59,0,0.84,-0.01
0,24,1.71,-9.09,-2.66,0,0.84,-0.03
0,24,1.71,-9.09,-2.66,0,0.89,-0.04
0,24,1.55,-9.32,-3.1,0,0.89,-0.04
0,24,1.55,-9.32,-3.1,0,0.95,-0.02
0,24,1.55,-9.32,-3.1,0,1.06,0.04
0,24,1.6,-9.85,-3.52,0,1.06,0.04
0,24,1.6,-9.85,-3.52,0,1.2,0.1
0,24,1.6,-9.85,-3.52,0,1.34,0.13
0,24,1.92,-10.05,-3.36,0,1.34,0.13
0,24,1.92,-10.05,-3.36,0,1.51,0.22
0,24,1.92,-10.05,-3.36,0,1.67,0.41
0,24,2.74,-9.93,-2.15,0,1.67,0.41
0,24,2.74,-9.93,-2.15,0,1.78,0.62
0,24,2.74,-9.93,-2.15,0,1.88,0.94
0,24,2.99,-9.98,-1.18,0,1.88,0.94
0,24,2.99,-9.98,-1.18,0,1.94,1.22
0,24,2.99,-9.98,-1.18,0,1.9,1.24
0,24,0.52,-9.72,0.42,0,1.9,1.24
0,24,0.52,-9.72,0.42,0,1.82,1.18
0,24,0.52,-9.72,0.42,0,1.7,1.12
0,24,-0.45,-9.77,0.9,0,1.7,1.12
0,24,-0.45,-9.77,0.9,0,1.62,0.99
0,24,-1.55,-9.88,-0.08,0,1.55,0.89
0,24,-1.55,-9.88,-0.08,0,1.55,0.89
0,24,-1.55,-9.88,-0.08,0,1.51,0.76
0,24,-1.74,-9.75,0.27,0,1.51,0.64
0,24,-1.74,-9.75,0.27,0,1.51,0.64
0,24,-1.74,-9.75,0.27,0,1.5,0.59
0,24,-1.87,-9.68,0.09,0,1.48,0.63
0,24,-1.87,-9.68,0.09,0,1.48,0.63
0,24,-1.87,-9.68,0.09,0,1.48,0.75
0,24,-2.04,-9.5,0.35,0,1.48,0.87
0,24,-2.04,-9.5,0.35,0,1.48,0.87
0,24,-2.04,-9.5,0.35,0,1.49,0.96
0,24,-2.53,-8.82,1.1,0,1.47,0.97
0,24,-2.53,-8.82,1.1,0,1.47,0.97
0,24,-2.53,-8.82,1.1,0,1.41,0.92
0,24,-2.61,-8.79,1.48,0,1.35,0.84
0,24,-2.61,-8.79,1.48,0,1.35,0.84
0,24,-2.61,-8.79,1.48,0,1.3,0.76
0,24,-2.78,-8.98,1.58,0,1.26,0.65
0,24,-2.78,-8.98,1.58,0,1.26,0.65
0,24,-2.78,-8.98,1.58,0,1.27,0.56
0,24,-2.12,-9.3,1.63,0,1.27,0.56
0,24,-2.12,-9.3,1.63,0,1.35,0.47
0,24,-1.38,-9.87,2.57,0,1.4,0.46
0,24,-1.38,-9.87,2.57,0,1.4,0.46
0,24,-1.38,-9.87,2.57,0,1.42,0.4
0,24,-0.52,-9.14,4.05,0,1.39,0.42
0,24,-0.52,-9.14,4.05,0,1.39,0.42
0,24,-0.52,-9.14,4.05,0,1.32,0.42
0,24,-0.11,-8.82,5.09,0,1.19,0.4
0,24,-0.11,-8.82,5.09,0,1.19,0.4
0,24,-0.11,-8.82,5.09,0,1.06,0.42
0,24,0.11,-8.97,4.98,0,0.94,0.47
0,24,0.11,-8.97,4.98,0,0.94,0.47
0,24,0.11,-8.97,4.98,0,0.8,0.47
0,24,-0.03,-9.41,4.67,0,0.71,0.45
0,24,-0.03,-9.41,4.67,0,0.71,0.45
0,24,-0.03,-9.41,4.67,0,0.64,0.48
0,24,0.9,-10.08,4.41,0,0.61,0.56
0,24,0.9,-10.08,4.41,0,0.61,0.56
0,24,0.9,-10.08,4.41,0,0.57,0.69
0,24,1.35,-9.62,4.66,0,0.54,0.77
0,24,1.35,-9.62,4.66,0,0.54,0.77
0,24,1.35,-9.62,4.66,0,0.52,0.76
0,24,1.21,-9.24,5.27,0,0.48,0.69
0,24,1.21,-9.24,5.27,0,0.48,0.69
0,24,1.72,-8.61,5.67,0,0.41,0.62
0,24,1.72,-8.61,5.67,0,0.31,0.56
0,24,1.72,-8.61,5.67,0,0.31,0.56
0,24,1.88,-8.25,5.91,0,0.14,0.49
0,24,1.88,-8.25,5.91,0,0,0.44
0,24,1.88,-8.25,5.91,0,0,0.44
0,24,1.62,-8.18,5.36,0,-0.17,0.39
0,24,1.62,-8.18,5.36,0,-0.3,0.34
0,24,1.62,-8.18,5.36,0,-0.3,0.34
0,24,0.95,-8.45,4.92,0,-0.43,0.29
0,24,0.95,-8.45,4.92,0,-0.53,0.25
0,24,0.95,-8.45,4.92,0,-0.53,0.25
0,24,0.6,-9.17,4.05,0,-0.6,0.25
0,24,0.6,-9.17,4.05,0,-0.62,0.26
0,24,0.6,-9.17,4.05,0,-0.62,0.26
0,24,-0.11,-9.66,3.36,0,-0.6,0.3
0,24,-0.11,-9.66,3.36,0,-0.58,0.34
0,24,-0.11,-9.66,3.36,0,-0.54,0.38
0,24,-0.55,-9.49,3.01,0,-0.54,0.38
0,24,-0.55,-9.49,3.01,0,-0.53,0.43
0,24,-1.5,-9.55,3.23,0,-0.5,0.41
0,24,-1.5,-9.55,3.23,0,-0.5,0.41
0,24,-1.5,-9.55,3.23,0,-0.43,0.31
0,24,-1.7,-9.17,2.94,0,-0.43,0.31
0,24,-1.7,-9.17,2.94,0,-0.4,0.26
0,24,-1.7,-9.17,2.94,0,-0.41,0.19
0,24,-2.25,-9.5,2.55,0,-0.42,0.15
0,24,-2.25,-9.5,2.55,0,-0.42,0.15
0,24,-2.25,-9.5,2.55,0,-0.43,0.17
0,24,-3.16,-9.66,2.62,0,-0.44,0.19
0,24,-3.16,-9.66,2.62,0,-0.44,0.19
0,24,-3.16,-9.66,2.62,0,-0.39,0.09
0,24,-2.45,-9.44,1.91,0,-0.39,0.09
0,24,-2.45,-9.44,1.91,0,-0.37,0.14
0,24,-2.45,-9.44,1.91,0,-0.37,0.17
0,24,-2.7,-9.63,2.05,0,-0.37,0.17
0,24,-2.7,-9.63,2.05,0,-0.37,0.24
0,24,-2.7,-9.63,2.05,0,-0.35,0.26
0,24,-2.64,-9.47,2.2,0,-0.31,0.27
0,24,-2.64,-9.47,2.2,0,-0.31,0.27
0,24,-2.56,-9.18,2.15,0,-0.28,0.24
0,24,-2.56,-9.18,2.15,0,-0.26,0.21
0,24,-2.56,-9.18,2.15,0,-0.26,0.21
0,24,-2.75,-9.32,2.06,0,-0.26,0.17
0,24,-2.75,-9.32,2.06,0,-0.25,0.13
0,24,-2.75,-9.32,2.06,0,-0.25,0.13
0,24,-2.69,-9.56,2.36,0,-0.27,0.13
0,24,-2.69,-9.56,2.36,0,-0.33,0.11
0,24,-2.69,-9.56,2.36,0,-0.33,0.11
0,24,-2.47,-9.22,2.64,0,-0.39,0.11
0,24,-2.47,-9.22,2.64,0,-0.47,0.14
0,24,-2.47,-9.22,2.64,0,-0.47,0.14
0,24,-2.94,-9.6,2.02,0,-0.55,0.08
0,24,-2.94,-9.6,2.02,0,-0.63,-0.02
0,24,-2.94,-9.6,2.02,0,-0.63,-0.02
0,24,-2.7,-10.1,1.23,0,-0.67,-0.1
0,24,-2.7,-10.1,1.23,0,-0.67,-0.21
0,24,-2.66,-10.22,0.49,0,-0.67,-0.21
0,24,-2.66,-10.22,0.49,0,-0.62,-0.3
0,24,-2.66,-10.22,0.49,0,-0.54,-0.36
0,24,-2.33,-10.5,-0.22,0,-0.54,-0.36
0,24,-2.33,-10.5,-0.22,0,-0.43,-0.36
0,24,-2.33,-10.5,-0.22,0,-0.29,-0.33
0,24,-1.82,-11,-0.4,0,-0.29,-0.33
0,24,-1.82,-11,-0.4,0,-0.14,-0.28
0,24,-1.82,-11,-0.4,0,0.04,-0.22
0,24,-1.48,-11.08,-0.27,0,0.04,-0.22
0,24,-1.48,-11.08,-0.27,0,0.2,-0.18
0,24,-1.48,-11.08,-0.27,0,0.35,-0.18
0,24,-1.6,-10.87,0.18,0,0.35,-0.18
0,24,-1.6,-10.87,0.18,0,0.49,-0.2
0,24,-1.6,-10.87,0.18,0,0.59,-0.24
0,24,-2.1,-10.68,1.16,0,0.59,-0.24
0,24,-2.1,-10.68,1.16,0,0.67,-0.29
0,24,-2.1,-10.68,1.16,0,0.67,-0.29
0,24,-2.38,-10.53,1.97,0,0.72,-0.36
0,24,-2.38,-10.53,1.97,0,0.75,-0.39
0,24,-2.38,-10.53,1.97,0,0.77,-0.36
0,24,-1.92,-10.36,2.38,0,0.77,-0.36
0,24,-1.92,-10.36,2.38,0,0.76,-0.3
0,24,-1.96,-10.26,2.8,0,0.74,-0.2
0,25,-1.96,-10.26,2.8,0,0.74,-0.2
0,25,-1.96,-10.26,2.8,0,0.71,-0.08
0,25,-1.77,-9.62,3.11,0,0.68,0.06
0,25,-1.77,-9.62,3.11,0,0.68,0.06
0,25,-1.77,-9.62,3.11,0,0.62,0.12
0,25,-1.75,-9.37,3.47,0,0.53,0.17
0,25,-1.75,-9.37,3.47,0,0.53,0.17
0,25,-1.75,-9.37,3.47,0,0.45,0.2
0,25,-1.66,-9.12,3.63,0,0.36,0.2
0,25,-1.66,-9.12,3.63,0,0.36,0.2
0,25,-1.66,-9.12,3.63,0,0.29,0.18
0,25,-1.35,-9.16,3.53,0,0.23,0.16
0,25,-1.35,-9.16,3.53,0,0.23,0.16
0,25,-1.35,-9.16,3.53,0,0.18,0.16
0,25,-1.31,-9.31,3.18,0,0.16,0.15
0,25,-1.31,-9.31,3.18,0,0.16,0.15
0,25,-1.45,-9.44,3.03,0,0.17,0.14
0,25,-1.45,-9.44,3.03,0,0.19,0.11
0,25,-1.45,-9.44,3.03,0,0.19,0.11
0,25,-1.44,-9.45,2.77,0,0.22,0.09
0,25,-1.44,-9.45,2.77,0,0.23,0.1
0,25,-1.44,-9.45,2.77,0,0.23,0.1
0,25,-1.65,-9.52,2.92,0,0.27,0.11
0,25,-1.65,-9.52,2.92,0,0.3,0.11
0,25,-1.65,-9.52,2.92,0,0.32,0.11
0,25,-1.94,-9.33,3.05,0,0.32,0.11
0,25,-1.94,-9.33,3.05,0,0.35,0.11
0,25,-1.94,-9.33,3.05,0,0.39,0.12
0,25,-2.36,-9.1,3.14,0,0.39,0.12
0,25,-2.36,-9.1,3.14,0,0.42,0.12
0,25,-2.54,-9,3.1,0,0.45,0.13
0,25,-2.54,-9,3.1,0,0.45,0.13
0,25,-2.54,-9,3.1,0,0.49,0.12
0,25,-2.86,-8.72,3.35,0,0.53,0.08
0,25,-2.86,-8.72,3.35,0,0.53,0.08
0,25,-2.86,-8.72,3.35,0,0.57,0.01
0,25,-2.78,-8.53,3.44,0,0.59,-0.03
0,25,-2.78,-8.53,3.44,0,0.59,-0.03
0,25,-2.78,-8.53,3.44,0,0.6,-0.16
0,25,-2.56,-8.18,3.37,0,0.62,-0.24
0,25,-2.56,-8.18,3.37,0,0.62,-0.24
0,25,-2.56,-8.18,3.37,0,0.66,-0.22
0,25,-2.25,-8.04,3.57,0,0.68,-0.18
0,25,-2.25,-8.04,3.57,0,0.68,-0.18
0,25,-2.25,-8.04,3.57,0,0.67,-0.14
0,25,-2.63,-7.81,4.21,0,0.64,-0.14
0,25,-2.63,-7.81,4.21,0,0.64,-0.14
0,25,-2.69,-7.62,4.52,0,0.59,-0.14
0,25,-2.69,-7.62,4.52,0,0.53,-0.13
0,25,-2.69,-7.62,4.52,0,0.53,-0.13
0,25,-2.94,-7.59,4.99,0,0.44,-0.11
0,25,-2.94,-7.59,4.99,0,0.36,-0.12
0,25,-2.94,-7.59,4.99,0,0.36,-0.12
0,25,-2.9,-7.89,5.11,0,0.25,-0.11
0,25,-2.9,-7.89,5.11,0,0.17,-0.09
0,25,-2.9,-7.89,5.11,0,0.17,-0.09
0,25,-2.81,-7.82,4.81,0,0.09,-0.06
0,25,-2.81,-7.82,4.81,0,0.02,-0.06
0,25,-2.81,-7.82,4.81,0,0.02,-0.06
0,25,-2.52,-7.92,4.32,0,-0.02,-0.03
0,25,-2.52,-7.92,4.32,0,-0.05,0
0,25,-2.52,-7.92,4.32,0,-0.05,0
0,25,-2.63,-8.18,4.31,0,-0.09,0.04
0,25,-2.63,-8.18,4.31,0,-0.12,0.04
0,25,-2.63,-8.18,4.31,0,-0.12,0.04
0,25,-2.66,-8.35,4.31,0,-0.19,0.04
0,25,-2.66,-8.35,4.31,0,-0.23,0.03
0,25,-2.66,-8.35,4.31,0,-0.23,0.03
0,25,-2.51,-8.33,3.99,0,-0.26,0.02
0,25,-2.51,-8.33,3.99,0,-0.27,0
0,25,-2.51,-8.33,3.99,0,-0.27,0
0,25,-2.4,-8.6,3.84,0,-0.28,-0.03
0,25,-2.4,-8.6,3.84,0,-0.28,-0.03
0,25,-2.21,-8.76,3.57,0,-0.26,-0.05
0,25,-2.21,-8.76,3.57,0,-0.26,-0.05
0,25,-2.21,-8.76,3.57,0,-0.26,-0.05
0,25,-2.18,-9.05,3.3,0,-0.24,-0.01
0,25,-2.18,-9.05,3.3,0,-0.22,0.03
0,25,-2.18,-9.05,3.3,0,-0.22,0.03
0,25,-2.3,-9.29,3.35,0,-0.18,0.08
0,25,-2.3,-9.29,3.35,0,-0.14,0.11
0,25,-2.3,-9.29,3.35,0,-0.14,0.11
0,25,-1.47,-9.86,2.4,0,-0.03,0
0,25,-1.47,-9.86,2.4,0,0.02,-0.11
0,25,-1.47,-9.86,2.4,0,0.02,-0.11
0,25,-1.27,-9.71,2.49,0,0.1,-0.16
0,25,-1.27,-9.71,2.49,0,0.16,-0.16
0,25,-1.27,-9.71,2.49,0,0.16,-0.16
0,25,-2.08,-9.2,3.25,0,0.22,-0.12
0,25,-2.08,-9.2,3.25,0,0.27,-0.06
0,25,-2.08,-9.2,3.25,0,0.27,-0.06
0,25,-2.76,-9.02,4.06,0,0.28,-0.03
0,25,-2.76,-9.02,4.06,0,0.27,-0.03
0,25,-2.76,-9.02,4.06,0,0.27,-0.03
0,25,-2.9,-8.96,4.35,0,0.26,-0.03
0,25,-2.9,-8.96,4.35,0,0.25,-0.01
0,25,-2.9,-8.96,4.35,0,0.25,-0.01
0,25,-2.53,-8.84,4.08,0,0.25,0.01
0,25,-2.53,-8.84,4.08,0,0.25,0.05
0,25,-2.53,-8.84,4.08,0,0.25,0.05
0,25,-2.53,-8.5,4.24,0,0.25,0.05
0,25,-2.53,-8.5,4.24,0,0.23,0.06
0,25,-2.72,-8.18,4.58,0,0.23,0.06
0,25,-2.72,-8.18,4.58,0,0.19,0.06
0,25,-2.72,-8.18,4.58,0,0.15,0.05
0,25,-2.78,-8.03,4.77,0,0.15,0.05
0,25,-2.78,-8.03,4.77,0,0.08,0.06
0,25,-2.78,-8.03,4.77,0,0.01,0.06
0,25,-3.1,-8.49,4.81,0,0.01,0.06
0,25,-3.1,-8.49,4.81,0,-0.06,0.07
0,25,-3.1,-8.49,4.81,0,-0.1,0.1
0,25,-3.5,-9.14,4.17,0,-0.1,0.1
0,25,-3.5,-9.14,4.17,0,-0.13,0.13
0,25,-3.5,-9.14,4.17,0,-0.09,0.14
0,25,-3.85,-9.76,3.18,0,-0.09,0.14
0,25,-3.85,-9.76,3.18,0,-0.01,0.14
0,25,-3.85,-9.76,3.18,0,0.06,0.12
0,25,-2.71,-9.62,2.82,0,0.06,0.12
0,25,-2.71,-9.62,2.82,0,0.11,0.01
0,25,-2.71,-9.62,2.82,0,0.14,-0.11
0,25,-1.21,-9.05,3.06,0,0.14,-0.11
0,25,-1.21,-9.05,3.06,0,0.12,-0.27
0,25,-0.23,-8.55,3.51,0,0.1,-0.36
0,25,-0.23,-8.55,3.51,0,0.1,-0.36
0,25,-0.23,-8.55,3.51,0,0.07,-0.35
0,25,-0.37,-8.65,4.13,0,0.05,-0.33
0,25,-0.37,-8.65,4.13,0,0.05,-0.33
0,25,-0.37,-8.65,4.13,0,0.01,-0.26
0,25,-0.44,-8.64,4.59,0,0,-0.2
0,25,-0.44,-8.64,4.59,0,0,-0.2
0,25,-0.44,-8.64,4.59,0,-0.02,-0.12
0,25,-0.18,-8.59,4.64,0,-0.03,-0.04
0,25,-0.18,-8.59,4.64,0,-0.03,-0.04
0,25,-0.18,-8.59,4.64,0,-0.05,0.04
0,25,-0.73,-8.03,4.43,0,-0.06,0.14
0,25,-0.73,-8.03,4.43,0,-0.06,0.14
0,25,-0.73,-8.03,4.43,0,-0.07,0.3
0,25,-1.5,-8.03,4.73,0,-0.06,0.41
0,25,-1.5,-8.03,4.73,0,-0.06,0.41
0,25,-3.09,-8.46,4.92,0,-0.07,0.45
0,25,-3.09,-8.46,4.92,0,-0.06,0.47
0,25,-3.09,-8.46,4.92,0,-0.06,0.47
0,25,-4.68,-9.87,4.52,0,-0.07,0.47
0,25,-4.68,-9.87,4.52,0,-0.05,0.47
0,25,-4.68,-9.87,4.52,0,-0.05,0.47
0,25,-3.24,-9.43,4.43,0,-0.08,0.41
0,25,-3.24,-9.43,4.43,0,-0.13,0.25
0,25,-3.24,-9.43,4.43,0,-0.13,0.25
0,25,-0.71,-10.28,3.98,0,-0.24,-0.06
0,25,-0.71,-10.28,3.98,0,-0.3,-0.27
0,25,-0.71,-10.28,3.98,0,-0.3,-0.27
0,25,0.23,-9.68,3.33,0,-0.36,-0.48
0,25,0.23,-9.68,3.33,0,-0.37,-0.47
0,25,0.23,-9.68,3.33,0,-0.37,-0.47
0,26,-0.15,-8.12,3.92,0,-0.39,-0.41
0,26,-0.15,-8.12,3.92,0,-0.41,-0.4
0,26,-0.15,-8.12,3.92,0,-0.41,-0.4
0,26,-1.74,-8.66,4.4,0,-0.4,-0.42
0,26,-1.74,-8.66,4.4,0,-0.42,-0.4
0,26,-1.74,-8.66,4.4,0,-0.42,-0.4
0,26,-3.33,-9.16,4.74,0,-0.43,-0.47
0,26,-3.33,-9.16,4.74,0,-0.43,-0.54
0,26,-2.25,-9.26,4.7,0,-0.47,-0.57
0,26,-2.25,-9.26,4.7,0,-0.47,-0.57
0,26,-2.25,-9.26,4.7,0,-0.54,-0.62
0,26,-1.22,-9.32,4.08,0,-0.61,-0.71
0,26,-1.22,-9.32,4.08,0,-0.61,-0.71
0,26,-1.22,-9.32,4.08,0,-0.69,-0.79
0,26,-1,-9.39,3.73,0,-0.77,-0.89
0,26,-1,-9.39,3.73,0,-0.77,-0.89
0,26,-1,-9.39,3.73,0,-0.81,-0.95
0,26,-1.12,-9.61,3.19,0,-0.81,-0.95
0,26,-1.12,-9.61,3.19,0,-0.79,-1.03
0,26,-1.12,-9.61,3.19,0,-0.75,-1.08
0,26,-1.8,-10.22,2.79,0,-0.75,-1.08
0,26,-1.8,-10.22,2.79,0,-0.7,-1.11
0,26,-1.8,-10.22,2.79,0,-0.67,-1.17
0,26,-1.77,-10.02,3.07,0,-0.67,-1.17
0,26,-1.77,-10.02,3.07,0,-0.67,-1.2
0,26,-0.8,-9.82,2.82,0,-0.69,-1.17
0,26,-0.8,-9.82,2.82,0,-0.69,-1.17
0,26,-0.8,-9.82,2.82,0,-0.7,-1.17
0,26,-0.32,-9.69,2.42,0,-0.7,-1.2
0,26,-0.32,-9.69,2.42,0,-0.71,-1.26
0,26,-0.32,-9.69,2.42,0,-0.71,-1.26
0,26,-0.31,-9.77,1.88,0,-0.67,-1.3
0,26,-0.31,-9.77,1.88,0,-0.63,-1.29
0,26,-0.31,-9.77,1.88,0,-0.63,-1.29
0,26,-0.33,-9.58,1.56,0,-0.59,-1.25
0,26,-0.33,-9.58,1.56,0,-0.57,-1.22
0,26,-0.33,-9.58,1.56,0,-0.57,-1.22
0,26,-0.54,-9.66,1.29,0,-0.54,-1.24
0,26,-0.54,-9.66,1.29,0,-0.49,-1.29
0,26,-0.54,-9.66,1.29,0,-0.49,-1.29
0,26,-0.23,-9.52,1,0,-0.43,-1.3
0,26,-0.23,-9.52,1,0,-0.39,-1.32
0,26,-0.67,-9.5,1.07,0,-0.39,-1.32
0,26,-0.67,-9.5,1.07,0,-0.34,-1.35
0,26,-0.67,-9.5,1.07,0,-0.31,-1.36
0,26,-0.48,-9.64,1.28,0,-0.31,-1.36
0,26,-0.48,-9.64,1.28,0,-0.28,-1.32
0,26,-0.48,-9.64,1.28,0,-0.28,-1.28
0,26,-0.23,-9.46,1.62,0,-0.28,-1.28
0,26,-0.23,-9.46,1.62,0,-0.28,-1.18
0,26,-0.23,-9.46,1.62,0,-0.31,-1.1
0,26,0.24,-9.5,1.72,0,-0.31,-1.1
0,26,0.24,-9.5,1.72,0,-0.34,-1.02
0,26,0.24,-9.5,1.72,0,-0.35,-0.96
0,26,0.43,-9.65,1.33,0,-0.35,-0.96
0,26,0.43,-9.65,1.33,0,-0.3,-0.98
0,26,0.43,-9.65,1.33,0,-0.24,-1.06
0,26,0.29,-9.76,1.39,0,-0.24,-1.06
0,26,0.29,-9.76,1.39,0,-0.17,-1.17
0,26,0.28,-9.53,1.76,0,-0.13,-1.25
0,26,0.28,-9.53,1.76,0,-0.13,-1.25
0,26,0.28,-9.53,1.76,0,-0.11,-1.35
0,26,0.31,-9.38,2.1,0,-0.13,-1.38
0,26,0.31,-9.38,2.1,0,-0.16,-1.37
0,26,0.31,-9.38,2.1,0,-0.16,-1.37
0,26,0.57,-9.31,1.95,0,-0.18,-1.32
0,26,0.57,-9.31,1.95,0,-0.2,-1.25
0,26,0.57,-9.31,1.95,0,-0.2,-1.25
0,26,0.95,-9.32,1.4,0,-0.17,-1.19
0,26,0.95,-9.32,1.4,0,-0.16,-1.18
0,26,0.95,-9.32,1.4,0,-0.16,-1.18
0,26,0.81,-9.5,1.05,0,-0.07,-1.22
0,26,0.81,-9.5,1.05,0,-0.04,-1.24
0,26,1.09,-9.39,1.25,0,-0.04,-1.24
0,26,1.09,-9.39,1.25,0,-0.06,-1.25
0,26,1.09,-9.39,1.25,0,-0.06,-1.28
0,26,1.11,-9.05,1.14,0,-0.06,-1.28
0,26,1.11,-9.05,1.14,0,-0.07,-1.31
0,26,1.11,-9.05,1.14,0,-0.07,-1.31
0,26,1.22,-9,0.96,0,-0.07,-1.31
0,26,1.22,-9,0.96,0,-0.06,-1.3
0,26,1.22,-9,0.96,0,-0.07,-1.28
0,26,1.17,-9.03,0.63,0,-0.07,-1.28
0,26,1.17,-9.03,0.63,0,-0.08,-1.25
0,26,1.17,-9.03,0.63,0,-0.09,-1.22
0,26,1,-8.95,0.36,0,-0.09,-1.22
0,26,1,-8.95,0.36,0,-0.09,-1.21
0,26,1,-8.95,0.36,0,-0.07,-1.22
0,26,1.49,-8.72,0.35,0,-0.07,-1.22
0,26,1.49,-8.72,0.35,0,-0.07,-1.24
0,26,1.49,-8.72,0.35,0,-0.07,-1.24
0,26,1.68,-8.37,0.68,0,-0.09,-1.31
0,26,1.68,-8.37,0.68,0,-0.12,-1.38
0,26,1.68,-8.37,0.68,0,-0.12,-1.38
0,26,1.58,-8.6,0.84,0,-0.18,-1.53
0,26,1.58,-8.6,0.84,0,-0.19,-1.67
0,26,1.58,-8.6,0.84,0,-0.19,-1.67
0,26,1.43,-8.95,0.76,0,-0.18,-1.83
0,26,1.43,-8.95,0.76,0,-0.17,-1.88
0,26,1.86,-9.11,0.78,0,-0.17,-1.88
0,26,1.86,-9.11,0.78,0,-0.18,-1.86
0,26,1.86,-9.11,0.78,0,-0.19,-1.84
0,26,2.34,-9.21,1.02,0,-0.19,-1.84
0,26,2.34,-9.21,1.02,0,-0.21,-1.84
0,26,2.34,-9.21,1.02,0,-0.24,-1.84
0,26,2.74,-9.13,1.52,0,-0.24,-1.84
0,26,2.74,-9.13,1.52,0,-0.3,-1.89
0,26,2.74,-9.13,1.52,0,-0.36,-1.95
0,26,3.22,-9.29,1.39,0,-0.36,-1.95
0,26,3.22,-9.29,1.39,0,-0.42,-2.01
0,26,3.22,-9.29,1.39,0,-0.46,-2.07
0,26,3.5,-9.43,0.87,0,-0.46,-2.07
0,26,3.5,-9.43,0.87,0,-0.47,-2.14
0,26,3.5,-9.43,0.87,0,-0.48,-2.2
0,26,3.65,-9.68,0.32,0,-0.48,-2.2
0,26,3.65,-9.68,0.32,0,-0.46,-2.27
0,26,3.65,-9.68,0.32,0,-0.42,-2.27
0,26,4.17,-9.79,0.05,0,-0.42,-2.27
0,26,4.17,-9.79,0.05,0,-0.38,-2.1
0,26,4.79,-9.68,-0.1,0,-0.39,-1.81
0,26,4.79,-9.68,-0.1,0,-0.39,-1.81
0,26,4.79,-9.68,-0.1,0,-0.44,-1.35
0,26,4.8,-9.87,-0.84,0,-0.47,-1.05
0,26,4.8,-9.87,-0.84,0,-0.47,-0.74
0,26,4.8,-9.87,-0.84,0,-0.47,-0.74
0,26,4.47,-10.14,-1.36,0,-0.43,-0.55
0,26,4.47,-10.14,-1.36,0,-0.37,-0.47
0,26,4.47,-10.14,-1.36,0,-0.37,-0.47
0,26,4.21,-10.3,-1.48,0,-0.26,-0.49
0,26,4.21,-10.3,-1.48,0,-0.14,-0.56
0,26,4.21,-10.3,-1.48,0,-0.14,-0.56
0,26,4.6,-10.17,-1.13,0,-0.03,-0.65
0,26,4.6,-10.17,-1.13,0,0.04,-0.68
0,26,4.6,-10.17,-1.13,0,0.04,-0.68
0,26,5.49,-9.86,-0.68,0,0.06,-0.65
0,26,5.49,-9.86,-0.68,0,0.04,-0.56
0,26,5.66,-9.8,-0.66,0,0.04,-0.56
0,26,5.66,-9.8,-0.66,0,0.01,-0.43
0,26,5.66,-9.8,-0.66,0,0,-0.31
0,26,5.32,-10.14,-1.01,0,0,-0.31
0,26,5.32,-10.14,-1.01,0,0,-0.21
0,26,5.32,-10.14,-1.01,0,0.01,-0.16
0,26,4.74,-10.18,-1.3,0,0.01,-0.16
0,26,4.74,-10.18,-1.3,0,0.03,-0.16
0,26,4.74,-10.18,-1.3,0,0.05,-0.21
0,26,3.98,-10.18,-1.45,0,0.05,-0.21
0,26,3.98,-10.18,-1.45,0,0.08,-0.3
0,26,3.98,-10.18,-1.45,0,0.12,-0.42
0,26,3.53,-10.16,-1.31,0,0.12,-0.42
0,26,3.53,-10.16,-1.31,0,0.15,-0.59
0,26,3.51,-9.94,-1.04,0,0.16,-0.7
0,26,3.51,-9.94,-1.04,0,0.16,-0.81
0,26,3.51,-9.94,-1.04,0,0.16,-0.81
0,26,3.39,-9.88,-0.86,0,0.16,-0.86
0,27,3.39,-9.88,-0.86,0,0.14,-0.88
0,27,3.39,-9.88,-0.86,0,0.14,-0.88
0,27,3.28,-9.63,-0.93,0,0.13,-0.86
0,27,3.28,-9.63,-0.93,0,0.11,-0.83
0,27,3.28,-9.63,-0.93,0,0.11,-0.83
0,27,2.96,-9.44,-0.81,0,0.09,-0.79
0,27,2.96,-9.44,-0.81,0,0.09,-0.79
0,27,2.96,-9.44,-0.81,0,0.09,-0.79
0,27,2.82,-9.07,-0.91,0,0.08,-0.81
0,27,2.82,-9.07,-0.91,0,0.09,-0.86
0,27,2.41,-9.09,-0.99,0,0.09,-0.86
0,27,2.41,-9.09,-0.99,0,0.12,-0.94
0,27,2.41,-9.09,-0.99,0,0.16,-1.01
0,27,1.91,-8.89,-0.84,0,0.16,-1.01
0,27,1.91,-8.89,-0.84,0,0.2,-1.09
0,27,1.91,-8.89,-0.84,0,0.22,-1.13
0,27,1.75,-8.87,-0.61,0,0.21,-1.11
0,27,1.75,-8.87,-0.61,0,0.21,-1.11
0,27,1.75,-8.87,-0.61,0,0.17,-1.05
0,27,2.54,-8.62,-0.38,0,0.11,-0.98
0,27,2.54,-8.62,-0.38,0,0.11,-0.98
0,27,2.54,-8.62,-0.38,0,0.03,-0.89
0,27,3.5,-8.48,-0.71,0,-0.04,-0.82
0,27,3.5,-8.48,-0.71,0,-0.04,-0.82
0,27,3.83,-8.62,-1.03,0,-0.08,-0.78
0,27,3.83,-8.62,-1.03,0,-0.09,-0.77
0,27,3.83,-8.62,-1.03,0,-0.09,-0.77
0,27,4.19,-8.79,-1.25,0,-0.1,-0.75
0,27,4.19,-8.79,-1.25,0,-0.12,-0.75
0,27,4.19,-8.79,-1.25,0,-0.12,-0.75
0,27,4.58,-8.74,-1.76,0,-0.14,-0.74
0,27,4.58,-8.74,-1.76,0,-0.11,-0.76
0,27,4.58,-8.74,-1.76,0,-0.11,-0.76
0,27,4.56,-9.08,-1.99,0,-0.06,-0.76
0,27,4.56,-9.08,-1.99,0,-0.02,-0.76
0,27,4.56,-9.08,-1.99,0,-0.02,-0.76
0,27,4.39,-9.2,-1.87,0,0.02,-0.73
0,27,4.39,-9.2,-1.87,0,0.05,-0.7
0,27,4.39,-9.2,-1.87,0,0.05,-0.7
0,27,4,-9.4,-1.7,0,0.08,-0.67
0,27,4,-9.4,-1.7,0,0.09,-0.64
0,27,3.72,-9.5,-1.53,0,0.09,-0.64
0,27,3.72,-9.5,-1.53,0,0.1,-0.61
0,27,3.72,-9.5,-1.53,0,0.12,-0.58
0,27,3.3,-9.75,-1.4,0,0.15,-0.55
0,27,3.3,-9.75,-1.4,0,0.15,-0.55
0,27,3.3,-9.75,-1.4,0,0.16,-0.53
0,27,3.31,-9.86,-1.45,0,0.18,-0.5
0,27,3.31,-9.86,-1.45,0,0.18,-0.5
0,27,3.31,-9.86,-1.45,0,0.2,-0.48
0,27,3.55,-9.9,-1.36,0,0.22,-0.47
0,27,3.55,-9.9,-1.36,0,0.22,-0.47
0,27,3.85,-9.9,-1.21,0,0.24,-0.47
0,27,3.85,-9.9,-1.21,0,0.24,-0.47
0,27,3.85,-9.9,-1.21,0,0.24,-0.47
0,27,3.93,-9.9,-1.25,0,0.25,-0.46
0,27,3.93,-9.9,-1.25,0,0.27,-0.44
0,27,3.93,-9.9,-1.25,0,0.3,-0.43
0,27,3.78,-9.93,-1.47,0,0.3,-0.43
0,27,3.78,-9.93,-1.47,0,0.32,-0.42
0,27,3.78,-9.93,-1.47,0,0.38,-0.38
0,27,3.95,-9.93,-1.54,0,0.38,-0.38
0,27,3.95,-9.93,-1.54,0,0.42,-0.34
0,27,3.93,-9.84,-1.3,0,0.44,-0.3
0,27,3.93,-9.84,-1.3,0,0.44,-0.3
0,27,3.93,-9.84,-1.3,0,0.46,-0.26
0,27,3.85,-9.81,-1.15,0,0.47,-0.25
0,27,3.85,-9.81,-1.15,0,0.47,-0.25
0,27,3.85,-9.81,-1.15,0,0.47,-0.21
0,27,3.62,-9.78,-0.88,0,0.46,-0.2
0,27,3.62,-9.78,-0.88,0,0.46,-0.2
0,27,3.62,-9.78,-0.88,0,0.44,-0.21
0,27,3.53,-9.73,-0.72,0,0.43,-0.22
0,27,3.53,-9.73,-0.72,0,0.42,-0.25
0,27,3.53,-9.73,-0.72,0,0.42,-0.25
0,27,3.53,-9.84,-0.84,0,0.43,-0.26
0,27,3.53,-9.84,-0.84,0,0.44,-0.26
0,27,3.67,-9.64,-0.68,0,0.44,-0.26
0,27,3.67,-9.64,-0.68,0,0.45,-0.25
0,27,3.67,-9.64,-0.68,0,0.45,-0.21
0,27,3.41,-9.41,-0.37,0,0.45,-0.21
0,27,3.41,-9.41,-0.37,0,0.43,-0.18
0,27,3.41,-9.41,-0.37,0,0.42,-0.15
0,27,3.11,-9.58,-0.11,0,0.42,-0.15
0,27,3.11,-9.58,-0.11,0,0.4,-0.12
0,27,3.11,-9.58,-0.11,0,0.37,-0.08
0,27,3.24,-9.41,0.05,0,0.37,-0.08
0,27,3.24,-9.41,0.05,0,0.33,-0.01
0,27,3.24,-9.41,0.05,0,0.3,0.06
0,27,3.34,-9.46,-0.26,0,0.3,0.06
0,27,3.34,-9.46,-0.26,0,0.31,0.13
0,27,3.5,-9.45,-0.18,0,0.33,0.19
0,27,3.5,-9.45,-0.18,0,0.33,0.19
0,27,3.5,-9.45,-0.18,0,0.34,0.27
0,27,3.26,-9.31,0.12,0,0.33,0.31
0,27,3.26,-9.31,0.12,0,0.31,0.34
0,27,3.26,-9.31,0.12,0,0.31,0.34
0,27,3.01,-9.13,0.41,0,0.29,0.34
0,27,3.01,-9.13,0.41,0,0.27,0.32
0,27,3.01,-9.13,0.41,0,0.27,0.32
0,27,2.79,-9.18,0.59,0,0.24,0.28
0,27,2.79,-9.18,0.59,0,0.21,0.24
0,27,2.79,-9.18,0.59,0,0.21,0.24
0,27,2.42,-9.18,0.7,0,0.16,0.19
0,27,2.42,-9.18,0.7,0,0.11,0.13
0,27,2.43,-9.46,0.66,0,0.11,0.13
0,27,2.43,-9.46,0.66,0,0.08,0.07
0,27,2.43,-9.46,0.66,0,0.05,0.04
0,27,2.46,-9.5,0.62,0,0.05,0.04
0,27,2.46,-9.5,0.62,0,0,0.02
0,27,2.46,-9.5,0.62,0,-0.04,0
0,27,2.39,-9.59,0.57,0,-0.04,0
0,27,2.39,-9.59,0.57,0,-0.08,-0.03
0,27,2.39,-9.59,0.57,0,-0.12,-0.06
0,27,2.59,-9.68,0.39,0,-0.12,-0.06
0,27,2.59,-9.68,0.39,0,-0.15,-0.09
0,27,2.59,-9.68,0.39,0,-0.17,-0.11
0,27,2.99,-9.64,0.11,0,-0.17,-0.11
0,27,2.99,-9.64,0.11,0,-0.17,-0.14
0,27,2.99,-9.64,0.11,0,-0.17,-0.15
0,27,3.38,-9.73,-0.15,0,-0.17,-0.15
0,27,3.38,-9.73,-0.15,0,-0.15,-0.14
0,27,3.38,-9.73,-0.15,0,-0.12,-0.12
0,27,3.75,-9.79,-0.29,0,-0.12,-0.12
0,27,3.75,-9.79,-0.29,0,-0.09,-0.09
0,27,3.75,-9.79,-0.29,0,-0.08,-0.06
0,27,3.8,-9.79,-0.2,0,-0.08,-0.06
0,27,3.8,-9.79,-0.2,0,-0.07,-0.02
0,27,3.6,-9.76,-0.25,0,-0.06,0.02
0,27,3.6,-9.76,-0.25,0,-0.06,0.02
0,27,3.6,-9.76,-0.25,0,-0.04,0.04
0,27,3.56,-9.79,-0.32,0,-0.02,0.08
0,27,3.56,-9.79,-0.32,0,-0.02,0.08
0,27,3.56,-9.79,-0.32,0,0.01,0.12
0,27,3.62,-9.81,-0.33,0,0.02,0.18
0,27,3.62,-9.81,-0.33,0,0.02,0.18
0,27,3.62,-9.81,-0.33,0,0.03,0.23
0,27,3.62,-9.55,-0.14,0,0.03,0.27
0,27,3.62,-9.55,-0.14,0,0.03,0.27
0,27,3.62,-9.55,-0.14,0,0.02,0.3
0,27,3.59,-9.5,-0.03,0,0,0.3
0,27,3.59,-9.5,-0.03,0,0,0.3
0,27,3.68,-9.48,-0.06,0,-0.01,0.29
0,27,3.68,-9.48,-0.06,0,-0.02,0.29
0,27,3.68,-9.48,-0.06,0,-0.02,0.29
0,27,3.43,-9.33,0.02,0,-0.04,0.28
0,27,3.43,-9.33,0.02,0,-0.06,0.25
0,27,3.43,-9.33,0.02,0,-0.07,0.22
0,27,3.11,-9.18,0.07,0,-0.07,0.22
0,27,3.11,-9.18,0.07,0,-0.1,0.18
0,27,3.11,-9.18,0.07,0,-0.12,0.15
0,28,2.89,-9.24,-0.03,0,-0.12,0.15
0,28,2.89,-9.24,-0.03,0,-0.14,0.11
0,28,2.89,-9.24,-0.03,0,-0.18,0.06
0,28,2.82,-9.27,-0.04,0,-0.18,0.06
0,28,2.82,-9.27,-0.04,0,-0.19,0.01
0,28,2.68,-9.36,-0.23,0,-0.21,-0.04
0,28,2.68,-9.36,-0.23,0,-0.21,-0.04
0,28,2.68,-9.36,-0.23,0,-0.21,-0.1
0,28,2.65,-9.44,-0.36,0,-0.21,-0.12
0,28,2.65,-9.44,-0.36,0,-0.22,-0.15
0,28,2.65,-9.44,-0.36,0,-0.22,-0.15
0,28,2.98,-9.52,-0.57,0,-0.2,-0.12
0,28,2.98,-9.52,-0.57,0,-0.19,-0.07
0,28,2.98,-9.52,-0.57,0,-0.19,-0.07
0,28,3.28,-9.44,-0.68,0,-0.19,0.03
0,28,3.28,-9.44,-0.68,0,-0.17,0.11
0,28,2.95,-9.45,-0.7,0,-0.17,0.11
0,28,2.95,-9.45,-0.7,0,-0.15,0.16
0,28,2.95,-9.45,-0.7,0,-0.13,0.17
0,28,2.68,-9.3,-0.65,0,-0.13,0.17
0,28,2.68,-9.3,-0.65,0,-0.11,0.18
0,28,2.68,-9.3,-0.65,0,-0.1,0.17
0,28,2.9,-9.22,-0.7,0,-0.1,0.17
0,28,2.9,-9.22,-0.7,0,-0.08,0.15
0,28,2.9,-9.22,-0.7,0,-0.06,0.12
0,28,2.97,-9.31,-0.64,0,-0.06,0.12
0,28,2.97,-9.31,-0.64,0,-0.04,0.09
0,28,2.97,-9.31,-0.64,0,-0.04,0.05
0,28,2.65,-9.65,-0.61,0,-0.04,0.02
0,28,2.65,-9.65,-0.61,0,-0.04,0.02
0,28,2.39,-9.85,-0.55,0,-0.05,0
0,28,2.39,-9.85,-0.55,0,-0.06,-0.01
0,28,2.39,-9.85,-0.55,0,-0.06,-0.01
0,28,1.79,-10.09,-0.49,0,-0.08,-0.03
0,28,1.79,-10.09,-0.49,0,-0.1,-0.05
0,28,1.79,-10.09,-0.49,0,-0.1,-0.05
0,28,1.67,-10.28,-0.49,0,-0.13,-0.08
0,28,1.67,-10.28,-0.49,0,-0.16,-0.09
0,28,1.67,-10.28,-0.49,0,-0.16,-0.09
0,28,1.84,-10.15,-0.63,0,-0.21,-0.11
0,28,1.84,-10.15,-0.63,0,-0.24,-0.13
0,28,1.84,-10.15,-0.63,0,-0.24,-0.13
0,28,2.36,-10.04,-1,0,-0.26,-0.14
0,28,2.36,-10.04,-1,0,-0.26,-0.15
0,28,2.61,-9.8,-1.34,0,-0.26,-0.15
0,28,2.61,-9.8,-1.34,0,-0.25,-0.15
0,28,2.61,-9.8,-1.34,0,-0.22,-0.14
0,28,3.06,-9.65,-1.72,0,-0.22,-0.14
0,28,3.06,-9.65,-1.72,0,-0.16,-0.11
0,28,3.06,-9.65,-1.72,0,-0.11,-0.08
0,28,3.25,-9.48,-1.7,0,-0.11,-0.08
0,28,3.25,-9.48,-1.7,0,-0.04,-0.04
0,28,3.25,-9.48,-1.7,0,0.01,-0.02
0,28,3.34,-9.19,-1.49,0,0.01,-0.02
0,28,3.34,-9.19,-1.49,0,0.06,-0.01
0,28,3.34,-9.19,-1.49,0,0.1,0
0,28,3.29,-9.01,-1.27,0,0.1,0
0,28,3.29,-9.01,-1.27,0,0.13,0
0,28,3.29,-9.01,-1.27,0,0.15,0.01
0,28,3.17,-9.09,-1.2,0,0.15,0.01
0,28,3.17,-9.09,-1.2,0,0.19,0.02
0,28,3.17,-9.09,-1.2,0,0.21,0.03
0,28,2.94,-9.14,-1.03,0,0.21,0.03
0,28,2.94,-9.14,-1.03,0,0.24,0.04
0,28,2.94,-9.14,-1.03,0,0.27,0.05
0,28,2.48,-9.24,-0.61,0,0.27,0.05
0,28,2.48,-9.24,-0.61,0,0.28,0.04
0,28,2.48,-9.24,-0.61,0,0.28,0.04
0,28,2.23,-9.26,-0.14,0,0.26,0.02
0,28,2.23,-9.26,-0.14,0,0.23,0.02
0,28,2.23,-9.26,-0.14,0,0.23,0.02
0,28,1.97,-9.55,0.06,0,0.18,-0.01
0,28,1.97,-9.55,0.06,0,0.15,-0.03
0,28,2.11,-9.75,0.11,0,0.15,-0.03
0,28,2.11,-9.75,0.11,0,0.11,-0.06
0,28,2.11,-9.75,0.11,0,0.07,-0.08
0,28,2.37,-9.78,0.16,0,0.07,-0.08
0,28,2.37,-9.78,0.16,0,0.03,-0.11
0,28,2.37,-9.78,0.16,0,0.01,-0.12
0,28,2.49,-9.82,0.03,0,0.01,-0.12
0,28,2.49,-9.82,0.03,0,-0.02,-0.15
0,28,2.49,-9.82,0.03,0,-0.04,-0.19
0,28,2.72,-9.84,-0.11,0,-0.05,-0.22
0,28,2.72,-9.84,-0.11,0,-0.05,-0.22
0,28,2.72,-9.84,-0.11,0,-0.07,-0.25
0,28,2.7,-9.71,-0.16,0,-0.1,-0.27
0,28,2.7,-9.71,-0.16,0,-0.1,-0.27
0,28,2.7,-9.71,-0.16,0,-0.1,-0.29
0,28,2.92,-9.72,-0.44,0,-0.09,-0.31
0,28,2.92,-9.72,-0.44,0,-0.09,-0.31
0,28,2.92,-9.72,-0.44,0,-0.08,-0.3
0,28,3.22,-9.71,-0.59,0,-0.06,-0.28
0,28,3.22,-9.71,-0.59,0,-0.06,-0.28
0,28,3.35,-9.76,-0.65,0,-0.05,-0.23
0,28,3.35,-9.76,-0.65,0,-0.02,-0.15
0,28,3.35,-9.76,-0.65,0,-0.02,-0.15
0,28,3.27,-9.62,-0.67,0,-0.01,-0.09
0,28,3.27,-9.62,-0.67,0,0.01,-0.03
0,28,3.27,-9.62,-0.67,0,0.01,-0.03
0,28,3.11,-9.62,-0.62,0,0.02,0
0,28,3.11,-9.62,-0.62,0,0.03,0.01
0,28,3.11,-9.62,-0.62,0,0.03,0.01
0,28,3.46,-9.58,-0.62,0,0.04,0.03
0,28,3.46,-9.58,-0.62,0,0.06,0.06
0,28,3.46,-9.58,-0.62,0,0.06,0.06
0,28,3.71,-9.47,-0.64,0,0.09,0.08
0,28,3.71,-9.47,-0.64,0,0.11,0.11
0,28,3.71,-9.47,-0.64,0,0.11,0.11
0,28,3.52,-9.48,-0.42,0,0.13,0.12
0,28,3.52,-9.48,-0.42,0,0.13,0.11
0,28,3.32,-9.48,-0.17,0,0.13,0.11
0,28,3.32,-9.48,-0.17,0,0.12,0.12
0,28,3.32,-9.48,-0.17,0,0.1,0.13
0,28,2.82,-9.45,-0.12,0,0.1,0.13
0,28,2.82,-9.45,-0.12,0,0.08,0.13
0,28,2.82,-9.45,-0.12,0,0.07,0.12
0,28,2.91,-9.38,-0.04,0,0.07,0.12
0,28,2.91,-9.38,-0.04,0,0.05,0.13
0,28,2.91,-9.38,-0.04,0,0.04,0.15
0,28,3.15,-9.29,0.02,0,0.04,0.15
0,28,3.15,-9.29,0.02,0,0.02,0.18
0,28,3.15,-9.29,0.02,0,0,0.19
0,28,2.84,-9.24,-0.04,0,0,0.19
0,28,2.84,-9.24,-0.04,0,-0.02,0.19
0,28,2.84,-9.24,-0.04,0,-0.02,0.17
0,28,2.3,-9.4,0,0,-0.02,0.17
0,28,2.3,-9.4,0,0,-0.03,0.14
0,28,2.38,-9.34,0.01,0,-0.03,0.15
0,28,2.38,-9.34,0.01,0,-0.03,0.15
0,28,2.38,-9.34,0.01,0,-0.07,0.16
0,28,2.34,-9.27,0.02,0,-0.08,0.18
0,28,2.34,-9.27,0.02,0,-0.08,0.18
0,28,2.34,-9.27,0.02,0,-0.11,0.21
0,28,2.02,-9.33,-0.04,0,-0.11,0.21
0,28,2.02,-9.33,-0.04,0,-0.11,0.21
0,28,2.02,-9.33,-0.04,0,-0.14,0.2
0,28,1.89,-9.28,-0.13,0,-0.15,0.18
0,28,1.89,-9.28,-0.13,0,-0.15,0.18
0,28,1.89,-9.28,-0.13,0,-0.15,0.13
0,28,1.79,-9.4,-0.34,0,-0.15,0.1
0,28,1.79,-9.4,-0.34,0,-0.15,0.1
0,28,1.79,-9.4,-0.34,0,-0.15,0.06
0,28,1.61,-9.51,-0.38,0,-0.15,0.04
0,28,1.61,-9.51,-0.38,0,-0.15,0.04
0,28,1.61,-9.51,-0.38,0,-0.16,0.03
0,28,1.7,-9.66,-0.34,0,-0.19,0.03
0,28,1.7,-9.66,-0.34,0,-0.19,0.03
0,28,2.16,-9.86,-0.74,0,-0.24,0.07
0,28,2.16,-9.86,-0.74,0,-0.23,0.08
0,29,2.26,-9.84,-1.03,0,-0.23,0.08
0,29,2.26,-9.84,-1.03,0,-0.2,0.08
0,29,2.26,-9.84,-1.03,0,-0.18,0.08
0,29,2.63,-9.75,-1.08,0,-0.18,0.08
0,29,2.63,-9.75,-1.08,0,-0.16,0.06
0,29,2.63,-9.75,-1.08,0,-0.16,0.06
0,29,2.54,-9.84,-0.81,0,-0.11,-0.01
0,29,2.54,-9.84,-0.81,0,-0.11,-0.07
0,29,2.54,-9.84,-0.81,0,-0.11,-0.07
0,29,2.77,-9.73,-0.7,0,-0.11,-0.14
0,29,2.77,-9.73,-0.7,0,-0.12,-0.16
0,29,2.77,-9.73,-0.7,0,-0.12,-0.16
0,29,2.99,-9.81,-0.9,0,-0.13,-0.16
0,29,2.99,-9.81,-0.9,0,-0.12,-0.13
0,29,3.29,-9.84,-1.11,0,-0.12,-0.13
0,29,3.29,-9.84,-1.11,0,-0.11,-0.07
0,29,3.29,-9.84,-1.11,0,-0.11,-0.01
0,29,3.24,-9.7,-1.25,0,-0.11,-0.01
0,29,3.24,-9.7,-1.25,0,-0.08,0.05
0,29,3.24,-9.7,-1.25,0,-0.05,0.1
0,29,3.11,-9.77,-1.17,0,-0.05,0.1
0,29,3.11,-9.77,-1.17,0,-0.01,0.11
0,29,3.11,-9.77,-1.17,0,0.02,0.1
0,29,3.04,-9.62,-0.81,0,0.02,0.1
0,29,3.04,-9.62,-0.81,0,0.03,0.04
0,29,3.04,-9.62,-0.81,0,0.03,0.01
0,29,3.19,-9.46,-0.56,0,0.03,0.01
0,29,3.19,-9.46,-0.56,0,-0.01,-0.03
0,29,3.19,-9.46,-0.56,0,-0.03,-0.06
0,29,3.17,-9.54,-0.67,0,-0.05,-0.09
0,29,3.17,-9.54,-0.67,0,-0.05,-0.09
0,29,3.21,-9.59,-0.86,0,-0.07,-0.13
0,29,3.21,-9.59,-0.86,0,-0.07,-0.14
0,29,3.21,-9.59,-0.86,0,-0.07,-0.14
0,29,3.11,-9.64,-1.01,0,-0.07,-0.16
0,29,3.11,-9.64,-1.01,0,-0.07,-0.16
0,29,3.11,-9.64,-1.01,0,-0.07,-0.16
0,29,3.2,-9.6,-0.92,0,-0.06,-0.18
0,29,3.2,-9.6,-0.92,0,-0.07,-0.17
0,29,3.2,-9.6,-0.92,0,-0.07,-0.17
0,29,3.19,-9.62,-0.9,0,-0.08,-0.19
0,29,3.19,-9.62,-0.9,0,-0.09,-0.2
0,29,3.19,-9.62,-0.9,0,-0.09,-0.2
0,29,3.16,-9.63,-0.97,0,-0.09,-0.2
0,29,3.16,-9.63,-0.97,0,-0.1,-0.2
0,29,3.16,-9.63,-0.97,0,-0.1,-0.2
0,29,3.49,-9.56,-1.11,0,-0.1,-0.18
0,29,3.49,-9.56,-1.11,0,-0.09,-0.16
0,29,3.49,-9.56,-1.11,0,-0.09,-0.16
0,29,3.56,-9.46,-1.11,0,-0.07,-0.14
0,29,3.56,-9.46,-1.11,0,-0.06,-0.12
0,29,3.42,-9.47,-1.15,0,-0.06,-0.12
0,29,3.42,-9.47,-1.15,0,-0.05,-0.12
0,29,3.42,-9.47,-1.15,0,-0.04,-0.13
0,29,3.31,-9.46,-1.15,0,-0.04,-0.13
0,29,3.31,-9.46,-1.15,0,-0.02,-0.15
0,29,3.31,-9.46,-1.15,0,0.01,-0.15
0,29,3.27,-9.57,-1.16,0,0.01,-0.15
0,29,3.27,-9.57,-1.16,0,0.04,-0.15
0,29,3.27,-9.57,-1.16,0,0.05,-0.13
0,29,3.43,-9.5,-1.04,0,0.05,-0.13
0,29,3.43,-9.5,-1.04,0,0.06,-0.1
0,29,3.43,-9.5,-1.04,0,0.06,-0.07
0,29,3.59,-9.5,-1.13,0,0.06,-0.07
0,29,3.59,-9.5,-1.13,0,0.07,-0.05
0,29,3.59,-9.5,-1.13,0,0.09,-0.04
0,29,3.41,-9.49,-1.03,0,0.09,-0.04
0,29,3.41,-9.49,-1.03,0,0.1,-0.05
0,29,3.44,-9.47,-0.94,0,0.12,-0.05
0,29,3.44,-9.47,-0.94,0,0.12,-0.05
0,29,3.44,-9.47,-0.94,0,0.12,-0.05
0,29,3.45,-9.43,-0.85,0,0.12,-0.04
0,29,3.45,-9.43,-0.85,0,0.12,-0.04
0,29,3.45,-9.43,-0.85,0,0.13,-0.03
0,29,3.67,-9.34,-0.78,0,0.12,-0.01
0,29,3.67,-9.34,-0.78,0,0.12,-0.01
0,29,3.67,-9.34,-0.78,0,0.13,0
0,29,3.6,-9.38,-0.72,0,0.13,0
0,29,3.6,-9.38,-0.72,0,0.13,0
0,29,3.6,-9.38,-0.72,0,0.13,0
0,29,3.61,-9.42,-0.67,0,0.12,0
0,29,3.61,-9.42,-0.67,0,0.12,0
0,29,3.61,-9.42,-0.67,0,0.11,0.01
0,29,3.54,-9.4,-0.59,0,0.11,0.01
0,29,3.54,-9.4,-0.59,0,0.11,0.01
0,29,3.54,-9.4,-0.59,0,0.1,0.03
0,29,3.55,-9.39,-0.6,0,0.09,0.05
0,29,3.55,-9.39,-0.6,0,0.09,0.05
0,29,3.45,-9.31,-0.54,0,0.08,0.06
0,29,3.45,-9.31,-0.54,0,0.07,0.07
0,29,3.45,-9.31,-0.54,0,0.07,0.07
0,29,3.55,-9.24,-0.36,0,0.06,0.06
0,29,3.55,-9.24,-0.36,0,0.04,0.05
0,29,3.55,-9.24,-0.36,0,0.04,0.05
0,29,3.47,-9.19,-0.31,0,0.02,0.03
0,29,3.47,-9.19,-0.31,0,0,-0.01
0,29,3.47,-9.19,-0.31,0,0,-0.01
0,29,3.24,-9.22,-0.3,0,-0.03,-0.06
0,29,3.24,-9.22,-0.3,0,-0.06,-0.08
0,29,3.24,-9.22,-0.3,0,-0.06,-0.08
0,29,3.19,-9.28,-0.5,0,-0.09,-0.09
0,29,3.19,-9.28,-0.5,0,-0.1,-0.1
0,29,3.19,-9.28,-0.5,0,-0.1,-0.1
0,29,3.27,-9.35,-0.72,0,-0.1,-0.08
0,29,3.27,-9.35,-0.72,0,-0.11,-0.05
0,29,3.27,-9.35,-0.72,0,-0.11,-0.05
0,29,3.05,-9.36,-0.79,0,-0.1,-0.04
0,29,3.05,-9.36,-0.79,0,-0.1,-0.02
0,29,2.94,-9.47,-0.82,0,-0.1,-0.02
0,29,2.94,-9.47,-0.82,0,-0.1,-0.02
0,29,2.94,-9.47,-0.82,0,-0.09,-0.04
0,29,3.1,-9.43,-0.89,0,-0.08,-0.05
0,29,3.1,-9.43,-0.89,0,-0.08,-0.05
0,29,3.1,-9.43,-0.89,0,-0.07,-0.05
0,29,3.24,-9.47,-0.96,0,-0.04,-0.04
0,29,3.24,-9.47,-0.96,0,-0.04,-0.04
0,29,3.24,-9.47,-0.96,0,-0.02,-0.04
0,29,3.34,-9.38,-0.9,0,-0.01,-0.03
0,29,3.34,-9.38,-0.9,0,-0.01,-0.03
0,29,3.14,-9.44,-0.81,0,0.01,-0.02
0,29,3.14,-9.44,-0.81,0,0.01,-0.01
0,29,3.14,-9.44,-0.81,0,0.01,-0.01
0,29,3.2,-9.5,-0.57,0,0,-0.04
0,29,3.2,-9.5,-0.57,0,0,-0.06
0,29,3.2,-9.5,-0.57,0,-0.01,-0.09
0,29,3.26,-9.42,-0.49,0,-0.01,-0.09
0,29,3.26,-9.42,-0.49,0,-0.03,-0.09
0,29,3.26,-9.42,-0.49,0,-0.04,-0.09
0,29,3.4,-9.61,-0.57,0,-0.04,-0.09
0,29,3.4,-9.61,-0.57,0,-0.06,-0.07
0,29,3.4,-9.61,-0.57,0,-0.08,-0.06
0,29,3.35,-9.5,-0.72,0,-0.08,-0.06
0,29,3.35,-9.5,-0.72,0,-0.08,-0.06
0,29,3.35,-9.5,-0.72,0,-0.08,-0.05
0,29,3.37,-9.43,-1,0,-0.08,-0.05
0,29,3.37,-9.43,-1,0,-0.06,-0.07
0,29,3.38,-9.5,-0.93,0,-0.03,-0.09
0,29,3.38,-9.5,-0.93,0,-0.03,-0.09
0,29,3.38,-9.5,-0.93,0,-0.02,-0.11
0,29,3.58,-9.51,-0.86,0,0,-0.1
0,29,3.58,-9.51,-0.86,0,0,-0.1
0,29,3.58,-9.51,-0.86,0,0,-0.07
0,29,3.52,-9.51,-0.82,0,-0.01,-0.04
0,29,3.52,-9.51,-0.82,0,-0.01,-0.04
0,29,3.52,-9.51,-0.82,0,-0.02,0
0,29,3.23,-9.53,-0.8,0,-0.03,0.04
0,29,3.23,-9.53,-0.8,0,-0.03,0.04
0,29,3.23,-9.53,-0.8,0,-0.04,0.05
0,29,3,-9.58,-0.87,0,-0.05,0.06
0,29,3,-9.58,-0.87,0,-0.05,0.06
0,29,3,-9.58,-0.87,0,-0.04,0.05
0,29,3.03,-9.58,-0.98,0,-0.05,0.05
0,29,3.03,-9.58,-0.98,0,-0.05,0.05
0,30,3.51,-9.34,-1.02,0,-0.04,0.06
0,30,3.51,-9.34,-1.02,0,-0.03,0.07
0,30,3.51,-9.34,-1.02,0,-0.03,0.07
0,30,3.53,-9.37,-0.98,0,-0.03,0.09
0,30,3.53,-9.37,-0.98,0,-0.02,0.09
0,30,3.53,-9.37,-0.98,0,-0.01,0.09
0,30,3.22,-9.39,-0.97,0,-0.01,0.09
0,30,3.22,-9.39,-0.97,0,-0.01,0.08
0,30,3.22,-9.39,-0.97,0,-0.01,0.08
0,30,3.06,-9.36,-0.8,0,-0.01,0.08
0,30,3.06,-9.36,-0.8,0,-0.02,0.08
0,30,3.06,-9.36,-0.8,0,-0.02,0.08
0,30,3.14,-9.38,-0.84,0,-0.03,0.1
0,30,3.14,-9.38,-0.84,0,-0.04,0.1
0,30,3.14,-9.38,-0.84,0,-0.04,0.1
0,30,2.99,-9.42,-0.86,0,-0.05,0.09
0,30,2.99,-9.42,-0.86,0,-0.06,0.08
0,30,2.99,-9.42,-0.86,0,-0.06,0.08
0,30,2.97,-9.51,-1.04,0,-0.06,0.06
0,30,2.97,-9.51,-1.04,0,-0.05,0.04
0,30,2.97,-9.51,-1.04,0,-0.05,0.04
0,30,2.94,-9.55,-1.11,0,-0.05,0.02
0,30,2.94,-9.55,-1.11,0,-0.04,-0.01
0,30,3.14,-9.53,-1.08,0,-0.04,-0.01
0,30,3.14,-9.53,-1.08,0,-0.04,-0.02
0,30,3.14,-9.53,-1.08,0,-0.04,-0.03
0,30,3.22,-9.51,-1.19,0,-0.04,-0.03
0,30,3.22,-9.51,-1.19,0,-0.03,-0.02
0,30,3.22,-9.51,-1.19,0,-0.01,-0.02
0,30,3.37,-9.48,-1.15,0,-0.01,-0.02
0,30,3.37,-9.48,-1.15,0,-0.01,-0.02
0,30,3.37,-9.48,-1.15,0,-0.02,-0.03
0,30,3.3,-9.43,-1.15,0,-0.02,-0.03
0,30,3.3,-9.43,-1.15,0,-0.01,-0.03
0,30,3.3,-9.43,-1.15,0,-0.01,-0.04
0,30,3.28,-9.28,-1.19,0,-0.01,-0.04
0,30,3.28,-9.28,-1.19,0,0.01,-0.05
0,30,3.28,-9.28,-1.19,0,0.04,-0.07
0,30,3.2,-9.33,-0.79,0,0.04,-0.07
0,30,3.2,-9.33,-0.79,0,0.03,-0.11
0,30,3.2,-9.33,-0.79,0,0.01,-0.14
0,30,3.39,-9.17,-0.42,0,0.01,-0.14
0,30,3.39,-9.17,-0.42,0,-0.03,-0.17
0,30,3.39,-9.17,-0.42,0,-0.08,-0.19
0,30,3.71,-9.18,-0.55,0,-0.08,-0.19
0,30,3.71,-9.18,-0.55,0,-0.1,-0.17
0,30,3.89,-9.1,-0.87,0,-0.09,-0.15
0,30,3.89,-9.1,-0.87,0,-0.09,-0.15
0,30,3.89,-9.1,-0.87,0,-0.09,-0.11
0,30,3.84,-9.07,-1.04,0,-0.07,-0.06
0,30,3.84,-9.07,-1.04,0,-0.07,-0.06
0,30,3.84,-9.07,-1.04,0,-0.05,0
0,30,3.69,-9.17,-1.11,0,-0.02,0.05
0,30,3.69,-9.17,-1.11,0,-0.02,0.05
0,30,3.69,-9.17,-1.11,0,0.02,0.1
0,30,3.88,-9.17,-0.82,0,0.06,0.12
0,30,3.88,-9.17,-0.82,0,0.06,0.12
0,30,3.88,-9.17,-0.82,0,0.07,0.14
0,30,3.72,-9.17,-0.5,0,0.05,0.16
0,30,3.72,-9.17,-0.5,0,0.05,0.16
0,30,3.72,-9.17,-0.5,0,0.02,0.18
0,30,3.53,-9.41,-0.58,0,0,0.2
0,30,3.53,-9.41,-0.58,0,0,0.2
0,30,3.53,-9.41,-0.58,0,-0.03,0.22
0,30,3.85,-9.25,-0.79,0,-0.03,0.26
0,30,3.85,-9.25,-0.79,0,-0.03,0.26
0,30,4.19,-9.07,-1.08,0,-0.03,0.3
0,30,4.19,-9.07,-1.08,0,-0.02,0.35
0,30,4.19,-9.07,-1.08,0,-0.02,0.35
0,30,4,-8.94,-1.14,0,0,0.39
0,30,4,-8.94,-1.14,0,0.02,0.39
0,30,4,-8.94,-1.14,0,0.02,0.39
0,30,3.1,-9.14,-0.84,0,0.03,0.34
0,30,3.1,-9.14,-0.84,0,0.02,0.24
0,30,3.1,-9.14,-0.84,0,0.02,0.24
0,30,2.26,-9.27,-0.57,0,0,0.13
0,30,2.26,-9.27,-0.57,0,-0.03,0.01
0,30,2.26,-9.27,-0.57,0,-0.03,0.01
0,30,1.6,-9.68,-0.57,0,-0.05,-0.11
0,30,1.6,-9.68,-0.57,0,-0.09,-0.19
0,30,1.6,-9.68,-0.57,0,-0.09,-0.19
0,30,1.06,-9.83,-0.62,0,-0.13,-0.27
0,30,1.06,-9.83,-0.62,0,-0.16,-0.32
0,30,1.1,-9.91,-0.71,0,-0.16,-0.32
0,30,1.1,-9.91,-0.71,0,-0.21,-0.36
0,30,1.1,-9.91,-0.71,0,-0.25,-0.38
0,30,1.28,-9.7,-0.85,0,-0.25,-0.38
0,30,1.28,-9.7,-0.85,0,-0.29,-0.39
0,30,1.28,-9.7,-0.85,0,-0.31,-0.39
0,30,1.95,-9.61,-1.13,0,-0.31,-0.39
0,30,1.95,-9.61,-1.13,0,-0.33,-0.39
0,30,1.95,-9.61,-1.13,0,-0.31,-0.38
0,30,2.56,-9.66,-1.77,0,-0.31,-0.38
0,30,2.56,-9.66,-1.77,0,-0.26,-0.38
0,30,2.56,-9.66,-1.77,0,-0.2,-0.34
0,30,3.61,-9.61,-2.37,0,-0.2,-0.34
0,30,3.61,-9.61,-2.37,0,-0.09,-0.24
0,30,3.61,-9.61,-2.37,0,-0.02,-0.16
0,30,4.15,-9.55,-2.75,0,0.1,-0.04
0,30,4.15,-9.55,-2.75,0,0.1,-0.04
0,30,4.29,-9.55,-2.69,0,0.22,0.07
0,30,4.29,-9.55,-2.69,0,0.36,0.17
0,30,4.29,-9.55,-2.69,0,0.36,0.17
0,30,4.33,-9.45,-2.09,0,0.47,0.25
0,30,4.33,-9.45,-2.09,0,0.47,0.25
0,30,4.33,-9.45,-2.09,0,0.59,0.3
0,30,4.19,-9.5,-1.32,0,0.64,0.33
0,30,4.19,-9.5,-1.32,0,0.64,0.33
0,30,4.19,-9.5,-1.32,0,0.67,0.34
0,30,3.93,-9.57,-0.69,0,0.68,0.35
0,30,3.93,-9.57,-0.69,0,0.66,0.35
0,30,3.93,-9.57,-0.69,0,0.66,0.35
0,30,3.7,-9.69,-0.27,0,0.64,0.34
0,30,3.7,-9.69,-0.27,0,0.61,0.34
0,30,3.86,-9.42,-0.11,0,0.61,0.34
0,30,3.86,-9.42,-0.11,0,0.57,0.34
0,30,3.86,-9.42,-0.11,0,0.54,0.35
0,30,3.79,-9.34,0.23,0,0.54,0.35
0,30,3.79,-9.34,0.23,0,0.51,0.34
0,30,3.79,-9.34,0.23,0,0.47,0.32
0,30,3.34,-9.12,0.49,0,0.47,0.32
0,30,3.34,-9.12,0.49,0,0.43,0.28
0,30,3.34,-9.12,0.49,0,0.39,0.22
0,30,2.98,-9.14,0.78,0,0.39,0.22
0,30,2.98,-9.14,0.78,0,0.32,0.14
0,30,2.98,-9.14,0.78,0,0.25,0.05
0,30,2.51,-9.26,1.18,0,0.25,0.05
0,30,2.51,-9.26,1.18,0,0.16,-0.07
0,30,2.51,-9.26,1.18,0,0.05,-0.18
0,30,2.24,-9.31,1.22,0,0.05,-0.18
0,30,2.24,-9.31,1.22,0,-0.05,-0.28
0,30,2.24,-9.31,1.22,0,-0.14,-0.37
0,30,2.34,-9.63,0.97,0,-0.14,-0.37
0,30,2.34,-9.63,0.97,0,-0.22,-0.44
0,30,2.42,-9.7,0.68,0,-0.3,-0.49
0,30,2.42,-9.7,0.68,0,-0.3,-0.49
0,30,2.42,-9.7,0.68,0,-0.4,-0.51
0,30,2.51,-10.02,0.23,0,-0.45,-0.53
0,30,2.51,-10.02,0.23,0,-0.45,-0.53
0,30,2.51,-10.02,0.23,0,-0.49,-0.55
0,30,2.83,-10.25,-0.24,0,-0.5,-0.56
0,30,2.83,-10.25,-0.24,0,-0.5,-0.56
0,30,2.83,-10.25,-0.24,0,-0.52,-0.55
0,30,2.96,-10.47,-0.5,0,-0.52,-0.53
0,30,2.96,-10.47,-0.5,0,-0.51,-0.5
0,30,2.96,-10.47,-0.5,0,-0.51,-0.5
0,30,3.3,-10.62,-0.57,0,-0.51,-0.48
0,30,3.3,-10.62,-0.57,0,-0.51,-0.46
0,30,3.3,-10.62,-0.57,0,-0.51,-0.46
0,30,3.92,-10.38,-0.79,0,-0.52,-0.45
0,30,3.92,-10.38,-0.79,0,-0.5,-0.44
0,30,4.24,-10.32,-1.05,0,-0.5,-0.44
0,30,4.24,-10.32,-1.05,0,-0.46,-0.42
0,30,4.24,-10.32,-1.05,0,-0.4,-0.42
0,31,3.99,-10.39,-1.09,0,-0.4,-0.42
0,31,3.99,-10.39,-1.09,0,-0.33,-0.42
0,31,3.99,-10.39,-1.09,0,-0.28,-0.41
0,31,2.83,-10.4,-0.63,0,-0.28,-0.41
0,31,2.83,-10.4,-0.63,0,-0.28,-0.39
0,31,2.83,-10.4,-0.63,0,-0.3,-0.36
0,31,2.02,-10.23,-0.5,0,-0.3,-0.36
0,31,2.02,-10.23,-0.5,0,-0.35,-0.3
0,31,2.02,-10.23,-0.5,0,-0.38,-0.22
0,31,1.93,-10.03,-0.96,0,-0.38,-0.22
0,31,1.93,-10.03,-0.96,0,-0.39,-0.11
0,31,1.93,-10.03,-0.96,0,-0.37,0.03
0,31,2.22,-9.97,-1.66,0,-0.37,0.03
0,31,2.22,-9.97,-1.66,0,-0.31,0.14
0,31,1.93,-9.58,-1.85,0,-0.24,0.2
0,31,1.93,-9.58,-1.85,0,-0.24,0.2
0,31,1.93,-9.58,-1.85,0,-0.15,0.26
0,31,1.89,-9.09,-1.65,0,-0.09,0.27
0,31,1.89,-9.09,-1.65,0,-0.09,0.27
0,31,1.89,-9.09,-1.65,0,-0.04,0.26
0,31,1.57,-8.87,-1.63,0,-0.01,0.28
0,31,1.57,-8.87,-1.63,0,-0.01,0.28
0,31,1.57,-8.87,-1.63,0,0.02,0.31
0,31,1.07,-8.72,-1.61,0,0.04,0.34
0,31,1.07,-8.72,-1.61,0,0.04,0.34
0,31,1.07,-8.72,-1.61,0,0.05,0.37
0,31,0.97,-8.57,-1.51,0,0.04,0.38
0,31,0.97,-8.57,-1.51,0,0.04,0.38
0,31,0.97,-8.57,-1.51,0,0.04,0.43
0,31,1.68,-8.71,-1.8,0,0.05,0.48
0,31,1.68,-8.71,-1.8,0,0.05,0.48
0,31,2.7,-8.41,-2.12,0,0.06,0.57
0,31,2.7,-8.41,-2.12,0,0.07,0.64
0,31,2.7,-8.41,-2.12,0,0.07,0.64
0,31,3.01,-8.39,-2.14,0,0.09,0.72
0,31,3.01,-8.39,-2.14,0,0.11,0.75
0,31,3.01,-8.39,-2.14,0,0.11,0.75
0,31,3.07,-7.91,-1.34,0,0.1,0.65
0,31,3.07,-7.91,-1.34,0,0.02,0.57
0,31,3.07,-7.91,-1.34,0,0.02,0.57
0,31,4.3,-8.1,-2.66,0,0.01,0.63
0,31,4.3,-8.1,-2.66,0,0.04,0.72
0,31,4.3,-8.1,-2.66,0,0.04,0.72
0,31,4.28,-8.08,-2.95,0,0.09,0.8
0,31,4.28,-8.08,-2.95,0,0.09,0.8
0,31,4.28,-8.08,-2.95,0,0.19,0.84
0,31,4.16,-8.18,-2.61,0,0.24,0.85
0,31,4.16,-8.18,-2.61,0,0.24,0.85
0,31,4.16,-8.18,-2.61,0,0.27,0.79
0,31,4.98,-8.06,-2.26,0,0.31,0.71
0,31,4.98,-8.06,-2.26,0,0.31,0.71
0,31,4.98,-8.06,-2.26,0,0.38,0.6
0,31,6,-7.83,-2.12,0,0.47,0.54
0,31,6,-7.83,-2.12,0,0.47,0.54
0,31,6,-7.83,-2.12,0,0.57,0.5
0,31,6.05,-7.69,-1.19,0,0.63,0.47
0,31,6.05,-7.69,-1.19,0,0.63,0.47
0,31,6.05,-7.69,-1.19,0,0.66,0.46
0,31,5.96,-8.38,-0.36,0,0.66,0.49
0,31,5.96,-8.38,-0.36,0,0.66,0.49
0,31,5.96,-8.38,-0.36,0,0.62,0.54
0,31,6.01,-8.28,0.31,0,0.54,0.6
0,31,6.01,-8.28,0.31,0,0.54,0.6
0,31,6.01,-8.28,0.31,0,0.45,0.64
0,31,5.34,-9.01,0.07,0,0.4,0.64
0,31,5.34,-9.01,0.07,0,0.4,0.64
0,31,5.34,-9.01,0.07,0,0.42,0.62
0,31,5.07,-9.33,-0.11,0,0.46,0.6
0,31,5.07,-9.33,-0.11,0,0.46,0.6
0,31,4.77,-9.49,0.46,0,0.49,0.57
0,31,4.77,-9.49,0.46,0,0.47,0.52
0,31,4.77,-9.49,0.46,0,0.47,0.52
0,31,5.09,-9.37,0.95,0,0.43,0.47
0,31,5.09,-9.37,0.95,0,0.37,0.42
0,31,5.09,-9.37,0.95,0,0.37,0.42
0,31,5.27,-8.99,0.95,0,0.31,0.36
0,31,5.27,-8.99,0.95,0,0.26,0.26
0,31,5.27,-8.99,0.95,0,0.26,0.26
0,31,5.25,-9.05,0.97,0,0.23,0.12
0,31,5.25,-9.05,0.97,0,0.22,0.03
0,31,5.25,-9.05,0.97,0,0.22,0.03
0,31,5.85,-9.28,0.5,0,0.21,0.05
0,31,5.85,-9.28,0.5,0,0.21,0.08
0,31,5.85,-9.28,0.5,0,0.21,0.08
0,31,5.31,-9.09,0.82,0,0.18,0.05
0,31,5.31,-9.09,0.82,0,0.15,-0.03
0,31,5.31,-9.09,0.82,0,0.15,-0.03
0,31,5.45,-8.79,0.45,0,0.15,-0.11
0,31,5.45,-8.79,0.45,0,0.18,-0.19
0,31,5.1,-8.61,0.2,0,0.18,-0.19
0,31,5.1,-8.61,0.2,0,0.21,-0.27
0,31,5.1,-8.61,0.2,0,0.25,-0.31
0,31,5.17,-8.68,0.09,0,0.25,-0.31
0,31,5.17,-8.68,0.09,0,0.28,-0.33
0,31,5.17,-8.68,0.09,0,0.3,-0.32
0,31,5.52,-8.3,0.28,0,0.3,-0.32
0,31,5.52,-8.3,0.28,0,0.3,-0.26
0,31,5.52,-8.3,0.28,0,0.28,-0.19
0,31,6.04,-8.08,0.13,0,0.28,-0.19
0,31,6.04,-8.08,0.13,0,0.26,-0.08
0,31,6.04,-8.08,0.13,0,0.31,0.04
0,31,6.7,-8.09,-0.48,0,0.31,0.04
0,31,6.7,-8.09,-0.48,0,0.43,0.27
0,31,6.7,-8.09,-0.48,0,0.54,0.48
0,31,6.66,-7.82,-0.15,0,0.54,0.48
0,31,6.66,-7.82,-0.15,0,0.64,0.63
0,31,5.16,-7.51,0.89,0,0.7,0.6
0,31,5.16,-7.51,0.89,0,0.7,0.6
0,31,5.16,-7.51,0.89,0,0.73,0.39
0,31,4.51,-7.34,1.44,0,0.74,0.16
0,31,4.51,-7.34,1.44,0,0.74,0.16
0,31,4.51,-7.34,1.44,0,0.73,-0.05
0,31,5.26,-7.34,1.74,0,0.71,-0.14
0,31,5.26,-7.34,1.74,0,0.71,-0.14
0,31,5.26,-7.34,1.74,0,0.67,-0.14
0,31,5.56,-7.46,1.71,0,0.63,-0.07
0,31,5.56,-7.46,1.71,0,0.63,-0.07
0,31,5.56,-7.46,1.71,0,0.58,-0.01
0,31,5.18,-7.87,1.81,0,0.55,0.03
0,31,5.18,-7.87,1.81,0,0.55,0.03
0,31,5.18,-7.87,1.81,0,0.51,0.08
0,31,5.27,-8.13,1.82,0,0.48,0.12
0,31,5.27,-8.13,1.82,0,0.48,0.12
0,31,5.27,-8.13,1.82,0,0.45,0.17
0,31,5.43,-8.51,1.56,0,0.45,0.23
0,31,5.43,-8.51,1.56,0,0.45,0.23
0,31,5.61,-8.54,1.57,0,0.48,0.26
0,31,5.61,-8.54,1.57,0,0.51,0.26
0,31,5.61,-8.54,1.57,0,0.51,0.26
0,31,5.36,-8.4,1.88,0,0.53,0.22
0,31,5.36,-8.4,1.88,0,0.53,0.19
0,31,5.36,-8.4,1.88,0,0.53,0.19
0,31,5.15,-8.36,1.71,0,0.52,0.16
0,31,5.15,-8.36,1.71,0,0.55,0.16
0,31,5.15,-8.36,1.71,0,0.55,0.16
0,31,4.9,-8.64,1.93,0,0.59,0.18
0,31,4.9,-8.64,1.93,0,0.6,0.21
0,31,4.9,-8.64,1.93,0,0.6,0.21
0,31,5.5,-8.48,2.09,0,0.57,0.28
0,31,5.5,-8.48,2.09,0,0.55,0.35
0,31,5.5,-8.48,2.09,0,0.55,0.35
0,31,5.35,-8.73,2.16,0,0.57,0.38
0,31,5.35,-8.73,2.16,0,0.6,0.38
0,31,5.35,-8.73,2.16,0,0.6,0.38
0,31,4.6,-8.56,2.66,0,0.58,0.37
0,31,4.6,-8.56,2.66,0,0.56,0.29
0,31,4.6,-8.56,2.66,0,0.56,0.29
0,31,3.9,-8.5,2.92,0,0.53,0.22
0,31,3.9,-8.5,2.92,0,0.53,0.22
0,31,3.9,-8.5,2.92,0,0.49,0.19
0,31,3.75,-8.61,2.75,0,0.47,0.17
0,31,3.75,-8.61,2.75,0,0.47,0.17
0,31,3.75,-8.61,2.75,0,0.47,0.16
0,31,3.95,-8.53,2.91,0,0.46,0.16
0,31,3.95,-8.53,2.91,0,0.46,0.16
0,32,3.75,-8.39,3.09,0,0.42,0.15
0,32,3.75,-8.39,3.09,0,0.4,0.13
0,32,3.75,-8.39,3.09,0,0.4,0.1
0,32,3.96,-8.51,3.04,0,0.4,0.1
0,32,3.96,-8.51,3.04,0,0.38,0.1
0,32,3.96,-8.51,3.04,0,0.38,0.09
0,32,4.44,-8.4,3.37,0,0.38,0.09
0,32,4.44,-8.4,3.37,0,0.37,0.09
0,32,4.44,-8.4,3.37,0,0.33,0.08
0,32,4.13,-8.35,3.74,0,0.33,0.08
0,32,4.13,-8.35,3.74,0,0.29,0.05
0,32,4.13,-8.35,3.74,0,0.25,0.03
0,32,3.73,-8.29,3.79,0,0.25,0.03
0,32,3.73,-8.29,3.79,0,0.22,-0.03
0,32,3.73,-8.29,3.79,0,0.17,-0.09
0,32,3.53,-8.08,3.71,0,0.17,-0.09
0,32,3.53,-8.08,3.71,0,0.1,-0.11
0,32,4.41,-8.33,3.41,0,0.05,-0.06
0,32,4.41,-8.33,3.41,0,0.05,-0.06
0,32,4.41,-8.33,3.41,0,0.02,0.03
0,32,4.74,-8.42,3.25,0,0.01,0.11
0,32,4.74,-8.42,3.25,0,0.01,0.11
0,32,4.74,-8.42,3.25,0,-0.01,0.11
0,32,4.52,-8.48,3.24,0,-0.02,0.07
0,32,4.52,-8.48,3.24,0,-0.02,0.07
0,32,4.52,-8.48,3.24,0,-0.03,-0.01
0,32,4.43,-8.46,3.07,0,-0.03,-0.05
0,32,4.43,-8.46,3.07,0,-0.03,-0.05
0,32,4.43,-8.46,3.07,0,-0.05,-0.02
0,32,4.94,-8.61,2.76,0,-0.04,0.04
0,32,4.94,-8.61,2.76,0,-0.04,0.04
0,32,4.94,-8.61,2.76,0,-0.03,0.11
0,32,5.13,-8.69,2.5,0,-0.01,0.16
0,32,5.13,-8.69,2.5,0,-0.01,0.16
0,32,5.47,-8.58,2.39,0,0.02,0.18
0,32,5.47,-8.58,2.39,0,0.05,0.2
0,32,5.47,-8.58,2.39,0,0.05,0.2
0,32,5.03,-8.77,1.85,0,0.08,0.26
0,32,5.03,-8.77,1.85,0,0.11,0.33
0,32,5.03,-8.77,1.85,0,0.11,0.33
0,32,4.77,-9.27,1.68,0,0.21,0.37
0,32,4.77,-9.27,1.68,0,0.3,0.38
0,32,4.77,-9.27,1.68,0,0.3,0.38
0,32,5.15,-9.03,2.4,0,0.38,0.43
0,32,5.15,-9.03,2.4,0,0.41,0.45
0,32,5.15,-9.03,2.4,0,0.41,0.45
0,32,5.22,-9,2.84,0,0.44,0.51
0,32,5.22,-9,2.84,0,0.45,0.53
0,32,5.22,-9,2.84,0,0.45,0.53
0,32,4.84,-8.67,2.78,0,0.49,0.54
0,32,4.84,-8.67,2.78,0,0.52,0.49
0,32,4.34,-8.26,2.92,0,0.54,0.41
0,32,4.34,-8.26,2.92,0,0.54,0.41
0,32,4.34,-8.26,2.92,0,0.56,0.33
0,32,4.58,-8.41,3.01,0,0.59,0.34
0,32,4.58,-8.41,3.01,0,0.59,0.34
0,32,4.58,-8.41,3.01,0,0.63,0.42
0,32,4.71,-8.35,3.7,0,0.64,0.54
0,32,4.71,-8.35,3.7,0,0.64,0.54
0,32,4.71,-8.35,3.7,0,0.61,0.6
0,32,3.66,-8.45,4.22,0,0.59,0.59
0,32,3.66,-8.45,4.22,0,0.59,0.59
0,32,3.66,-8.45,4.22,0,0.55,0.51
0,32,3.24,-8.21,4.42,0,0.52,0.42
0,32,3.24,-8.21,4.42,0,0.52,0.42
0,32,3.24,-8.21,4.42,0,0.47,0.35
0,32,4.3,-7.73,4.41,0,0.44,0.3
0,32,4.3,-7.73,4.41,0,0.44,0.3
0,32,4.3,-7.73,4.41,0,0.4,0.26
0,32,4.97,-7.71,4.53,0,0.36,0.2
0,32,4.97,-7.71,4.53,0,0.36,0.2
0,32,4.97,-7.71,4.53,0,0.34,0.15
0,32,4.74,-7.85,4.87,0,0.34,0.15
0,32,4.74,-7.85,4.87,0,0.31,0.06
0,32,4.74,-7.85,4.87,0,0.24,0
0,32,5.19,-8.19,5.09,0,0.24,0
0,32,5.19,-8.19,5.09,0,0.16,-0.03
0,32,5.54,-8.76,4.81,0,0.1,-0.01
0,32,5.54,-8.76,4.81,0,0.1,-0.01
0,32,5.54,-8.76,4.81,0,0.06,0.07
0,32,4.41,-8.7,4.18,0,0.06,0.12
0,32,4.41,-8.7,4.18,0,0.06,0.12
0,32,4.41,-8.7,4.18,0,0.1,0.15
0,32,3.76,-8.8,3.92,0,0.15,0.16
0,32,3.76,-8.8,3.92,0,0.15,0.16
0,32,3.76,-8.8,3.92,0,0.2,0.16
0,32,3.12,-8.43,4.1,0,0.23,0.13
0,32,3.12,-8.43,4.1,0,0.23,0.13
0,32,3.12,-8.43,4.1,0,0.25,0.08
0,32,2.73,-7.86,4.39,0,0.24,0.03
0,32,2.73,-7.86,4.39,0,0.24,0.03
0,32,2.73,-7.86,4.39,0,0.24,0.01
0,32,2.85,-7.72,4.72,0,0.22,0
0,32,2.85,-7.72,4.72,0,0.22,0
0,32,2.85,-7.72,4.72,0,0.16,0.04
0,32,2.89,-7.46,4.51,0,0.11,0.08
0,32,2.89,-7.46,4.51,0,0.11,0.08
0,32,2.89,-7.46,4.51,0,0.1,0.08
0,32,2.64,-7.65,4.03,0,0.14,0.02
0,32,2.64,-7.65,4.03,0,0.14,0.02
0,32,2.51,-7.46,4.1,0,0.2,-0.09
0,32,2.51,-7.46,4.1,0,0.21,-0.2
0,32,2.51,-7.46,4.1,0,0.21,-0.2
0,32,2.46,-7.35,4.31,0,0.2,-0.27
0,32,2.46,-7.35,4.31,0,0.19,-0.3
0,32,2.46,-7.35,4.31,0,0.19,-0.3
0,32,2.31,-7.35,4.66,0,0.18,-0.32
0,32,2.31,-7.35,4.66,0,0.16,-0.3
0,32,2.31,-7.35,4.66,0,0.16,-0.3
0,32,3.38,-7.55,5.26,0,0.13,-0.23
0,32,3.38,-7.55,5.26,0,0.1,-0.14
0,32,3.38,-7.55,5.26,0,0.1,-0.14
0,32,3.52,-8.29,5.34,0,0.06,-0.03
0,32,3.52,-8.29,5.34,0,0.05,0.03
0,32,3.58,-8.75,5.31,0,0.07,0.09
0,32,3.58,-8.75,5.31,0,0.07,0.09
0,32,3.58,-8.75,5.31,0,0.11,0.07
0,32,3,-8.47,5.85,0,0.13,-0.01
0,32,3,-8.47,5.85,0,0.13,-0.01
0,32,3,-8.47,5.85,0,0.11,-0.14
0,32,3.11,-7.77,6.75,0,0.04,-0.3
0,32,3.11,-7.77,6.75,0,0.04,-0.3
0,32,3.11,-7.77,6.75,0,-0.06,-0.43
0,32,3.73,-8.03,7.02,0,-0.18,-0.51
0,32,3.73,-8.03,7.02,0,-0.18,-0.51
0,32,3.73,-8.03,7.02,0,-0.28,-0.55
0,32,3.59,-8.64,6.53,0,-0.37,-0.57
0,32,3.59,-8.64,6.53,0,-0.37,-0.57
0,32,4.12,-9.35,5.87,0,-0.44,-0.57
0,32,4.12,-9.35,5.87,0,-0.44,-0.53
0,32,4.12,-9.35,5.87,0,-0.44,-0.53
0,32,4.16,-9.2,5.39,0,-0.4,-0.47
0,32,4.16,-9.2,5.39,0,-0.35,-0.45
0,32,4.16,-9.2,5.39,0,-0.35,-0.45
0,32,3.22,-8.45,4.84,0,-0.28,-0.48
0,32,3.22,-8.45,4.84,0,-0.23,-0.5
0,32,3.22,-8.45,4.84,0,-0.23,-0.5
0,32,2.8,-8.25,4.68,0,-0.18,-0.48
0,32,2.8,-8.25,4.68,0,-0.16,-0.46
0,32,2.8,-8.25,4.68,0,-0.16,-0.46
0,32,2.39,-8.29,5.05,0,-0.13,-0.44
0,32,2.39,-8.29,5.05,0,-0.14,-0.47
0,32,2.39,-8.29,5.05,0,-0.16,-0.57
0,32,1.39,-8.39,5.37,0,-0.16,-0.57
0,32,1.39,-8.39,5.37,0,-0.2,-0.69
0,32,0.94,-8.42,4.87,0,-0.24,-0.79
0,32,0.94,-8.42,4.87,0,-0.24,-0.79
0,32,0.94,-8.42,4.87,0,-0.24,-0.82
0,32,1.69,-8.31,3.82,0,-0.17,-0.71
0,32,1.69,-8.31,3.82,0,-0.17,-0.71
0,32,1.69,-8.31,3.82,0,-0.09,-0.45
0,32,2.19,-8.01,4.03,0,-0.04,-0.21
0,32,2.19,-8.01,4.03,0,-0.04,-0.21
0,33,2.19,-8.01,4.03,0,-0.01,0.01
0,33,1.65,-8.09,5.03,0,-0.03,0.08
0,33,1.65,-8.09,5.03,0,-0.03,0.08
0,33,1.65,-8.09,5.03,0,-0.11,0.02
0,33,1.3,-8.55,5.67,0,-0.16,-0.08
0,33,1.3,-8.55,5.67,0,-0.23,-0.17
0,33,2.18,-8.6,5.49,0,-0.23,-0.17
0,33,2.18,-8.6,5.49,0,-0.29,-0.2
0,33,2.18,-8.6,5.49,0,-0.32,-0.16
0,33,2.84,-8.58,5.37,0,-0.32,-0.16
0,33,2.84,-8.58,5.37,0,-0.37,-0.05
0,33,2.84,-8.58,5.37,0,-0.43,0.07
0,33,3.41,-8.26,4.87,0,-0.43,0.07
0,33,3.41,-8.26,4.87,0,-0.46,0.09
0,33,3.41,-8.26,4.87,0,-0.46,-0.03
0,33,3.28,-8.35,4.87,0,-0.46,-0.03
0,33,3.28,-8.35,4.87,0,-0.48,-0.21
0,33,3.28,-8.35,4.87,0,-0.54,-0.4
0,33,3.82,-7.8,4.95,0,-0.54,-0.4
0,33,3.82,-7.8,4.95,0,-0.64,-0.54
0,33,3.82,-7.8,4.95,0,-0.74,-0.58
0,33,4.84,-7.84,3.68,0,-0.74,-0.58
0,33,4.84,-7.84,3.68,0,-0.76,-0.53
0,33,4.93,-7.98,2.59,0,-0.73,-0.45
0,33,4.93,-7.98,2.59,0,-0.73,-0.45
0,33,4.93,-7.98,2.59,0,-0.68,-0.4
0,33,3.17,-8.64,1.81,0,-0.62,-0.41
0,33,3.17,-8.64,1.81,0,-0.62,-0.41
0,33,3.17,-8.64,1.81,0,-0.53,-0.47
0,33,0.9,-9.74,1.49,0,-0.5,-0.54
0,33,0.9,-9.74,1.49,0,-0.5,-0.54
0,33,0.9,-9.74,1.49,0,-0.44,-0.62
0,33,0.97,-9.8,1.77,0,-0.37,-0.65
0,33,0.97,-9.8,1.77,0,-0.35,-0.6
0,33,2.45,-9.55,2.52,0,-0.35,-0.6
0,33,2.45,-9.55,2.52,0,-0.42,-0.47
0,33,2.45,-9.55,2.52,0,-0.5,-0.35
0,33,3.34,-9.79,2.72,0,-0.5,-0.35
0,33,3.34,-9.79,2.72,0,-0.59,-0.23
0,33,3.34,-9.79,2.72,0,-0.66,-0.24
0,33,2.46,-10.42,2.6,0,-0.66,-0.24
0,33,2.46,-10.42,2.6,0,-0.72,-0.33
0,33,2.46,-10.42,2.6,0,-0.77,-0.47
0,33,2.03,-11.15,2.2,0,-0.77,-0.47
0,33,2.03,-11.15,2.2,0,-0.8,-0.55
0,33,2.03,-11.15,2.2,0,-0.8,-0.56
0,33,2.77,-11.28,1.38,0,-0.8,-0.56
0,33,2.77,-11.28,1.38,0,-0.79,-0.45
0,33,2.77,-11.28,1.38,0,-0.73,-0.28
0,33,3.63,-11.77,0.93,0,-0.73,-0.28
0,33,3.63,-11.77,0.93,0,-0.64,-0.14
0,33,3.76,-11.44,1.24,0,-0.57,-0.06
0,33,3.76,-11.44,1.24,0,-0.57,-0.06
0,33,3.76,-11.44,1.24,0,-0.52,-0.1
0,33,3.81,-11.2,1.27,0,-0.45,-0.19
0,33,3.81,-11.2,1.27,0,-0.45,-0.19
0,33,3.81,-11.2,1.27,0,-0.36,-0.26
0,33,4.6,-10.09,1.37,0,-0.3,-0.22
0,33,4.6,-10.09,1.37,0,-0.3,-0.22
0,33,4.6,-10.09,1.37,0,-0.3,-0.06
0,33,4.2,-9.61,1.22,0,-0.31,0.1
0,33,4.2,-9.61,1.22,0,-0.31,0.1
0,33,4.2,-9.61,1.22,0,-0.3,0.22
0,33,2.4,-9.93,0.93,0,-0.28,0.26
0,33,2.4,-9.93,0.93,0,-0.28,0.26
0,33,2.4,-9.93,0.93,0,-0.24,0.16
0,33,1.22,-10.04,0.64,0,-0.18,0.01
0,33,1.22,-10.04,0.64,0,-0.18,0.01
0,33,1.48,-9.72,0.45,0,-0.05,-0.24
0,33,1.48,-9.72,0.45,0,0.04,-0.38
0,33,1.48,-9.72,0.45,0,0.04,-0.38
0,33,2.66,-9.56,0.66,0,0.17,-0.41
0,33,2.66,-9.56,0.66,0,0.23,-0.34
0,33,2.66,-9.56,0.66,0,0.26,-0.18
0,33,3.61,-9.13,1.27,0,0.26,-0.18
0,33,3.61,-9.13,1.27,0,0.26,0.02
0,33,3.61,-9.13,1.27,0,0.25,0.22
0,33,4.35,-9.05,1.5,0,0.25,0.22
0,33,4.35,-9.05,1.5,0,0.25,0.34
0,33,4.35,-9.05,1.5,0,0.27,0.38
0,33,3.94,-9.24,1.3,0,0.27,0.38
0,33,3.94,-9.24,1.3,0,0.29,0.31
0,33,3.94,-9.24,1.3,0,0.35,0.18
0,33,3.47,-9.5,1.09,0,0.35,0.18
0,33,3.47,-9.5,1.09,0,0.41,-0.01
0,33,4.7,-9.15,1.29,0,0.47,-0.16
0,33,4.7,-9.15,1.29,0,0.47,-0.16
0,33,4.7,-9.15,1.29,0,0.53,-0.19
0,33,5.96,-8.92,1.45,0,0.55,-0.11
0,33,5.96,-8.92,1.45,0,0.55,-0.11
0,33,5.96,-8.92,1.45,0,0.54,0.07
0,33,5.9,-8.85,1.55,0,0.54,0.23
0,33,5.9,-8.85,1.55,0,0.54,0.23
0,33,5.9,-8.85,1.55,0,0.56,0.38
0,33,5.13,-8.6,1.92,0,0.57,0.48
0,33,5.13,-8.6,1.92,0,0.57,0.48
0,33,5.13,-8.6,1.92,0,0.55,0.44
0,33,3.37,-8.37,2.24,0,0.51,0.32
0,33,3.37,-8.37,2.24,0,0.51,0.32
0,33,3.37,-8.37,2.24,0,0.5,0.16
0,33,2.92,-8.4,2.16,0,0.53,-0.01
0,33,2.92,-8.4,2.16,0,0.53,-0.01
0,33,2.92,-8.4,2.16,0,0.57,-0.13
0,33,3.13,-8.78,2.48,0,0.56,-0.14
0,33,3.13,-8.78,2.48,0,0.56,-0.14
0,33,3.13,-8.78,2.48,0,0.52,0.01
0,33,3.62,-9.23,1.92,0,0.5,0.25
0,33,3.62,-9.23,1.92,0,0.5,0.25
0,33,5.35,-8.74,1.4,0,0.56,0.5
0,33,5.35,-8.74,1.4,0,0.56,0.5
0,33,5.35,-8.74,1.4,0,0.71,0.73
0,33,5.16,-7.71,2.98,0,0.78,0.73
0,33,5.16,-7.71,2.98,0,0.78,0.73
0,33,5.16,-7.71,2.98,0,0.82,0.55
0,33,5.45,-7.47,3.79,0,0.83,0.44
0,33,5.45,-7.47,3.79,0,0.83,0.44
0,33,5.45,-7.47,3.79,0,0.8,0.38
0,33,4.62,-7.71,4.64,0,0.75,0.37
0,33,4.62,-7.71,4.64,0,0.65,0.31
0,33,4.62,-7.71,4.64,0,0.65,0.31
0,33,3.42,-7.89,5.12,0,0.52,0.26
0,33,3.42,-7.89,5.12,0,0.38,0.2
0,33,3.42,-7.89,5.12,0,0.38,0.2
0,33,3.17,-8.01,5.09,0,0.26,0.11
0,33,3.17,-8.01,5.09,0,0.16,0.01
0,33,4.28,-7.53,4.96,0,0.16,0.01
0,33,4.28,-7.53,4.96,0,0.09,-0.12
0,33,4.28,-7.53,4.96,0,0.05,-0.21
0,33,4.61,-7.75,4.73,0,0.05,-0.21
0,33,4.61,-7.75,4.73,0,0.02,-0.25
0,33,4.61,-7.75,4.73,0,0,-0.25
0,33,2.86,-8.36,4.36,0,0,-0.25
0,33,2.86,-8.36,4.36,0,-0.02,-0.19
0,33,2.86,-8.36,4.36,0,-0.01,-0.15
0,33,2.15,-8.29,4.58,0,-0.01,-0.13
0,33,2.15,-8.29,4.58,0,-0.01,-0.13
0,33,2.99,-7.73,5.05,0,-0.02,-0.09
0,33,2.99,-7.73,5.05,0,-0.05,-0.02
0,33,2.99,-7.73,5.05,0,-0.05,-0.02
0,33,3.13,-7.17,5.61,0,-0.05,0.06
0,33,3.13,-7.17,5.61,0,-0.08,0.16
0,33,3.13,-7.17,5.61,0,-0.08,0.16
0,33,2.14,-6.87,6.11,0,-0.13,0.21
0,33,2.14,-6.87,6.11,0,-0.21,0.21
0,33,2.14,-6.87,6.11,0,-0.21,0.21
0,33,1.09,-7.09,6.34,0,-0.3,0.11
0,33,1.09,-7.09,6.34,0,-0.37,-0.02
0,33,1.09,-7.09,6.34,0,-0.37,-0.02
0,33,0.61,-6.51,6.35,0,-0.5,-0.18
0,33,0.61,-6.51,6.35,0,-0.61,-0.3
0,33,1.17,-6.28,5.77,0,-0.61,-0.3
0,33,1.17,-6.28,5.77,0,-0.71,-0.39
0,34,1.17,-6.28,5.77,0,-0.78,-0.41
0,34,2.11,-5.71,5.08,0,-0.78,-0.41
0,34,2.11,-5.71,5.08,0,-0.9,-0.41
0,34,2.11,-5.71,5.08,0,-0.93,-0.43
0,34,2.48,-5.61,3.9,0,-0.93,-0.43
0,34,2.48,-5.61,3.9,0,-0.94,-0.45
0,34,2.48,-5.61,3.9,0,-0.93,-0.48
0,34,2.87,-4.93,2.97,0,-0.93,-0.54
0,34,2.87,-4.93,2.97,0,-0.93,-0.54
0,34,2.87,-4.93,2.97,0,-0.9,-0.62
0,34,3.34,-5.35,1.83,0,-0.79,-0.76
0,34,3.34,-5.35,1.83,0,-0.79,-0.76
0,34,3.34,-5.35,1.83,0,-0.63,-0.8
0,34,3.95,-4.96,2.26,0,-0.54,-0.76
0,34,3.95,-4.96,2.26,0,-0.54,-0.76
0,34,2.92,-4.7,2.79,0,-0.57,-0.66
0,34,2.92,-4.7,2.79,0,-0.68,-0.57
0,34,2.92,-4.7,2.79,0,-0.68,-0.57
0,34,2.61,-5.04,2.23,0,-0.79,-0.5
0,34,2.61,-5.04,2.23,0,-0.82,-0.36
0,34,2.61,-5.04,2.23,0,-0.82,-0.36
0,34,4.37,-4.67,1.29,0,-0.82,-0.14
0,34,4.37,-4.67,1.29,0,-0.82,0.05
0,34,4.37,-4.67,1.29,0,-0.82,0.05
0,34,5.26,-4.2,0.75,0,-0.81,0.15
0,34,5.26,-4.2,0.75,0,-0.78,0.13
0,34,5.26,-4.2,0.75,0,-0.78,0.13
0,34,6.36,-4.63,0.23,0,-0.67,0.08
0,34,6.36,-4.63,0.23,0,-0.53,0.14
0,34,6.36,-4.63,0.23,0,-0.53,0.14
0,34,9.02,-5.59,-0.17,0,-0.38,0.64
0,34,9.02,-5.59,-0.17,0,-0.3,1.23
0,34,9.02,-5.59,-0.17,0,-0.3,1.23
0,34,4.38,-5.19,0.71,0,-0.25,1.6
0,34,4.38,-5.19,0.71,0,-0.22,1.67
0,34,3.41,-4.98,0.87,0,-0.22,1.67
0,34,3.41,-4.98,0.87,0,-0.21,1.61
0,34,3.41,-4.98,0.87,0,-0.16,1.44
0,34,4.14,-5.67,1.52,0,-0.16,1.44
0,34,4.14,-5.67,1.52,0,-0.11,1.14
0,34,4.14,-5.67,1.52,0,-0.16,0.8
0,34,7.26,-6.55,1.71,0,-0.16,0.8
0,34,7.26,-6.55,1.71,0,-0.25,0.45
0,34,7.26,-6.55,1.71,0,-0.24,0.12
0,34,9.96,-7.16,0.06,0,-0.24,0.12
0,34,9.96,-7.16,0.06,0,-0.14,-0.15
0,34,9.96,-7.16,0.06,0,-0.14,-0.15
0,34,10,-6.54,-0.88,0,0.05,-0.41
0,34,10,-6.54,-0.88,0,0.18,-0.59
0,34,10,-6.54,-0.88,0,0.18,-0.59
0,34,7.55,-6.93,-0.45,0,0.32,-0.87
0,34,7.55,-6.93,-0.45,0,0.44,-1.16
0,34,7.55,-6.93,-0.45,0,0.44,-1.16
0,34,6.55,-5.63,0.37,0,0.46,-1.54
0,34,6.55,-5.63,0.37,0,0.36,-1.9
0,34,6.55,-5.63,0.37,0,0.36,-1.9
0,34,9.14,-6.29,-1.17,0,0.28,-2.08
0,34,9.14,-6.29,-1.17,0,0.31,-2.07
0,34,9.14,-6.29,-1.17,0,0.31,-2.07
0,34,11.15,-6.6,-2.2,0,0.41,-1.86
0,34,11.15,-6.6,-2.2,0,0.48,-1.63
0,34,11.15,-6.6,-2.2,0,0.48,-1.63
0,34,9.35,-6.42,-1.41,0,0.51,-1.54
0,34,9.35,-6.42,-1.41,0,0.55,-1.64
0,34,6.22,-7,-0.68,0,0.55,-1.64
0,34,6.22,-7,-0.68,0,0.61,-1.81
0,34,6.22,-7,-0.68,0,0.62,-1.9
0,34,4.25,-7.11,0.02,0,0.62,-1.9
0,34,4.25,-7.11,0.02,0,0.53,-1.89
0,34,4.25,-7.11,0.02,0,0.39,-1.87
0,34,3.11,-6.89,-0.05,0,0.39,-1.87
0,34,3.11,-6.89,-0.05,0,0.17,-1.77
0,34,3.11,-6.89,-0.05,0,-0.13,-1.84
0,34,1.91,-6.81,0.26,0,-0.13,-1.84
0,34,1.91,-6.81,0.26,0,-0.53,-2.24
0,34,1.91,-6.81,0.26,0,-0.59,-2.27
0,34,7.41,-8.26,-3.77,0,-0.59,-2.27
0,34,7.41,-8.26,-3.77,0,-0.4,-1.75
0,34,7.41,-8.26,-3.77,0,-0.22,-1.15
0,34,7.42,-7.42,-3.97,0,-0.22,-1.15
0,34,7.42,-7.42,-3.97,0,0.05,-0.52
0,34,7.42,-7.42,-3.97,0,0.37,-0.14
0,34,7.47,-7.54,-3,0,0.37,-0.14
0,34,7.47,-7.54,-3,0,0.72,0.16
0,34,6.85,-5.54,-1.87,0,0.82,0.27
0,34,6.85,-5.54,-1.87,0,0.82,0.27
0,34,6.85,-5.54,-1.87,0,0.8,0.19
0,34,7.98,-6.58,-1.97,0,0.83,-0.01
0,34,7.98,-6.58,-1.97,0,0.83,-0.01
0,34,7.98,-6.58,-1.97,0,0.95,-0.21
0,34,9.62,-6.55,-2.73,0,1.12,-0.26
0,34,9.62,-6.55,-2.73,0,1.12,-0.26
0,34,9.62,-6.55,-2.73,0,1.34,-0.14
0,34,10.61,-6.26,-2.53,0,1.56,0
0,34,10.61,-6.26,-2.53,0,1.56,0
0,34,10.61,-6.26,-2.53,0,1.81,0.04
0,34,9.67,-5.68,-1.18,0,1.97,-0.06
0,34,9.67,-5.68,-1.18,0,1.97,-0.06
0,34,9.67,-5.68,-1.18,0,2.05,-0.35
0,34,9.17,-4.87,-0.5,0,2.09,-0.71
0,34,9.17,-4.87,-0.5,0,2.09,-0.71
0,34,9.17,-4.87,-0.5,0,2.14,-1.07
0,34,12.4,-4.86,-1.31,0,2.18,-1.1
0,34,12.4,-4.86,-1.31,0,2.18,-1.1
0,34,13.39,-5.09,-1.65,0,2.24,-0.86
0,34,13.39,-5.09,-1.65,0,2.28,-0.58
0,34,13.39,-5.09,-1.65,0,2.28,-0.58
0,34,10.97,-4.61,-1.03,0,2.41,-0.09
0,34,10.97,-4.61,-1.03,0,2.51,0.13
0,34,10.97,-4.61,-1.03,0,2.63,0.19
0,34,9.25,-4.04,0.66,0,2.63,0.19
0,34,9.25,-4.04,0.66,0,2.71,0.08
0,34,9.25,-4.04,0.66,0,2.64,-0.17
0,34,8.61,-2.42,2.67,0,2.64,-0.17
0,34,8.61,-2.42,2.67,0,2.45,-0.58
0,34,8.61,-2.42,2.67,0,2.29,-0.94
0,34,9.28,-3.12,2.53,0,2.29,-0.94
0,34,9.28,-3.12,2.53,0,2.25,-1.09
0,34,9.28,-3.12,2.53,0,2.32,-0.98
0,34,11.51,-4.33,1.6,0,2.32,-0.98
0,34,11.51,-4.33,1.6,0,2.46,-0.59
0,34,9.94,-1.55,3.39,0,2.14,-0.48
0,34,9.94,-1.55,3.39,0,1.93,-0.66
0,34,9.55,-0.63,4.27,0,1.7,-0.94
0,34,9.55,-0.63,4.27,0,1.7,-0.94
0,34,9.55,-0.63,4.27,0,1.46,-1.32
0,34,10.52,-2.55,3.39,0,1.4,-1.46
0,34,10.52,-2.55,3.39,0,1.4,-1.46
0,34,10.52,-2.55,3.39,0,1.43,-1.36
0,34,11.75,-3.67,2.8,0,1.54,-1.1
0,34,11.75,-3.67,2.8,0,1.54,-1.1
0,34,11.75,-3.67,2.8,0,1.68,-0.78
0,34,10.61,-2.14,3.4,0,1.67,-0.51
0,34,10.61,-2.14,3.4,0,1.67,-0.51
0,34,10.61,-2.14,3.4,0,1.44,-0.46
0,34,7.86,-0.88,5.02,0,1.44,-0.46
0,34,7.86,-0.88,5.02,0,0.95,-0.8
0,34,7.86,-0.88,5.02,0,0.61,-1.07
0,34,9.03,-1.24,3.94,0,0.61,-1.07
0,34,9.03,-1.24,3.94,0,0.27,-1.17
0,34,9.03,-1.24,3.94,0,0.13,-1.04
0,34,10.15,-2.38,2.17,0,0.13,-1.04
0,34,10.15,-2.38,2.17,0,0.12,-0.76
0,34,10.15,-2.38,2.17,0,0.18,-0.48
0,34,9.74,-2.53,1.89,0,0.18,-0.48
0,34,9.74,-2.53,1.89,0,0.2,-0.33
0,34,9.56,-1.29,2.61,0,0.11,-0.39
0,34,9.56,-1.29,2.61,0,0.11,-0.39
0,34,9.56,-1.29,2.61,0,-0.03,-0.65
0,34,9.66,-2.08,1.84,0,-0.11,-0.88
0,34,9.66,-2.08,1.84,0,-0.11,-0.88
0,35,9.66,-2.08,1.84,0,-0.12,-0.92
0,35,11.33,-2.3,0.55,0,-0.09,-0.73
0,35,11.33,-2.3,0.55,0,-0.09,-0.73
0,35,11.33,-2.3,0.55,0,-0.08,-0.26
0,35,10.64,-2.4,0.42,0,-0.09,0.06
0,35,10.64,-2.4,0.42,0,-0.09,0.06
0,35,10.64,-2.4,0.42,0,-0.12,0.13
0,35,9.22,-2,0.96,0,-0.2,-0.02
0,35,9.22,-2,0.96,0,-0.2,-0.02
0,35,9.22,-2,0.96,0,-0.26,-0.3
0,35,9.11,-2.61,0.41,0,-0.26,-0.49
0,35,9.11,-2.61,0.41,0,-0.26,-0.49
0,35,9.11,-2.61,0.41,0,-0.21,-0.62
0,35,9.5,-2.63,-0.13,0,-0.2,-0.6
0,35,9.5,-2.63,-0.13,0,-0.2,-0.6
0,35,9.93,-1.91,-0.31,0,-0.27,-0.49
0,35,9.93,-1.91,-0.31,0,-0.39,-0.44
0,35,9.93,-1.91,-0.31,0,-0.39,-0.44
0,35,9.74,-2.07,-0.47,0,-0.56,-0.55
0,35,9.74,-2.07,-0.47,0,-0.65,-0.65
0,35,9.74,-2.07,-0.47,0,-0.65,-0.65
0,35,10.37,-2.72,-1.43,0,-0.71,-0.7
0,35,10.37,-2.72,-1.43,0,-0.7,-0.68
0,35,10.37,-2.72,-1.43,0,-0.7,-0.68
0,35,10.02,-3.11,-2.16,0,-0.63,-0.61
0,35,10.02,-3.11,-2.16,0,-0.54,-0.52
0,35,10.02,-3.11,-2.16,0,-0.54,-0.52
0,35,8.86,-3.58,-2.07,0,-0.42,-0.49
0,35,8.86,-3.58,-2.07,0,-0.31,-0.56
0,35,8.86,-3.58,-2.07,0,-0.31,-0.56
0,35,8.58,-1.37,-1.38,0,-0.37,-0.85
0,35,8.58,-1.37,-1.38,0,-0.5,-1.1
0,35,10.41,-3.07,-3.15,0,-0.5,-1.1
0,35,10.41,-3.07,-3.15,0,-0.53,-1.06
0,35,10.41,-3.07,-3.15,0,-0.42,-0.77
0,35,10.86,-3.73,-3.92,0,-0.42,-0.77
0,35,10.86,-3.73,-3.92,0,-0.19,-0.28
0,35,10.86,-3.73,-3.92,0,-0.01,0.01
0,35,10.22,-3.4,-2.9,0,-0.01,0.01
0,35,10.22,-3.4,-2.9,0,0.22,0.28
0,35,10.22,-3.4,-2.9,0,0.33,0.27
0,35,8.41,-0.84,-0.96,0,0.33,0.27
0,35,8.41,-0.84,-0.96,0,0.24,-0.07
0,35,8.41,-0.84,-0.96,0,0.09,-0.32
0,35,10.1,-1.08,-1.47,0,-0.01,-0.43
0,35,10.1,-1.08,-1.47,0,-0.01,-0.43
0,35,10.1,-1.08,-1.47,0,0.04,-0.34
0,35,10.95,-2.06,-2.31,0,0.15,-0.19
0,35,10.95,-2.06,-2.31,0,0.15,-0.19
0,35,11.29,-1.16,-1.78,0,0.18,-0.06
0,35,11.29,-1.16,-1.78,0,0.16,-0.01
0,35,11.29,-1.16,-1.78,0,0.16,-0.01
0,35,10.55,-0.84,-1.38,0,0.12,-0.07
0,35,10.55,-0.84,-1.38,0,0.08,-0.16
0,35,10.55,-0.84,-1.38,0,0.08,-0.16
0,35,11.23,-1.28,-1.91,0,0.07,-0.19
0,35,11.23,-1.28,-1.91,0,0.06,-0.17
0,35,11.23,-1.28,-1.91,0,0.06,-0.17
0,35,11.16,-2.48,-2.38,0,0.09,-0.14
0,35,11.16,-2.48,-2.38,0,0.18,-0.13
0,35,11.16,-2.48,-2.38,0,0.18,-0.13
0,35,9.45,-4.19,-2.35,0,0.35,-0.18
0,35,9.45,-4.19,-2.35,0,0.53,-0.21
0,35,9.45,-4.19,-2.35,0,0.53,-0.21
0,35,8.28,-3.85,-1.73,0,0.64,-0.15
0,35,8.28,-3.85,-1.73,0,0.63,-0.14
0,35,7.19,-2.98,-1.28,0,0.63,-0.14
0,35,7.19,-2.98,-1.28,0,0.52,-0.18
0,35,7.19,-2.98,-1.28,0,0.41,-0.25
0,35,8.08,-3.2,-1.8,0,0.36,-0.32
0,35,8.08,-3.2,-1.8,0,0.36,-0.32
0,35,8.08,-3.2,-1.8,0,0.36,-0.31
0,35,9.75,-4.43,-2.96,0,0.49,-0.23
0,35,9.75,-4.43,-2.96,0,0.49,-0.23
0,35,9.75,-4.43,-2.96,0,0.72,-0.06
0,35,10.49,-5.33,-3.19,0,0.98,0.15
0,35,10.49,-5.33,-3.19,0,0.98,0.15
0,35,10.49,-5.33,-3.19,0,1.22,0.33
0,35,8.95,-3.35,-1.46,0,1.29,0.38
0,35,8.95,-3.35,-1.46,0,1.29,0.38
0,35,8.95,-3.35,-1.46,0,1.17,0.23
0,35,7.8,-1.95,-0.27,0,0.98,-0.02
0,35,7.8,-1.95,-0.27,0,0.98,-0.02
0,35,9.86,-2.82,-0.98,0,0.86,-0.19
0,35,9.86,-2.82,-0.98,0,0.82,-0.2
0,35,9.86,-2.82,-0.98,0,0.82,-0.2
0,35,10.38,-3.17,-1.4,0,0.85,-0.16
0,35,10.38,-3.17,-1.4,0,0.9,-0.14
0,35,10.38,-3.17,-1.4,0,0.9,-0.14
0,35,10.29,-2.72,-1.02,0,0.91,-0.12
0,35,10.29,-2.72,-1.02,0,0.87,-0.14
0,35,10.29,-2.72,-1.02,0,0.87,-0.14
0,35,9.96,-2.15,-0.68,0,0.76,-0.21
0,35,9.96,-2.15,-0.68,0,0.68,-0.22
0,35,10.5,-2.64,-1.25,0,0.68,-0.22
0,35,10.5,-2.64,-1.25,0,0.65,-0.08
0,35,10.5,-2.64,-1.25,0,0.66,0.06
0,35,9.75,-2.51,-1,0,0.66,0.06
0,35,9.75,-2.51,-1,0,0.66,0.13
0,35,9.75,-2.51,-1,0,0.66,0.11
0,35,9.47,-2.31,-0.51,0,0.65,0.04
0,35,9.47,-2.31,-0.51,0,0.65,0.04
0,35,9.47,-2.31,-0.51,0,0.63,-0.04
0,35,9.98,-2.27,-0.2,0,0.56,-0.08
0,35,9.98,-2.27,-0.2,0,0.56,-0.08
0,35,9.98,-2.27,-0.2,0,0.49,-0.06
0,35,10.11,-2.31,0.04,0,0.39,-0.04
0,35,10.11,-2.31,0.04,0,0.39,-0.04
0,35,10.11,-2.31,0.04,0,0.31,-0.02
0,35,10.33,-2.96,0,0,0.25,0.06
0,35,10.33,-2.96,0,0,0.25,0.06
0,35,10.67,-2.07,0.16,0,0.2,0.17
0,35,10.67,-2.07,0.16,0,0.09,0.23
0,35,10.67,-2.07,0.16,0,0.09,0.23
0,35,10.59,-1.86,0.34,0,-0.03,0.23
0,35,10.59,-1.86,0.34,0,-0.17,0.14
0,35,10.59,-1.86,0.34,0,-0.17,0.14
0,35,11.46,-2.69,-0.62,0,-0.28,0.06
0,35,11.46,-2.69,-0.62,0,-0.24,0.05
0,35,11.46,-2.69,-0.62,0,-0.24,0.05
0,35,12.02,-3.73,-1,0,-0.15,0.11
0,35,12.02,-3.73,-1,0,-0.04,0.19
0,35,12.02,-3.73,-1,0,-0.04,0.19
0,35,11.27,-3.18,-0.3,0,-0.02,0.21
0,35,11.27,-3.18,-0.3,0,-0.09,0.21
0,35,11.27,-3.18,-0.3,0,-0.09,0.21
0,35,11.52,-2.6,-0.26,0,-0.22,0.27
0,35,11.52,-2.6,-0.26,0,-0.33,0.35
0,35,11.52,-2.6,-0.26,0,-0.33,0.35
0,35,11.42,-3.75,-0.83,0,-0.34,0.41
0,35,11.42,-3.75,-0.83,0,-0.29,0.44
0,35,10.96,-3.89,-0.73,0,-0.29,0.44
0,35,10.96,-3.89,-0.73,0,-0.24,0.43
0,35,10.96,-3.89,-0.73,0,-0.25,0.41
0,35,10.59,-3.4,-0.57,0,-0.25,0.41
0,35,10.59,-3.4,-0.57,0,-0.31,0.4
0,35,10.59,-3.4,-0.57,0,-0.35,0.41
0,35,10.73,-3.82,-0.98,0,-0.35,0.41
0,35,10.73,-3.82,-0.98,0,-0.35,0.45
0,35,10.73,-3.82,-0.98,0,-0.33,0.46
0,35,9.93,-3.9,-1.01,0,-0.33,0.46
0,35,9.93,-3.9,-1.01,0,-0.31,0.41
0,35,9.93,-3.9,-1.01,0,-0.33,0.34
0,35,9.49,-3.92,-1.24,0,-0.33,0.34
0,35,9.49,-3.92,-1.24,0,-0.3,0.27
0,35,9.81,-4.31,-1.47,0,-0.26,0.27
0,35,9.81,-4.31,-1.47,0,-0.26,0.27
0,35,9.81,-4.31,-1.47,0,-0.19,0.32
0,35,9.5,-4.05,-1.04,0,-0.17,0.37
0,35,9.5,-4.05,-1.04,0,-0.17,0.37
0,35,9.5,-4.05,-1.04,0,-0.19,0.4
0,35,8.55,-4.17,-0.86,0,-0.23,0.41
0,35,8.55,-4.17,-0.86,0,-0.23,0.41
0,36,8.55,-4.17,-0.86,0,-0.26,0.4
0,36,8.83,-4.48,-1.28,0,-0.27,0.4
0,36,8.83,-4.48,-1.28,0,-0.27,0.4
0,36,8.83,-4.48,-1.28,0,-0.2,0.42
0,36,9.43,-5.02,-1.28,0,-0.1,0.47
0,36,9.43,-5.02,-1.28,0,-0.1,0.47
0,36,9.43,-5.02,-1.28,0,-0.04,0.5
0,36,9.12,-4.28,-0.4,0,-0.03,0.47
0,36,9.12,-4.28,-0.4,0,-0.03,0.47
0,36,9.12,-4.28,-0.4,0,-0.06,0.37
0,36,8.85,-4.25,0.09,0,-0.06,0.37
0,36,8.85,-4.25,0.09,0,-0.14,0.23
0,36,8.85,-4.25,0.09,0,-0.17,0.19
0,36,9.84,-4.63,-0.23,0,-0.17,0.19
0,36,9.84,-4.63,-0.23,0,-0.18,0.22
0,36,9.84,-4.63,-0.23,0,-0.17,0.27
0,36,9.69,-4.49,-0.16,0,-0.17,0.27
0,36,9.69,-4.49,-0.16,0,-0.17,0.29
0,36,9.69,-4.49,-0.16,0,-0.19,0.25
0,36,9.26,-4.39,0,0,-0.19,0.25
0,36,9.26,-4.39,0,0,-0.18,0.2
0,36,9.26,-4.39,0,0,-0.15,0.2
0,36,9.34,-4.53,0.09,0,-0.15,0.2
0,36,9.34,-4.53,0.09,0,-0.12,0.22
0,36,9.34,-4.53,0.09,0,-0.12,0.22
0,36,9.07,-4.38,0.54,0,-0.12,0.22
0,36,9.07,-4.38,0.54,0,-0.16,0.21
0,36,9.29,-3.78,0.72,0,-0.23,0.21
0,36,9.29,-3.78,0.72,0,-0.23,0.21
0,36,9.29,-3.78,0.72,0,-0.34,0.19
0,36,9.49,-3.75,0.21,0,-0.38,0.15
0,36,9.49,-3.75,0.21,0,-0.38,0.15
0,36,9.49,-3.75,0.21,0,-0.38,0.07
0,36,9.48,-4.08,-0.05,0,-0.34,0.02
0,36,9.48,-4.08,-0.05,0,-0.31,-0.04
0,36,9.48,-4.08,-0.05,0,-0.31,-0.04
0,36,9.25,-4.15,0.02,0,-0.29,-0.07
0,36,9.25,-4.15,0.02,0,-0.26,-0.06
0,36,9.25,-4.15,0.02,0,-0.26,-0.06
0,36,8.83,-3.83,0.29,0,-0.25,-0.03
0,36,8.83,-3.83,0.29,0,-0.27,-0.03
0,36,8.83,-3.83,0.29,0,-0.27,-0.03
0,36,8.01,-3.84,0.65,0,-0.3,-0.08
0,36,8.01,-3.84,0.65,0,-0.34,-0.15
0,36,8.26,-3.94,0.72,0,-0.34,-0.15
0,36,8.26,-3.94,0.72,0,-0.4,-0.2
0,36,8.26,-3.94,0.72,0,-0.46,-0.21
0,36,8.52,-4.13,0.14,0,-0.46,-0.21
0,36,8.52,-4.13,0.14,0,-0.52,-0.17
0,36,8.52,-4.13,0.14,0,-0.54,-0.12
0,36,7.94,-4.67,-0.55,0,-0.54,-0.12
0,36,7.94,-4.67,-0.55,0,-0.51,-0.1
0,36,7.94,-4.67,-0.55,0,-0.42,-0.05
0,36,7.93,-5.25,-0.76,0,-0.42,-0.05
0,36,7.93,-5.25,-0.76,0,-0.32,0
0,36,7.93,-5.25,-0.76,0,-0.25,0.06
0,36,7.31,-5.36,-0.24,0,-0.25,0.06
0,36,7.31,-5.36,-0.24,0,-0.22,0.11
0,36,7.31,-5.36,-0.24,0,-0.24,0.15
0,36,6.82,-5.29,0.07,0,-0.24,0.15
0,36,6.82,-5.29,0.07,0,-0.27,0.15
0,36,6.82,-5.29,0.07,0,-0.32,0.14
0,36,7.01,-5.54,0.03,0,-0.32,0.14
0,36,7.01,-5.54,0.03,0,-0.36,0.15
0,36,7.2,-6.03,-0.34,0,-0.37,0.23
0,36,7.2,-6.03,-0.34,0,-0.37,0.23
0,36,7.2,-6.03,-0.34,0,-0.35,0.34
0,36,7.27,-5.98,-0.39,0,-0.36,0.45
0,36,7.27,-5.98,-0.39,0,-0.36,0.45
0,36,7.27,-5.98,-0.39,0,-0.39,0.59
0,36,7.58,-5.64,-0.39,0,-0.45,0.67
0,36,7.58,-5.64,-0.39,0,-0.45,0.67
0,36,7.58,-5.64,-0.39,0,-0.53,0.74
0,36,8.39,-5.43,-0.72,0,-0.56,0.75
0,36,8.39,-5.43,-0.72,0,-0.56,0.75
0,36,8.39,-5.43,-0.72,0,-0.57,0.72
0,36,9.14,-5.32,-1.03,0,-0.56,0.69
0,36,9.14,-5.32,-1.03,0,-0.56,0.69
0,36,9.67,-5.31,-1.27,0,-0.56,0.63
0,36,9.67,-5.31,-1.27,0,-0.55,0.61
0,36,9.67,-5.31,-1.27,0,-0.55,0.61
0,36,9.76,-5.2,-1.33,0,-0.51,0.61
0,36,9.76,-5.2,-1.33,0,-0.49,0.62
0,36,9.76,-5.2,-1.33,0,-0.49,0.62
0,36,9.27,-4.92,-1.03,0,-0.49,0.63
0,36,9.27,-4.92,-1.03,0,-0.49,0.63
0,36,9.27,-4.92,-1.03,0,-0.49,0.63
0,36,9.1,-4.62,-0.83,0,-0.52,0.66
0,36,9.1,-4.62,-0.83,0,-0.56,0.72
0,36,9.1,-4.62,-0.83,0,-0.56,0.72
0,36,8.47,-4.46,-0.6,0,-0.61,0.76
0,36,8.47,-4.46,-0.6,0,-0.65,0.76
0,36,8.47,-4.46,-0.6,0,-0.65,0.76
0,36,7.79,-4.28,-0.48,0,-0.69,0.75
0,36,7.79,-4.28,-0.48,0,-0.72,0.74
0,36,7.79,-4.28,-0.48,0,-0.72,0.74
0,36,7.5,-4.19,-0.23,0,-0.75,0.76
0,36,7.5,-4.19,-0.23,0,-0.79,0.76
0,36,7.5,-4.19,-0.23,0,-0.79,0.76
0,36,7.46,-3.83,0.11,0,-0.88,0.76
0,36,7.46,-3.83,0.11,0,-0.96,0.75
0,36,7.85,-4.06,-0.19,0,-0.96,0.75
0,36,7.85,-4.06,-0.19,0,-1.03,0.75
0,36,7.85,-4.06,-0.19,0,-1.05,0.78
0,36,8.55,-4.07,-0.45,0,-1.05,0.78
0,36,8.55,-4.07,-0.45,0,-1.08,0.83
0,36,8.55,-4.07,-0.45,0,-1.12,0.89
0,36,9.14,-4.03,-0.51,0,-1.12,0.89
0,36,9.14,-4.03,-0.51,0,-1.17,0.92
0,36,9.14,-4.03,-0.51,0,-1.18,0.92
0,36,9.32,-4.61,-0.72,0,-1.18,0.92
0,36,9.32,-4.61,-0.72,0,-1.17,0.91
0,36,9.32,-4.61,-0.72,0,-1.14,0.92
0,36,9.5,-4.78,-0.68,0,-1.14,0.92
0,36,9.5,-4.78,-0.68,0,-1.12,0.97
0,36,9.5,-4.78,-0.68,0,-1.12,1.02
0,36,9.43,-4.77,-0.43,0,-1.12,1.02
0,36,9.43,-4.77,-0.43,0,-1.16,1.1
0,36,9.05,-4.92,-0.21,0,-1.18,1.13
0,36,9.05,-4.92,-0.21,0,-1.18,1.13
0,36,9.05,-4.92,-0.21,0,-1.25,1.13
0,36,9.07,-4.99,-0.27,0,-1.29,1.11
0,36,9.07,-4.99,-0.27,0,-1.33,1.08
0,36,9.07,-4.99,-0.27,0,-1.33,1.08
0,36,9.15,-5.11,-0.51,0,-1.35,1.07
0,36,9.15,-5.11,-0.51,0,-1.39,1.09
0,36,9.15,-5.11,-0.51,0,-1.39,1.09
0,36,9.53,-5.03,-0.8,0,-1.41,1.13
0,36,9.53,-5.03,-0.8,0,-1.43,1.21
0,36,9.53,-5.03,-0.8,0,-1.43,1.21
0,36,8.72,-5.11,-0.81,0,-1.43,1.26
0,36,8.72,-5.11,-0.81,0,-1.45,1.26
0,36,8.1,-5.3,-0.99,0,-1.45,1.26
0,36,8.1,-5.3,-0.99,0,-1.45,1.24
0,36,8.1,-5.3,-0.99,0,-1.42,1.22
0,36,8.51,-5.3,-1.07,0,-1.42,1.22
0,36,8.51,-5.3,-1.07,0,-1.38,1.24
0,36,8.51,-5.3,-1.07,0,-1.37,1.28
0,36,8.66,-5.17,-1.07,0,-1.37,1.28
0,36,8.66,-5.17,-1.07,0,-1.41,1.38
0,36,8.66,-5.17,-1.07,0,-1.45,1.44
0,36,7.89,-5.15,-1.02,0,-1.45,1.44
0,36,7.89,-5.15,-1.02,0,-1.48,1.48
0,36,7.89,-5.15,-1.02,0,-1.49,1.51
0,36,7.24,-5.25,-0.9,0,-1.49,1.51
0,36,7.24,-5.25,-0.9,0,-1.5,1.52
0,36,7.24,-5.25,-0.9,0,-1.53,1.51
0,36,6.74,-4.84,-0.51,0,-1.53,1.51
0,36,6.74,-4.84,-0.51,0,-1.6,1.46
0,36,6.74,-4.84,-0.51,0,-1.66,1.38
0,36,6.26,-5.08,-0.46,0,-1.66,1.38
0,36,6.26,-5.08,-0.46,0,-1.71,1.27
0,36,6.87,-5.2,-0.83,0,-1.75,1.23
0,36,6.87,-5.2,-0.83,0,-1.75,1.23
0,37,6.87,-5.2,-0.83,0,-1.76,1.21
0,37,7.23,-5.71,-1.21,0,-1.76,1.24
0,37,7.23,-5.71,-1.21,0,-1.76,1.24
0,37,7.23,-5.71,-1.21,0,-1.74,1.34
0,37,6.83,-6,-1.22,0,-1.7,1.43
0,37,6.83,-6,-1.22,0,-1.7,1.43
0,37,6.83,-6,-1.22,0,-1.63,1.49
0,37,5.57,-6.14,-0.89,0,-1.59,1.49
0,37,5.57,-6.14,-0.89,0,-1.59,1.49
0,37,5.57,-6.14,-0.89,0,-1.58,1.46
0,37,4.91,-6.92,-0.75,0,-1.6,1.44
0,37,4.91,-6.92,-0.75,0,-1.6,1.44
0,37,4.91,-6.92,-0.75,0,-1.63,1.45
0,37,5.59,-7.05,-0.92,0,-1.66,1.51
0,37,5.59,-7.05,-0.92,0,-1.66,1.51
0,37,5.59,-7.05,-0.92,0,-1.67,1.64
0,37,5.4,-7.46,-1.29,0,-1.66,1.75
0,37,5.4,-7.46,-1.29,0,-1.66,1.75
0,37,5.4,-7.46,-1.29,0,-1.64,1.88
0,37,4.82,-7.7,-1.26,0,-1.61,1.95
0,37,4.82,-7.7,-1.26,0,-1.61,1.95
0,37,4.01,-7.96,-0.96,0,-1.56,1.94
0,37,4.01,-7.96,-0.96,0,-1.51,1.87
0,37,4.01,-7.96,-0.96,0,-1.51,1.87
0,37,4.01,-7.96,-0.96,0,-1.46,1.8
0,37,4.14,-8.76,-0.99,0,-1.43,1.79
0,37,4.14,-8.76,-0.99,0,-1.43,1.79
0,37,4.79,-8.68,-0.87,0,-1.45,1.83
0,37,4.79,-8.68,-0.87,0,-1.45,1.83
0,37,4.79,-8.68,-0.87,0,-1.54,1.9
0,37,5.61,-8.52,-0.97,0,-1.63,1.9
0,37,5.61,-8.52,-0.97,0,-1.63,1.9
0,37,5.61,-8.52,-0.97,0,-1.74,1.83
0,37,5.55,-8.81,-1.7,0,-1.78,1.75
0,37,5.55,-8.81,-1.7,0,-1.78,1.75
0,37,5.55,-8.81,-1.7,0,-1.78,1.73
0,37,5.55,-8.67,-2.3,0,-1.74,1.75
0,37,5.55,-8.67,-2.3,0,-1.74,1.75
0,37,5.55,-8.67,-2.3,0,-1.7,1.77
0,37,5.21,-8.84,-2.12,0,-1.67,1.76
0,37,5.21,-8.84,-2.12,0,-1.67,1.76
0,37,5.21,-8.84,-2.12,0,-1.63,1.69
0,37,2.72,-8.17,-3.21,0,-1.58,1.5
0,37,2.72,-8.17,-3.21,0,-1.58,1.5
0,37,2.72,-8.17,-3.21,0,-1.59,1.21
0,37,3.19,-8.97,-0.22,0,-1.56,1.25
0,37,3.19,-8.97,-0.22,0,-1.56,1.25
0,37,3.19,-8.97,-0.22,0,-1.53,1.25
0,37,5.32,-9.79,-3.45,0,-1.5,1.44
0,37,5.32,-9.79,-3.45,0,-1.5,1.44
0,37,5.32,-9.79,-3.45,0,-1.42,1.57
0,37,4.71,-8.7,-3.85,0,-1.32,1.66
0,37,4.71,-8.7,-3.85,0,-1.32,1.66
0,37,4.49,-9.09,-3.79,0,-1.19,1.67
0,37,4.49,-9.09,-3.79,0,-1.04,1.63
0,37,4.49,-9.09,-3.79,0,-1.04,1.63
0,37,4.77,-8.4,-3.43,0,-0.93,1.58
0,37,4.77,-8.4,-3.43,0,-0.86,1.52
0,37,4.77,-8.4,-3.43,0,-0.86,1.52
0,37,5.16,-8.48,-3.24,0,-0.77,1.47
0,37,5.16,-8.48,-3.24,0,-0.69,1.43
0,37,5.16,-8.48,-3.24,0,-0.69,1.43
0,37,4.65,-8.6,-3.01,0,-0.58,1.38
0,37,4.65,-8.6,-3.01,0,-0.48,1.35
0,37,4.65,-8.6,-3.01,0,-0.48,1.35
0,37,3.76,-8.84,-2.66,0,-0.38,1.33
0,37,3.76,-8.84,-2.66,0,-0.33,1.33
0,37,3.76,-8.84,-2.66,0,-0.33,1.33
0,37,3.14,-8.85,-1.92,0,-0.31,1.33
0,37,3.14,-8.85,-1.92,0,-0.31,1.32
0,37,3.14,-8.85,-1.92,0,-0.31,1.32
0,37,2.76,-8.76,-1.64,0,-0.34,1.28
0,37,2.76,-8.76,-1.64,0,-0.36,1.26
0,37,2.75,-9.02,-1.66,0,-0.36,1.26
0,37,2.75,-9.02,-1.66,0,-0.37,1.25
0,37,2.75,-9.02,-1.66,0,-0.38,1.23
0,37,2.88,-8.96,-1.68,0,-0.38,1.23
0,37,2.88,-8.96,-1.68,0,-0.39,1.2
0,37,2.88,-8.96,-1.68,0,-0.38,1.17
0,37,3.14,-8.88,-1.5,0,-0.38,1.17
0,37,3.14,-8.88,-1.5,0,-0.37,1.1
0,37,3.14,-8.88,-1.5,0,-0.38,1.02
0,37,3.09,-8.74,-1.41,0,-0.38,1.02
0,37,3.09,-8.74,-1.41,0,-0.4,0.91
0,37,3.09,-8.74,-1.41,0,-0.4,0.83
0,37,3.16,-8.76,-1.33,0,-0.4,0.83
0,37,3.16,-8.76,-1.33,0,-0.43,0.74
0,37,3.16,-8.76,-1.33,0,-0.44,0.66
0,37,2.72,-8.79,-1.35,0,-0.44,0.66
0,37,2.72,-8.79,-1.35,0,-0.47,0.56
0,37,2.72,-8.79,-1.35,0,-0.47,0.48
0,37,2.39,-9.07,-1.55,0,-0.47,0.48
0,37,2.39,-9.07,-1.55,0,-0.46,0.4
0,37,2.33,-9.08,-1.75,0,-0.45,0.39
0,37,2.33,-9.08,-1.75,0,-0.45,0.39
0,37,2.33,-9.08,-1.75,0,-0.44,0.39
0,37,2.05,-9.09,-1.74,0,-0.43,0.4
0,37,2.05,-9.09,-1.74,0,-0.43,0.4
0,37,2.05,-9.09,-1.74,0,-0.42,0.42
0,37,1.68,-9.07,-1.56,0,-0.43,0.42
0,37,1.68,-9.07,-1.56,0,-0.44,0.4
0,37,1.68,-9.07,-1.56,0,-0.44,0.4
0,37,1.53,-9.08,-1.53,0,-0.45,0.4
0,37,1.53,-9.08,-1.53,0,-0.44,0.38
0,37,1.53,-9.08,-1.53,0,-0.44,0.38
0,37,1.85,-9.28,-1.77,0,-0.41,0.37
0,37,1.85,-9.28,-1.77,0,-0.41,0.37
0,37,1.85,-9.28,-1.77,0,-0.37,0.38
0,37,1.96,-9.38,-1.59,0,-0.36,0.4
0,37,1.96,-9.38,-1.59,0,-0.36,0.4
0,37,1.96,-9.38,-1.59,0,-0.35,0.4
0,37,2.19,-9.2,-1.6,0,-0.32,0.38
0,37,2.19,-9.2,-1.6,0,-0.32,0.38
0,37,2.75,-9.27,-1.63,0,-0.29,0.34
0,37,2.75,-9.27,-1.63,0,-0.26,0.32
0,37,2.75,-9.27,-1.63,0,-0.26,0.32
0,37,3.24,-9.48,-1.7,0,-0.22,0.29
0,37,3.24,-9.48,-1.7,0,-0.19,0.29
0,37,3.24,-9.48,-1.7,0,-0.19,0.29
0,37,3.5,-9.71,-1.67,0,-0.15,0.27
0,37,3.5,-9.71,-1.67,0,-0.13,0.26
0,37,3.5,-9.71,-1.67,0,-0.13,0.26
0,37,3.8,-9.9,-1.55,0,-0.11,0.23
0,37,3.8,-9.9,-1.55,0,-0.08,0.21
0,37,3.8,-9.9,-1.55,0,-0.08,0.21
0,37,3.56,-10.03,-1.45,0,-0.05,0.19
0,37,3.56,-10.03,-1.45,0,-0.03,0.18
0,37,3.56,-10.03,-1.45,0,-0.03,0.18
0,37,3.73,-10.07,-1.45,0,0,0.21
0,37,3.73,-10.07,-1.45,0,0.03,0.26
0,37,3.73,-10.07,-1.45,0,0.03,0.26
0,37,4.21,-9.97,-1.55,0,0.07,0.31
0,37,4.21,-9.97,-1.55,0,0.12,0.35
0,37,4.21,-9.97,-1.55,0,0.12,0.35
0,37,4.61,-9.82,-1.36,0,0.17,0.36
0,37,4.61,-9.82,-1.36,0,0.2,0.37
0,37,4.61,-9.82,-1.36,0,0.2,0.37
0,37,4.68,-9.5,-0.79,0,0.2,0.33
0,37,4.68,-9.5,-0.79,0,0.19,0.24
0,37,4.16,-9.59,-0.78,0,0.19,0.24
0,37,4.16,-9.59,-0.78,0,0.2,0.15
0,37,4.16,-9.59,-0.78,0,0.22,0.09
0,37,4.27,-9.85,-0.98,0,0.22,0.09
0,37,4.27,-9.85,-0.98,0,0.26,0.09
0,37,4.27,-9.85,-0.98,0,0.28,0.13
0,37,4.29,-9.7,-0.4,0,0.28,0.13
0,37,4.29,-9.7,-0.4,0,0.27,0.18
0,37,4.29,-9.7,-0.4,0,0.22,0.17
0,37,3.92,-9.28,0.21,0,0.22,0.17
0,37,3.92,-9.28,0.21,0,0.14,0.11
0,37,3.92,-9.28,0.21,0,0.08,0.03
0,37,4.08,-9.04,0.1,0,0.08,0.03
0,37,4.08,-9.04,0.1,0,0.02,-0.07
0,37,4.08,-9.04,0.1,0,-0.02,-0.1
0,38,5.04,-8.78,-0.21,0,-0.02,-0.1
0,38,5.04,-8.78,-0.21,0,-0.08,-0.1
0,38,5.74,-8.51,-0.83,0,-0.11,-0.1
0,38,5.74,-8.51,-0.83,0,-0.11,-0.1
0,38,5.74,-8.51,-0.83,0,-0.11,-0.14
0,38,6.34,-8.39,-1.73,0,-0.07,-0.16
0,38,6.34,-8.39,-1.73,0,-0.01,-0.14
0,38,6.34,-8.39,-1.73,0,-0.01,-0.14
0,38,7.13,-7.89,-2.25,0,0.04,-0.07
0,38,7.13,-7.89,-2.25,0,0.1,0.04
0,38,7.13,-7.89,-2.25,0,0.1,0.04
0,38,7.75,-7.53,-2.5,0,0.16,0.16
0,38,7.75,-7.53,-2.5,0,0.19,0.18
0,38,7.75,-7.53,-2.5,0,0.19,0.18
0,38,7.95,-7.84,-2.38,0,0.19,0.24
0,38,7.95,-7.84,-2.38,0,0.31,0.23
0,38,7.98,-7.2,-2.41,0,0.31,0.23
0,38,7.98,-7.2,-2.41,0,0.39,0.23
0,38,7.98,-7.2,-2.41,0,0.41,0.28
0,38,7.56,-6.9,-1.48,0,0.41,0.28
0,38,7.56,-6.9,-1.48,0,0.38,0.29
0,38,7.56,-6.9,-1.48,0,0.33,0.23
0,38,6.7,-6.74,-0.81,0,0.33,0.23
0,38,6.7,-6.74,-0.81,0,0.29,0.11
0,38,6.7,-6.74,-0.81,0,0.24,-0.06
0,38,5.75,-7,-0.51,0,0.24,-0.06
0,38,5.75,-7,-0.51,0,0.18,-0.23
0,38,5.75,-7,-0.51,0,0.13,-0.34
0,38,5.08,-7.46,-0.91,0,0.13,-0.34
0,38,5.08,-7.46,-0.91,0,0.08,-0.41
0,38,5.08,-7.46,-0.91,0,0.05,-0.42
0,38,5.23,-7.49,-1.39,0,0.05,-0.42
0,38,5.23,-7.49,-1.39,0,0.03,-0.38
0,38,5.77,-7.44,-1.87,0,0.04,-0.34
0,38,5.77,-7.44,-1.87,0,0.04,-0.34
0,38,5.77,-7.44,-1.87,0,0.1,-0.32
0,38,6.36,-7.15,-2.29,0,0.13,-0.3
0,38,6.36,-7.15,-2.29,0,0.13,-0.3
0,38,6.36,-7.15,-2.29,0,0.19,-0.25
0,38,6.28,-6.98,-1.84,0,0.22,-0.25
0,38,6.28,-6.98,-1.84,0,0.24,-0.29
0,38,6.28,-6.98,-1.84,0,0.24,-0.29
0,38,6.07,-6.87,-1.61,0,0.26,-0.38
0,38,6.07,-6.87,-1.61,0,0.26,-0.38
0,38,6.07,-6.87,-1.61,0,0.27,-0.51
0,38,6.1,-7.07,-1.7,0,0.3,-0.58
0,38,6.1,-7.07,-1.7,0,0.3,-0.58
0,38,6.1,-7.07,-1.7,0,0.33,-0.6
0,38,6.22,-6.94,-1.76,0,0.34,-0.6
0,38,6.22,-6.94,-1.76,0,0.34,-0.6
0,38,6.22,-6.94,-1.76,0,0.36,-0.57
0,38,5.84,-6.9,-1.62,0,0.38,-0.55
0,38,5.84,-6.9,-1.62,0,0.38,-0.55
0,38,5.84,-6.9,-1.62,0,0.4,-0.57
0,38,5.27,-6.68,-1.51,0,0.4,-0.63
0,38,5.27,-6.68,-1.51,0,0.4,-0.63
0,38,5.27,-6.68,-1.51,0,0.43,-0.68
0,38,5.75,-6.73,-1.67,0,0.46,-0.7
0,38,5.75,-6.73,-1.67,0,0.46,-0.7
0,38,5.75,-6.73,-1.67,0,0.49,-0.73
0,38,6.22,-6.66,-1.3,0,0.49,-0.73
0,38,6.22,-6.66,-1.3,0,0.51,-0.79
0,38,6.35,-6.7,-1.35,0,0.52,-0.81
0,38,6.35,-6.7,-1.35,0,0.52,-0.81
0,38,6.35,-6.7,-1.35,0,0.53,-0.86
0,38,6.33,-7.01,-1.27,0,0.54,-0.91
0,38,6.33,-7.01,-1.27,0,0.53,-0.95
0,38,6.33,-7.01,-1.27,0,0.53,-0.95
0,38,6.15,-7.11,-1.13,0,0.52,-1
0,38,6.15,-7.11,-1.13,0,0.5,-1.08
0,38,6.15,-7.11,-1.13,0,0.5,-1.08
0,38,6.18,-7.52,-1.38,0,0.51,-1.17
0,38,6.18,-7.52,-1.38,0,0.5,-1.23
0,38,6.18,-7.52,-1.38,0,0.5,-1.23
0,38,6.39,-7.7,-2.12,0,0.5,-1.28
0,38,6.39,-7.7,-2.12,0,0.53,-1.33
0,38,6.39,-7.7,-2.12,0,0.53,-1.33
0,38,6.42,-8.03,-2.78,0,0.58,-1.34
0,38,6.42,-8.03,-2.78,0,0.64,-1.27
0,38,6.51,-8.37,-2.87,0,0.64,-1.27
0,38,6.51,-8.37,-2.87,0,0.71,-1.14
0,38,6.51,-8.37,-2.87,0,0.72,-1
0,38,6,-8.28,-2.57,0,0.72,-1
0,38,6,-8.28,-2.57,0,0.72,-0.88
0,38,6,-8.28,-2.57,0,0.73,-0.87
0,38,6.11,-8.16,-3.25,0,0.73,-0.87
0,38,6.11,-8.16,-3.25,0,0.79,-0.9
0,38,6.11,-8.16,-3.25,0,0.88,-0.95
0,38,6.56,-8.16,-3.52,0,0.88,-0.95
0,38,6.56,-8.16,-3.52,0,1.01,-1.03
0,38,6.56,-8.16,-3.52,0,1.07,-1.09
0,38,5.88,-8.84,-2.6,0,1.07,-1.09
0,38,5.88,-8.84,-2.6,0,1.08,-1.12
0,38,5.49,-9.11,-1.68,0,1.05,-1.11
0,38,5.49,-9.11,-1.68,0,0.97,-1.09
0,38,5.49,-9.11,-1.68,0,0.97,-1.09
0,38,4.77,-9.65,-1.14,0,0.88,-1.07
0,38,4.77,-9.65,-1.14,0,0.75,-1.05
0,38,4.77,-9.65,-1.14,0,0.75,-1.05
0,38,5.82,-9.15,-1.59,0,0.6,-1.02
0,38,5.82,-9.15,-1.59,0,0.46,-0.97
0,38,5.82,-9.15,-1.59,0,0.46,-0.97
0,38,7.21,-8.56,-2.83,0,0.39,-0.94
0,38,7.21,-8.56,-2.83,0,0.38,-0.92
0,38,7.21,-8.56,-2.83,0,0.38,-0.92
0,38,7.97,-8.37,-3.71,0,0.42,-0.91
0,38,7.97,-8.37,-3.71,0,0.46,-0.87
0,38,7.88,-8.61,-3.59,0,0.46,-0.87
0,38,7.88,-8.61,-3.59,0,0.48,-0.79
0,38,7.88,-8.61,-3.59,0,0.46,-0.7
0,38,7.05,-8.87,-2.76,0,0.46,-0.7
0,38,7.05,-8.87,-2.76,0,0.39,-0.63
0,38,7.05,-8.87,-2.76,0,0.33,-0.61
0,38,6.4,-8.86,-2.58,0,0.25,-0.63
0,38,6.4,-8.86,-2.58,0,0.25,-0.63
0,38,6.4,-8.86,-2.58,0,0.2,-0.66
0,38,6.92,-8.3,-3.1,0,0.17,-0.66
0,38,6.92,-8.3,-3.1,0,0.17,-0.66
0,38,6.92,-8.3,-3.1,0,0.17,-0.62
0,38,7.13,-7.98,-3.68,0,0.19,-0.58
0,38,7.13,-7.98,-3.68,0,0.19,-0.58
0,38,6.79,-7.76,-3.89,0,0.24,-0.57
0,38,6.79,-7.76,-3.89,0,0.31,-0.58
0,38,6.79,-7.76,-3.89,0,0.31,-0.58
0,38,6.92,-7.39,-3.63,0,0.37,-0.56
0,38,6.92,-7.39,-3.63,0,0.41,-0.48
0,38,6.92,-7.39,-3.63,0,0.41,-0.48
0,38,6.98,-6.97,-3.41,0,0.44,-0.36
0,38,6.98,-6.97,-3.41,0,0.47,-0.33
0,38,6.98,-6.97,-3.41,0,0.47,-0.33
0,38,5.92,-6.94,-3.28,0,0.54,-0.42
0,38,5.92,-6.94,-3.28,0,0.6,-0.5
0,38,5.92,-6.94,-3.28,0,0.69,-0.57
0,38,5.87,-7.2,-3.13,0,0.69,-0.57
0,38,5.87,-7.2,-3.13,0,0.78,-0.53
0,38,5.54,-7.51,-2.59,0,0.85,-0.43
0,38,5.54,-7.51,-2.59,0,0.85,-0.43
0,38,5.54,-7.51,-2.59,0,0.89,-0.3
0,38,4.6,-7.85,-1.6,0,0.88,-0.16
0,38,4.6,-7.85,-1.6,0,0.88,-0.16
0,38,4.6,-7.85,-1.6,0,0.84,-0.06
0,38,3.88,-8.03,-0.75,0,0.76,-0.04
0,38,3.88,-8.03,-0.75,0,0.76,-0.04
0,38,3.88,-8.03,-0.75,0,0.66,-0.07
0,38,3.89,-8.1,-0.58,0,0.57,-0.16
0,38,3.89,-8.1,-0.58,0,0.57,-0.16
0,38,3.89,-8.1,-0.58,0,0.48,-0.25
0,38,4.74,-8.29,-1.24,0,0.41,-0.33
0,38,4.74,-8.29,-1.24,0,0.41,-0.33
0,38,4.74,-8.29,-1.24,0,0.38,-0.4
0,38,5.81,-8.24,-1.83,0,0.38,-0.47
0,38,5.81,-8.24,-1.83,0,0.38,-0.47
0,38,6.52,-8.35,-2.02,0,0.38,-0.53
0,39,6.52,-8.35,-2.02,0,0.41,-0.55
0,39,6.52,-8.35,-2.02,0,0.41,-0.55
0,39,6.34,-8.3,-1.64,0,0.41,-0.53
0,39,6.34,-8.3,-1.64,0,0.39,-0.54
0,39,6.34,-8.3,-1.64,0,0.39,-0.54
0,39,5.6,-8.25,-1.36,0,0.36,-0.6
0,39,5.6,-8.25,-1.36,0,0.35,-0.67
0,39,5.6,-8.25,-1.36,0,0.34,-0.75
0,39,5.3,-8.3,-1.35,0,0.34,-0.75
0,39,5.3,-8.3,-1.35,0,0.34,-0.8
0,39,5.19,-8.39,-1.22,0,0.35,-0.81
0,39,5.19,-8.39,-1.22,0,0.35,-0.81
0,39,5.19,-8.39,-1.22,0,0.34,-0.79
0,39,4.75,-8.33,-0.96,0,0.33,-0.77
0,39,4.75,-8.33,-0.96,0,0.33,-0.77
0,39,4.75,-8.33,-0.96,0,0.32,-0.73
0,39,4.42,-8.4,-0.91,0,0.31,-0.7
0,39,4.42,-8.4,-0.91,0,0.31,-0.7
0,39,4.42,-8.4,-0.91,0,0.29,-0.66
0,39,4.14,-8.21,-0.84,0,0.28,-0.62
0,39,4.14,-8.21,-0.84,0,0.28,-0.62
0,39,4.14,-8.21,-0.84,0,0.26,-0.6
0,39,3.98,-7.93,-0.93,0,0.24,-0.59
0,39,3.98,-7.93,-0.93,0,0.24,-0.59
0,39,3.73,-7.99,-1.14,0,0.22,-0.58
0,39,3.73,-7.99,-1.14,0,0.22,-0.59
0,39,3.73,-7.99,-1.14,0,0.22,-0.59
0,39,3.74,-7.98,-1.46,0,0.22,-0.59
0,39,3.74,-7.98,-1.46,0,0.23,-0.57
0,39,3.74,-7.98,-1.46,0,0.23,-0.57
0,39,3.54,-7.91,-1.84,0,0.24,-0.54
0,39,3.54,-7.91,-1.84,0,0.25,-0.5
0,39,3.54,-7.91,-1.84,0,0.25,-0.5
0,39,3.27,-7.95,-1.94,0,0.27,-0.46
0,39,3.27,-7.95,-1.94,0,0.29,-0.45
0,39,3.27,-7.95,-1.94,0,0.29,-0.45
0,39,2.79,-8.01,-2.06,0,0.31,-0.44
0,39,2.79,-8.01,-2.06,0,0.33,-0.4
0,39,2.79,-8.01,-2.06,0,0.36,-0.31
0,39,3.07,-8.03,-1.95,0,0.36,-0.31
0,39,3.07,-8.03,-1.95,0,0.39,-0.19
0,39,3.24,-8.2,-1.54,0,0.39,-0.08
0,39,3.24,-8.2,-1.54,0,0.39,-0.08
0,39,3.24,-8.2,-1.54,0,0.37,0.03
0,39,3.45,-8.37,-1.25,0,0.35,0.09
0,39,3.45,-8.37,-1.25,0,0.35,0.09
0,39,3.45,-8.37,-1.25,0,0.33,0.14
0,39,3.92,-8.54,-1.06,0,0.32,0.17
0,39,3.92,-8.54,-1.06,0,0.32,0.17
0,39,3.92,-8.54,-1.06,0,0.29,0.19
0,39,4.33,-8.77,-0.81,0,0.26,0.21
0,39,4.33,-8.77,-0.81,0,0.26,0.21
0,39,4.33,-8.77,-0.81,0,0.23,0.22
0,39,4.4,-8.91,-0.5,0,0.17,0.23
0,39,4.4,-8.91,-0.5,0,0.17,0.23
0,39,4.4,-8.91,-0.5,0,0.13,0.22
0,39,4.59,-8.92,-0.34,0,0.11,0.22
0,39,4.59,-8.92,-0.34,0,0.11,0.22
0,39,4.83,-9.17,-0.17,0,0.11,0.2
0,39,4.83,-9.17,-0.17,0,0.13,0.18
0,39,4.83,-9.17,-0.17,0,0.13,0.18
0,39,4.92,-9.48,0.17,0,0.13,0.16
0,39,4.92,-9.48,0.17,0,0.14,0.15
0,39,4.92,-9.48,0.17,0,0.14,0.15
0,39,4.72,-9.87,0.69,0,0.14,0.16
0,39,4.72,-9.87,0.69,0,0.13,0.18
0,39,4.72,-9.87,0.69,0,0.09,0.19
0,39,4.38,-9.75,0.99,0,0.09,0.19
0,39,4.38,-9.75,0.99,0,0.05,0.18
0,39,4.38,-9.75,0.99,0,0.02,0.15
0,39,4.21,-9.82,0.59,0,0.02,0.15
0,39,4.21,-9.82,0.59,0,0.05,0.09
0,39,4.21,-9.82,0.59,0,0.05,0.09
0,39,4.23,-10.01,-0.11,0,0.15,0
0,39,4.23,-10.01,-0.11,0,0.22,-0.04
0,39,4.23,-10.01,-0.11,0,0.22,-0.04
0,39,4.27,-10.18,-0.08,0,0.32,-0.03
0,39,4.27,-10.18,-0.08,0,0.38,0.01
0,39,4.07,-10.09,0.2,0,0.38,0.01
0,39,4.07,-10.09,0.2,0,0.44,0.07
0,39,4.07,-10.09,0.2,0,0.47,0.11
0,39,3.81,-9.86,0.49,0,0.47,0.11
0,39,3.81,-9.86,0.49,0,0.51,0.12
0,39,3.81,-9.86,0.49,0,0.52,0.11
0,39,3.63,-9.61,0.63,0,0.52,0.11
0,39,3.63,-9.61,0.63,0,0.53,0.08
0,39,3.63,-9.61,0.63,0,0.54,0.05
0,39,3.75,-9.4,0.81,0,0.54,0.05
0,39,3.75,-9.4,0.81,0,0.53,-0.01
0,39,3.75,-9.4,0.81,0,0.5,-0.08
0,39,3.77,-9.18,0.68,0,0.5,-0.08
0,39,3.77,-9.18,0.68,0,0.51,-0.16
0,39,3.77,-9.18,0.68,0,0.52,-0.23
0,39,4.41,-8.42,0.7,0,0.52,-0.23
0,39,4.41,-8.42,0.7,0,0.51,-0.25
0,39,4.41,-8.42,0.7,0,0.49,-0.29
0,39,4.75,-8.03,0.49,0,0.49,-0.29
0,39,4.75,-8.03,0.49,0,0.48,-0.32
0,39,5.06,-7.81,0.06,0,0.48,-0.37
0,39,5.06,-7.81,0.06,0,0.51,-0.43
0,39,5.06,-7.81,0.06,0,0.51,-0.43
0,39,4.76,-8.21,-0.08,0,0.57,-0.48
0,39,4.76,-8.21,-0.08,0,0.6,-0.48
0,39,4.76,-8.21,-0.08,0,0.6,-0.48
0,39,4.06,-8.32,0.87,0,0.61,-0.48
0,39,4.06,-8.32,0.87,0,0.6,-0.5
0,39,4.06,-8.32,0.87,0,0.6,-0.5
0,39,2.24,-9.23,3.16,0,0.5,-0.5
0,39,2.24,-9.23,3.16,0,0.16,-0.48
0,39,3.83,-8.03,3.92,0,0.16,-0.48
0,39,3.83,-8.03,3.92,0,-0.39,-0.49
0,39,3.83,-8.03,3.92,0,-0.85,-0.54
0,39,8.91,-5.42,0.3,0,-0.85,-0.54
0,39,8.91,-5.42,0.3,0,-1.23,-0.66
0,39,8.91,-5.42,0.3,0,-1.43,-0.91
0,39,12.79,-4.54,-4.07,0,-1.43,-0.91
0,39,12.79,-4.54,-4.07,0,-1.28,-1.08
0,39,12.79,-4.54,-4.07,0,-0.88,-1.23
0,39,11.87,-5.56,-6.24,0,-0.88,-1.23
0,39,11.87,-5.56,-6.24,0,-0.2,-1.43
0,39,11.87,-5.56,-6.24,0,0.07,-1.39
0,39,10.04,-5.71,-3.4,0,0.18,-1.17
0,39,10.04,-5.71,-3.4,0,0.18,-1.17
0,39,6.64,-7.05,-1.21,0,0.19,-0.97
0,39,6.64,-7.05,-1.21,0,0.13,-0.82
0,39,6.64,-7.05,-1.21,0,0.13,-0.82
0,39,6.29,-7.17,-0.22,0,0,-0.71
0,39,6.29,-7.17,-0.22,0,-0.16,-0.62
0,39,6.29,-7.17,-0.22,0,-0.16,-0.62
0,39,8.32,-6.99,-1.26,0,-0.31,-0.48
0,39,8.32,-6.99,-1.26,0,-0.38,-0.35
0,39,8.32,-6.99,-1.26,0,-0.38,-0.35
0,39,10.29,-5.85,-2.4,0,-0.37,-0.25
0,39,10.29,-5.85,-2.4,0,-0.33,-0.19
0,39,10.29,-5.85,-2.4,0,-0.33,-0.19
0,39,11.32,-5.25,-2.55,0,-0.3,-0.17
0,39,11.32,-5.25,-2.55,0,-0.27,-0.19
0,39,11.49,-5.01,-2.2,0,-0.27,-0.19
0,39,11.49,-5.01,-2.2,0,-0.27,-0.25
0,39,11.49,-5.01,-2.2,0,-0.28,-0.32
0,39,10.99,-5.17,-2.37,0,-0.28,-0.32
0,39,10.99,-5.17,-2.37,0,-0.3,-0.4
0,39,10.99,-5.17,-2.37,0,-0.3,-0.45
0,39,10.47,-5.06,-2.55,0,-0.3,-0.45
0,39,10.47,-5.06,-2.55,0,-0.29,-0.52
0,39,10.47,-5.06,-2.55,0,-0.28,-0.54
0,39,9.71,-5.34,-2.75,0,-0.28,-0.54
0,39,9.71,-5.34,-2.75,0,-0.25,-0.55
0,39,9.71,-5.34,-2.75,0,-0.23,-0.55
0,39,8.89,-5.52,-2.66,0,-0.23,-0.55
0,39,8.89,-5.52,-2.66,0,-0.19,-0.54
0,39,8.89,-5.52,-2.66,0,-0.17,-0.51
0,40,8.64,-5.59,-2.77,0,-0.17,-0.51
0,40,8.64,-5.59,-2.77,0,-0.15,-0.43
0,40,8.64,-5.59,-2.77,0,-0.13,-0.37
0,40,8.4,-5.68,-3.05,0,-0.13,-0.37
0,40,8.4,-5.68,-3.05,0,-0.06,-0.29
0,40,7.49,-5.79,-3.05,0,-0.02,-0.24
0,40,7.49,-5.79,-3.05,0,-0.02,-0.24
0,40,7.49,-5.79,-3.05,0,0.05,-0.24
0,40,7.27,-5.69,-2.9,0,0.08,-0.23
0,40,7.27,-5.69,-2.9,0,0.08,-0.23
0,40,7.27,-5.69,-2.9,0,0.12,-0.22
0,40,6.96,-5.79,-2.84,0,0.17,-0.21
0,40,6.96,-5.79,-2.84,0,0.17,-0.21
0,40,6.96,-5.79,-2.84,0,0.24,-0.19
0,40,6.36,-5.9,-2.94,0,0.28,-0.15
0,40,6.36,-5.9,-2.94,0,0.33,-0.07
0,40,6.36,-5.9,-2.94,0,0.33,-0.07
0,40,6.23,-6.12,-2.65,0,0.39,0.01
0,40,6.23,-6.12,-2.65,0,0.44,0.09
0,40,6.23,-6.12,-2.65,0,0.44,0.09
0,40,6.01,-6.16,-2,0,0.46,0.15
0,40,6.01,-6.16,-2,0,0.46,0.18
0,40,6.01,-6.16,-2,0,0.46,0.18
0,40,5.41,-6.29,-1.45,0,0.42,0.15
0,40,5.41,-6.29,-1.45,0,0.42,0.15
0,40,5.41,-6.29,-1.45,0,0.37,0.1
0,40,5.8,-6.19,-1.33,0,0.34,0.08
0,40,5.8,-6.19,-1.33,0,0.34,0.08
0,40,6.03,-6.21,-1.17,0,0.33,0.1
0,40,6.03,-6.21,-1.17,0,0.3,0.11
0,40,6.03,-6.21,-1.17,0,0.3,0.11
0,40,5.92,-6.43,-0.88,0,0.25,0.09
0,40,5.92,-6.43,-0.88,0,0.21,0.06
0,40,5.92,-6.43,-0.88,0,0.21,0.06
0,40,5.4,-6.73,-0.76,0,0.18,0.01
0,40,5.4,-6.73,-0.76,0,0.16,-0.03
0,40,5.4,-6.73,-0.76,0,0.16,-0.03
0,40,5,-7.01,-0.54,0,0.12,-0.06
0,40,5,-7.01,-0.54,0,0.08,-0.07
0,40,5,-7.01,-0.54,0,0.04,-0.08
0,40,4.3,-7.44,-0.47,0,0.04,-0.08
0,40,4.3,-7.44,-0.47,0,0,-0.1
0,40,4.3,-7.44,-0.47,0,-0.03,-0.13
0,40,4.02,-7.77,-0.5,0,-0.03,-0.13
0,40,4.02,-7.77,-0.5,0,-0.05,-0.17
0,40,4.22,-7.91,-0.58,0,-0.06,-0.22
0,40,4.22,-7.91,-0.58,0,-0.06,-0.22
0,40,4.22,-7.91,-0.58,0,-0.06,-0.27
0,40,4.46,-7.9,-0.8,0,-0.05,-0.33
0,40,4.46,-7.9,-0.8,0,-0.05,-0.33
0,40,4.46,-7.9,-0.8,0,-0.03,-0.38
0,40,4.55,-7.95,-1.08,0,-0.01,-0.44
0,40,4.55,-7.95,-1.08,0,-0.01,-0.44
0,40,4.55,-7.95,-1.08,0,0.04,-0.48
0,40,4.58,-8.09,-1.47,0,0.11,-0.51
0,40,4.58,-8.09,-1.47,0,0.11,-0.51
0,40,4.58,-8.09,-1.47,0,0.18,-0.48
0,40,4.48,-7.87,-1.15,0,0.21,-0.46
0,40,4.48,-7.87,-1.15,0,0.21,-0.46
0,40,4.48,-7.87,-1.15,0,0.27,-0.49
0,40,4.93,-7.97,-1.63,0,0.31,-0.52
0,40,4.93,-7.97,-1.63,0,0.31,-0.52
0,40,4.93,-7.97,-1.63,0,0.34,-0.53
0,40,6.19,-7.97,-2.21,0,0.38,-0.52
0,40,6.19,-7.97,-2.21,0,0.38,-0.52
0,40,7.26,-7.82,-2.9,0,0.45,-0.5
0,40,7.26,-7.82,-2.9,0,0.53,-0.49
0,40,7.26,-7.82,-2.9,0,0.53,-0.49
0,40,9.46,-7.63,-3.59,0,0.6,-0.5
0,40,9.46,-7.63,-3.59,0,0.69,-0.51
0,40,9.46,-7.63,-3.59,0,0.69,-0.51
0,40,11.61,-6.44,-3.86,0,0.78,-0.56
0,40,11.61,-6.44,-3.86,0,0.91,-0.69
0,40,11.61,-6.44,-3.86,0,0.91,-0.69
0,40,9.58,-6.7,-2.82,0,1.06,-0.92
0,40,9.58,-6.7,-2.82,0,1.11,-1.12
0,40,9.58,-6.7,-2.82,0,1.11,-1.12
0,40,5.79,-8.76,-0.95,0,1.09,-1.25
0,40,5.79,-8.76,-0.95,0,0.96,-1.15
0,40,5.79,-8.76,-0.95,0,0.96,-1.15
0,40,5.74,-9.89,-0.14,0,0.65,-0.76
0,40,5.74,-9.89,-0.14,0,0.29,-0.24
0,40,7.01,-9.72,-0.47,0,0.29,-0.24
0,40,7.01,-9.72,-0.47,0,-0.21,0.44
0,40,7.01,-9.72,-0.47,0,-0.48,0.74
0,40,7.84,-8.89,-2.15,0,-0.48,0.74
0,40,7.84,-8.89,-2.15,0,-0.67,0.83
0,40,7.84,-8.89,-2.15,0,-0.71,0.74
0,40,8.8,-8.3,-3.28,0,-0.71,0.74
0,40,8.8,-8.3,-3.28,0,-0.68,0.52
0,40,8.8,-8.3,-3.28,0,-0.68,0.38
0,40,9.49,-8.26,-4.16,0,-0.66,0.28
0,40,9.49,-8.26,-4.16,0,-0.66,0.28
0,40,4.75,-6.98,-1.96,0,0.43,-0.09
0,40,5.26,-8.15,-2.14,0,0.39,0.18
0,41,4.41,-8.37,0.12,0,0.09,0.15
0,41,3.33,-8.61,0.59,0,-0.32,0.05
0,41,3.32,-9.2,-0.23,0,-0.49,-0.24
0,41,3.04,-9.8,-0.23,0,-0.48,-0.28
0,41,3.04,-9.8,-0.23,0,-0.48,-0.28
0,41,2.32,-10.11,-0.35,0,-0.46,-0.32
0,41,2.32,-10.11,-0.35,0,-0.44,-0.37
0,41,2.32,-10.11,-0.35,0,-0.44,-0.37
0,41,1.56,-10.42,-0.58,0,-0.39,-0.44
0,41,1.56,-10.42,-0.58,0,-0.36,-0.49
0,41,1.56,-10.42,-0.58,0,-0.36,-0.49
0,41,1.44,-10.39,-0.52,0,-0.34,-0.53
0,41,1.44,-10.39,-0.52,0,-0.34,-0.51
0,41,1.44,-10.39,-0.52,0,-0.34,-0.51
0,41,2.15,-10.03,-0.85,0,-0.36,-0.46
0,41,2.15,-10.03,-0.85,0,-0.4,-0.36
0,41,2.15,-10.03,-0.85,0,-0.4,-0.36
0,41,3.13,-9.8,-1.65,0,-0.43,-0.25
0,41,3.13,-9.8,-1.65,0,-0.43,-0.25
0,41,3.13,-9.8,-1.65,0,-0.43,-0.16
0,41,4.23,-9.02,-2.24,0,-0.4,-0.13
0,41,4.23,-9.02,-2.24,0,-0.4,-0.13
0,41,4.23,-9.02,-2.24,0,-0.4,-0.11
0,41,5.69,-9,-3.33,0,-0.39,-0.13
0,41,5.69,-9,-3.33,0,-0.39,-0.13
0,41,5.69,-9,-3.33,0,-0.29,-0.25
0,41,7.63,-8.67,-4.82,0,-0.18,-0.39
0,41,7.63,-8.67,-4.82,0,-0.18,-0.39
0,41,7.63,-8.67,-4.82,0,0.06,-0.65
0,41,8.78,-9.52,-5.66,0,0.31,-0.77
0,41,8.78,-9.52,-5.66,0,0.31,-0.77
0,41,8.78,-9.52,-5.66,0,0.54,-0.85
0,41,6.58,-10.03,-3.14,0,0.59,-0.85
0,41,6.58,-10.03,-3.14,0,0.57,-0.79
0,41,6.1,-9.8,-1,0,0.57,-0.79
0,41,6.1,-9.8,-1,0,0.35,-0.66
0,41,6.1,-9.8,-1,0,0.04,-0.64
0,41,5.95,-8.89,-1.68,0,0.04,-0.64
0,41,5.95,-8.89,-1.68,0,-0.15,-0.78
0,41,5.95,-8.89,-1.68,0,-0.19,-1
0,41,8.22,-6.58,-4.38,0,-0.19,-1
0,41,8.22,-6.58,-4.38,0,-0.14,-1.21
0,41,8.22,-6.58,-4.38,0,-0.03,-1.38
0,41,10.73,-5.35,-6.15,0,-0.03,-1.38
0,41,10.73,-5.35,-6.15,0,0.06,-1.48
0,41,10.73,-5.35,-6.15,0,0.14,-1.49
0,41,13.2,-3.12,-7.23,0,0.14,-1.49
0,41,13.2,-3.12,-7.23,0,0.23,-1.46
0,41,13.2,-3.12,-7.23,0,0.45,-1.49
0,41,12.36,-3.5,-8.07,0,0.45,-1.49
0,41,12.36,-3.5,-8.07,0,0.71,-1.49
0,41,12.36,-3.5,-8.07,0,0.93,-1.38
0,41,10.93,-4.79,-6.74,0,0.93,-1.38
0,41,10.93,-4.79,-6.74,0,1.08,-1.08
0,41,10.61,-5.53,-4.99,0,1.11,-0.65
0,41,10.61,-5.53,-4.99,0,1.11,-0.65
0,41,10.61,-5.53,-4.99,0,1.06,-0.16
0,41,11.57,-5.09,-3.29,0,0.95,0.26
0,41,11.57,-5.09,-3.29,0,0.95,0.26
0,41,11.57,-5.09,-3.29,0,0.79,0.52
0,41,12.79,-3.53,-2.55,0,0.65,0.6
0,41,12.79,-3.53,-2.55,0,0.65,0.6
0,41,12.79,-3.53,-2.55,0,0.5,0.51
0,41,13.82,-2.15,-2.26,0,0.34,0.29
0,41,13.82,-2.15,-2.26,0,0.34,0.29
0,41,13.82,-2.15,-2.26,0,0.22,-0.01
0,42,13.75,-2.65,-2.77,0,0.14,-0.32
0,42,13.75,-2.65,-2.77,0,0.14,-0.32
0,42,13.75,-2.65,-2.77,0,0.07,-0.58
0,42,12.43,-3.17,-2.94,0,0.01,-0.71
0,42,12.43,-3.17,-2.94,0,0.01,-0.71
0,42,10.46,-3.56,-2.94,0,-0.07,-0.71
0,42,10.46,-3.56,-2.94,0,-0.16,-0.68
0,42,10.46,-3.56,-2.94,0,-0.16,-0.68
0,42,8.8,-4.07,-3.35,0,-0.21,-0.64
0,42,8.8,-4.07,-3.35,0,-0.22,-0.59
0,42,8.8,-4.07,-3.35,0,-0.22,-0.59
0,42,7.87,-4.32,-3.51,0,-0.21,-0.53
0,42,7.87,-4.32,-3.51,0,-0.22,-0.41
0,42,7.87,-4.32,-3.51,0,-0.22,-0.41
0,42,8.84,-3.87,-4,0,-0.25,-0.15
0,42,8.84,-3.87,-4,0,-0.26,0.1
0,42,8.84,-3.87,-4,0,-0.26,0.1
0,42,9.56,-4.05,-4.75,0,-0.21,0.39
0,42,9.56,-4.05,-4.75,0,-0.17,0.6
0,42,9.56,-4.05,-4.75,0,-0.17,0.6
0,42,9.81,-4.01,-4.75,0,-0.12,0.8
0,42,9.81,-4.01,-4.75,0,-0.09,0.91
0,42,10.07,-3.97,-4.4,0,-0.09,0.91
0,42,10.07,-3.97,-4.4,0,-0.04,1
0,42,10.07,-3.97,-4.4,0,-0.01,1.04
0,42,10.07,-4.06,-3.73,0,-0.01,1.04
0,42,10.07,-4.06,-3.73,0,0.01,1.07
0,42,10.07,-4.06,-3.73,0,0.01,1.08
0,42,9.21,-4.12,-2.8,0,0.01,1.08
0,42,9.21,-4.12,-2.8,0,-0.02,1.06
0,42,9.21,-4.12,-2.8,0,-0.04,1.02
0,42,8.1,-4.22,-2.02,0,-0.04,1.02
0,42,8.1,-4.22,-2.02,0,-0.06,0.93
0,42,8.1,-4.22,-2.02,0,-0.1,0.89
0,42,7.42,-4.25,-1.24,0,-0.1,0.89
0,42,7.42,-4.25,-1.24,0,-0.17,0.83
0,42,7.42,-4.25,-1.24,0,-0.23,0.79
0,42,6.61,-4.83,-0.79,0,-0.23,0.79
0,42,6.61,-4.83,-0.79,0,-0.28,0.76
0,42,6.61,-4.83,-0.79,0,-0.34,0.73
0,42,5.82,-5.38,-0.22,0,-0.34,0.73
0,42,5.82,-5.38,-0.22,0,-0.42,0.71
0,42,5.82,-5.38,-0.22,0,-0.47,0.68
0,42,5.24,-5.8,0,0,-0.47,0.68
0,42,5.24,-5.8,0,0,-0.54,0.66
0,42,5.31,-6.09,-0.36,0,-0.59,0.66
0,42,5.31,-6.09,-0.36,0,-0.59,0.66
0,42,5.31,-6.09,-0.36,0,-0.6,0.68
0,42,5.63,-6.41,-0.5,0,-0.6,0.71
0,42,5.63,-6.41,-0.5,0,-0.6,0.71
0,42,5.63,-6.41,-0.5,0,-0.58,0.73
0,42,5.45,-6.74,-0.26,0,-0.57,0.74
0,42,5.45,-6.74,-0.26,0,-0.57,0.72
0,42,5.45,-6.74,-0.26,0,-0.57,0.72
0,42,5.12,-7.08,0,0,-0.58,0.69
0,42,5.12,-7.08,0,0,-0.6,0.63
0,42,5.12,-7.08,0,0,-0.6,0.63
0,42,5.1,-7.61,-0.47,0,-0.59,0.57
0,42,5.1,-7.61,-0.47,0,-0.57,0.52
0,42,5.57,-7.84,-1,0,-0.57,0.52
0,42,5.57,-7.84,-1,0,-0.54,0.5
0,42,5.57,-7.84,-1,0,-0.51,0.47
0,42,5.71,-7.74,-1.46,0,-0.51,0.47
0,42,5.71,-7.74,-1.46,0,-0.48,0.41
0,42,5.71,-7.74,-1.46,0,-0.44,0.32
0,42,5.54,-8.03,-2.27,0,-0.44,0.32
0,42,5.54,-8.03,-2.27,0,-0.33,0.2
0,42,5.54,-8.03,-2.27,0,-0.23,0.13
0,42,5.69,-8.13,-2.93,0,-0.23,0.13
0,42,5.69,-8.13,-2.93,0,-0.11,0.08
0,42,5.69,-8.13,-2.93,0,0,0.06
0,42,5.08,-8.24,-3.19,0,0,0.06
0,42,5.08,-8.24,-3.19,0,0.13,0.06
0,42,5.08,-8.24,-3.19,0,0.22,0.05
0,42,4.79,-8,-3.07,0,0.22,0.05
0,42,4.79,-8,-3.07,0,0.33,0.03
0,42,4.74,-7.91,-2.9,0,0.41,-0.02
0,42,4.74,-7.91,-2.9,0,0.41,-0.02
0,42,4.74,-7.91,-2.9,0,0.53,-0.06
0,42,4.57,-7.69,-2.37,0,0.59,-0.1
0,42,4.57,-7.69,-2.37,0,0.59,-0.1
0,42,4.57,-7.69,-2.37,0,0.65,-0.12
0,42,4.31,-7.25,-1.84,0,0.69,-0.13
0,42,4.31,-7.25,-1.84,0,0.74,-0.16
0,42,4.31,-7.25,-1.84,0,0.74,-0.16
0,42,3.66,-7.17,-1.57,0,0.79,-0.23
0,42,3.66,-7.17,-1.57,0,0.87,-0.31
0,42,3.66,-7.17,-1.57,0,0.87,-0.31
0,42,3.59,-6.89,-0.84,0,0.96,-0.38
0,42,3.59,-6.89,-0.84,0,1.02,-0.45
0,42,3.59,-6.89,-0.84,0,1.02,-0.45
0,42,3.16,-6.79,-0.23,0,1.01,-0.52
0,42,3.16,-6.79,-0.23,0,1,-0.59
0,42,2.82,-7.21,0.23,0,1,-0.59
0,42,2.82,-7.21,0.23,0,0.98,-0.63
0,42,2.82,-7.21,0.23,0,0.97,-0.67
0,42,2.83,-7.49,0.47,0,0.97,-0.67
0,42,2.83,-7.49,0.47,0,0.95,-0.67
0,42,2.83,-7.49,0.47,0,0.94,-0.67
0,42,2.59,-7.54,0.79,0,0.94,-0.67
0,42,2.59,-7.54,0.79,0,0.89,-0.66
0,42,2.59,-7.54,0.79,0,0.85,-0.67
0,42,2.52,-7.81,0.74,0,0.85,-0.67
0,42,2.52,-7.81,0.74,0,0.81,-0.68
0,42,2.52,-7.81,0.74,0,0.81,-0.68
0,42,3.13,-7.94,0.55,0,0.81,-0.68
0,42,3.13,-7.94,0.55,0,0.81,-0.68
0,42,3.54,-8.14,0.55,0,0.81,-0.66
0,42,3.54,-8.14,0.55,0,0.81,-0.66
0,42,3.54,-8.14,0.55,0,0.79,-0.66
0,42,4,-8.51,0.57,0,0.78,-0.69
0,42,4,-8.51,0.57,0,0.78,-0.69
0,42,4,-8.51,0.57,0,0.74,-0.69
0,42,4.75,-8.92,0.46,0,0.69,-0.65
0,42,4.75,-8.92,0.46,0,0.69,-0.65
0,42,4.75,-8.92,0.46,0,0.63,-0.58
0,42,5.36,-9.02,-0.21,0,0.58,-0.49
0,42,5.36,-9.02,-0.21,0,0.58,-0.49
0,42,5.36,-9.02,-0.21,0,0.55,-0.45
0,42,5.71,-8.6,-0.59,0,0.5,-0.49
0,42,5.71,-8.6,-0.59,0,0.5,-0.49
0,42,5.71,-8.6,-0.59,0,0.49,-0.61
0,42,6.88,-8.39,-1.17,0,0.52,-0.79
0,42,6.88,-8.39,-1.17,0,0.52,-0.79
0,42,6.88,-8.39,-1.17,0,0.59,-0.97
0,42,6.64,-8.59,-1.31,0,0.59,-0.97
0,42,6.64,-8.59,-1.31,0,0.7,-1.14
0,42,6.64,-8.59,-1.31,0,0.78,-1.22
0,42,2.52,-11.26,0.3,0,0.78,-1.22
0,42,2.52,-11.26,0.3,0,0.78,-1.26
0,42,2.52,-11.26,0.3,0,0.62,-1.16
0,42,3.25,-11.06,1.92,0,0.62,-1.16
0,42,3.25,-11.06,1.92,0,0.24,-0.9
0,42,3.25,-11.06,1.92,0,-0.13,-0.66
0,42,5.97,-9.7,0.6,0,-0.13,-0.66
0,42,5.97,-9.7,0.6,0,-0.45,-0.44
0,42,5.97,-9.7,0.6,0,-0.57,-0.38
0,42,7.6,-8.65,-1.97,0,-0.57,-0.38
0,42,7.6,-8.65,-1.97,0,-0.55,-0.42
0,42,7.69,-8.85,-3.08,0,-0.45,-0.49
0,42,7.69,-8.85,-3.08,0,-0.45,-0.49
0,42,7.69,-8.85,-3.08,0,-0.33,-0.58
0,42,7.04,-9.47,-2.66,0,-0.25,-0.62
0,42,7.04,-9.47,-2.66,0,-0.25,-0.62
0,42,7.04,-9.47,-2.66,0,-0.23,-0.59
0,42,7.1,-9.39,-1.58,0,-0.3,-0.51
0,42,7.1,-9.39,-1.58,0,-0.3,-0.51
0,42,7.1,-9.39,-1.58,0,-0.4,-0.45
0,42,6.74,-8.99,-1.77,0,-0.48,-0.47
0,42,6.74,-8.99,-1.77,0,-0.48,-0.47
0,42,6.74,-8.99,-1.77,0,-0.54,-0.57
0,42,6.56,-8.56,-2.64,0,-0.54,-0.69
0,42,6.56,-8.56,-2.64,0,-0.54,-0.69
0,43,6.56,-8.56,-2.64,0,-0.5,-0.81
0,43,6.14,-8.31,-3.38,0,-0.45,-0.87
0,43,6.14,-8.31,-3.38,0,-0.45,-0.87
0,43,5.71,-8.41,-3.54,0,-0.41,-0.85
0,43,5.71,-8.41,-3.54,0,-0.36,-0.8
0,43,5.71,-8.41,-3.54,0,-0.36,-0.8
0,43,5.09,-8.3,-3.41,0,-0.3,-0.7
0,43,5.09,-8.3,-3.41,0,-0.26,-0.63
0,43,5.09,-8.3,-3.41,0,-0.23,-0.56
0,43,4.78,-8.01,-3.57,0,-0.23,-0.56
0,43,4.78,-8.01,-3.57,0,-0.2,-0.51
0,43,4.78,-8.01,-3.57,0,-0.13,-0.47
0,43,4.9,-7.7,-4.03,0,-0.13,-0.47
0,43,4.9,-7.7,-4.03,0,-0.06,-0.43
0,43,4.9,-7.7,-4.03,0,0.05,-0.39
0,43,4.89,-7.56,-4.25,0,0.05,-0.39
0,43,4.89,-7.56,-4.25,0,0.16,-0.35
0,43,4.89,-7.56,-4.25,0,0.26,-0.29
0,43,4.68,-7.38,-3.74,0,0.26,-0.29
0,43,4.68,-7.38,-3.74,0,0.33,-0.22
0,43,4.68,-7.38,-3.74,0,0.37,-0.15
0,43,4.07,-7.13,-2.96,0,0.37,-0.15
0,43,4.07,-7.13,-2.96,0,0.39,-0.08
0,43,3.76,-6.81,-2.18,0,0.39,-0.04
0,43,3.76,-6.81,-2.18,0,0.39,-0.04
0,43,3.76,-6.81,-2.18,0,0.34,-0.01
0,43,3.28,-7.09,-1.94,0,0.31,-0.03
0,43,3.28,-7.09,-1.94,0,0.31,-0.03
0,43,3.28,-7.09,-1.94,0,0.29,-0.06
0,43,3.51,-7.14,-1.82,0,0.27,-0.06
0,43,3.51,-7.14,-1.82,0,0.27,-0.06
0,43,3.51,-7.14,-1.82,0,0.24,-0.03
0,43,3.76,-7.3,-1.82,0,0.18,0.01
0,43,3.76,-7.3,-1.82,0,0.18,0.01
0,43,3.76,-7.3,-1.82,0,0.15,0.05
0,43,4.08,-7.64,-1.75,0,0.12,0.07
0,43,4.08,-7.64,-1.75,0,0.12,0.07
0,43,4.33,-8.04,-1.64,0,0.08,0.1
0,43,4.33,-8.04,-1.64,0,0.05,0.13
0,43,4.33,-8.04,-1.64,0,0.05,0.13
0,43,4.85,-8.2,-1.46,0,0.03,0.2
0,43,4.85,-8.2,-1.46,0,0,0.25
0,43,4.85,-8.2,-1.46,0,0,0.25
0,43,5.4,-8.39,-1.53,0,-0.05,0.33
0,43,5.4,-8.39,-1.53,0,-0.08,0.35
0,43,5.4,-8.39,-1.53,0,-0.08,0.35
0,43,6.03,-8.23,-2.08,0,-0.1,0.32
0,43,6.03,-8.23,-2.08,0,-0.07,0.26
0,43,6.03,-8.23,-2.08,0,-0.07,0.26
0,43,7.42,-8.45,-2.68,0,0.01,0.14
0,43,7.42,-8.45,-2.68,0,0.11,0.07
0,43,7.42,-8.45,-2.68,0,0.11,0.07
0,43,7.41,-8.99,-2.32,0,0.22,-0.01
0,43,7.41,-8.99,-2.32,0,0.27,-0.03
0,43,7.41,-8.99,-2.32,0,0.27,-0.03
0,43,6.64,-9.41,-1.37,0,0.3,-0.01
0,43,6.64,-9.41,-1.37,0,0.31,0.01
0,43,5.92,-9.41,-0.91,0,0.31,0.01
0,43,5.92,-9.41,-0.91,0,0.31,0.04
0,43,5.92,-9.41,-0.91,0,0.3,0.05
0,43,5.99,-9.34,-0.69,0,0.3,0.05
0,43,5.99,-9.34,-0.69,0,0.28,0.06
0,43,5.99,-9.34,-0.69,0,0.28,0.08
0,43,6.23,-9.25,-0.82,0,0.28,0.08
0,43,6.23,-9.25,-0.82,0,0.26,0.09
0,43,6.23,-9.25,-0.82,0,0.25,0.06
0,43,5.95,-9.35,-0.74,0,0.25,0.06
0,43,5.95,-9.35,-0.74,0,0.21,0
0,43,5.95,-9.35,-0.74,0,0.18,-0.04
0,43,6.22,-9.22,-0.98,0,0.18,-0.04
0,43,6.22,-9.22,-0.98,0,0.14,-0.05
0,43,6.22,-9.22,-0.98,0,0.14,-0.02
0,43,7.6,-8.52,-0.86,0,0.14,-0.02
0,43,7.6,-8.52,-0.86,0,0.04,0.05
0,43,7.6,-8.52,-0.86,0,-0.01,0.12
0,43,7.55,-8.8,-2.32,0,-0.01,0.12
0,43,7.55,-8.8,-2.32,0,0.05,0.23
0,43,6.31,-9.72,-1.78,0,0.14,0.28
0,43,6.31,-9.72,-1.78,0,0.22,0.34
0,43,6.31,-9.72,-1.78,0,0.22,0.34
0,43,5.9,-9.63,-0.45,0,0.19,0.43
0,43,5.9,-9.63,-0.45,0,0.05,0.59
0,43,5.9,-9.63,-0.45,0,0.05,0.59
0,43,6.84,-8.85,-0.2,0,-0.18,0.78
0,43,6.84,-8.85,-0.2,0,-0.41,0.87
0,43,6.84,-8.85,-0.2,0,-0.41,0.87
0,43,8.72,-7.32,-1.02,0,-0.64,0.86
0,43,8.72,-7.32,-1.02,0,-0.86,0.85
0,43,8.72,-7.32,-1.02,0,-0.86,0.85
0,43,11.11,-5.97,-2.9,0,-1.02,0.85
0,43,11.11,-5.97,-2.9,0,-1.08,0.84
0,43,10.94,-5.47,-4.14,0,-1.08,0.84
0,43,10.94,-5.47,-4.14,0,-1,0.78
0,43,10.94,-5.47,-4.14,0,-0.82,0.72
0,43,9.84,-5.85,-4.36,0,-0.82,0.72
0,43,9.84,-5.85,-4.36,0,-0.49,0.65
0,43,9.84,-5.85,-4.36,0,-0.25,0.63
0,43,8.49,-5.89,-3.28,0,-0.25,0.63
0,43,8.49,-5.89,-3.28,0,-0.01,0.64
0,43,8.49,-5.89,-3.28,0,0.07,0.65
0,43,7.37,-5.63,-1.75,0,0.07,0.65
0,43,7.37,-5.63,-1.75,0,0.09,0.66
0,43,7.37,-5.63,-1.75,0,0.03,0.64
0,43,5.97,-6.03,-0.89,0,0.03,0.64
0,43,5.97,-6.03,-0.89,0,-0.06,0.56
0,43,5.97,-6.03,-0.89,0,-0.12,0.49
0,43,5.29,-6.37,-0.89,0,-0.12,0.49
0,43,5.29,-6.37,-0.89,0,-0.18,0.44
0,43,5.22,-6.32,-0.91,0,-0.22,0.43
0,43,5.22,-6.32,-0.91,0,-0.22,0.43
0,43,5.22,-6.32,-0.91,0,-0.29,0.39
0,43,5.28,-6.05,-1.08,0,-0.33,0.34
0,43,5.28,-6.05,-1.08,0,-0.33,0.34
0,43,5.28,-6.05,-1.08,0,-0.35,0.23
0,43,5.09,-6.01,-0.86,0,-0.35,0.1
0,43,5.09,-6.01,-0.86,0,-0.35,0.1
0,43,5.09,-6.01,-0.86,0,-0.38,-0.12
0,43,5.52,-6.03,-1.24,0,-0.36,-0.19
0,43,5.52,-6.03,-1.24,0,-0.36,-0.19
0,43,5.52,-6.03,-1.24,0,-0.26,-0.14
0,43,5.3,-6.15,-1.5,0,-0.18,-0.1
0,43,5.3,-6.15,-1.5,0,-0.15,-0.09
0,43,5.3,-6.15,-1.5,0,-0.15,-0.09
0,43,5.07,-5.68,-1.26,0,-0.16,-0.08
0,43,5.07,-5.68,-1.26,0,-0.15,-0.05
0,43,4.88,-6.23,-1.48,0,-0.15,-0.05
0,43,4.88,-6.23,-1.48,0,-0.13,0.01
0,43,4.88,-6.23,-1.48,0,-0.08,0.07
0,43,4.88,-6.05,-1.45,0,-0.08,0.07
0,43,4.88,-6.05,-1.45,0,-0.04,0.1
0,43,4.88,-6.05,-1.45,0,0.04,0.13
0,43,5.58,-6.04,-1.71,0,0.04,0.13
0,43,5.58,-6.04,-1.71,0,0.15,0.15
0,43,5.58,-6.04,-1.71,0,0.27,0.13
0,43,6.24,-5.67,-1.69,0,0.27,0.13
0,43,6.24,-5.67,-1.69,0,0.36,0.1
0,43,6.24,-5.67,-1.69,0,0.42,0.02
0,43,6.81,-5.91,-1.35,0,0.42,0.02
0,43,6.81,-5.91,-1.35,0,0.47,-0.1
0,43,6.81,-5.91,-1.35,0,0.47,-0.1
0,43,7.59,-5.8,-1.2,0,0.51,-0.26
0,43,7.59,-5.8,-1.2,0,0.54,-0.38
0,43,7.59,-5.8,-1.2,0,0.54,-0.38
0,43,7.35,-6.65,-1.5,0,0.59,-0.5
0,43,7.35,-6.65,-1.5,0,0.67,-0.56
0,43,7.35,-6.65,-1.5,0,0.67,-0.56
0,43,7.14,-7.1,-1.8,0,0.77,-0.52
0,43,7.14,-7.1,-1.8,0,0.84,-0.4
0,43,7.14,-7.1,-1.8,0,0.84,-0.4
0,43,6.35,-7.86,-1.56,0,0.91,-0.23
0,43,6.35,-7.86,-1.56,0,0.97,-0.09
0,43,6.35,-7.86,-1.56,0,0.97,-0.09
0,43,5.97,-8.15,-1.06,0,0.99,0
0,43,5.97,-8.15,-1.06,0,0.99,0
0,44,5.97,-8.15,-1.06,0,0.97,0.07
0,44,6.59,-8.37,-0.83,0,0.96,0.12
0,44,6.59,-8.37,-0.83,0,0.96,0.12
0,44,6.59,-8.37,-0.83,0,0.91,0.21
0,44,8.37,-7.92,-0.74,0,0.89,0.27
0,44,8.37,-7.92,-0.74,0,0.89,0.27
0,44,10.09,-7.97,-0.66,0,0.9,0.27
0,44,10.09,-7.97,-0.66,0,0.95,0.25
0,44,10.09,-7.97,-0.66,0,0.98,0.18
0,44,9.84,-7.69,-0.01,0,0.98,0.18
0,44,9.84,-7.69,-0.01,0,1,0.08
0,44,9.84,-7.69,-0.01,0,1.02,-0.08
0,44,6.32,-8.95,0.58,0,1.02,-0.08
0,44,6.32,-8.95,0.58,0,1.03,-0.3
0,44,6.32,-8.95,0.58,0,1.01,-0.53
0,44,4.16,-9.62,0.98,0,1.01,-0.53
0,44,4.16,-9.62,0.98,0,0.96,-0.67
0,44,4.16,-9.62,0.98,0,0.87,-0.7
0,44,5.49,-9.14,0.87,0,0.87,-0.7
0,44,5.49,-9.14,0.87,0,0.72,-0.62
0,44,5.49,-9.14,0.87,0,0.57,-0.46
0,44,9.13,-7.54,0.35,0,0.57,-0.46
0,44,9.13,-7.54,0.35,0,0.45,-0.28
0,44,9.13,-7.54,0.35,0,0.68,-0.32
0,44,14.25,-6.78,1.19,0,0.68,-0.32
0,44,14.25,-6.78,1.19,0,0.67,-0.44
0,44,11.18,-5.23,0.52,0,0.52,-0.4
0,44,11.18,-5.23,0.52,0,0.52,-0.4
0,44,11.18,-5.23,0.52,0,0.44,-0.25
0,44,7.3,-7.83,-0.71,0,0.49,-0.25
0,44,7.3,-7.83,-0.71,0,0.49,-0.25
0,44,7.3,-7.83,-0.71,0,0.55,-0.3
0,44,5.67,-7.6,-0.42,0,0.62,-0.36
0,44,5.67,-7.6,-0.42,0,0.62,-0.36
0,44,5.67,-7.6,-0.42,0,0.69,-0.37
0,44,5.98,-7.49,-0.53,0,0.74,-0.31
0,44,5.98,-7.49,-0.53,0,0.74,-0.31
0,44,5.98,-7.49,-0.53,0,0.76,-0.17
0,44,6.47,-7.18,-0.55,0,0.77,-0.01
0,44,6.47,-7.18,-0.55,0,0.77,-0.01
0,44,6.47,-7.18,-0.55,0,0.75,0.15
0,44,7.82,-6.38,-0.42,0,0.74,0.33
0,44,7.82,-6.38,-0.42,0,0.74,0.33
0,44,9.27,-5.69,-0.52,0,0.72,0.54
0,44,9.27,-5.69,-0.52,0,0.72,0.7
0,44,9.27,-5.69,-0.52,0,0.72,0.7
0,44,9.5,-5.05,0.03,0,0.74,0.77
0,44,9.5,-5.05,0.03,0,0.75,0.72
0,44,9.5,-5.05,0.03,0,0.75,0.72
0,44,8.3,-4.85,0.96,0,0.75,0.56
0,44,8.3,-4.85,0.96,0,0.71,0.37
0,44,8.3,-4.85,0.96,0,0.71,0.37
0,44,6.42,-5.3,1.64,0,0.64,0.14
0,44,6.42,-5.3,1.64,0,0.52,-0.03
0,44,6.42,-5.3,1.64,0,0.52,-0.03
0,44,4.8,-5.84,1.91,0,0.33,-0.2
0,44,4.8,-5.84,1.91,0,0.18,-0.28
0,44,4.8,-5.84,1.91,0,0.18,-0.28
0,44,3.62,-7.07,1.55,0,0.02,-0.29
0,44,3.62,-7.07,1.55,0,-0.1,-0.23
0,44,3.62,-7.07,1.55,0,-0.1,-0.23
0,44,3.06,-7.41,1.15,0,-0.26,-0.16
0,44,3.06,-7.41,1.15,0,-0.38,-0.12
0,44,3.25,-7.36,0.78,0,-0.38,-0.12
0,44,3.25,-7.36,0.78,0,-0.49,-0.1
0,44,3.25,-7.36,0.78,0,-0.55,-0.14
0,44,4.2,-6.78,0.35,0,-0.55,-0.14
0,44,4.2,-6.78,0.35,0,-0.61,-0.21
0,44,4.2,-6.78,0.35,0,-0.62,-0.27
0,44,5.7,-6.71,-0.36,0,-0.62,-0.27
0,44,5.7,-6.71,-0.36,0,-0.57,-0.3
0,44,5.7,-6.71,-0.36,0,-0.51,-0.28
0,44,7.45,-6.53,-0.61,0,-0.51,-0.28
0,44,7.45,-6.53,-0.61,0,-0.42,-0.21
0,44,7.45,-6.53,-0.61,0,-0.33,-0.13
0,44,7.62,-6.34,-0.42,0,-0.33,-0.13
0,44,7.62,-6.34,-0.42,0,0.01,-0.21
0,44,7.62,-6.34,-0.42,0,0.13,-0.24
0,44,7.1,-5.86,0.33,0,0.13,-0.24
0,44,7.1,-5.86,0.33,0,0.07,-0.23
0,44,7.1,-5.86,0.33,0,-0.02,-0.13
0,44,6.98,-6.58,1.19,0,-0.02,-0.13
0,44,6.98,-6.58,1.19,0,-0.07,-0.02
0,44,6.98,-6.58,1.19,0,-0.05,-0.01
0,44,6.01,-6.38,1.11,0,-0.05,-0.01
0,44,6.01,-6.38,1.11,0,-0.03,-0.05
0,44,6.01,-6.38,1.11,0,-0.04,0.01
0,44,6.87,-7.93,1.01,0,-0.04,0.01
0,44,6.87,-7.93,1.01,0,0.03,0.07
0,44,7.79,-6.83,1.03,0,0.04,0.13
0,44,7.79,-6.83,1.03,0,0.04,0.13
0,44,7.79,-6.83,1.03,0,0.02,0.11
0,44,8.15,-7.28,1.69,0,-0.02,0.02
0,44,8.15,-7.28,1.69,0,-0.02,0.02
0,44,8.15,-7.28,1.69,0,-0.07,-0.1
0,44,6.9,-8.78,1.81,0,-0.12,-0.18
0,44,6.9,-8.78,1.81,0,-0.12,-0.18
0,44,6.9,-8.78,1.81,0,-0.18,-0.22
0,44,7.13,-9.86,1.68,0,-0.26,-0.16
0,44,7.13,-9.86,1.68,0,-0.26,-0.16
0,44,7.13,-9.86,1.68,0,-0.39,-0.06
0,44,9.83,-8.77,1.45,0,-0.57,0.08
0,44,9.83,-8.77,1.45,0,-0.57,0.08
0,44,9.83,-8.77,1.45,0,-0.74,0.18
0,44,12.72,-7.44,1.3,0,-0.91,0.26
0,44,12.72,-7.44,1.3,0,-0.91,0.26
0,44,12.72,-7.44,1.3,0,-0.98,0.3
0,44,11.94,-6.5,-0.2,0,-1,0.31
0,44,11.94,-6.5,-0.2,0,-1,0.31
0,44,9.76,-7.36,-0.79,0,-0.89,0.24
0,44,9.76,-7.36,-0.79,0,-0.74,0.15
0,44,9.76,-7.36,-0.79,0,-0.74,0.15
0,44,8.53,-6.92,-0.65,0,-0.59,0.07
0,44,8.53,-6.92,-0.65,0,-0.54,0.01
0,44,8.53,-6.92,-0.65,0,-0.54,0.01
0,44,7.16,-7.06,-0.72,0,-0.45,-0.08
0,44,7.16,-7.06,-0.72,0,-0.35,-0.01
0,44,7.16,-7.06,-0.72,0,-0.35,-0.01
0,44,5.45,-7.94,-0.57,0,-0.26,0.26
0,44,5.45,-7.94,-0.57,0,-0.21,0.33
0,44,5.45,-7.94,-0.57,0,-0.21,0.33
0,44,7.59,-6.12,-0.08,0,-0.19,0.39
0,44,7.59,-6.12,-0.08,0,-0.17,0.32
0,44,8.53,-6.07,-1.11,0,-0.17,0.32
0,44,8.53,-6.07,-1.11,0,-0.16,0.37
0,44,8.53,-6.07,-1.11,0,-0.15,0.4
0,44,8.45,-6.3,-0.66,0,-0.1,0.47
0,44,8.45,-6.3,-0.66,0,-0.1,0.47
0,44,8.45,-6.3,-0.66,0,-0.07,0.51
0,44,6.37,-6.14,-0.1,0,-0.07,0.57
0,44,6.37,-6.14,-0.1,0,-0.07,0.57
0,44,6.37,-6.14,-0.1,0,-0.03,0.57
0,44,5.96,-5.88,0.25,0,-0.04,0.6
0,44,5.96,-5.88,0.25,0,-0.04,0.6
0,44,5.96,-5.88,0.25,0,-0.04,0.56
0,44,4.9,-6.14,0.29,0,-0.06,0.56
0,44,4.9,-6.14,0.29,0,-0.06,0.56
0,44,4.04,-5.57,0.47,0,-0.1,0.46
0,44,4.04,-5.57,0.47,0,-0.16,0.4
0,44,4.04,-5.57,0.47,0,-0.16,0.4
0,44,3.75,-6.44,0.33,0,-0.15,0.36
0,44,3.75,-6.44,0.33,0,-0.09,0.33
0,44,3.75,-6.44,0.33,0,-0.09,0.33
0,44,4.99,-6.88,0.33,0,0,0.36
0,44,4.99,-6.88,0.33,0,0.05,0.43
0,44,4.99,-6.88,0.33,0,0.05,0.43
0,44,5.54,-6.34,1.03,0,0.03,0.48
0,44,5.54,-6.34,1.03,0,-0.02,0.49
0,44,5.54,-6.34,1.03,0,-0.02,0.49
0,44,6.21,-6.35,1.1,0,-0.04,0.55
0,44,6.21,-6.35,1.1,0,-0.03,0.62
0,44,6.21,-6.35,1.1,0,-0.03,0.62
0,44,6.33,-6.42,1.02,0,-0.05,0.7
0,44,6.33,-6.42,1.02,0,-0.05,0.71
0,45,6.44,-6.4,1.5,0,-0.05,0.71
0,45,6.44,-6.4,1.5,0,-0.01,0.66
0,45,6.44,-6.4,1.5,0,-0.01,0.59
0,45,6.81,-6.63,1.81,0,0.02,0.49
0,45,6.81,-6.63,1.81,0,0.02,0.49
0,45,6.81,-6.63,1.81,0,0.07,0.35
0,45,6.25,-7.2,2.08,0,0.13,0.21
0,45,6.25,-7.2,2.08,0,0.13,0.21
0,45,6.25,-7.2,2.08,0,0.16,0.03
0,45,5.53,-7.89,2.3,0,0.2,-0.15
0,45,5.53,-7.89,2.3,0,0.2,-0.15
0,45,5.53,-7.89,2.3,0,0.2,-0.22
0,45,7.12,-8.2,2.21,0,0.2,-0.22
0,45,7.12,-8.2,2.21,0,0.19,-0.09
0,45,7.12,-8.2,2.21,0,0.14,-0.07
0,45,6.91,-8.33,2.1,0,0.14,-0.07
0,45,6.91,-8.33,2.1,0,0.09,-0.11
0,45,6.91,-8.33,2.1,0,0.08,-0.15
0,45,6.33,-8.75,1.98,0,0.08,-0.15
0,45,6.33,-8.75,1.98,0,0.07,-0.25
0,45,6.33,-8.75,1.98,0,0.08,-0.33
0,45,6.38,-8.82,1.67,0,0.08,-0.33
0,45,6.38,-8.82,1.67,0,0.08,-0.42
0,45,6.6,-8.96,1.39,0,0.07,-0.47
0,45,6.6,-8.96,1.39,0,0.07,-0.47
0,45,6.6,-8.96,1.39,0,0.06,-0.51
0,45,5.88,-9.3,1.25,0,0.06,-0.55
0,45,5.88,-9.3,1.25,0,0.06,-0.55
0,45,5.88,-9.3,1.25,0,0.06,-0.64
0,45,4.87,-10.1,1.4,0,0.06,-0.73
0,45,4.87,-10.1,1.4,0,0.06,-0.73
0,45,4.87,-10.1,1.4,0,0.01,-0.78
0,45,5.36,-10,1.21,0,-0.05,-0.78
0,45,5.36,-10,1.21,0,-0.13,-0.76
0,45,5.36,-10,1.21,0,-0.13,-0.76
0,45,7.46,-8.85,0.32,0,-0.2,-0.67
0,45,7.46,-8.85,0.32,0,-0.24,-0.56
0,45,7.46,-8.85,0.32,0,-0.24,-0.56
0,45,8.43,-7.69,-0.69,0,-0.26,-0.47
0,45,8.43,-7.69,-0.69,0,-0.21,-0.43
0,45,7.51,-7.49,-1.27,0,-0.21,-0.43
0,45,7.51,-7.49,-1.27,0,-0.12,-0.46
0,45,7.51,-7.49,-1.27,0,-0.04,-0.55
0,45,6.01,-7.37,-1.34,0,-0.04,-0.55
0,45,6.01,-7.37,-1.34,0,0.06,-0.67
0,45,6.01,-7.37,-1.34,0,0.15,-0.75
0,45,5.8,-7.32,-1.32,0,0.15,-0.75
0,45,5.8,-7.32,-1.32,0,0.2,-0.79
0,45,5.8,-7.32,-1.32,0,0.22,-0.81
0,45,5.7,-7.33,-1.23,0,0.22,-0.81
0,45,5.7,-7.33,-1.23,0,0.25,-0.84
0,45,5.81,-7.58,-0.99,0,0.26,-0.85
0,45,5.81,-7.58,-0.99,0,0.26,-0.85
0,45,5.81,-7.58,-0.99,0,0.28,-0.88
0,45,5.39,-7.84,-1.16,0,0.3,-0.89
0,45,5.39,-7.84,-1.16,0,0.32,-0.86
0,45,5.39,-7.84,-1.16,0,0.32,-0.86
0,45,5,-7.95,-1.65,0,0.33,-0.8
0,45,5,-7.95,-1.65,0,0.34,-0.71
0,45,5,-7.95,-1.65,0,0.34,-0.71
0,45,5.72,-7.32,-1.9,0,0.36,-0.61
0,45,5.72,-7.32,-1.9,0,0.35,-0.51
0,45,5.72,-7.32,-1.9,0,0.35,-0.51
0,45,7.1,-6.21,-1.87,0,0.37,-0.45
0,45,7.1,-6.21,-1.87,0,0.39,-0.44
0,45,7.45,-5.97,-1.83,0,0.39,-0.44
0,45,7.45,-5.97,-1.83,0,0.49,-0.47
0,45,7.45,-5.97,-1.83,0,0.56,-0.49
0,45,6.51,-5.58,-1.45,0,0.62,-0.55
0,45,6.51,-5.58,-1.45,0,0.62,-0.55
0,45,6.51,-5.58,-1.45,0,0.67,-0.61
0,45,4.77,-6.22,-0.76,0,0.72,-0.68
0,45,4.77,-6.22,-0.76,0,0.72,-0.68
0,45,4.77,-6.22,-0.76,0,0.78,-0.73
0,45,4.09,-6.96,-0.49,0,0.81,-0.71
0,45,4.09,-6.96,-0.49,0,0.81,-0.71
0,45,4.13,-7.12,0.24,0,0.78,-0.62
0,45,4.13,-7.12,0.24,0,0.73,-0.49
0,45,4.13,-7.12,0.24,0,0.73,-0.49
0,45,3.62,-7.18,0.65,0,0.67,-0.37
0,45,3.62,-7.18,0.65,0,0.63,-0.28
0,45,3.62,-7.18,0.65,0,0.57,-0.23
0,45,4.45,-7.02,0.89,0,0.57,-0.23
0,45,4.45,-7.02,0.89,0,0.51,-0.18
0,45,4.45,-7.02,0.89,0,0.47,-0.12
0,45,5.14,-7.24,0.82,0,0.47,-0.12
0,45,5.14,-7.24,0.82,0,0.44,-0.04
0,45,5.77,-7.13,1,0,0.41,0.01
0,45,5.77,-7.13,1,0,0.41,0.01
0,45,5.77,-7.13,1,0,0.4,0.03
0,45,6.51,-7.08,1.2,0,0.39,0.02
0,45,6.51,-7.08,1.2,0,0.39,0.02
0,45,6.51,-7.08,1.2,0,0.38,-0.04
0,45,7.07,-7.26,1.07,0,0.38,-0.1
0,45,7.07,-7.26,1.07,0,0.38,-0.1
0,45,7.07,-7.26,1.07,0,0.39,-0.1
0,45,7.59,-7.58,1.02,0,0.39,-0.04
0,45,7.59,-7.58,1.02,0,0.41,0.08
0,45,6.78,-8.06,1.48,0,0.41,0.08
0,45,6.78,-8.06,1.48,0,0.38,0.11
0,45,6.78,-8.06,1.48,0,0.37,0.08
0,45,7.45,-8.11,1.7,0,0.37,0.08
0,45,7.45,-8.11,1.7,0,0.36,0.05
0,45,7.45,-8.11,1.7,0,0.3,0.04
0,45,8.25,-8.02,1.91,0,0.3,0.04
0,45,8.25,-8.02,1.91,0,0.22,0.05
0,45,8.25,-8.02,1.91,0,0.16,0.05
0,45,7.92,-8.45,1.97,0,0.1,0.03
0,45,7.92,-8.45,1.97,0,0.1,0.03
0,45,7.66,-9.27,2.27,0,0.04,0.01
0,45,7.66,-9.27,2.27,0,-0.01,-0.02
0,45,7.66,-9.27,2.27,0,-0.01,-0.02
0,45,9.12,-8.83,2.44,0,-0.12,-0.01
0,45,9.12,-8.83,2.44,0,-0.25,0.04
0,45,9.12,-8.83,2.44,0,-0.25,0.04
0,45,11.27,-7.2,1.9,0,-0.43,0.14
0,45,11.27,-7.2,1.9,0,-0.58,0.25
0,45,11.27,-7.2,1.9,0,-0.58,0.25
0,45,12.59,-5.91,0.93,0,-0.72,0.34
0,45,12.59,-5.91,0.93,0,-0.79,0.39
0,45,12.59,-5.91,0.93,0,-0.79,0.39
0,45,11.31,-5.85,0.04,0,-0.77,0.34
0,45,11.31,-5.85,0.04,0,-0.7,0.28
0,45,9.37,-6.49,-0.35,0,-0.58,0.18
0,45,9.37,-6.49,-0.35,0,-0.58,0.18
0,45,9.37,-6.49,-0.35,0,-0.47,0.12
0,45,7.68,-6.65,0.02,0,-0.41,0.11
0,45,7.68,-6.65,0.02,0,-0.41,0.11
0,45,7.68,-6.65,0.02,0,-0.38,0.1
0,45,7.13,-6.66,0.05,0,-0.34,0.16
0,45,7.13,-6.66,0.05,0,-0.34,0.16
0,45,7.13,-6.66,0.05,0,-0.34,0.26
0,45,8.06,-5.93,-0.05,0,-0.35,0.37
0,45,8.06,-5.93,-0.05,0,-0.35,0.37
0,45,8.06,-5.93,-0.05,0,-0.36,0.47
0,45,8.54,-5.37,0.01,0,-0.36,0.51
0,45,8.54,-5.37,0.01,0,-0.36,0.51
0,45,8.27,-4.82,0.16,0,-0.36,0.48
0,45,8.27,-4.82,0.16,0,-0.36,0.43
0,45,8.27,-4.82,0.16,0,-0.36,0.43
0,45,7.37,-4.3,0.23,0,-0.35,0.29
0,45,7.37,-4.3,0.23,0,-0.34,0.2
0,45,7.37,-4.3,0.23,0,-0.34,0.2
0,45,5.88,-4.44,0.29,0,-0.29,0.07
0,45,5.88,-4.44,0.29,0,-0.25,0
0,45,5.88,-4.44,0.29,0,-0.2,-0.08
0,45,4.38,-4.8,0.54,0,-0.2,-0.08
0,45,4.38,-4.8,0.54,0,-0.19,-0.13
0,45,4.38,-4.8,0.54,0,-0.19,-0.11
0,45,3.36,-5.32,0.69,0,-0.19,-0.11
0,46,3.36,-5.32,0.69,0,-0.2,-0.06
0,46,3.28,-5.51,0.93,0,-0.24,0
0,46,3.28,-5.51,0.93,0,-0.24,0
0,46,3.28,-5.51,0.93,0,-0.29,0.08
0,46,4.27,-5.59,1.03,0,-0.33,0.13
0,46,4.27,-5.59,1.03,0,-0.33,0.13
0,46,4.27,-5.59,1.03,0,-0.33,0.13
0,46,5.5,-5.77,1.09,0,-0.32,0.09
0,46,5.5,-5.77,1.09,0,-0.32,0.09
0,46,5.5,-5.77,1.09,0,-0.27,0.04
0,46,5.91,-5.89,1.28,0,-0.25,-0.07
0,46,5.91,-5.89,1.28,0,-0.25,-0.07
0,46,5.91,-5.89,1.28,0,-0.19,-0.2
0,46,6.86,-6.66,1.23,0,-0.15,-0.25
0,46,6.86,-6.66,1.23,0,-0.15,-0.25
0,46,7.34,-6.83,1.25,0,-0.11,-0.21
0,46,7.34,-6.83,1.25,0,-0.1,-0.16
0,46,7.34,-6.83,1.25,0,-0.1,-0.16
0,46,7.67,-6.84,1.2,0,-0.07,-0.09
0,46,7.67,-6.84,1.2,0,-0.03,-0.06
0,46,7.67,-6.84,1.2,0,0,-0.01
0,46,8.19,-6.71,1.24,0,0,-0.01
0,46,8.19,-6.71,1.24,0,0.03,0.01
0,46,8.19,-6.71,1.24,0,0.06,0.02
0,46,7.91,-7.02,1.25,0,0.06,0.02
0,46,7.91,-7.02,1.25,0,0.11,0
0,46,7.91,-7.02,1.25,0,0.17,-0.05
0,46,7.15,-7.76,1.34,0,0.17,-0.05
0,46,7.15,-7.76,1.34,0,0.21,-0.12
0,46,6.94,-8.21,1.5,0,0.27,-0.22
0,46,6.94,-8.21,1.5,0,0.27,-0.22
0,46,6.94,-8.21,1.5,0,0.28,-0.31
0,46,7.66,-8.18,1.51,0,0.27,-0.35
0,46,7.66,-8.18,1.51,0,0.27,-0.35
0,46,7.66,-8.18,1.51,0,0.24,-0.37
0,46,9.33,-8.05,1.16,0,0.2,-0.33
0,46,9.33,-8.05,1.16,0,0.2,-0.33
0,46,9.33,-8.05,1.16,0,0.16,-0.25
0,46,9.14,-7.99,0.83,0,0.13,-0.18
0,46,9.14,-7.99,0.83,0,0.13,-0.18
0,46,9.14,-7.99,0.83,0,0.11,-0.18
0,46,7.7,-8.86,1.07,0,0.12,-0.24
0,46,7.7,-8.86,1.07,0,0.12,-0.24
0,46,7.7,-8.86,1.07,0,0.11,-0.36
0,46,7.18,-9.36,1.55,0,0.05,-0.43
0,46,7.18,-9.36,1.55,0,0.05,-0.43
0,46,7.18,-9.36,1.55,0,-0.07,-0.45
0,46,9.75,-8.34,1.12,0,-0.23,-0.38
0,46,9.75,-8.34,1.12,0,-0.23,-0.38
0,46,11.83,-6.69,0.23,0,-0.41,-0.23
0,46,11.83,-6.69,0.23,0,-0.51,-0.1
0,46,11.83,-6.69,0.23,0,-0.51,-0.1
0,46,10.04,-6.54,-1.13,0,-0.53,-0.01
0,46,10.04,-6.54,-1.13,0,-0.48,-0.01
0,46,10.04,-6.54,-1.13,0,-0.48,-0.01
0,46,7.31,-6.76,-1.55,0,-0.39,-0.11
0,46,7.31,-6.76,-1.55,0,-0.29,-0.25
0,46,7.31,-6.76,-1.55,0,-0.29,-0.25
0,46,6.74,-6.28,-1.8,0,-0.2,-0.36
0,46,6.74,-6.28,-1.8,0,-0.14,-0.42
0,46,6.74,-6.28,-1.8,0,-0.14,-0.42
0,46,7.05,-6.36,-1.66,0,-0.14,-0.44
0,46,7.05,-6.36,-1.66,0,-0.15,-0.39
0,46,7.05,-6.36,-1.66,0,-0.15,-0.39
0,46,8.11,-6.56,-1.67,0,-0.16,-0.29
0,46,8.11,-6.56,-1.67,0,-0.15,-0.19
0,46,7.96,-6.55,-1.76,0,-0.15,-0.19
0,46,7.96,-6.55,-1.76,0,-0.12,-0.09
0,46,7.96,-6.55,-1.76,0,-0.09,-0.02
0,46,7.58,-6.52,-1.67,0,-0.05,0.03
0,46,7.58,-6.52,-1.67,0,-0.05,0.03
0,46,7.58,-6.52,-1.67,0,0,0.08
0,46,7.57,-6.11,-1.38,0,0.05,0.13
0,46,7.57,-6.11,-1.38,0,0.05,0.13
0,46,7.57,-6.11,-1.38,0,0.1,0.21
0,46,7.49,-5.48,-1.08,0,0.13,0.29
0,46,7.49,-5.48,-1.08,0,0.13,0.29
0,46,6.84,-5.39,-0.68,0,0.16,0.35
0,46,6.84,-5.39,-0.68,0,0.19,0.39
0,46,6.84,-5.39,-0.68,0,0.19,0.39
0,46,6.05,-5.13,0.48,0,0.17,0.34
0,46,6.05,-5.13,0.48,0,0.13,0.3
0,46,6.05,-5.13,0.48,0,0.08,0.28
0,46,5.23,-5.64,0.49,0,0.08,0.28
0,46,5.23,-5.64,0.49,0,0.03,0.28
0,46,5.23,-5.64,0.49,0,-0.03,0.29
0,46,4.76,-5.8,0.81,0,-0.03,0.29
0,46,4.76,-5.8,0.81,0,-0.09,0.3
0,46,4.76,-5.8,0.81,0,-0.13,0.31
0,46,4.23,-6.04,0.71,0,-0.13,0.31
0,46,4.23,-6.04,0.71,0,-0.15,0.29
0,46,3.54,-6.05,0.38,0,-0.16,0.29
0,46,3.54,-6.05,0.38,0,-0.16,0.29
0,46,3.54,-6.05,0.38,0,-0.14,0.31
0,46,3.6,-6.77,0.37,0,-0.12,0.37
0,46,3.6,-6.77,0.37,0,-0.12,0.37
0,46,3.6,-6.77,0.37,0,-0.11,0.44
0,46,4.07,-6.73,0.73,0,-0.11,0.47
0,46,4.07,-6.73,0.73,0,-0.11,0.47
0,46,4.07,-6.73,0.73,0,-0.1,0.49
0,46,4.38,-7.11,0.86,0,-0.08,0.5
0,46,4.38,-7.11,0.86,0,-0.08,0.5
0,46,4.38,-7.11,0.86,0,-0.09,0.45
0,46,5.88,-7.3,0.72,0,-0.09,0.47
0,46,5.88,-7.3,0.72,0,-0.09,0.47
0,46,6.95,-7.77,0.68,0,-0.08,0.55
0,46,6.95,-7.77,0.68,0,-0.08,0.63
0,46,6.95,-7.77,0.68,0,-0.08,0.63
0,46,7.73,-8.63,0.71,0,-0.06,0.7
0,46,7.73,-8.63,0.71,0,-0.03,0.73
0,46,7.73,-8.63,0.71,0,-0.03,0.73
0,46,8.53,-8.21,1.07,0,-0.01,0.72
0,46,8.53,-8.21,1.07,0,-0.01,0.68
0,46,8.53,-8.21,1.07,0,-0.01,0.68
0,46,8.52,-8.25,1.36,0,0,0.6
0,46,8.52,-8.25,1.36,0,-0.01,0.52
0,46,8.52,-8.25,1.36,0,-0.01,0.52
0,46,9.04,-8.3,1.71,0,-0.01,0.37
0,46,9.04,-8.3,1.71,0,-0.03,0.28
0,46,9.04,-8.3,1.71,0,-0.03,0.28
0,46,9.46,-9.11,2,0,-0.07,0.28
0,46,9.46,-9.11,2,0,-0.13,0.34
0,46,9.46,-9.11,2,0,-0.21,0.44
0,46,8.26,-9.77,2.27,0,-0.21,0.44
0,46,8.26,-9.77,2.27,0,-0.33,0.52
0,46,8.64,-9.25,1.86,0,-0.48,0.57
0,46,8.64,-9.25,1.86,0,-0.48,0.57
0,46,8.64,-9.25,1.86,0,-0.63,0.61
0,46,12.11,-6.98,0.8,0,-0.63,0.61
0,46,12.11,-6.98,0.8,0,-0.81,0.74
0,46,12.11,-6.98,0.8,0,-0.92,0.85
0,46,13.86,-5.58,-0.09,0,-0.92,0.85
0,46,13.86,-5.58,-0.09,0,-1,0.94
0,46,13.86,-5.58,-0.09,0,-0.96,0.91
0,46,11.76,-5.41,-0.92,0,-0.96,0.91
0,46,11.76,-5.41,-0.92,0,-0.82,0.74
0,46,11.76,-5.41,-0.92,0,-0.69,0.56
0,46,8.51,-6.32,-0.74,0,-0.69,0.56
0,46,8.51,-6.32,-0.74,0,-0.5,0.31
0,46,8.51,-6.32,-0.74,0,-0.42,0.19
0,46,7.22,-7.18,0.37,0,-0.42,0.19
0,46,7.22,-7.18,0.37,0,-0.39,0.1
0,46,7.22,-7.18,0.37,0,-0.44,0.07
0,46,6.76,-7.28,1.14,0,-0.44,0.07
0,46,6.76,-7.28,1.14,0,-0.54,0.08
0,46,6.76,-7.28,1.14,0,-0.68,0.15
0,46,6.57,-6.8,0.19,0,-0.68,0.15
0,46,6.57,-6.8,0.19,0,-0.76,0.3
0,46,6.57,-6.8,0.19,0,-0.76,0.3
0,46,6.21,-6.21,-0.73,0,-0.82,0.58
0,46,6.21,-6.21,-0.73,0,-0.85,0.73
0,46,6.21,-6.21,-0.73,0,-0.85,0.73
0,46,6.2,-4.88,-0.29,0,-0.92,0.82
0,47,6.2,-4.88,-0.29,0,-0.94,0.76
0,47,6.2,-4.88,-0.29,0,-0.94,0.76
0,47,5.47,-4.69,-0.68,0,-0.93,0.55
0,47,5.47,-4.69,-0.68,0,-0.86,0.36
0,47,5.47,-4.69,-0.68,0,-0.86,0.36
0,47,5.31,-4.57,-0.69,0,-0.71,0.14
0,47,5.31,-4.57,-0.69,0,-0.63,0.05
0,47,4.93,-4.54,-0.37,0,-0.63,0.05
0,47,4.93,-4.54,-0.37,0,-0.56,0.01
0,47,4.93,-4.54,-0.37,0,-0.54,0.02
0,47,4.28,-4.94,0.13,0,-0.53,0.02
0,47,4.28,-4.94,0.13,0,-0.53,0.02
0,47,4.28,-4.94,0.13,0,-0.51,0.02
0,47,4.29,-5.68,-0.13,0,-0.45,0.03
0,47,4.29,-5.68,-0.13,0,-0.45,0.03
0,47,4.29,-5.68,-0.13,0,-0.38,0.02
0,47,3.88,-6.19,0.05,0,-0.31,0.01
0,47,3.88,-6.19,0.05,0,-0.31,0.01
0,47,3.88,-6.19,0.05,0,-0.23,0.01
0,47,3.81,-6.48,0.41,0,-0.14,0
0,47,3.81,-6.48,0.41,0,-0.14,0
0,47,3.81,-6.48,0.41,0,-0.08,-0.01
0,47,3.85,-6.67,0.77,0,-0.02,-0.03
0,47,3.85,-6.67,0.77,0,-0.02,-0.03
0,47,3.85,-6.67,0.77,0,0.02,-0.05
0,47,4.59,-6.89,1.14,0,0.05,-0.09
0,47,4.59,-6.89,1.14,0,0.05,-0.09
0,47,5.3,-7.06,1.21,0,0.07,-0.12
0,47,5.3,-7.06,1.21,0,0.09,-0.16
0,47,5.3,-7.06,1.21,0,0.09,-0.16
0,47,6.19,-7.55,0.83,0,0.12,-0.22
0,47,6.19,-7.55,0.83,0,0.15,-0.26
0,47,6.19,-7.55,0.83,0,0.15,-0.26
0,47,7.68,-7.95,0.86,0,0.16,-0.27
0,47,7.68,-7.95,0.86,0,0.17,-0.24
0,47,7.68,-7.95,0.86,0,0.17,-0.24
0,47,8.41,-8.73,0.63,0,0.15,-0.2
0,47,8.41,-8.73,0.63,0,0.15,-0.16
0,47,8.41,-8.73,0.63,0,0.15,-0.16
0,47,8.82,-9.44,0.52,0,0.16,-0.15
0,47,8.82,-9.44,0.52,0,0.18,-0.15
0,47,8.82,-9.44,0.52,0,0.18,-0.15
0,47,10.07,-8.97,0.58,0,0.17,-0.12
0,47,10.07,-8.97,0.58,0,0.13,-0.06
0,47,10.71,-8.57,0.56,0,0.13,-0.06
0,47,10.71,-8.57,0.56,0,0.1,-0.01
0,47,10.71,-8.57,0.56,0,0.08,0
0,47,9.81,-9.01,0.74,0,0.08,0
0,47,9.81,-9.01,0.74,0,0.08,-0.09
0,47,9.81,-9.01,0.74,0,0.11,-0.2
0,47,8.41,-9.71,0.96,0,0.11,-0.2
0,47,8.41,-9.71,0.96,0,0.12,-0.33
0,47,8.41,-9.71,0.96,0,0.1,-0.42
0,47,7.78,-9.55,1.09,0,0.1,-0.42
0,47,7.78,-9.55,1.09,0,0.04,-0.47
0,47,7.78,-9.55,1.09,0,-0.03,-0.45
0,47,7.13,-8.55,0.5,0,-0.03,-0.45
0,47,7.13,-8.55,0.5,0,-0.11,-0.5
0,47,8.25,-7.4,-1.56,0,-0.11,-0.33
0,47,8.25,-7.4,-1.56,0,-0.09,-0.28
0,47,7.07,-6.72,-1.52,0,-0.09,-0.28
0,47,7.07,-6.72,-1.52,0,-0.08,-0.29
0,47,7.07,-6.72,-1.52,0,-0.09,-0.36
0,47,5.69,-6.63,-1.42,0,-0.09,-0.36
0,47,5.69,-6.63,-1.42,0,-0.1,-0.46
0,47,6.22,-6.6,-1.25,0,-0.1,-0.46
0,47,6.22,-6.6,-1.25,0,-0.12,-0.56
0,47,6.22,-6.6,-1.25,0,-0.11,-0.56
0,47,7.54,-6.77,-1.24,0,-0.11,-0.56
0,47,7.54,-6.77,-1.24,0,-0.08,-0.47
0,47,7.54,-6.77,-1.24,0,-0.08,-0.38
0,47,6.91,-6.86,-1.04,0,-0.08,-0.38
0,47,6.91,-6.86,-1.04,0,-0.11,-0.29
0,47,6.91,-6.86,-1.04,0,-0.13,-0.2
0,47,6.05,-6.65,-1.14,0,-0.13,-0.2
0,47,6.05,-6.65,-1.14,0,-0.16,-0.11
0,47,6.05,-6.65,-1.14,0,-0.17,-0.05
0,47,6.13,-5.95,-1.36,0,-0.17,-0.05
0,47,6.13,-5.95,-1.36,0,-0.15,-0.03
0,47,6.13,-5.95,-1.36,0,-0.15,-0.03
0,47,6.24,-5.32,-1.46,0,-0.1,-0.02
0,47,6.24,-5.32,-1.46,0,-0.06,-0.02
0,47,6.24,-5.32,-1.46,0,-0.06,-0.02
0,47,5.36,-5.11,-1.44,0,0,-0.01
0,47,5.36,-5.11,-1.44,0,0.06,-0.01
0,47,5.36,-5.11,-1.44,0,0.06,-0.01
0,47,3.9,-5.58,-1.14,0,0.13,-0.01
0,47,3.9,-5.58,-1.14,0,0.19,-0.02
0,47,3.9,-5.58,-1.14,0,0.19,-0.02
0,47,3.37,-6.25,-0.59,0,0.24,-0.03
0,47,3.37,-6.25,-0.59,0,0.25,-0.02
0,47,3.37,-6.25,-0.59,0,0.25,-0.02
0,47,4.12,-6.86,-0.03,0,0.24,0.03
0,47,4.12,-6.86,-0.03,0,0.19,0.1
0,47,4.12,-6.86,-0.03,0,0.19,0.1
0,47,4.21,-6.75,0.32,0,0.08,0.15
0,47,4.21,-6.75,0.32,0,-0.02,0.22
0,47,4.21,-6.75,0.32,0,-0.02,0.22
0,47,4.6,-7.02,-0.02,0,-0.09,0.3
0,47,4.6,-7.02,-0.02,0,-0.13,0.33
0,47,5.31,-7.28,-0.05,0,-0.13,0.33
0,47,5.31,-7.28,-0.05,0,-0.14,0.35
0,47,5.31,-7.28,-0.05,0,-0.15,0.36
0,47,6.25,-7.61,0.05,0,-0.15,0.36
0,47,6.25,-7.61,0.05,0,-0.14,0.38
0,47,6.25,-7.61,0.05,0,-0.14,0.41
0,47,6.86,-7.81,0.02,0,-0.14,0.41
0,47,6.86,-7.81,0.02,0,-0.12,0.45
0,47,6.86,-7.81,0.02,0,-0.11,0.49
0,47,6.97,-8.08,-0.06,0,-0.11,0.49
0,47,6.97,-8.08,-0.06,0,-0.08,0.56
0,47,6.97,-8.08,-0.06,0,-0.06,0.61
0,47,7.74,-8.45,0.72,0,-0.06,0.61
0,47,7.74,-8.45,0.72,0,-0.08,0.63
0,47,7.74,-8.45,0.72,0,-0.11,0.61
0,47,7.35,-9.04,0.26,0,-0.11,0.61
0,47,7.35,-9.04,0.26,0,-0.07,0.58
0,47,7.35,-9.04,0.26,0,-0.05,0.56
0,47,7.89,-9.3,0.65,0,-0.05,0.56
0,47,7.89,-9.3,0.65,0,-0.04,0.49
0,47,8.92,-9.07,1.05,0,-0.06,0.46
0,47,8.92,-9.07,1.05,0,-0.06,0.46
0,47,8.92,-9.07,1.05,0,-0.08,0.44
0,47,8.26,-9.2,1.44,0,-0.1,0.38
0,47,8.26,-9.2,1.44,0,-0.1,0.38
0,47,8.26,-9.2,1.44,0,-0.14,0.29
0,47,6.91,-9.73,1.66,0,-0.2,0.23
0,47,6.91,-9.73,1.66,0,-0.2,0.23
0,47,6.91,-9.73,1.66,0,-0.33,0.2
0,47,7.33,-9.55,1.06,0,-0.46,0.25
0,47,7.33,-9.55,1.06,0,-0.46,0.25
0,47,7.33,-9.55,1.06,0,-0.63,0.35
0,47,11,-6.6,0.06,0,-0.79,0.47
0,47,11,-6.6,0.06,0,-0.79,0.47
0,47,11,-6.6,0.06,0,-1.02,0.63
0,47,13.62,-5.05,-1.16,0,-1.07,0.77
0,47,13.62,-5.05,-1.16,0,-1.07,0.77
0,47,13.62,-5.05,-1.16,0,-1,0.7
0,47,10.7,-4.97,-1.65,0,-0.88,0.49
0,47,10.7,-4.97,-1.65,0,-0.88,0.49
0,47,6.87,-6.2,-2.04,0,-0.62,0.13
0,47,6.87,-6.2,-2.04,0,-0.42,-0.09
0,47,6.87,-6.2,-2.04,0,-0.23,-0.3
0,47,4.74,-7.27,-1.58,0,-0.23,-0.3
0,47,4.74,-7.27,-1.58,0,-0.13,-0.4
0,47,4.74,-7.27,-1.58,0,-0.12,-0.34
0,47,6.07,-7.78,-1.21,0,-0.12,-0.34
0,47,6.07,-7.78,-1.21,0,-0.19,-0.1
0,47,6.07,-7.78,-1.21,0,-0.34,0.16
0,47,6.95,-7.35,-0.84,0,-0.34,0.16
0,48,6.95,-7.35,-0.84,0,-0.51,0.41
0,48,7.94,-6.25,-1.24,0,-0.65,0.61
0,48,7.94,-6.25,-1.24,0,-0.65,0.61
0,48,7.94,-6.25,-1.24,0,-0.73,0.68
0,48,7.51,-5.42,-1.77,0,-0.73,0.64
0,48,7.51,-5.42,-1.77,0,-0.73,0.64
0,48,7.51,-5.42,-1.77,0,-0.65,0.49
0,48,6.26,-5.4,-2,0,-0.49,0.29
0,48,6.26,-5.4,-2,0,-0.49,0.29
0,48,6.26,-5.4,-2,0,-0.3,0.08
0,48,5.3,-5.71,-1.56,0,-0.13,-0.09
0,48,5.3,-5.71,-1.56,0,-0.13,-0.09
0,48,5.3,-5.71,-1.56,0,-0.01,-0.16
0,48,5.07,-6.32,-0.75,0,0.05,-0.15
0,48,5.07,-6.32,-0.75,0,0.05,-0.15
0,48,5.07,-6.32,-0.75,0,0.05,-0.13
0,48,4.7,-5.96,-0.1,0,0.03,-0.03
0,48,4.7,-5.96,-0.1,0,0.03,-0.03
0,48,4.7,-5.96,-0.1,0,0.01,0.05
0,48,4.23,-6.6,-0.24,0,0.04,0.07
0,48,4.23,-6.6,-0.24,0,0.04,0.07
0,48,4.23,-6.6,-0.24,0,0.09,0.06
0,48,4.78,-6.34,0.11,0,0.09,0.06
0,48,4.78,-6.34,0.11,0,0.16,0
0,48,4.78,-6.34,0.11,0,0.21,-0.04
0,48,4.59,-6.6,0.13,0,0.21,-0.04
0,48,4.59,-6.6,0.13,0,0.26,-0.07
0,48,4.59,-6.6,0.13,0,0.29,-0.07
0,48,5.07,-6.52,0.33,0,0.31,-0.05
0,48,5.07,-6.52,0.33,0,0.31,-0.05
0,48,5.68,-6.49,0.14,0,0.32,-0.01
0,48,5.68,-6.49,0.14,0,0.34,0.03
0,48,5.68,-6.49,0.14,0,0.34,0.03
0,48,6.22,-6.57,0.21,0,0.37,0.06
0,48,6.22,-6.57,0.21,0,0.39,0.08
0,48,6.22,-6.57,0.21,0,0.39,0.08
0,48,6.48,-6.67,0.32,0,0.43,0.09
0,48,6.48,-6.67,0.32,0,0.48,0.07
0,48,6.48,-6.67,0.32,0,0.48,0.07
0,48,6.65,-6.95,0.59,0,0.52,0.04
0,48,6.65,-6.95,0.59,0,0.54,0.02
0,48,6.65,-6.95,0.59,0,0.54,0.02
0,48,7.13,-7.6,0.91,0,0.55,-0.01
0,48,7.13,-7.6,0.91,0,0.56,-0.04
0,48,7.07,-8.4,1.04,0,0.56,-0.04
0,48,7.07,-8.4,1.04,0,0.56,-0.06
0,48,7.07,-8.4,1.04,0,0.55,-0.07
0,48,7.71,-9.26,1.22,0,0.55,-0.07
0,48,7.71,-9.26,1.22,0,0.52,-0.06
0,48,7.71,-9.26,1.22,0,0.5,-0.04
0,48,8.83,-9.14,1.1,0,0.5,-0.04
0,48,8.83,-9.14,1.1,0,0.45,-0.01
0,48,8.83,-9.14,1.1,0,0.43,0
0,48,8.67,-9.06,0.48,0,0.43,0
0,48,8.67,-9.06,0.48,0,0.43,-0.03
0,48,8.67,-9.06,0.48,0,0.46,-0.06
0,48,8.15,-9.75,0.66,0,0.46,-0.06
0,48,8.15,-9.75,0.66,0,0.46,-0.15
0,48,8.15,-9.75,0.66,0,0.4,-0.27
0,48,6.95,-10.14,1.9,0,0.4,-0.27
0,48,6.95,-10.14,1.9,0,0.27,-0.42
0,48,6.95,-10.14,1.9,0,0.14,-0.47
0,48,7.62,-9.6,1.04,0,0.14,-0.47
0,48,7.62,-9.6,1.04,0,-0.04,-0.49
0,48,8.57,-8.39,-0.56,0,-0.15,-0.51
0,48,8.57,-8.39,-0.56,0,-0.15,-0.51
0,48,8.57,-8.39,-0.56,0,-0.27,-0.41
0,48,8.57,-7.95,-1.69,0,-0.31,-0.35
0,48,8.57,-7.95,-1.69,0,-0.31,-0.35
0,48,8.57,-7.95,-1.69,0,-0.22,-0.37
0,48,5.95,-7.92,-2.1,0,-0.13,-0.45
0,48,5.95,-7.92,-2.1,0,0.01,-0.61
0,48,5.95,-7.92,-2.1,0,0.01,-0.61
0,48,4.87,-7.92,-2.18,0,0.13,-0.79
0,48,4.87,-7.92,-2.18,0,0.2,-0.91
0,48,4.87,-7.92,-2.18,0,0.2,-0.91
0,48,5.57,-7.58,-2.37,0,0.24,-0.92
0,48,5.57,-7.58,-2.37,0,0.26,-0.85
0,48,5.57,-7.58,-2.37,0,0.26,-0.85
0,48,7.07,-7.42,-2.27,0,0.29,-0.77
0,48,7.07,-7.42,-2.27,0,0.33,-0.72
0,48,7.26,-7.54,-2.17,0,0.33,-0.72
0,48,7.26,-7.54,-2.17,0,0.35,-0.68
0,48,7.26,-7.54,-2.17,0,0.36,-0.66
0,48,6.32,-7.22,-2.06,0,0.36,-0.66
0,48,6.32,-7.22,-2.06,0,0.34,-0.61
0,48,6.32,-7.22,-2.06,0,0.33,-0.54
0,48,6.02,-6.54,-2.14,0,0.33,-0.54
0,48,6.02,-6.54,-2.14,0,0.31,-0.47
0,48,6.02,-6.54,-2.14,0,0.29,-0.42
0,48,6.18,-5.77,-2.02,0,0.29,-0.42
0,48,6.18,-5.77,-2.02,0,0.28,-0.37
0,48,6.18,-5.77,-2.02,0,0.29,-0.3
0,48,6.48,-5.48,-1.95,0,0.29,-0.3
0,48,6.48,-5.48,-1.95,0,0.33,-0.27
0,48,6.48,-5.48,-1.95,0,0.36,-0.29
0,48,5.62,-5.27,-1.63,0,0.36,-0.29
0,48,5.62,-5.27,-1.63,0,0.39,-0.32
0,48,5.62,-5.27,-1.63,0,0.43,-0.33
0,48,4.45,-5.45,-1.56,0,0.43,-0.33
0,48,4.45,-5.45,-1.56,0,0.47,-0.32
0,48,4.45,-5.45,-1.56,0,0.47,-0.32
0,48,3.9,-5.72,-1.35,0,0.5,-0.26
0,48,3.9,-5.72,-1.35,0,0.52,-0.2
0,48,3.9,-5.72,-1.35,0,0.52,-0.2
0,48,3.48,-6.09,-0.89,0,0.53,-0.14
0,48,3.48,-6.09,-0.89,0,0.52,-0.09
0,48,4.09,-6.21,-0.63,0,0.52,-0.09
0,48,4.09,-6.21,-0.63,0,0.5,-0.02
0,48,4.09,-6.21,-0.63,0,0.48,0.06
0,48,5.1,-6.42,-0.45,0,0.48,0.06
0,48,5.1,-6.42,-0.45,0,0.45,0.14
0,48,5.1,-6.42,-0.45,0,0.44,0.19
0,48,6.21,-6.98,-0.31,0,0.44,0.19
0,48,6.21,-6.98,-0.31,0,0.43,0.24
0,48,6.21,-6.98,-0.31,0,0.43,0.24
0,48,7.04,-7.42,-0.21,0,0.44,0.28
0,48,7.04,-7.42,-0.21,0,0.47,0.29
0,48,7.04,-7.42,-0.21,0,0.47,0.29
0,48,7.53,-7.93,-0.01,0,0.54,0.26
0,48,7.53,-7.93,-0.01,0,0.58,0.21
0,48,7.53,-7.93,-0.01,0,0.58,0.21
0,48,6.73,-8.37,0.26,0,0.62,0.17
0,48,6.73,-8.37,0.26,0,0.64,0.15
0,48,6.73,-8.37,0.26,0,0.66,0.15
0,48,5.72,-9.35,0.32,0,0.66,0.15
0,48,5.72,-9.35,0.32,0,0.67,0.19
0,48,5.72,-9.35,0.32,0,0.66,0.23
0,48,6.48,-9.4,0.57,0,0.66,0.23
0,48,6.48,-9.4,0.57,0,0.63,0.29
0,48,6.48,-9.4,0.57,0,0.57,0.32
0,48,8.21,-8.89,0.73,0,0.57,0.32
0,48,8.21,-8.89,0.73,0,0.5,0.31
0,48,8.79,-8.17,0.73,0,0.44,0.32
0,48,8.79,-8.17,0.73,0,0.44,0.32
0,48,8.79,-8.17,0.73,0,0.43,0.36
0,48,7.88,-8.98,1.21,0,0.47,0.34
0,48,7.88,-8.98,1.21,0,0.47,0.34
0,48,7.88,-8.98,1.21,0,0.47,0.26
0,48,7.15,-9.8,2.07,0,0.45,0.2
0,48,7.15,-9.8,2.07,0,0.45,0.2
0,48,7.15,-9.8,2.07,0,0.36,0.01
0,48,6.57,-9.79,2.43,0,0.28,-0.05
0,48,6.57,-9.79,2.43,0,0.28,-0.05
0,48,6.57,-9.79,2.43,0,0.15,0.02
0,48,9.87,-7.88,2.4,0,-0.04,0.15
0,48,9.87,-7.88,2.4,0,-0.04,0.15
0,48,9.87,-7.88,2.4,0,-0.2,0.24
0,48,11.16,-6.23,1.31,0,-0.34,0.21
0,48,11.16,-6.23,1.31,0,-0.34,0.21
0,48,11.16,-6.23,1.31,0,-0.39,0.17
0,48,10.55,-6.02,0,0,-0.37,0.12
0,48,10.55,-6.02,0,0,-0.37,0.12
0,48,7.88,-6.41,-0.16,0,-0.32,-0.03
0,48,7.88,-6.41,-0.16,0,-0.25,-0.23
0,49,7.88,-6.41,-0.16,0,-0.25,-0.23
0,49,6.14,-6.81,-0.47,0,-0.18,-0.39
0,49,6.14,-6.81,-0.47,0,-0.14,-0.48
0,49,6.14,-6.81,-0.47,0,-0.14,-0.48
0,49,6.3,-7.17,-0.67,0,-0.11,-0.5
0,49,6.3,-7.17,-0.67,0,-0.1,-0.49
0,49,6.3,-7.17,-0.67,0,-0.1,-0.49
0,49,7.96,-6.95,-0.95,0,-0.1,-0.36
0,49,7.96,-6.95,-0.95,0,-0.11,-0.25
0,49,7.96,-6.95,-0.95,0,-0.11,-0.25
0,49,8.17,-6.77,-1.04,0,-0.11,-0.19
0,49,8.17,-6.77,-1.04,0,-0.08,-0.18
0,49,6.88,-6.36,-1.08,0,-0.08,-0.18
0,49,6.88,-6.36,-1.08,0,-0.04,-0.25
0,49,6.88,-6.36,-1.08,0,-0.01,-0.34
0,49,5.39,-6.16,-1.24,0,-0.01,-0.34
0,49,5.39,-6.16,-1.24,0,0.06,-0.45
0,49,5.39,-6.16,-1.24,0,0.11,-0.51
0,49,5.24,-6.54,-1.04,0,0.11,-0.51
0,49,5.24,-6.54,-1.04,0,0.2,-0.5
0,49,5.24,-6.54,-1.04,0,0.24,-0.44
0,49,4.57,-6.44,-0.45,0,0.26,-0.37
0,49,4.57,-6.44,-0.45,0,0.26,-0.37
0,49,4.57,-6.44,-0.45,0,0.27,-0.34
0,49,3.95,-6.28,-0.36,0,0.32,-0.34
0,49,3.95,-6.28,-0.36,0,0.32,-0.34
0,49,3.95,-6.28,-0.36,0,0.38,-0.37
0,49,4.4,-6.39,0.1,0,0.45,-0.41
0,49,4.4,-6.39,0.1,0,0.45,-0.41
0,49,4.91,-6.36,0.37,0,0.52,-0.42
0,49,4.91,-6.36,0.37,0,0.59,-0.45
0,49,4.91,-6.36,0.37,0,0.59,-0.45
0,49,5.25,-6.2,0.71,0,0.63,-0.47
0,49,5.25,-6.2,0.71,0,0.65,-0.52
0,49,5.25,-6.2,0.71,0,0.65,-0.52
0,49,4.54,-6.21,1.02,0,0.67,-0.57
0,49,4.54,-6.21,1.02,0,0.68,-0.59
0,49,4.54,-6.21,1.02,0,0.68,-0.59
0,49,4.54,-6.29,1.2,0,0.65,-0.61
0,49,4.54,-6.29,1.2,0,0.6,-0.61
0,49,4.54,-6.29,1.2,0,0.6,-0.61
0,49,4.91,-6.54,1.08,0,0.54,-0.6
0,49,4.91,-6.54,1.08,0,0.52,-0.56
0,49,4.91,-6.54,1.08,0,0.52,-0.56
0,49,5.66,-6.62,1.01,0,0.53,-0.52
0,49,5.66,-6.62,1.01,0,0.52,-0.52
0,49,5.66,-6.62,1.01,0,0.52,-0.52
0,49,6.16,-7.02,0.91,0,0.5,-0.54
0,49,6.16,-7.02,0.91,0,0.5,-0.54
0,49,6.16,-7.02,0.91,0,0.49,-0.57
0,49,6.47,-7.71,0.77,0,0.5,-0.59
0,49,6.47,-7.71,0.77,0,0.5,-0.59
0,49,6.47,-7.71,0.77,0,0.5,-0.63
0,49,6.83,-8.69,0.79,0,0.5,-0.64
0,49,6.83,-8.69,0.79,0,0.5,-0.64
0,49,7.12,-9.38,0.82,0,0.54,-0.64
0,49,7.12,-9.38,0.82,0,0.55,-0.63
0,49,7.12,-9.38,0.82,0,0.56,-0.58
0,49,7.92,-9.17,0.79,0,0.56,-0.58
0,49,7.92,-9.17,0.79,0,0.54,-0.51
0,49,7.92,-9.17,0.79,0,0.51,-0.44
0,49,8.97,-8.84,0.54,0,0.51,-0.44
0,49,8.97,-8.84,0.54,0,0.5,-0.37
0,49,8.97,-8.84,0.54,0,0.52,-0.36
0,49,8.98,-9.37,0.81,0,0.52,-0.36
0,49,8.98,-9.37,0.81,0,0.52,-0.43
0,49,8.98,-9.37,0.81,0,0.46,-0.53
0,49,7.67,-10.12,2.04,0,0.46,-0.53
0,49,7.67,-10.12,2.04,0,0.34,-0.7
0,49,7.15,-10.34,1.76,0,0.22,-0.86
0,49,7.15,-10.34,1.76,0,0.22,-0.86
0,49,7.15,-10.34,1.76,0,0.08,-1.09
0,49,10.25,-8.13,0.15,0,-0.04,-1.1
0,49,10.25,-8.13,0.15,0,-0.04,-1.1
0,49,10.25,-8.13,0.15,0,-0.15,-0.96
0,49,9.9,-7.06,-1.79,0,-0.16,-0.82
0,49,9.9,-7.06,-1.79,0,-0.16,-0.82
0,49,9.9,-7.06,-1.79,0,-0.09,-0.78
0,49,6.85,-6.76,-1.82,0,-0.02,-0.93
0,49,6.85,-6.76,-1.82,0,-0.02,-0.93
0,49,6.85,-6.76,-1.82,0,0.09,-1.2
0,49,4.02,-7.65,-2.46,0,0.19,-1.44
0,49,4.02,-7.65,-2.46,0,0.19,-1.44
0,49,4.02,-7.65,-2.46,0,0.26,-1.61
0,49,4.52,-7.63,-2.54,0,0.26,-1.62
0,49,4.52,-7.63,-2.54,0,0.26,-1.62
0,49,6.8,-8.88,-2.21,0,0.27,-1.44
0,49,6.8,-8.88,-2.21,0,0.29,-1.26
0,49,6.8,-8.88,-2.21,0,0.29,-1.26
0,49,8.88,-8.63,-1.7,0,0.28,-1.08
0,49,8.88,-8.63,-1.7,0,0.28,-0.99
0,49,8.88,-8.63,-1.7,0,0.28,-0.99
0,49,7.93,-8.5,-2.13,0,0.28,-0.96
0,49,7.93,-8.5,-2.13,0,0.35,-0.95
0,49,7.93,-8.5,-2.13,0,0.35,-0.95
0,49,7.38,-7.67,-2.74,0,0.43,-0.92
0,49,7.38,-7.67,-2.74,0,0.48,-0.88
0,49,7.38,-7.67,-2.74,0,0.48,-0.88
0,49,7.36,-6.74,-2.69,0,0.51,-0.75
0,49,7.36,-6.74,-2.69,0,0.52,-0.67
0,49,7.36,-6.74,-2.69,0,0.52,-0.67
0,49,6.9,-5.29,-2.65,0,0.53,-0.52
0,49,6.9,-5.29,-2.65,0,0.56,-0.44
0,49,6.9,-5.29,-2.65,0,0.56,-0.44
0,49,5.23,-5.02,-2.57,0,0.64,-0.36
0,49,5.23,-5.02,-2.57,0,0.71,-0.33
0,49,4.27,-5.01,-2.31,0,0.71,-0.33
0,49,4.27,-5.01,-2.31,0,0.81,-0.29
0,49,4.27,-5.01,-2.31,0,0.88,-0.29
0,49,3.62,-5.07,-1.71,0,0.88,-0.29
0,49,3.62,-5.07,-1.71,0,0.97,-0.31
0,49,3.62,-5.07,-1.71,0,1.01,-0.31
0,49,3.24,-5.35,-1.14,0,1.01,-0.31
0,49,3.24,-5.35,-1.14,0,1.03,-0.28
0,49,3.24,-5.35,-1.14,0,1.05,-0.25
0,49,4.53,-6.38,0.03,0,1.05,-0.25
0,49,4.53,-6.38,0.03,0,1.01,-0.24
0,49,4.53,-6.38,0.03,0,0.95,-0.22
0,49,5.34,-6.79,0.91,0,0.95,-0.22
0,49,5.34,-6.79,0.91,0,0.87,-0.17
0,49,5.34,-6.79,0.91,0,0.81,-0.1
0,49,4.74,-6.41,0.42,0,0.81,-0.1
0,49,4.74,-6.41,0.42,0,0.77,-0.04
0,49,4.74,-6.41,0.42,0,0.77,0.02
0,49,4.89,-7.2,0.19,0,0.77,0.02
0,49,4.89,-7.2,0.19,0,0.79,0.1
0,49,4.89,-7.2,0.19,0,0.78,0.2
0,49,6.45,-7.5,1.19,0,0.78,0.2
0,49,6.45,-7.5,1.19,0,0.73,0.28
0,49,6.45,-7.5,1.19,0,0.73,0.28
0,49,5.39,-8.66,1.27,0,0.71,0.28
0,49,5.39,-8.66,1.27,0,0.7,0.29
0,49,5.39,-8.66,1.27,0,0.7,0.29
0,49,7.21,-8.8,1.4,0,0.66,0.37
0,49,7.21,-8.8,1.4,0,0.6,0.4
0,49,7.21,-8.8,1.4,0,0.6,0.4
0,49,9.08,-8.96,1.36,0,0.54,0.37
0,49,9.08,-8.96,1.36,0,0.5,0.37
0,49,9.08,-8.96,1.36,0,0.5,0.37
0,49,10.33,-9.17,1.46,0,0.46,0.36
0,49,10.33,-9.17,1.46,0,0.41,0.33
0,49,10.33,-9.17,1.46,0,0.41,0.33
0,49,9.29,-9.42,1.98,0,0.38,0.32
0,49,9.29,-9.42,1.98,0,0.36,0.29
0,49,9.29,-9.42,1.98,0,0.36,0.29
0,49,7.23,-10.24,2.77,0,0.32,0.28
0,49,7.23,-10.24,2.77,0,0.29,0.31
0,49,6.47,-10.48,3.36,0,0.29,0.31
0,49,6.47,-10.48,3.36,0,0.23,0.33
0,49,6.47,-10.48,3.36,0,0.09,0.38
0,49,7.98,-9.6,3.85,0,0.09,0.38
0,49,7.98,-9.6,3.85,0,-0.12,0.42
0,49,7.98,-9.6,3.85,0,-0.33,0.44
0,49,10.75,-6.95,2.51,0,-0.33,0.44
0,50,10.75,-6.95,2.51,0,-0.5,0.35
0,50,10.75,-6.95,2.51,0,-0.62,0.35
0,50,12.42,-5.62,0.47,0,-0.62,0.35
0,50,12.42,-5.62,0.47,0,-0.64,0.4
0,50,12.42,-5.62,0.47,0,-0.58,0.36
0,50,9.71,-6.1,-0.63,0,-0.58,0.36
0,50,9.71,-6.1,-0.63,0,-0.45,0.19
0,50,9.71,-6.1,-0.63,0,-0.32,0.02
0,50,6.19,-7.02,-0.7,0,-0.32,0.02
0,50,6.19,-7.02,-0.7,0,-0.22,-0.05
0,50,5.07,-7.3,-0.18,0,-0.18,-0.08
0,50,5.07,-7.3,-0.18,0,-0.18,-0.08
0,50,5.07,-7.3,-0.18,0,-0.22,-0.02
0,50,5.74,-6.92,0.11,0,-0.29,0.11
0,50,5.74,-6.92,0.11,0,-0.29,0.11
0,50,5.74,-6.92,0.11,0,-0.39,0.24
0,50,6.81,-6.51,-0.09,0,-0.46,0.38
0,50,6.81,-6.51,-0.09,0,-0.46,0.38
0,50,6.81,-6.51,-0.09,0,-0.52,0.47
0,50,7.26,-5.25,-0.11,0,-0.57,0.48
0,50,7.26,-5.25,-0.11,0,-0.57,0.48
0,50,7.26,-5.25,-0.11,0,-0.56,0.33
0,50,6.42,-5.15,-0.26,0,-0.51,0.14
0,50,6.42,-5.15,-0.26,0,-0.51,0.14
0,50,6.42,-5.15,-0.26,0,-0.45,-0.06
0,50,5.66,-5.19,-0.16,0,-0.4,-0.2
0,50,5.66,-5.19,-0.16,0,-0.4,-0.2
0,50,5.66,-5.19,-0.16,0,-0.34,-0.31
0,50,4.3,-5.78,-0.02,0,-0.31,-0.33
0,50,4.3,-5.78,-0.02,0,-0.31,-0.33
0,50,4.25,-5.58,0.43,0,-0.32,-0.31
0,50,4.25,-5.58,0.43,0,-0.36,-0.24
0,50,4.25,-5.58,0.43,0,-0.36,-0.24
0,50,4.17,-6.06,0.12,0,-0.37,-0.18
0,50,4.17,-6.06,0.12,0,-0.34,-0.17
0,50,4.17,-6.06,0.12,0,-0.34,-0.17
0,50,5.01,-6.15,0.3,0,-0.29,-0.17
0,50,5.01,-6.15,0.3,0,-0.24,-0.16
0,50,5.01,-6.15,0.3,0,-0.24,-0.16
0,50,5.2,-6.53,0.47,0,-0.2,-0.15
0,50,5.2,-6.53,0.47,0,-0.16,-0.16
0,50,5.2,-6.53,0.47,0,-0.16,-0.16
0,50,4.55,-7.05,0.46,0,-0.11,-0.18
0,50,4.55,-7.05,0.46,0,-0.07,-0.2
0,50,4.55,-7.05,0.46,0,-0.07,-0.2
0,50,4.63,-7.33,0.56,0,-0.03,-0.21
0,50,4.63,-7.33,0.56,0,0,-0.24
0,50,4.63,-7.33,0.56,0,0,-0.24
0,50,5.83,-7.4,0.23,0,0.05,-0.27
0,50,5.83,-7.4,0.23,0,0.11,-0.23
0,50,6.95,-7.2,-0.18,0,0.11,-0.23
0,50,6.95,-7.2,-0.18,0,0.17,-0.14
0,50,6.95,-7.2,-0.18,0,0.23,-0.08
0,50,6.72,-7.52,-0.18,0,0.23,-0.08
0,50,6.72,-7.52,-0.18,0,0.33,-0.09
0,50,6.72,-7.52,-0.18,0,0.4,-0.12
0,50,6.72,-7.7,0.11,0,0.4,-0.12
0,50,6.72,-7.7,0.11,0,0.49,-0.2
0,50,6.72,-7.7,0.11,0,0.55,-0.26
0,50,6.65,-8.47,0.61,0,0.55,-0.26
0,50,6.65,-8.47,0.61,0,0.61,-0.36
0,50,6.65,-8.47,0.61,0,0.64,-0.43
0,50,6.54,-8.87,1.44,0,0.64,-0.43
0,50,6.54,-8.87,1.44,0,0.62,-0.48
0,50,7.44,-9.08,1.89,0,0.58,-0.49
0,50,7.44,-9.08,1.89,0,0.5,-0.48
0,50,7.44,-9.08,1.89,0,0.5,-0.48
0,50,9.85,-9.07,2.02,0,0.41,-0.42
0,50,9.85,-9.07,2.02,0,0.32,-0.35
0,50,9.85,-9.07,2.02,0,0.32,-0.35
0,50,10.57,-9.15,2.04,0,0.23,-0.28
0,50,10.57,-9.15,2.04,0,0.23,-0.28
0,50,10.57,-9.15,2.04,0,0.14,-0.27
0,50,9.25,-9.2,1.9,0,0.09,-0.32
0,50,9.25,-9.2,1.9,0,0.09,-0.32
0,50,9.25,-9.2,1.9,0,0.02,-0.44
0,50,8.49,-8.72,1.51,0,-0.04,-0.55
0,50,8.49,-8.72,1.51,0,-0.04,-0.55
0,50,8.49,-8.72,1.51,0,-0.11,-0.68
0,50,7.78,-8.01,0.32,0,-0.13,-0.77
0,50,7.78,-8.01,0.32,0,-0.13,-0.77
0,50,7.78,-8.01,0.32,0,-0.15,-0.83
0,50,6.77,-7.66,-1.07,0,-0.14,-0.8
0,50,6.77,-7.66,-1.07,0,-0.14,-0.8
0,50,6.77,-7.66,-1.07,0,-0.08,-0.72
0,50,5.96,-7.49,-1.85,0,-0.02,-0.66
0,50,5.96,-7.49,-1.85,0,-0.02,-0.66
0,50,4.73,-7.44,-2.26,0,0.06,-0.61
0,50,4.73,-7.44,-2.26,0,0.12,-0.59
0,50,4.73,-7.44,-2.26,0,0.18,-0.59
0,50,4.74,-7.42,-1.94,0,0.18,-0.59
0,50,4.74,-7.42,-1.94,0,0.2,-0.59
0,50,4.74,-7.42,-1.94,0,0.18,-0.6
0,50,6.61,-7.4,-1.41,0,0.18,-0.6
0,50,6.61,-7.4,-1.41,0,0.15,-0.61
0,50,6.61,-7.4,-1.41,0,0.14,-0.62
0,50,7.78,-7.7,-1.1,0,0.14,-0.62
0,50,7.78,-7.7,-1.1,0,0.13,-0.64
0,50,7.78,-7.7,-1.1,0,0.12,-0.65
0,50,7.84,-7.44,-1.07,0,0.12,-0.65
0,50,7.84,-7.44,-1.07,0,0.12,-0.67
0,50,7.84,-7.44,-1.07,0,0.11,-0.69
0,50,7.03,-6.75,-1.06,0,0.11,-0.69
0,50,7.03,-6.75,-1.06,0,0.08,-0.64
0,50,7.38,-5.97,-1.58,0,0.04,-0.55
0,50,7.38,-5.97,-1.58,0,0.04,-0.55
0,50,7.38,-5.97,-1.58,0,0.05,-0.43
0,50,7.01,-5.45,-1.95,0,0.06,-0.33
0,50,7.01,-5.45,-1.95,0,0.06,-0.33
0,50,7.01,-5.45,-1.95,0,0.08,-0.22
0,50,5.97,-5.42,-1.91,0,0.11,-0.21
0,50,5.97,-5.42,-1.91,0,0.11,-0.21
0,50,5.97,-5.42,-1.91,0,0.17,-0.22
0,50,4.5,-5.82,-1.88,0,0.23,-0.29
0,50,4.5,-5.82,-1.88,0,0.23,-0.29
0,50,4.5,-5.82,-1.88,0,0.32,-0.36
0,50,4.68,-5.54,-1.55,0,0.37,-0.36
0,50,4.68,-5.54,-1.55,0,0.37,-0.36
0,50,4.68,-5.54,-1.55,0,0.39,-0.27
0,50,5.4,-5.65,-1.27,0,0.38,-0.14
0,50,5.4,-5.65,-1.27,0,0.38,-0.14
0,50,5.45,-5.76,-1.02,0,0.38,0.01
0,50,5.45,-5.76,-1.02,0,0.39,0.09
0,50,5.45,-5.76,-1.02,0,0.39,0.09
0,50,5.6,-5.88,-0.79,0,0.4,0.14
0,50,5.6,-5.88,-0.79,0,0.42,0.18
0,50,5.6,-5.88,-0.79,0,0.42,0.22
0,50,5.43,-6.24,-0.1,0,0.42,0.22
0,50,5.43,-6.24,-0.1,0,0.41,0.24
0,50,5.43,-6.24,-0.1,0,0.39,0.23
0,50,5.62,-6.61,0.46,0,0.39,0.23
0,50,5.62,-6.61,0.46,0,0.35,0.21
0,50,5.62,-6.61,0.46,0,0.31,0.2
0,50,6.34,-7.01,0.52,0,0.31,0.2
0,50,6.34,-7.01,0.52,0,0.29,0.19
0,50,6.34,-7.01,0.52,0,0.28,0.21
0,50,6.86,-7.38,0.34,0,0.28,0.21
0,50,6.86,-7.38,0.34,0,0.27,0.24
0,50,6.91,-7.62,0.18,0,0.26,0.24
0,50,6.91,-7.62,0.18,0,0.26,0.24
0,50,6.91,-7.62,0.18,0,0.28,0.24
0,50,7,-8.11,0.03,0,0.3,0.26
0,50,7,-8.11,0.03,0,0.3,0.26
0,50,7,-8.11,0.03,0,0.34,0.28
0,50,6.98,-8.37,0.35,0,0.34,0.32
0,50,6.98,-8.37,0.35,0,0.34,0.32
0,50,6.98,-8.37,0.35,0,0.35,0.35
0,50,7.99,-8.88,0.58,0,0.35,0.35
0,50,7.99,-8.88,0.58,0,0.34,0.44
0,50,7.99,-8.88,0.58,0,0.31,0.48
0,50,9.01,-8.64,1,0,0.31,0.48
0,50,9.01,-8.64,1,0,0.29,0.48
0,50,9.01,-8.64,1,0,0.27,0.46
0,50,9.28,-8.73,1.64,0,0.27,0.46
0,51,9.28,-8.73,1.64,0,0.23,0.44
0,51,9.28,-8.73,1.64,0,0.16,0.42
0,51,8.79,-9.16,2.62,0,0.16,0.42
0,51,8.79,-9.16,2.62,0,0.07,0.4
0,51,8.79,-9.16,2.62,0,-0.03,0.41
0,51,8.27,-9.45,3.06,0,-0.03,0.41
0,51,8.27,-9.45,3.06,0,-0.18,0.44
0,51,8.27,-9.45,3.06,0,-0.33,0.47
0,51,9.81,-8.13,2.53,0,-0.33,0.47
0,51,9.81,-8.13,2.53,0,-0.45,0.48
0,51,9.81,-8.13,2.53,0,-0.53,0.42
0,51,11.1,-6.14,1.34,0,-0.53,0.42
0,51,11.1,-6.14,1.34,0,-0.57,0.33
0,51,11.1,-6.14,1.34,0,-0.58,0.26
0,51,11.15,-5.3,0.1,0,-0.58,0.26
0,51,11.15,-5.3,0.1,0,-0.54,0.21
0,51,8.83,-5.76,-0.56,0,-0.49,0.13
0,51,8.83,-5.76,-0.56,0,-0.49,0.13
0,51,8.83,-5.76,-0.56,0,-0.41,0.05
0,51,6.84,-6.34,-0.77,0,-0.33,-0.03
0,51,6.84,-6.34,-0.77,0,-0.33,-0.03
0,51,6.84,-6.34,-0.77,0,-0.26,-0.09
0,51,7.32,-6.57,-0.83,0,-0.2,-0.08
0,51,7.32,-6.57,-0.83,0,-0.2,-0.08
0,51,7.32,-6.57,-0.83,0,-0.16,-0.03
0,51,8.52,-5.92,-0.41,0,-0.19,0.02
0,51,8.52,-5.92,-0.41,0,-0.19,0.02
0,51,8.52,-5.92,-0.41,0,-0.19,0.14
0,51,9.65,-5.6,-0.75,0,-0.19,0.24
0,51,9.65,-5.6,-0.75,0,-0.19,0.24
0,51,9.11,-5.07,-0.58,0,-0.16,0.31
0,51,9.11,-5.07,-0.58,0,-0.14,0.3
0,51,9.11,-5.07,-0.58,0,-0.14,0.3
0,51,6.81,-4.9,-0.57,0,-0.08,0.19
0,51,6.81,-4.9,-0.57,0,-0.03,0.1
0,51,6.81,-4.9,-0.57,0,0.02,-0.02
0,51,6.11,-4.96,-0.28,0,0.02,-0.02
0,51,6.11,-4.96,-0.28,0,0.05,-0.09
0,51,6.11,-4.96,-0.28,0,0.07,-0.14
0,51,5.53,-4.83,-0.19,0,0.07,-0.14
0,51,5.53,-4.83,-0.19,0,0.09,-0.11
0,51,5.53,-4.83,-0.19,0,0.09,-0.04
0,51,4.39,-5.13,0.26,0,0.09,-0.04
0,51,4.39,-5.13,0.26,0,0.08,0.01
0,51,4.25,-5.35,0.33,0,0.09,0.03
0,51,4.25,-5.35,0.33,0,0.09,0.03
0,51,4.25,-5.35,0.33,0,0.1,0.03
0,51,4.93,-5.34,0.47,0,0.13,0.02
0,51,4.93,-5.34,0.47,0,0.13,0.02
0,51,4.93,-5.34,0.47,0,0.17,0.01
0,51,5.34,-5.62,0.72,0,0.21,0
0,51,5.34,-5.62,0.72,0,0.21,0
0,51,5.34,-5.62,0.72,0,0.26,-0.03
0,51,5.09,-6.06,1.04,0,0.31,-0.05
0,51,5.09,-6.06,1.04,0,0.31,-0.05
0,51,5.09,-6.06,1.04,0,0.36,-0.1
0,51,5,-6.35,1.4,0,0.38,-0.11
0,51,5,-6.35,1.4,0,0.38,-0.11
0,51,5.31,-6.48,1.65,0,0.39,-0.11
0,51,5.31,-6.48,1.65,0,0.4,-0.11
0,51,5.31,-6.48,1.65,0,0.4,-0.11
0,51,5.62,-6.33,1.88,0,0.38,-0.12
0,51,5.62,-6.33,1.88,0,0.39,-0.13
0,51,5.62,-6.33,1.88,0,0.39,-0.09
0,51,7.1,-6,1.73,0,0.39,-0.09
0,51,7.1,-6,1.73,0,0.38,-0.03
0,51,7.1,-6,1.73,0,0.36,0
0,51,8.41,-5.9,1.32,0,0.36,0
0,51,8.41,-5.9,1.32,0,0.37,0.03
0,51,7.67,-6.31,1.13,0,0.39,0
0,51,7.67,-6.31,1.13,0,0.39,0
0,51,7.67,-6.31,1.13,0,0.44,-0.14
0,51,6.66,-7.15,1.28,0,0.5,-0.27
0,51,6.66,-7.15,1.28,0,0.56,-0.4
0,51,6.66,-7.15,1.28,0,0.56,-0.4
0,51,6.81,-7.69,2.02,0,0.58,-0.49
0,51,6.81,-7.69,2.02,0,0.57,-0.54
0,51,6.81,-7.69,2.02,0,0.57,-0.54
0,51,7.56,-8.15,2.45,0,0.53,-0.56
0,51,7.56,-8.15,2.45,0,0.47,-0.59
0,51,7.56,-8.15,2.45,0,0.47,-0.59
0,51,9.14,-8.52,2.68,0,0.39,-0.58
0,51,9.14,-8.52,2.68,0,0.31,-0.53
0,51,9.77,-8.81,2.82,0,0.31,-0.53
0,51,9.77,-8.81,2.82,0,0.22,-0.48
0,51,9.77,-8.81,2.82,0,0.13,-0.47
0,51,10.29,-8.79,2.55,0,0.13,-0.47
0,51,10.29,-8.79,2.55,0,0.01,-0.49
0,51,10.29,-8.79,2.55,0,-0.1,-0.49
0,51,11.94,-7.29,1.42,0,-0.1,-0.49
0,51,11.94,-7.29,1.42,0,-0.2,-0.51
0,51,11.94,-7.29,1.42,0,-0.24,-0.51
0,51,11.5,-6.53,0.05,0,-0.24,-0.51
0,51,11.5,-6.53,0.05,0,-0.22,-0.53
0,51,11.5,-6.53,0.05,0,-0.16,-0.58
0,51,8.05,-6.85,-0.84,0,-0.06,-0.68
0,51,8.05,-6.85,-0.84,0,-0.06,-0.68
0,51,8.05,-6.85,-0.84,0,0.05,-0.77
0,51,5.22,-7.38,-1.24,0,0.05,-0.77
0,51,5.22,-7.38,-1.24,0,0.13,-0.81
0,51,5.22,-7.38,-1.24,0,0.13,-0.78
0,51,5.99,-7.37,-0.92,0,0.13,-0.78
0,51,5.99,-7.37,-0.92,0,0.1,-0.7
0,51,7.32,-7.43,-0.84,0,0.06,-0.62
0,51,7.32,-7.43,-0.84,0,0.06,-0.62
0,51,7.32,-7.43,-0.84,0,0.04,-0.53
0,51,9.09,-7.67,-0.73,0,0.05,-0.51
0,51,9.09,-7.67,-0.73,0,0.05,-0.51
0,51,9.09,-7.67,-0.73,0,0.07,-0.52
0,51,9.39,-7.52,-0.73,0,0.09,-0.54
0,51,9.39,-7.52,-0.73,0,0.09,-0.54
0,51,9.39,-7.52,-0.73,0,0.14,-0.54
0,51,7.44,-7.54,-0.99,0,0.19,-0.53
0,51,7.44,-7.54,-0.99,0,0.19,-0.53
0,51,7.44,-7.54,-0.99,0,0.21,-0.54
0,51,6.7,-6.98,-0.88,0,0.19,-0.49
0,51,6.7,-6.98,-0.88,0,0.19,-0.49
0,51,6.7,-6.98,-0.88,0,0.18,-0.39
0,51,6.62,-6.15,-1.04,0,0.14,-0.3
0,51,6.62,-6.15,-1.04,0,0.14,-0.3
0,51,6.62,-6.15,-1.04,0,0.11,-0.19
0,51,6.69,-5.31,-1.14,0,0.09,-0.15
0,51,6.69,-5.31,-1.14,0,0.09,-0.15
0,51,5.88,-5.07,-1.13,0,0.09,-0.13
0,51,5.88,-5.07,-1.13,0,0.1,-0.15
0,51,5.88,-5.07,-1.13,0,0.1,-0.15
0,51,5.49,-5.02,-1.16,0,0.12,-0.18
0,51,5.49,-5.02,-1.16,0,0.16,-0.18
0,51,5.49,-5.02,-1.16,0,0.22,-0.13
0,51,5.22,-4.97,-0.97,0,0.22,-0.13
0,51,5.22,-4.97,-0.97,0,0.25,-0.07
0,51,5.22,-4.97,-0.97,0,0.29,-0.02
0,51,5.13,-5.07,-0.67,0,0.29,-0.02
0,51,5.13,-5.07,-0.67,0,0.33,0.06
0,51,5.13,-5.07,-0.67,0,0.37,0.13
0,51,5.02,-5.27,-0.04,0,0.37,0.13
0,51,5.02,-5.27,-0.04,0,0.4,0.17
0,51,4.98,-5.38,0.56,0,0.41,0.2
0,51,4.98,-5.38,0.56,0,0.41,0.2
0,51,4.98,-5.38,0.56,0,0.42,0.22
0,51,4.32,-5.78,0.7,0,0.42,0.22
0,51,4.32,-5.78,0.7,0,0.42,0.22
0,51,4.32,-5.78,0.7,0,0.41,0.24
0,51,5.26,-6.26,1.17,0,0.39,0.26
0,51,5.26,-6.26,1.17,0,0.39,0.26
0,51,5.26,-6.26,1.17,0,0.32,0.34
0,51,5.76,-6.58,0.99,0,0.27,0.4
0,51,5.76,-6.58,0.99,0,0.27,0.4
0,51,5.76,-6.58,0.99,0,0.26,0.46
0,51,6.3,-7.23,0.73,0,0.28,0.47
0,51,6.3,-7.23,0.73,0,0.28,0.47
0,51,7.17,-7.73,0.81,0,0.31,0.48
0,52,7.17,-7.73,0.81,0,0.33,0.49
0,52,7.17,-7.73,0.81,0,0.34,0.49
0,52,8.31,-8.09,1.14,0,0.34,0.49
0,52,8.31,-8.09,1.14,0,0.33,0.5
0,52,8.31,-8.09,1.14,0,0.29,0.52
0,52,8.52,-9.66,2.38,0,0.18,0.47
0,52,8.52,-9.66,2.38,0,0.13,0.44
0,52,8.52,-9.66,2.38,0,0.13,0.44
0,52,7.83,-10.97,3.02,0,0.04,0.45
0,52,7.83,-10.97,3.02,0,-0.07,0.49
0,52,7.83,-10.97,3.02,0,-0.07,0.49
0,52,9.31,-9.54,3.23,0,-0.24,0.56
0,52,9.31,-9.54,3.23,0,-0.45,0.61
0,52,9.31,-9.54,3.23,0,-0.45,0.61
0,52,14.59,-5.83,1.88,0,-0.64,0.64
0,52,14.59,-5.83,1.88,0,-0.8,0.7
0,52,14.59,-5.83,1.88,0,-0.8,0.7
0,52,17.12,-3.43,0.67,0,-0.89,0.68
0,52,17.12,-3.43,0.67,0,-0.84,0.59
0,52,17.12,-3.43,0.67,0,-0.84,0.59
0,52,13,-4.19,-0.44,0,-0.69,0.39
0,52,13,-4.19,-0.44,0,-0.51,0.19
0,52,13,-4.19,-0.44,0,-0.51,0.19
0,52,6.1,-5.99,-0.39,0,-0.4,0.04
0,52,6.1,-5.99,-0.39,0,-0.27,-0.11
0,52,2.83,-7.73,-0.08,0,-0.27,-0.11
0,52,2.83,-7.73,-0.08,0,-0.14,-0.23
0,52,2.83,-7.73,-0.08,0,-0.08,-0.29
0,52,3.41,-8.37,0.54,0,-0.08,-0.29
0,52,3.41,-8.37,0.54,0,-0.07,-0.2
0,52,3.41,-8.37,0.54,0,-0.12,0
0,52,7.81,-7.54,1.11,0,-0.12,0
0,52,7.81,-7.54,1.11,0,-0.23,0.26
0,52,7.81,-7.54,1.11,0,-0.23,0.26
0,52,8.34,-6.19,0.02,0,-0.36,0.56
0,52,8.34,-6.19,0.02,0,-0.39,0.71
0,52,8.07,-5.43,-0.18,0,-0.37,0.77
0,52,8.07,-5.43,-0.18,0,-0.33,0.64
0,52,8.07,-5.43,-0.18,0,-0.3,0.38
0,52,8.39,-4.73,0.19,0,-0.3,0.38
0,52,8.39,-4.73,0.19,0,-0.23,0.17
0,52,8.39,-4.73,0.19,0,-0.23,0.17
0,52,7.52,-4.93,0.34,0,-0.15,0.13
0,52,7.52,-4.93,0.34,0,-0.15,0.13
0,52,7.52,-4.93,0.34,0,-0.15,0.13
0,52,4.58,-5.7,0.86,0,-0.15,0.04
0,52,4.58,-5.7,0.86,0,-0.13,-0.06
0,52,4.58,-5.7,0.86,0,-0.13,-0.06
0,52,3.41,-5.47,0.65,0,-0.08,-0.15
0,52,3.41,-5.47,0.65,0,-0.04,-0.16
0,52,3.41,-5.47,0.65,0,-0.04,-0.16
0,52,3.41,-5.29,0.7,0,0.01,-0.16
0,52,3.41,-5.29,0.7,0,0.06,-0.16
0,52,3.73,-5.46,0.96,0,0.06,-0.16
0,52,3.73,-5.46,0.96,0,0.11,-0.16
0,52,3.73,-5.46,0.96,0,0.13,-0.16
0,52,3.9,-5.71,1.31,0,0.13,-0.16
0,52,3.9,-5.71,1.31,0,0.15,-0.15
0,52,3.9,-5.71,1.31,0,0.16,-0.15
0,52,3.96,-5.9,1.42,0,0.16,-0.15
0,52,3.96,-5.9,1.42,0,0.16,-0.14
0,52,3.96,-5.9,1.42,0,0.16,-0.13
0,52,5.1,-6.12,1.47,0,0.16,-0.13
0,52,5.1,-6.12,1.47,0,0.16,-0.11
0,52,5.1,-6.12,1.47,0,0.16,-0.1
0,52,6.59,-6.22,1.5,0,0.16,-0.1
0,52,6.59,-6.22,1.5,0,0.17,-0.08
0,52,6.59,-6.22,1.5,0,0.19,-0.06
0,52,7.63,-6.4,1.61,0,0.19,-0.06
0,52,7.63,-6.4,1.61,0,0.19,-0.03
0,52,7.63,-6.4,1.61,0,0.18,0
0,52,8.1,-6.27,1.85,0,0.18,0
0,52,8.1,-6.27,1.85,0,0.18,-0.02
0,52,8.1,-6.27,1.85,0,0.18,-0.02
0,52,7.88,-6.67,2.04,0,0.19,-0.09
0,52,7.88,-6.67,2.04,0,0.2,-0.18
0,52,7.88,-6.67,2.04,0,0.2,-0.18
0,52,7.84,-7.43,2.01,0,0.21,-0.31
0,52,7.84,-7.43,2.01,0,0.22,-0.4
0,52,7.84,-7.43,2.01,0,0.22,-0.4
0,52,7.89,-8.08,1.96,0,0.22,-0.45
0,52,7.89,-8.08,1.96,0,0.2,-0.45
0,52,7.89,-8.08,1.96,0,0.2,-0.45
0,52,8.13,-8.61,1.66,0,0.2,-0.41
0,52,8.13,-8.61,1.66,0,0.2,-0.41
0,52,8.13,-8.61,1.66,0,0.2,-0.33
0,52,8.36,-8.87,1.7,0,0.21,-0.28
0,52,8.36,-8.87,1.7,0,0.21,-0.28
0,52,8.36,-8.87,1.7,0,0.19,-0.26
0,52,8.4,-9.38,2.29,0,0.17,-0.27
0,52,8.4,-9.38,2.29,0,0.17,-0.27
0,52,8.4,-9.38,2.29,0,0.1,-0.32
0,52,8.56,-9.58,2.65,0,0,-0.39
0,52,8.56,-9.58,2.65,0,0,-0.39
0,52,8.56,-9.58,2.65,0,-0.11,-0.51
0,52,10.75,-8.19,2.14,0,-0.22,-0.65
0,52,10.75,-8.19,2.14,0,-0.22,-0.65
0,52,10.75,-8.19,2.14,0,-0.28,-0.72
0,52,10.4,-7.52,-0.2,0,-0.29,-0.71
0,52,10.4,-7.52,-0.2,0,-0.29,-0.71
0,52,10.4,-7.52,-0.2,0,-0.25,-0.64
0,52,8.15,-8.1,-1.17,0,-0.25,-0.64
0,52,8.15,-8.1,-1.17,0,-0.18,-0.58
0,52,8.15,-8.1,-1.17,0,-0.17,-0.6
0,52,6.22,-7.82,-0.96,0,-0.17,-0.6
0,52,6.22,-7.82,-0.96,0,-0.18,-0.65
0,52,6.22,-7.82,-0.96,0,-0.19,-0.68
0,52,5.06,-7.94,-1.32,0,-0.19,-0.68
0,52,5.06,-7.94,-1.32,0,-0.21,-0.72
0,52,5.06,-7.94,-1.32,0,-0.22,-0.75
0,52,6.34,-7.5,-1.36,0,-0.22,-0.75
0,52,6.34,-7.5,-1.36,0,-0.22,-0.76
0,52,6.34,-7.5,-1.36,0,-0.22,-0.76
0,52,7.44,-7.3,-1.61,0,-0.2,-0.7
0,52,7.44,-7.3,-1.61,0,-0.19,-0.61
0,52,7.44,-7.3,-1.61,0,-0.19,-0.61
0,52,7.56,-7.16,-1.85,0,-0.15,-0.52
0,52,7.56,-7.16,-1.85,0,-0.1,-0.4
0,52,7.56,-7.16,-1.85,0,-0.1,-0.4
0,52,7.07,-6.82,-2.17,0,-0.03,-0.29
0,52,7.07,-6.82,-2.17,0,-0.03,-0.29
0,52,7.07,-6.82,-2.17,0,0.08,-0.21
0,52,7.18,-6.15,-1.99,0,0.16,-0.17
0,52,7.18,-6.15,-1.99,0,0.16,-0.17
0,52,7.18,-6.15,-1.99,0,0.23,-0.13
0,52,6.97,-5.6,-1.59,0,0.3,-0.1
0,52,6.97,-5.6,-1.59,0,0.3,-0.1
0,52,6.97,-5.6,-1.59,0,0.35,-0.07
0,52,6.61,-5.11,-1.19,0,0.35,-0.07
0,52,6.61,-5.11,-1.19,0,0.37,-0.04
0,52,6.61,-5.11,-1.19,0,0.39,-0.01
0,52,5.79,-4.99,-0.81,0,0.39,-0.01
0,52,5.79,-4.99,-0.81,0,0.4,0.02
0,52,5.79,-4.99,-0.81,0,0.42,0.05
0,52,4.7,-5.01,-0.39,0,0.42,0.05
0,52,4.7,-5.01,-0.39,0,0.42,0.09
0,52,4.7,-5.01,-0.39,0,0.42,0.11
0,52,4.07,-5.26,-0.13,0,0.42,0.11
0,52,4.07,-5.26,-0.13,0,0.41,0.19
0,52,4.07,-5.26,-0.13,0,0.41,0.19
0,52,3.79,-5.51,0.1,0,0.37,0.33
0,52,3.79,-5.51,0.1,0,0.35,0.43
0,52,3.79,-5.51,0.1,0,0.35,0.43
0,52,4.5,-5.67,0.33,0,0.34,0.53
0,52,4.5,-5.67,0.33,0,0.33,0.56
0,52,4.5,-5.67,0.33,0,0.33,0.56
0,52,5.47,-5.86,0.97,0,0.35,0.54
0,52,5.47,-5.86,0.97,0,0.34,0.52
0,52,5.47,-5.86,0.97,0,0.34,0.52
0,52,6.17,-6.22,1.34,0,0.35,0.48
0,52,6.17,-6.22,1.34,0,0.34,0.46
0,52,6.17,-6.22,1.34,0,0.34,0.46
0,52,6.35,-6.77,1.77,0,0.3,0.48
0,52,6.35,-6.77,1.77,0,0.3,0.48
0,52,6.35,-6.77,1.77,0,0.25,0.51
0,53,5.93,-7.52,2.09,0,0.19,0.54
0,53,5.93,-7.52,2.09,0,0.19,0.54
0,53,5.93,-7.52,2.09,0,0.13,0.57
0,53,5.61,-8.11,2.29,0,0.08,0.54
0,53,5.61,-8.11,2.29,0,0.08,0.54
0,53,5.61,-8.11,2.29,0,0.02,0.48
0,53,6.57,-8.31,2.89,0,-0.06,0.44
0,53,6.57,-8.31,2.89,0,-0.06,0.44
0,53,6.57,-8.31,2.89,0,-0.19,0.4
0,53,8.37,-8.49,3.19,0,-0.32,0.36
0,53,8.37,-8.49,3.19,0,-0.32,0.36
0,53,8.37,-8.49,3.19,0,-0.45,0.33
0,53,9.01,-8.67,2.66,0,-0.45,0.33
0,53,9.01,-8.67,2.66,0,-0.58,0.32
0,53,9.01,-8.67,2.66,0,-0.63,0.33
0,53,9.09,-8.83,1.98,0,-0.63,0.33
0,53,9.09,-8.83,1.98,0,-0.68,0.37
0,53,9.09,-8.83,1.98,0,-0.7,0.35
0,53,7.79,-9.71,1.76,0,-0.7,0.35
0,53,7.79,-9.71,1.76,0,-0.68,0.29
0,53,7.62,-10.03,2,0,-0.65,0.29
0,53,7.62,-10.03,2,0,-0.65,0.29
0,53,7.62,-10.03,2,0,-0.68,0.34
0,53,9.23,-9.22,1.83,0,-0.75,0.42
0,53,9.23,-9.22,1.83,0,-0.75,0.42
0,53,9.23,-9.22,1.83,0,-0.85,0.54
0,53,12.09,-6.47,0.94,0,-0.97,0.64
0,53,12.09,-6.47,0.94,0,-0.97,0.64
0,53,9.78,-6.03,-1.25,0,-0.65,0.06
0,53,9.78,-6.03,-1.25,0,-0.65,0.06
0,53,9.78,-6.03,-1.25,0,-0.51,-0.03
0,53,6.95,-6.76,-1.5,0,-0.41,-0.04
0,53,6.95,-6.76,-1.5,0,-0.41,-0.04
0,53,6.95,-6.76,-1.5,0,-0.32,0
0,53,5.99,-7.31,-1.16,0,-0.27,0.05
0,53,5.99,-7.31,-1.16,0,-0.27,0.05
0,53,5.99,-7.31,-1.16,0,-0.22,0.14
0,53,6.96,-6.96,-0.5,0,-0.22,0.21
0,53,6.96,-6.96,-0.5,0,-0.22,0.21
0,53,6.96,-6.96,-0.5,0,-0.24,0.27
0,53,7.64,-6.83,-0.51,0,-0.24,0.27
0,53,7.64,-6.83,-0.51,0,-0.26,0.26
0,53,7.64,-6.83,-0.51,0,-0.26,0.21
0,53,7.04,-6.2,-0.78,0,-0.26,0.21
0,53,7.04,-6.2,-0.78,0,-0.24,0.17
0,53,7.04,-6.2,-0.78,0,-0.22,0.13
0,53,5.52,-6.16,-1.02,0,-0.22,0.13
0,53,5.52,-6.16,-1.02,0,-0.21,0.03
0,53,5.52,-6.16,-1.02,0,-0.21,0.03
0,53,4.98,-6.14,-0.61,0,-0.2,-0.13
0,53,4.98,-6.14,-0.61,0,-0.19,-0.22
0,53,4.98,-6.14,-0.61,0,-0.19,-0.22
0,53,4.34,-6.22,-0.95,0,-0.13,-0.23
0,53,4.34,-6.22,-0.95,0,-0.09,-0.21
0,53,4.34,-6.22,-0.95,0,-0.09,-0.21
0,53,3.32,-6.47,-0.26,0,-0.06,-0.21
0,53,3.32,-6.47,-0.26,0,-0.06,-0.21
0,53,3.32,-6.47,-0.26,0,-0.04,-0.26
0,53,3.17,-6.82,-0.24,0,-0.01,-0.29
0,53,3.17,-6.82,-0.24,0,-0.01,-0.29
0,53,3.17,-6.82,-0.24,0,0.05,-0.28
0,53,4.29,-6.85,0.03,0,0.11,-0.25
0,53,4.29,-6.85,0.03,0,0.11,-0.25
0,53,4.29,-6.85,0.03,0,0.15,-0.23
0,53,4.94,-6.92,0.22,0,0.15,-0.23
0,53,4.94,-6.92,0.22,0,0.23,-0.25
0,53,4.94,-6.92,0.22,0,0.29,-0.26
0,53,4.82,-7.11,0.45,0,0.29,-0.26
0,53,4.82,-7.11,0.45,0,0.37,-0.27
0,53,4.82,-7.11,0.45,0,0.43,-0.27
0,53,5,-6.95,0.74,0,0.43,-0.27
0,53,5,-6.95,0.74,0,0.48,-0.27
0,53,5,-6.95,0.74,0,0.52,-0.26
0,53,5.09,-6.74,1.04,0,0.52,-0.26
0,53,5.09,-6.74,1.04,0,0.53,-0.26
0,53,5.09,-6.74,1.04,0,0.53,-0.26
0,53,5.43,-6.58,1.12,0,0.53,-0.22
0,53,5.43,-6.58,1.12,0,0.52,-0.21
0,53,5.43,-6.58,1.12,0,0.52,-0.21
0,53,5.57,-6.64,1.12,0,0.53,-0.23
0,53,5.57,-6.64,1.12,0,0.53,-0.26
0,53,5.57,-6.64,1.12,0,0.53,-0.26
0,53,5.93,-6.74,1.04,0,0.53,-0.27
0,53,5.93,-6.74,1.04,0,0.51,-0.32
0,53,5.93,-6.74,1.04,0,0.51,-0.32
0,53,6.05,-7.36,0.97,0,0.49,-0.37
0,53,6.05,-7.36,0.97,0,0.47,-0.4
0,53,6.05,-7.36,0.97,0,0.47,-0.4
0,53,6.46,-8.02,0.92,0,0.45,-0.46
0,53,6.46,-8.02,0.92,0,0.45,-0.46
0,53,6.46,-8.02,0.92,0,0.43,-0.54
0,53,7.35,-8.84,1.06,0,0.4,-0.54
0,53,7.35,-8.84,1.06,0,0.4,-0.54
0,53,7.35,-8.84,1.06,0,0.38,-0.51
0,53,8.26,-9.08,1.3,0,0.35,-0.51
0,53,8.26,-9.08,1.3,0,0.35,-0.51
0,53,8.26,-9.08,1.3,0,0.28,-0.52
0,53,7.84,-9.69,1.4,0,0.19,-0.54
0,53,7.84,-9.69,1.4,0,0.19,-0.54
0,53,7.84,-9.69,1.4,0,0.07,-0.58
0,53,8.38,-8.88,0.7,0,-0.04,-0.64
0,53,8.38,-8.88,0.7,0,-0.04,-0.64
0,53,8.38,-8.88,0.7,0,-0.12,-0.64
0,53,12.01,-7.06,0.29,0,-0.12,-0.64
0,53,12.01,-7.06,0.29,0,-0.22,-0.62
0,53,12.01,-7.06,0.29,0,-0.26,-0.61
0,53,10.83,-6.44,-1.03,0,-0.26,-0.61
0,53,10.83,-6.44,-1.03,0,-0.24,-0.64
0,53,10.83,-6.44,-1.03,0,-0.16,-0.73
0,53,6.82,-7.69,-1.75,0,-0.16,-0.73
0,53,6.82,-7.69,-1.75,0,-0.06,-0.87
0,53,6.82,-7.69,-1.75,0,-0.02,-1.01
0,53,4.17,-7.84,-1.62,0,-0.02,-1.01
0,53,4.17,-7.84,-1.62,0,0,-1.08
0,53,4.17,-7.84,-1.62,0,-0.03,-1.08
0,53,4.39,-8.33,-1.77,0,-0.03,-1.08
0,53,4.39,-8.33,-1.77,0,-0.05,-0.93
0,53,6.06,-7.99,-1.42,0,-0.1,-0.8
0,53,6.06,-7.99,-1.42,0,-0.1,-0.8
0,53,6.06,-7.99,-1.42,0,-0.12,-0.72
0,53,8.37,-7.98,-1.46,0,-0.12,-0.66
0,53,8.37,-7.98,-1.46,0,-0.12,-0.66
0,53,8.37,-7.98,-1.46,0,-0.12,-0.59
0,53,9.55,-7.67,-1.66,0,-0.12,-0.59
0,53,9.55,-7.67,-1.66,0,-0.11,-0.54
0,53,9.55,-7.67,-1.66,0,-0.08,-0.54
0,53,8.72,-7.64,-2.34,0,-0.08,-0.54
0,53,8.72,-7.64,-2.34,0,0,-0.55
0,53,8.72,-7.64,-2.34,0,0.06,-0.53
0,53,8.96,-7.04,-2.89,0,0.06,-0.53
0,53,8.96,-7.04,-2.89,0,0.15,-0.48
0,53,8.96,-7.04,-2.89,0,0.2,-0.41
0,53,9.43,-5.91,-2.86,0,0.2,-0.41
0,53,9.43,-5.91,-2.86,0,0.25,-0.34
0,53,9.43,-5.91,-2.86,0,0.29,-0.29
0,53,8.9,-5.41,-2.81,0,0.29,-0.29
0,53,8.9,-5.41,-2.81,0,0.33,-0.26
0,53,8.9,-5.41,-2.81,0,0.39,-0.25
0,53,7.52,-5.3,-2.59,0,0.39,-0.25
0,53,7.52,-5.3,-2.59,0,0.44,-0.26
0,53,7.52,-5.3,-2.59,0,0.44,-0.26
0,53,6.03,-5.61,-2.27,0,0.5,-0.24
0,53,6.03,-5.61,-2.27,0,0.54,-0.21
0,53,6.03,-5.61,-2.27,0,0.54,-0.21
0,53,5.04,-5.82,-1.75,0,0.56,-0.15
0,53,5.04,-5.82,-1.75,0,0.57,-0.09
0,53,5.04,-5.82,-1.75,0,0.57,-0.09
0,53,4.57,-6.05,-1.39,0,0.57,-0.03
0,53,4.57,-6.05,-1.39,0,0.59,0.06
0,53,4.57,-6.05,-1.39,0,0.59,0.06
0,53,4.61,-6.25,-1,0,0.61,0.11
0,53,4.61,-6.25,-1,0,0.61,0.11
0,53,4.61,-6.25,-1,0,0.64,0.21
0,53,5.03,-6.27,-0.45,0,0.65,0.29
0,53,5.03,-6.27,-0.45,0,0.65,0.29
0,53,5.03,-6.27,-0.45,0,0.64,0.37
0,54,5.52,-6.43,0.02,0,0.61,0.39
0,54,5.52,-6.43,0.02,0,0.61,0.39
0,54,5.52,-6.43,0.02,0,0.58,0.42
0,54,6.24,-6.78,0.52,0,0.54,0.47
0,54,6.24,-6.78,0.52,0,0.54,0.47
0,54,6.24,-6.78,0.52,0,0.49,0.49
0,54,6.26,-7.33,1.04,0,0.49,0.49
0,54,6.26,-7.33,1.04,0,0.42,0.52
0,54,6.26,-7.33,1.04,0,0.38,0.55
0,54,6.44,-7.96,1.24,0,0.38,0.55
0,54,6.44,-7.96,1.24,0,0.28,0.57
0,54,6.44,-7.96,1.24,0,0.21,0.56
0,54,6.66,-8.4,1.25,0,0.21,0.56
0,54,6.66,-8.4,1.25,0,0.09,0.48
0,54,6.66,-8.4,1.25,0,0.01,0.41
0,54,8.6,-8.02,0.92,0,0.01,0.41
0,54,8.6,-8.02,0.92,0,-0.05,0.35
0,54,8.6,-8.02,0.92,0,-0.14,0.32
0,54,10.2,-7.54,0.91,0,-0.14,0.32
0,54,10.2,-7.54,0.91,0,-0.23,0.32
0,54,10.2,-7.54,0.91,0,-0.31,0.31
0,54,9.3,-7.76,0.64,0,-0.31,0.31
0,54,9.3,-7.76,0.64,0,-0.35,0.28
0,54,9.3,-7.76,0.64,0,-0.35,0.28
0,54,7.95,-8.51,0.53,0,-0.33,0.23
0,54,7.95,-8.51,0.53,0,-0.32,0.21
0,54,7.95,-8.51,0.53,0,-0.32,0.21
0,54,7.02,-8.87,0.64,0,-0.32,0.22
0,54,7.02,-8.87,0.64,0,-0.31,0.22
0,54,7.02,-8.87,0.64,0,-0.31,0.22
0,54,6.95,-9.5,0.7,0,-0.29,0.22
0,54,6.95,-9.5,0.7,0,-0.28,0.26
0,54,7.13,-9.35,0.91,0,-0.28,0.26
0,54,7.13,-9.35,0.91,0,-0.3,0.27
0,54,7.13,-9.35,0.91,0,-0.34,0.31
0,54,8.07,-8.25,0.8,0,-0.34,0.31
0,54,8.07,-8.25,0.8,0,-0.41,0.38
0,54,8.07,-8.25,0.8,0,-0.5,0.46
0,54,9.71,-6.15,0.28,0,-0.5,0.46
0,54,9.71,-6.15,0.28,0,-0.6,0.48
0,54,9.71,-6.15,0.28,0,-0.61,0.46
0,54,9.4,-5.5,-1,0,-0.61,0.46
0,54,9.4,-5.5,-1,0,-0.54,0.38
0,54,9.4,-5.5,-1,0,-0.54,0.38
0,54,7.48,-5.2,-1.31,0,-0.41,0.27
0,54,7.48,-5.2,-1.31,0,-0.32,0.21
0,54,7.48,-5.2,-1.31,0,-0.32,0.21
0,54,4.82,-5.66,-1.22,0,-0.21,0.18
0,54,4.82,-5.66,-1.22,0,-0.12,0.16
0,54,4.82,-5.66,-1.22,0,-0.12,0.16
0,54,3.89,-5.85,-0.68,0,-0.05,0.18
0,54,3.89,-5.85,-0.68,0,-0.04,0.26
0,54,3.89,-5.85,-0.68,0,-0.04,0.26
0,54,4.76,-6.03,-0.24,0,-0.05,0.38
0,54,4.76,-6.03,-0.24,0,-0.07,0.51
0,54,4.76,-6.03,-0.24,0,-0.07,0.51
0,54,5.21,-6.18,-0.23,0,-0.09,0.6
0,54,5.21,-6.18,-0.23,0,-0.09,0.65
0,54,5.21,-6.18,-0.23,0,-0.09,0.65
0,54,6.25,-6,-0.08,0,-0.08,0.67
0,54,6.25,-6,-0.08,0,-0.08,0.66
0,54,6.25,-6,-0.08,0,-0.08,0.66
0,54,7.88,-5.79,0.34,0,-0.09,0.63
0,54,7.88,-5.79,0.34,0,-0.09,0.63
0,54,7.88,-5.79,0.34,0,-0.09,0.56
0,54,8.02,-5.96,0.74,0,-0.09,0.46
0,54,8.02,-5.96,0.74,0,-0.09,0.46
0,54,8.02,-5.96,0.74,0,-0.07,0.33
0,54,7.65,-6.41,1.15,0,-0.06,0.23
0,54,7.65,-6.41,1.15,0,-0.06,0.23
0,54,7.65,-6.41,1.15,0,-0.06,0.13
0,54,6.92,-6.67,1.41,0,-0.06,0.13
0,54,6.92,-6.67,1.41,0,-0.06,0.04
0,54,6.92,-6.67,1.41,0,-0.05,0
0,54,6.03,-7.13,1.39,0,-0.05,0
0,54,6.03,-7.13,1.39,0,-0.05,-0.03
0,54,6.03,-7.13,1.39,0,-0.04,-0.03
0,54,5.73,-7.47,1.22,0,-0.04,-0.03
0,54,5.73,-7.47,1.22,0,-0.01,0
0,54,5.73,-7.47,1.22,0,-0.01,0
0,54,5.93,-7.55,1.21,0,0.02,0.02
0,54,5.93,-7.55,1.21,0,0.04,0.05
0,54,5.93,-7.55,1.21,0,0.04,0.05
0,54,6.2,-7.67,1.33,0,0.08,0.06
0,54,6.2,-7.67,1.33,0,0.08,0.06
0,54,6.2,-7.67,1.33,0,0.12,0.07
0,54,6.54,-7.64,1.72,0,0.14,0.1
0,54,6.54,-7.64,1.72,0,0.14,0.1
0,54,6.54,-7.64,1.72,0,0.15,0.08
0,54,6.65,-7.77,1.89,0,0.14,0.07
0,54,6.65,-7.77,1.89,0,0.14,0.07
0,54,6.65,-7.77,1.89,0,0.13,0.06
0,54,6.36,-7.56,1.89,0,0.12,0.06
0,54,6.36,-7.56,1.89,0,0.12,0.06
0,54,6.36,-7.56,1.89,0,0.1,0.03
0,54,5.93,-7.39,1.74,0,0.1,0.03
0,54,5.93,-7.39,1.74,0,0.1,-0.02
0,54,5.93,-7.39,1.74,0,0.11,-0.04
0,54,5.8,-7.19,1.71,0,0.11,-0.04
0,54,5.8,-7.19,1.71,0,0.11,-0.07
0,54,5.8,-7.19,1.71,0,0.11,-0.09
0,54,5.37,-7.11,1.57,0,0.11,-0.09
0,54,5.37,-7.11,1.57,0,0.1,-0.14
0,54,5.37,-7.11,1.57,0,0.1,-0.19
0,54,5.33,-7.12,1.47,0,0.1,-0.19
0,54,5.33,-7.12,1.47,0,0.09,-0.24
0,54,5.33,-7.12,1.47,0,0.08,-0.29
0,54,5.43,-6.75,1.24,0,0.08,-0.29
0,54,5.43,-6.75,1.24,0,0.07,-0.34
0,54,5.43,-6.75,1.24,0,0.07,-0.34
0,54,5.54,-6.81,1.11,0,0.04,-0.41
0,54,5.54,-6.81,1.11,0,0.02,-0.43
0,54,5.54,-6.81,1.11,0,0.02,-0.43
0,54,5.89,-6.83,0.89,0,0,-0.45
0,54,5.89,-6.83,0.89,0,-0.02,-0.45
0,54,5.89,-6.83,0.89,0,-0.02,-0.45
0,54,6.1,-6.99,0.65,0,-0.02,-0.45
0,54,6.1,-6.99,0.65,0,-0.01,-0.45
0,54,6.1,-6.99,0.65,0,-0.01,-0.45
0,54,6.21,-7.23,0.43,0,0.01,-0.45
0,54,6.21,-7.23,0.43,0,0.04,-0.44
0,54,6.21,-7.23,0.43,0,0.04,-0.44
0,54,6.4,-7.46,0.6,0,0.07,-0.43
0,54,6.4,-7.46,0.6,0,0.11,-0.42
0,54,6.4,-7.46,0.6,0,0.11,-0.42
0,54,6.32,-7.84,0.78,0,0.15,-0.42
0,54,6.32,-7.84,0.78,0,0.15,-0.42
0,54,6.32,-7.84,0.78,0,0.2,-0.41
0,54,6.26,-8.11,1,0,0.22,-0.38
0,54,6.26,-8.11,1,0,0.22,-0.38
0,54,6.26,-8.11,1,0,0.24,-0.33
0,54,6.4,-8.26,1.41,0,0.24,-0.3
0,54,6.4,-8.26,1.41,0,0.24,-0.3
0,54,6.4,-8.26,1.41,0,0.22,-0.28
0,54,6.61,-8.32,1.8,0,0.19,-0.26
0,54,6.61,-8.32,1.8,0,0.19,-0.26
0,54,6.61,-8.32,1.8,0,0.13,-0.25
0,54,6.64,-8.49,1.86,0,0.09,-0.25
0,54,6.64,-8.49,1.86,0,0.09,-0.25
0,54,6.64,-8.49,1.86,0,0.04,-0.27
0,54,6.62,-8.57,1.54,0,0.02,-0.31
0,54,6.62,-8.57,1.54,0,0.02,-0.31
0,54,6.62,-8.57,1.54,0,0.01,-0.36
0,54,6.69,-8.57,1.23,0,0.01,-0.36
0,54,6.69,-8.57,1.23,0,0,-0.41
0,54,6.69,-8.57,1.23,0,0,-0.44
0,54,6.51,-8.48,0.92,0,0,-0.44
0,54,6.51,-8.48,0.92,0,0.01,-0.49
0,54,6.51,-8.48,0.92,0,0.03,-0.56
0,54,6.03,-8.88,0.37,0,0.03,-0.56
0,54,6.03,-8.88,0.37,0,0.09,-0.64
0,54,6.03,-8.88,0.37,0,0.16,-0.65
0,54,5.58,-9.73,0.37,0,0.16,-0.65
0,54,5.58,-9.73,0.37,0,0.22,-0.66
0,54,5.41,-10.4,0.96,0,0.24,-0.69
0,54,5.41,-10.4,0.96,0,0.24,-0.69
0,54,5.41,-10.4,0.96,0,0.22,-0.73
0,54,6.1,-10.72,1.2,0,0.2,-0.74
0,54,6.1,-10.72,1.2,0,0.2,-0.74
0,54,6.1,-10.72,1.2,0,0.14,-0.72
0,55,6.37,-10.29,0.79,0,0.08,-0.78
0,55,6.37,-10.29,0.79,0,0.08,-0.78
0,55,6.37,-10.29,0.79,0,0.04,-0.86
0,55,8.66,-8.46,-0.35,0,0.04,-0.86
0,55,8.66,-8.46,-0.35,0,0,-0.8
0,55,8.66,-8.46,-0.35,0,-0.02,-0.66
0,55,9.87,-6.94,-1.38,0,-0.02,-0.66
0,55,9.87,-6.94,-1.38,0,0.01,-0.49
0,55,9.87,-6.94,-1.38,0,0.06,-0.43
0,55,8.23,-5.54,-1.66,0,0.12,-0.51
0,55,8.23,-5.54,-1.66,0,0.12,-0.51
0,55,8.23,-5.54,-1.66,0,0.2,-0.71
0,55,5.53,-5.19,-1.99,0,0.2,-0.71
0,55,5.53,-5.19,-1.99,0,0.32,-0.97
0,55,5.53,-5.19,-1.99,0,0.39,-1.12
0,55,3.49,-5.44,-2.14,0,0.39,-1.12
0,55,3.49,-5.44,-2.14,0,0.47,-1.26
0,55,3.49,-5.44,-2.14,0,0.52,-1.3
0,55,3.06,-5.8,-2.02,0,0.52,-1.3
0,55,3.06,-5.8,-2.02,0,0.56,-1.29
0,55,3.06,-5.8,-2.02,0,0.56,-1.29
0,55,3.26,-6.21,-1.45,0,0.56,-1.25
0,55,3.26,-6.21,-1.45,0,0.57,-1.21
0,55,3.26,-6.21,-1.45,0,0.57,-1.21
0,55,4.86,-7.25,-1.58,0,0.63,-1.09
0,55,4.86,-7.25,-1.58,0,0.69,-1
0,55,4.86,-7.25,-1.58,0,0.69,-1
0,55,6.49,-7.94,-0.14,0,0.74,-0.96
0,55,6.49,-7.94,-0.14,0,0.72,-0.99
0,55,6.49,-7.94,-0.14,0,0.72,-0.99
0,55,6.88,-7.68,-0.83,0,0.69,-1.03
0,55,6.88,-7.68,-0.83,0,0.69,-1.04
0,55,6.88,-7.68,-0.83,0,0.69,-1.04
0,55,8.11,-7.55,-1.47,0,0.7,-1.02
0,55,8.11,-7.55,-1.47,0,0.68,-0.97
0,55,8.11,-7.55,-1.47,0,0.68,-0.97
0,55,10.46,-6.86,-1.06,0,0.62,-0.92
0,55,10.46,-6.86,-1.06,0,0.59,-0.86
0,55,10.46,-6.86,-1.06,0,0.59,-0.86
0,55,8.74,-7.48,-1.41,0,0.58,-0.83
0,55,8.74,-7.48,-1.41,0,0.57,-0.84
0,55,7.24,-7.69,-1.2,0,0.57,-0.84
0,55,7.24,-7.69,-1.2,0,0.54,-0.88
0,55,7.24,-7.69,-1.2,0,0.54,-0.88
0,55,6.79,-7.49,-1.06,0,0.49,-0.93
0,55,6.79,-7.49,-1.06,0,0.44,-0.94
0,55,6.79,-7.49,-1.06,0,0.44,-0.94
0,55,7.62,-7.43,-1,0,0.41,-0.86
0,55,7.62,-7.43,-1,0,0.37,-0.74
0,55,7.62,-7.43,-1,0,0.37,-0.74
0,55,6.31,-7.51,-0.82,0,0.32,-0.66
0,55,6.31,-7.51,-0.82,0,0.31,-0.68
0,55,6.31,-7.51,-0.82,0,0.31,-0.68
0,55,5.66,-7.9,-0.67,0,0.36,-0.76
0,55,5.66,-7.9,-0.67,0,0.37,-0.83
0,55,5.66,-7.9,-0.67,0,0.37,-0.83
0,55,5.99,-7.87,-0.36,0,0.36,-0.84
0,55,5.99,-7.87,-0.36,0,0.36,-0.84
0,55,5.99,-7.87,-0.36,0,0.31,-0.76
0,55,5.43,-7.83,-0.63,0,0.27,-0.69
0,55,5.43,-7.83,-0.63,0,0.27,-0.69
0,55,5.43,-7.83,-0.63,0,0.23,-0.62
0,55,5.1,-7.7,-1.13,0,0.22,-0.62
0,55,5.1,-7.7,-1.13,0,0.22,-0.62
0,55,5.1,-7.7,-1.13,0,0.23,-0.61
0,55,6.27,-7.16,-1.59,0,0.24,-0.52
0,55,6.27,-7.16,-1.59,0,0.24,-0.52
0,55,6.27,-7.16,-1.59,0,0.24,-0.39
0,55,6.62,-7.02,-2.01,0,0.24,-0.27
0,55,6.62,-7.02,-2.01,0,0.24,-0.27
0,55,6.62,-7.02,-2.01,0,0.26,-0.14
0,55,6.31,-6.6,-2.15,0,0.26,-0.14
0,55,6.31,-6.6,-2.15,0,0.29,-0.08
0,55,6.31,-6.6,-2.15,0,0.33,-0.1
0,55,5.7,-6.54,-2.07,0,0.33,-0.1
0,55,5.7,-6.54,-2.07,0,0.38,-0.15
0,55,5.7,-6.54,-2.07,0,0.45,-0.16
0,55,6.29,-6.83,-2.11,0,0.45,-0.16
0,55,6.29,-6.83,-2.11,0,0.52,-0.08
0,55,6.29,-6.83,-2.11,0,0.53,0.04
0,55,6.31,-6.96,-1.49,0,0.53,0.04
0,55,6.31,-6.96,-1.49,0,0.52,0.15
0,55,6.31,-6.96,-1.49,0,0.51,0.22
0,55,6.42,-7.2,-1.08,0,0.51,0.22
0,55,6.42,-7.2,-1.08,0,0.51,0.22
0,55,6.42,-7.2,-1.08,0,0.49,0.21
0,55,7.08,-7.28,-0.8,0,0.49,0.21
0,55,7.08,-7.28,-0.8,0,0.46,0.19
0,55,7.08,-7.28,-0.8,0,0.46,0.19
0,55,8.01,-7.43,-0.76,0,0.44,0.18
0,55,8.01,-7.43,-0.76,0,0.41,0.17
0,55,8.01,-7.43,-0.76,0,0.41,0.17
0,55,8.14,-7.56,-0.37,0,0.37,0.16
0,55,8.14,-7.56,-0.37,0,0.37,0.16
0,55,8.14,-7.56,-0.37,0,0.3,0.13
0,55,7.93,-8.22,-0.3,0,0.28,0.13
0,55,7.93,-8.22,-0.3,0,0.28,0.13
0,55,7.93,-8.22,-0.3,0,0.28,0.14
0,55,7.47,-8.64,0.34,0,0.25,0.13
0,55,7.47,-8.64,0.34,0,0.25,0.13
0,55,7.47,-8.64,0.34,0,0.22,0.12
0,55,7.63,-9.62,0.88,0,0.22,0.12
0,55,7.63,-9.62,0.88,0,0.18,0.11
0,55,7.63,-9.62,0.88,0,0.13,0.11
0,55,6.77,-10.29,1.35,0,0.13,0.11
0,55,6.77,-10.29,1.35,0,0.04,0.11
0,55,6.77,-10.29,1.35,0,-0.11,0.1
0,55,7.06,-9.27,0.97,0,-0.11,0.1
0,55,7.06,-9.27,0.97,0,-0.27,0.1
0,55,7.06,-9.27,0.97,0,-0.27,0.1
0,55,7.06,-9.27,0.97,0,-0.36,-0.01
0,55,9.88,-6.56,-0.58,0,-0.4,-0.04
0,55,9.88,-6.56,-0.58,0,-0.4,-0.04
0,55,9.88,-6.56,-0.58,0,-0.41,0
0,55,9.91,-5.23,-1.67,0,-0.39,0.03
0,55,9.91,-5.23,-1.67,0,-0.39,0.03
0,55,7.28,-5.68,-2.37,0,-0.27,0.05
0,55,7.28,-5.68,-2.37,0,-0.11,0.04
0,55,7.28,-5.68,-2.37,0,-0.11,0.04
0,55,4.46,-6.33,-2.06,0,0.04,0.04
0,55,4.46,-6.33,-2.06,0,0.04,0.04
0,55,4.46,-6.33,-2.06,0,0.19,0.06
0,55,3.55,-6.67,-1.52,0,0.28,0.09
0,55,3.55,-6.67,-1.52,0,0.28,0.09
0,55,3.55,-6.67,-1.52,0,0.35,0.14
0,55,5.51,-6.51,-0.49,0,0.37,0.18
0,55,5.51,-6.51,-0.49,0,0.37,0.18
0,55,5.51,-6.51,-0.49,0,0.35,0.23
0,55,7.7,-7.1,0.39,0,0.31,0.24
0,55,7.7,-7.1,0.39,0,0.31,0.24
0,55,7.7,-7.1,0.39,0,0.25,0.19
0,55,8,-6.28,-0.31,0,0.2,0.12
0,55,8,-6.28,-0.31,0,0.2,0.12
0,55,8,-6.28,-0.31,0,0.2,0.09
0,55,8.87,-6.17,-0.63,0,0.18,0.12
0,55,8.87,-6.17,-0.63,0,0.18,0.12
0,55,8.87,-6.17,-0.63,0,0.16,0.06
0,55,9.2,-6.06,-0.38,0,0.16,0.06
0,55,9.2,-6.06,-0.38,0,0.17,-0.08
0,55,9.2,-6.06,-0.38,0,0.21,-0.2
0,55,7.01,-6.26,-0.51,0,0.21,-0.2
0,55,7.01,-6.26,-0.51,0,0.25,-0.36
0,55,7.01,-6.26,-0.51,0,0.3,-0.43
0,55,6.19,-6.56,-0.55,0,0.3,-0.43
0,55,6.19,-6.56,-0.55,0,0.33,-0.42
0,55,6.19,-6.56,-0.55,0,0.33,-0.36
0,55,5.11,-6.94,-0.37,0,0.33,-0.36
0,55,5.11,-6.94,-0.37,0,0.35,-0.29
0,55,5.11,-6.94,-0.37,0,0.36,-0.21
0,55,5.16,-6.89,0.17,0,0.36,-0.21
0,55,5.16,-6.89,0.17,0,0.36,-0.14
0,55,5.16,-6.89,0.17,0,0.36,-0.14
0,55,5.62,-7.4,0.84,0,0.37,-0.12
0,55,5.62,-7.4,0.84,0,0.37,-0.16
0,55,5.62,-7.4,0.84,0,0.37,-0.16
0,55,6.49,-7.7,1.09,0,0.39,-0.18
0,55,6.49,-7.7,1.09,0,0.41,-0.18
0,55,6.49,-7.7,1.09,0,0.41,-0.18
0,55,7.14,-7.58,1.67,0,0.4,-0.18
0,55,7.14,-7.58,1.67,0,0.37,-0.16
0,56,7.14,-7.58,1.67,0,0.37,-0.16
0,56,7.58,-7.27,1.66,0,0.34,-0.13
0,56,7.58,-7.27,1.66,0,0.3,-0.08
0,56,7.58,-7.27,1.66,0,0.3,-0.08
0,56,7.4,-6.9,1.44,0,0.29,-0.07
0,56,7.4,-6.9,1.44,0,0.29,-0.07
0,56,7.4,-6.9,1.44,0,0.29,-0.09
0,56,6.85,-6.6,1.38,0,0.28,-0.12
0,56,6.85,-6.6,1.38,0,0.28,-0.12
0,56,6.85,-6.6,1.38,0,0.26,-0.18
0,56,6.31,-6.38,1.18,0,0.26,-0.23
0,56,6.31,-6.38,1.18,0,0.26,-0.23
0,56,6.31,-6.38,1.18,0,0.25,-0.27
0,56,6.21,-6.35,1.19,0,0.22,-0.32
0,56,6.21,-6.35,1.19,0,0.22,-0.32
0,56,6.21,-6.35,1.19,0,0.17,-0.37
0,56,5.89,-6.45,0.92,0,0.14,-0.44
0,56,5.89,-6.45,0.92,0,0.14,-0.44
0,56,5.89,-6.45,0.92,0,0.12,-0.5
0,56,6.37,-6.39,0.53,0,0.1,-0.53
0,56,6.37,-6.39,0.53,0,0.1,-0.53
0,56,6.37,-6.39,0.53,0,0.07,-0.51
0,56,6.52,-6.74,0.18,0,0.07,-0.51
0,56,6.52,-6.74,0.18,0,0.05,-0.49
0,56,6.52,-6.74,0.18,0,0.06,-0.5
0,56,6.49,-7.1,-0.39,0,0.06,-0.5
0,56,6.49,-7.1,-0.39,0,0.1,-0.49
0,56,6.49,-7.1,-0.39,0,0.15,-0.5
0,56,6.21,-7.44,-0.63,0,0.15,-0.5
0,56,6.21,-7.44,-0.63,0,0.21,-0.49
0,56,6.21,-7.44,-0.63,0,0.27,-0.45
0,56,6.47,-7.54,-0.59,0,0.27,-0.45
0,56,6.47,-7.54,-0.59,0,0.33,-0.41
0,56,6.47,-7.54,-0.59,0,0.33,-0.41
0,56,6.98,-7.7,-0.48,0,0.41,-0.34
0,56,6.98,-7.7,-0.48,0,0.47,-0.29
0,56,6.98,-7.7,-0.48,0,0.47,-0.29
0,56,7.28,-7.86,-0.12,0,0.53,-0.22
0,56,7.28,-7.86,-0.12,0,0.53,-0.22
0,56,7.28,-7.86,-0.12,0,0.59,-0.14
0,56,7.6,-8.06,0.45,0,0.6,-0.1
0,56,7.6,-8.06,0.45,0,0.6,-0.1
0,56,7.6,-8.06,0.45,0,0.61,-0.09
0,56,7.44,-8.39,1.05,0,0.6,-0.13
0,56,7.44,-8.39,1.05,0,0.6,-0.13
0,56,7.44,-8.39,1.05,0,0.6,-0.17
0,56,7.72,-8.93,1.46,0,0.62,-0.2
0,56,7.72,-8.93,1.46,0,0.62,-0.2
0,56,7.72,-8.93,1.46,0,0.57,-0.24
0,56,7.5,-9.32,2.31,0,0.5,-0.29
0,56,7.5,-9.32,2.31,0,0.5,-0.29
0,56,7.5,-9.32,2.31,0,0.37,-0.35
0,56,6.56,-9.32,2.38,0,0.23,-0.45
0,56,6.56,-9.32,2.38,0,0.23,-0.45
0,56,7.69,-8.13,1.35,0,0.11,-0.56
0,56,7.69,-8.13,1.35,0,0,-0.61
0,56,7.69,-8.13,1.35,0,0,-0.61
0,56,9.05,-7.13,0.13,0,-0.07,-0.57
0,56,9.05,-7.13,0.13,0,-0.07,-0.57
0,56,9.05,-7.13,0.13,0,-0.14,-0.49
0,56,7.86,-6.89,-0.83,0,-0.13,-0.47
0,56,7.86,-6.89,-0.83,0,-0.13,-0.47
0,56,7.86,-6.89,-0.83,0,-0.08,-0.51
0,56,5.83,-7.07,-1.56,0,0.01,-0.57
0,56,5.83,-7.07,-1.56,0,0.01,-0.57
0,56,5.83,-7.07,-1.56,0,0.13,-0.62
0,56,5.24,-6.99,-1.88,0,0.24,-0.62
0,56,5.24,-6.99,-1.88,0,0.24,-0.62
0,56,5.24,-6.99,-1.88,0,0.34,-0.55
0,56,5.84,-6.76,-1.62,0,0.42,-0.44
0,56,5.84,-6.76,-1.62,0,0.42,-0.44
0,56,5.84,-6.76,-1.62,0,0.47,-0.35
0,56,6.28,-6.67,-1.19,0,0.53,-0.27
0,56,6.28,-6.67,-1.19,0,0.53,-0.27
0,56,6.28,-6.67,-1.19,0,0.58,-0.25
0,56,6.9,-6.56,-0.37,0,0.58,-0.25
0,56,6.9,-6.56,-0.37,0,0.63,-0.25
0,56,6.9,-6.56,-0.37,0,0.63,-0.26
0,56,5.36,-6.62,-0.44,0,0.63,-0.26
0,56,5.36,-6.62,-0.44,0,0.64,-0.26
0,56,5.36,-6.62,-0.44,0,0.62,-0.26
0,56,5.83,-6.55,0.11,0,0.62,-0.26
0,56,5.83,-6.55,0.11,0,0.6,-0.28
0,56,5.83,-6.55,0.11,0,0.55,-0.29
0,56,6.21,-6.56,0.35,0,0.55,-0.29
0,56,6.21,-6.56,0.35,0,0.48,-0.28
0,56,6.21,-6.56,0.35,0,0.41,-0.27
0,56,5.97,-6.95,0.38,0,0.41,-0.27
0,56,5.97,-6.95,0.38,0,0.33,-0.26
0,56,5.97,-6.95,0.38,0,0.25,-0.24
0,56,6.53,-7.15,0.33,0,0.25,-0.24
0,56,6.53,-7.15,0.33,0,0.16,-0.2
0,56,6.53,-7.15,0.33,0,0.16,-0.2
0,56,7.4,-7.14,0.28,0,0.04,-0.13
0,56,7.4,-7.14,0.28,0,-0.06,-0.1
0,56,7.4,-7.14,0.28,0,-0.06,-0.1
0,56,8.5,-6.88,0.02,0,-0.16,-0.04
0,56,8.5,-6.88,0.02,0,-0.22,-0.03
0,56,8.5,-6.88,0.02,0,-0.22,-0.03
0,56,9.01,-6.7,-0.34,0,-0.25,-0.03
0,56,9.01,-6.7,-0.34,0,-0.23,-0.03
0,56,9.01,-6.7,-0.34,0,-0.23,-0.03
0,56,8.71,-6.87,-0.11,0,-0.24,0.04
0,56,8.71,-6.87,-0.11,0,-0.26,0.08
0,56,8.71,-6.87,-0.11,0,-0.26,0.08
0,56,6.9,-7.32,0.15,0,-0.24,0.07
0,56,6.9,-7.32,0.15,0,-0.22,0.04
0,56,6.9,-7.32,0.15,0,-0.22,0.04
0,56,6.51,-7.35,0.24,0,-0.21,0.04
0,56,6.51,-7.35,0.24,0,-0.21,0.04
0,56,6.51,-7.35,0.24,0,-0.22,0.11
0,56,6.21,-7.11,0.29,0,-0.23,0.16
0,56,6.21,-7.11,0.29,0,-0.23,0.16
0,56,6.21,-7.11,0.29,0,-0.26,0.22
0,56,5.42,-7.07,0.42,0,-0.27,0.24
0,56,5.42,-7.07,0.42,0,-0.27,0.24
0,56,5.42,-7.07,0.42,0,-0.29,0.23
0,56,5.38,-6.96,0.44,0,-0.29,0.23
0,56,5.38,-6.96,0.44,0,-0.33,0.23
0,56,5.38,-6.96,0.44,0,-0.35,0.24
0,56,5.6,-7.07,0.23,0,-0.35,0.24
0,56,5.6,-7.07,0.23,0,-0.39,0.28
0,56,5.6,-7.07,0.23,0,-0.42,0.33
0,56,5.84,-7.04,0.08,0,-0.42,0.33
0,56,5.84,-7.04,0.08,0,-0.47,0.37
0,56,5.84,-7.04,0.08,0,-0.47,0.37
0,56,6.05,-7.08,-0.11,0,-0.54,0.39
0,56,6.05,-7.08,-0.11,0,-0.58,0.39
0,56,6.05,-7.08,-0.11,0,-0.58,0.39
0,56,6.5,-6.89,-0.37,0,-0.62,0.37
0,56,6.5,-6.89,-0.37,0,-0.65,0.35
0,56,6.5,-6.89,-0.37,0,-0.65,0.35
0,56,6.97,-7.05,-0.67,0,-0.64,0.34
0,56,6.97,-7.05,-0.67,0,-0.65,0.33
0,56,6.97,-7.05,-0.67,0,-0.65,0.33
0,56,7.3,-7.24,-0.87,0,-0.62,0.33
0,56,7.3,-7.24,-0.87,0,-0.62,0.33
0,56,7.3,-7.24,-0.87,0,-0.6,0.37
0,56,7.11,-7.62,-0.97,0,-0.58,0.39
0,56,7.11,-7.62,-0.97,0,-0.58,0.39
0,56,7.11,-7.62,-0.97,0,-0.54,0.42
0,56,6.98,-7.92,-0.85,0,-0.51,0.45
0,56,6.98,-7.92,-0.85,0,-0.51,0.45
0,56,6.98,-7.92,-0.85,0,-0.48,0.49
0,56,6.9,-8.13,-0.63,0,-0.46,0.52
0,56,6.9,-8.13,-0.63,0,-0.46,0.52
0,56,6.91,-8.17,-0.48,0,-0.44,0.54
0,56,6.91,-8.17,-0.48,0,-0.43,0.54
0,56,6.91,-8.17,-0.48,0,-0.43,0.54
0,56,6.79,-8,-0.5,0,-0.41,0.52
0,56,6.79,-8,-0.5,0,-0.39,0.51
0,56,6.79,-8,-0.5,0,-0.39,0.51
0,56,6.74,-7.92,-0.31,0,-0.39,0.48
0,56,6.74,-7.92,-0.31,0,-0.4,0.47
0,56,6.74,-7.92,-0.31,0,-0.4,0.47
0,56,6.56,-7.72,-0.41,0,-0.4,0.44
0,56,6.56,-7.72,-0.41,0,-0.4,0.4
0,56,6.56,-7.72,-0.41,0,-0.4,0.4
0,56,6.27,-7.63,-0.49,0,-0.41,0.36
0,56,6.27,-7.63,-0.49,0,-0.41,0.32
0,57,6.27,-7.63,-0.49,0,-0.41,0.32
0,57,5.91,-7.58,-0.56,0,-0.4,0.29
0,57,5.91,-7.58,-0.56,0,-0.39,0.22
0,57,5.91,-7.58,-0.56,0,-0.39,0.22
0,57,6.29,-7.61,-0.78,0,-0.36,0.2
0,57,6.29,-7.61,-0.78,0,-0.37,0.25
0,57,6.29,-7.61,-0.78,0,-0.37,0.25
0,57,6.72,-7.56,-0.92,0,-0.41,0.29
0,57,6.72,-7.56,-0.92,0,-0.39,0.32
0,57,6.72,-7.56,-0.92,0,-0.39,0.32
0,57,7.46,-7.7,-1.28,0,-0.36,0.36
0,57,7.46,-7.7,-1.28,0,-0.32,0.4
0,57,7.77,-7.79,-1.24,0,-0.32,0.4
0,57,7.77,-7.79,-1.24,0,-0.27,0.43
0,57,7.77,-7.79,-1.24,0,-0.21,0.48
0,57,7.86,-7.69,-1.24,0,-0.21,0.48
0,57,7.86,-7.69,-1.24,0,-0.14,0.5
0,57,7.86,-7.69,-1.24,0,-0.08,0.53
0,57,7.67,-7.79,-1.02,0,-0.08,0.53
0,57,7.67,-7.79,-1.02,0,-0.02,0.58
0,57,7.67,-7.79,-1.02,0,0.01,0.61
0,57,6.89,-7.89,-0.73,0,0.01,0.61
0,57,6.89,-7.89,-0.73,0,0.03,0.65
0,57,6.89,-7.89,-0.73,0,0.03,0.65
0,57,6.45,-7.93,-0.37,0,0.04,0.7
0,57,6.45,-7.93,-0.37,0,0.03,0.75
0,57,6.45,-7.93,-0.37,0,0.03,0.75
0,57,6.28,-8.45,0.26,0,0,0.82
0,57,6.28,-8.45,0.26,0,-0.02,0.86
0,57,6.28,-8.45,0.26,0,-0.02,0.86
0,57,6.06,-9.29,1.45,0,-0.08,0.94
0,57,6.06,-9.29,1.45,0,-0.14,0.94
0,57,6.06,-9.29,1.45,0,-0.14,0.94
0,57,5.8,-9.45,2.09,0,-0.24,0.89
0,57,5.8,-9.45,2.09,0,-0.32,0.85
0,57,5.8,-9.45,2.09,0,-0.32,0.85
0,57,7.75,-8.03,1.32,0,-0.42,0.82
0,57,7.75,-8.03,1.32,0,-0.48,0.86
0,57,7.75,-8.03,1.32,0,-0.48,0.86
0,57,10.37,-5.98,0.3,0,-0.52,0.97
0,57,10.37,-5.98,0.3,0,-0.54,1.05
0,57,10.37,-5.98,0.3,0,-0.54,1.05
0,57,10.3,-5.03,-0.35,0,-0.52,1.09
0,57,10.3,-5.03,-0.35,0,-0.46,1.04
0,57,8.07,-5.01,-0.5,0,-0.46,1.04
0,57,8.07,-5.01,-0.5,0,-0.4,0.92
0,57,8.07,-5.01,-0.5,0,-0.32,0.77
0,57,5.64,-5.66,-0.5,0,-0.32,0.77
0,57,5.64,-5.66,-0.5,0,-0.24,0.61
0,57,5.64,-5.66,-0.5,0,-0.24,0.61
0,57,5,-6.24,-0.14,0,-0.17,0.44
0,57,5,-6.24,-0.14,0,-0.15,0.37
0,57,5,-6.24,-0.14,0,-0.15,0.37
0,57,5.61,-6.8,0.16,0,-0.14,0.31
0,57,5.61,-6.8,0.16,0,-0.12,0.29
0,57,5.61,-6.8,0.16,0,-0.12,0.29
0,57,5.61,-6.8,0.16,0,-0.11,0.29
0,57,6.19,-7.02,0.44,0,-0.11,0.29
0,57,6.19,-7.02,0.44,0,-0.12,0.29
0,57,6.19,-7.02,0.44,0,-0.12,0.29
0,57,6.34,-7.16,0.37,0,-0.12,0.29
0,57,6.34,-7.16,0.37,0,-0.12,0.27
0,57,5.89,-7.03,0.13,0,-0.11,0.27
0,57,5.89,-7.03,0.13,0,-0.11,0.27
0,57,5.89,-7.03,0.13,0,-0.08,0.25
0,57,5.88,-6.89,0.09,0,-0.05,0.2
0,57,5.88,-6.89,0.09,0,-0.05,0.2
0,57,5.88,-6.89,0.09,0,-0.01,0.17
0,57,6.16,-6.68,0.02,0,0.02,0.15
0,57,6.16,-6.68,0.02,0,0.02,0.15
0,57,6.16,-6.68,0.02,0,0.04,0.18
0,57,6,-6.59,0.06,0,0.06,0.17
0,57,6,-6.59,0.06,0,0.06,0.17
0,57,6,-6.59,0.06,0,0.1,0.16
0,57,6.01,-6.42,0.32,0,0.11,0.13
0,57,6.01,-6.42,0.32,0,0.11,0.13
0,57,6.01,-6.42,0.32,0,0.14,0.09
0,57,6.37,-6.1,0.59,0,0.14,0.04
0,57,6.37,-6.1,0.59,0,0.14,0.04
0,57,6.37,-6.1,0.59,0,0.12,-0.01
0,57,6.8,-5.97,0.91,0,0.11,-0.06
0,57,6.8,-5.97,0.91,0,0.11,-0.06
0,57,6.8,-5.97,0.91,0,0.1,-0.09
0,57,7.28,-6.18,0.85,0,0.1,-0.09
0,57,7.28,-6.18,0.85,0,0.11,-0.14
0,57,7.28,-6.18,0.85,0,0.13,-0.16
0,57,7.54,-6.41,1.2,0,0.13,-0.16
0,57,7.54,-6.41,1.2,0,0.12,-0.21
0,57,7.54,-6.41,1.2,0,0.1,-0.22
0,57,7.86,-6.4,1.38,0,0.1,-0.22
0,57,7.86,-6.4,1.38,0,0.07,-0.24
0,57,7.86,-6.4,1.38,0,0.05,-0.27
0,57,7.95,-6.48,1.6,0,0.05,-0.27
0,57,7.95,-6.48,1.6,0,0.02,-0.3
0,57,7.95,-6.48,1.6,0,0,-0.31
0,57,7.89,-6.81,1.56,0,0,-0.31
0,57,7.89,-6.81,1.56,0,-0.03,-0.29
0,57,8.11,-6.76,1.25,0,-0.05,-0.27
0,57,8.11,-6.76,1.25,0,-0.05,-0.27
0,57,8.11,-6.76,1.25,0,-0.05,-0.23
0,57,8.8,-6.37,1,0,-0.05,-0.17
0,57,8.8,-6.37,1,0,-0.05,-0.17
0,57,8.8,-6.37,1,0,-0.04,-0.13
0,57,8.75,-6.15,0.98,0,-0.01,-0.14
0,57,8.75,-6.15,0.98,0,-0.01,-0.14
0,57,8.75,-6.15,0.98,0,0.03,-0.14
0,57,8.42,-6.05,1.11,0,0.05,-0.16
0,57,8.42,-6.05,1.11,0,0.05,-0.16
0,57,8.42,-6.05,1.11,0,0.07,-0.14
0,57,8.3,-6.19,1.01,0,0.07,-0.14
0,57,8.3,-6.19,1.01,0,0.08,-0.1
0,57,8.3,-6.19,1.01,0,0.07,-0.06
0,57,8.42,-5.95,1.23,0,0.07,-0.06
0,57,8.42,-5.95,1.23,0,0.07,0.01
0,57,8.42,-5.95,1.23,0,0.06,0.05
0,57,8.12,-5.77,1.35,0,0.06,0.05
0,57,8.12,-5.77,1.35,0,0.07,0.07
0,57,8.12,-5.77,1.35,0,0.08,0.07
0,57,7.85,-5.86,1.46,0,0.08,0.07
0,57,7.85,-5.86,1.46,0,0.08,0.07
0,57,7.85,-5.86,1.46,0,0.07,0.08
0,57,7.69,-5.79,1.7,0,0.07,0.08
0,57,7.69,-5.79,1.7,0,0.05,0.1
0,57,7.69,-5.79,1.7,0,0.01,0.15
0,57,7.76,-5.74,1.77,0,0.01,0.15
0,57,7.76,-5.74,1.77,0,-0.02,0.19
0,57,7.76,-5.74,1.77,0,-0.06,0.22
0,57,7.81,-5.77,1.82,0,-0.06,0.22
0,57,7.81,-5.77,1.82,0,-0.09,0.25
0,57,7.81,-5.77,1.82,0,-0.09,0.25
0,57,8.01,-5.59,1.7,0,-0.12,0.29
0,57,8.01,-5.59,1.7,0,-0.13,0.3
0,57,8.01,-5.59,1.7,0,-0.13,0.3
0,57,8.06,-5.54,1.65,0,-0.14,0.3
0,57,8.06,-5.54,1.65,0,-0.14,0.3
0,57,8.06,-5.54,1.65,0,-0.14,0.3
0,57,7.93,-5.59,1.66,0,-0.13,0.32
0,57,7.93,-5.59,1.66,0,-0.14,0.34
0,57,7.93,-5.59,1.66,0,-0.14,0.34
0,57,7.86,-5.72,1.81,0,-0.15,0.37
0,57,7.86,-5.72,1.81,0,-0.16,0.4
0,57,7.86,-5.72,1.81,0,-0.16,0.4
0,57,7.61,-5.82,1.99,0,-0.19,0.42
0,57,7.61,-5.82,1.99,0,-0.19,0.42
0,57,7.61,-5.82,1.99,0,-0.22,0.44
0,57,7.76,-5.84,2.18,0,-0.25,0.45
0,57,7.76,-5.84,2.18,0,-0.25,0.45
0,57,7.76,-5.84,2.18,0,-0.28,0.49
0,57,7.87,-5.98,2.38,0,-0.32,0.51
0,57,7.87,-5.98,2.38,0,-0.32,0.51
0,57,7.87,-5.98,2.38,0,-0.36,0.53
0,57,7.69,-5.94,2.32,0,-0.36,0.53
0,57,7.69,-5.94,2.32,0,-0.43,0.56
0,57,7.69,-5.94,2.32,0,-0.47,0.57
0,57,7.87,-5.81,2.35,0,-0.47,0.57
0,57,7.87,-5.81,2.35,0,-0.53,0.59
0,57,7.87,-5.81,2.35,0,-0.58,0.6
0,57,7.98,-5.54,2.17,0,-0.58,0.6
0,57,7.98,-5.54,2.17,0,-0.62,0.62
0,58,7.86,-5.54,2.18,0,-0.66,0.64
0,58,7.86,-5.54,2.18,0,-0.66,0.64
0,58,7.86,-5.54,2.18,0,-0.71,0.66
0,58,7.99,-5.29,2.08,0,-0.76,0.69
0,58,7.99,-5.29,2.08,0,-0.76,0.69
0,58,7.99,-5.29,2.08,0,-0.81,0.72
0,58,7.94,-5.32,2.03,0,-0.84,0.73
0,58,7.94,-5.32,2.03,0,-0.84,0.73
0,58,7.94,-5.32,2.03,0,-0.88,0.72
0,58,7.69,-5.39,2.04,0,-0.91,0.72
0,58,7.69,-5.39,2.04,0,-0.91,0.72
0,58,7.69,-5.39,2.04,0,-0.95,0.72
0,58,7.7,-5.38,1.91,0,-0.98,0.73
0,58,7.7,-5.38,1.91,0,-0.98,0.73
0,58,7.7,-5.38,1.91,0,-1.03,0.74
0,58,7.92,-5.4,1.74,0,-1.06,0.77
0,58,7.92,-5.4,1.74,0,-1.06,0.77
0,58,7.92,-5.4,1.74,0,-1.09,0.79
0,58,8.05,-5.43,1.71,0,-1.11,0.81
0,58,8.05,-5.43,1.71,0,-1.11,0.81
0,58,8.05,-5.43,1.71,0,-1.12,0.82
0,58,7.96,-5.51,1.66,0,-1.12,0.82
0,58,7.96,-5.51,1.66,0,-1.13,0.83
0,58,7.96,-5.51,1.66,0,-1.16,0.84
0,58,7.87,-5.77,1.69,0,-1.16,0.84
0,58,7.87,-5.77,1.69,0,-1.17,0.84
0,58,7.87,-5.77,1.69,0,-1.18,0.85
0,58,7.72,-6.03,1.77,0,-1.18,0.85
0,58,7.72,-6.03,1.77,0,-1.21,0.86
0,58,7.72,-6.03,1.77,0,-1.22,0.87
0,58,7.88,-6.05,1.77,0,-1.22,0.87
0,58,7.88,-6.05,1.77,0,-1.24,0.88
0,58,7.88,-6.05,1.77,0,-1.25,0.87
0,58,8.12,-6.02,1.61,0,-1.25,0.87
0,58,8.12,-6.02,1.61,0,-1.25,0.85
0,58,8.12,-6.02,1.61,0,-1.25,0.85
0,58,8.3,-5.99,1.43,0,-1.24,0.84
0,58,8.3,-5.99,1.43,0,-1.24,0.83
0,58,8.3,-5.99,1.43,0,-1.24,0.83
0,58,8.4,-5.94,1.2,0,-1.21,0.81
0,58,8.4,-5.94,1.2,0,-1.19,0.8
0,58,8.4,-5.94,1.2,0,-1.19,0.8
0,58,8.3,-5.89,1.17,0,-1.16,0.79
0,58,8.3,-5.89,1.17,0,-1.15,0.82
0,58,8.3,-5.89,1.17,0,-1.15,0.82
0,58,8.25,-5.9,1.13,0,-1.15,0.84
0,58,8.25,-5.9,1.13,0,-1.14,0.86
0,58,7.86,-6.01,1.1,0,-1.14,0.86
0,58,7.86,-6.01,1.1,0,-1.12,0.89
0,58,7.86,-6.01,1.1,0,-1.09,0.91
0,58,7.72,-5.94,1.19,0,-1.09,0.91
0,58,7.72,-5.94,1.19,0,-1.07,0.9
0,58,7.72,-5.94,1.19,0,-1.07,0.9
0,58,8.29,-5.65,1.25,0,-1.03,0.86
0,58,8.29,-5.65,1.25,0,-1.01,0.85
0,58,8.29,-5.65,1.25,0,-1.01,0.85
0,58,8.87,-5.51,1.39,0,-1.01,0.88
0,58,8.87,-5.51,1.39,0,-1.04,0.91
0,58,8.87,-5.51,1.39,0,-1.04,0.91
0,58,8.15,-5.81,1.3,0,-1.04,0.9
0,58,8.15,-5.81,1.3,0,-1.04,0.88
0,58,8.15,-5.81,1.3,0,-1.04,0.88
0,58,7.81,-5.68,1.55,0,-1.03,0.84
0,58,7.81,-5.68,1.55,0,-1.06,0.83
0,58,7.81,-5.68,1.55,0,-1.06,0.83
0,58,8.26,-5.64,1.78,0,-1.08,0.81
0,58,8.26,-5.64,1.78,0,-1.08,0.81
0,58,8.26,-5.64,1.78,0,-1.14,0.79
0,58,8.1,-5.57,2.11,0,-1.18,0.76
0,58,8.1,-5.57,2.11,0,-1.18,0.76
0,58,8.1,-5.57,2.11,0,-1.23,0.69
0,58,7.44,-5.56,2.31,0,-1.26,0.64
0,58,7.44,-5.56,2.31,0,-1.26,0.64
0,58,7.44,-5.56,2.31,0,-1.31,0.61
0,58,7.62,-5.78,2.28,0,-1.38,0.6
0,58,7.62,-5.78,2.28,0,-1.38,0.6
0,58,7.62,-5.78,2.28,0,-1.43,0.61
0,58,7.59,-6.24,1.78,0,-1.43,0.61
0,58,7.59,-6.24,1.78,0,-1.45,0.6
0,58,7.59,-6.24,1.78,0,-1.45,0.57
0,58,7.59,-6.24,1.78,0,-1.45,0.57
0,58,7.41,-6.8,1.89,0,-1.45,0.56
0,58,7.41,-6.8,1.89,0,-1.45,0.56
0,58,7.41,-6.8,1.89,0,-1.5,0.54
0,58,6.91,-7.21,1.9,0,-1.54,0.5
0,58,6.91,-7.21,1.9,0,-1.54,0.5
0,58,6.91,-7.21,1.9,0,-1.59,0.43
0,58,7.34,-6.9,1.29,0,-1.62,0.32
0,58,7.34,-6.9,1.29,0,-1.62,0.32
0,58,7.34,-6.9,1.29,0,-1.61,0.21
0,58,8.43,-6.09,0.32,0,-1.61,0.17
0,58,8.43,-6.09,0.32,0,-1.61,0.17
0,58,8.43,-6.09,0.32,0,-1.64,0.13
0,58,7.79,-6.27,-0.26,0,-1.64,0.12
0,58,7.79,-6.27,-0.26,0,-1.64,0.12
0,58,6.12,-6.62,-0.86,0,-1.63,0.09
0,58,6.12,-6.62,-0.86,0,-1.63,0.09
0,58,6.12,-6.62,-0.86,0,-1.56,0.03
0,58,4.37,-6.71,-0.92,0,-1.54,0
0,58,4.37,-6.71,-0.92,0,-1.54,0
0,58,4.37,-6.71,-0.92,0,-1.54,-0.04
0,58,3.73,-6.89,-1.27,0,-1.55,-0.05
0,58,3.73,-6.89,-1.27,0,-1.55,-0.05
0,58,3.73,-6.89,-1.27,0,-1.58,-0.02
0,58,3.59,-7.36,-2.03,0,-1.56,0.04
0,58,3.59,-7.36,-2.03,0,-1.56,0.04
0,58,3.59,-7.36,-2.03,0,-1.51,0.13
0,58,4.41,-7.62,-2.11,0,-1.48,0.19
0,58,4.41,-7.62,-2.11,0,-1.48,0.19
0,58,4.41,-7.62,-2.11,0,-1.46,0.23
0,58,5.31,-7.49,-1.92,0,-1.45,0.25
0,58,5.31,-7.49,-1.92,0,-1.45,0.25
0,58,5.31,-7.49,-1.92,0,-1.45,0.26
0,58,6.41,-7.42,-2.05,0,-1.45,0.26
0,58,6.41,-7.42,-2.05,0,-1.42,0.28
0,58,6.41,-7.42,-2.05,0,-1.39,0.26
0,58,6.73,-7.28,-2.27,0,-1.39,0.26
0,58,6.73,-7.28,-2.27,0,-1.35,0.24
0,58,6.73,-7.28,-2.27,0,-1.32,0.2
0,58,6.56,-7.81,-2.6,0,-1.32,0.2
0,58,6.56,-7.81,-2.6,0,-1.28,0.17
0,58,6.56,-7.81,-2.6,0,-1.24,0.15
0,58,6.46,-8.01,-2.78,0,-1.24,0.15
0,58,7.55,-7.69,-3.84,0,-1.18,0.4
0,59,5.82,-7.21,-2.24,0,-0.33,0.62
0,59,6.42,-7.32,-2.42,0,-0.92,0.55
0,59,6.31,-7.18,-3.24,0,-0.63,0.6
0,59,7.42,-6.97,-1.85,0,-0.73,0.9
0,59,7.77,-7.32,-1.38,0,-0.78,0.96
0,59,8.19,-7.76,-0.91,0,-0.78,0.96
0,59,8.19,-7.76,-0.91,0,-0.85,0.95
0,59,8.19,-7.76,-0.91,0,-0.95,0.97
0,59,8.48,-7.65,-0.34,0,-0.95,0.97
0,59,8.48,-7.65,-0.34,0,-1.1,1
0,59,8.48,-7.65,-0.34,0,-1.24,1.02
0,59,8.71,-6.92,-0.93,0,-1.24,1.02
0,59,8.71,-6.92,-0.93,0,-1.39,1.07
0,59,8.71,-6.92,-0.93,0,-1.49,1.09
0,59,9.81,-5.52,-2.24,0,-1.49,1.09
0,59,9.81,-5.52,-2.24,0,-1.55,1.14
0,59,9.81,-5.52,-2.24,0,-1.58,1.2
0,59,10.84,-4.41,-3.16,0,-1.58,1.2
0,59,10.84,-4.41,-3.16,0,-1.58,1.29
0,59,10.84,-4.41,-3.16,0,-1.55,1.33
0,59,9.91,-4.34,-3.98,0,-1.55,1.33
0,59,9.91,-4.34,-3.98,0,-1.47,1.33
0,59,9.36,-4.22,-4.27,0,-1.35,1.31
0,59,9.36,-4.22,-4.27,0,-1.35,1.31
0,59,9.36,-4.22,-4.27,0,-1.22,1.33
0,59,8.81,-4.03,-3.98,0,-1.13,1.39
0,59,8.81,-4.03,-3.98,0,-1.13,1.39
0,59,8.81,-4.03,-3.98,0,-1.03,1.43
0,59,8.84,-3.59,-3.55,0,-0.96,1.45
0,59,8.84,-3.59,-3.55,0,-0.96,1.45
0,59,8.84,-3.59,-3.55,0,-0.89,1.47
0,59,9.51,-3.29,-3,0,-0.85,1.5
0,59,9.51,-3.29,-3,0,-0.85,1.5
0,59,9.51,-3.29,-3,0,-0.83,1.5
0,59,8.65,-3.64,-2.68,0,-0.84,1.49
0,59,8.65,-3.64,-2.68,0,-0.84,1.49
0,59,8.65,-3.64,-2.68,0,-0.88,1.52
0,59,8.5,-3.15,-2.14,0,-0.99,1.59
0,59,8.5,-3.15,-2.14,0,-0.99,1.59
0,59,8.5,-3.15,-2.14,0,-1.12,1.67
0,59,8.19,-3.11,-2.18,0,-1.12,1.67
0,59,8.19,-3.11,-2.18,0,-1.24,1.7
0,59,8.19,-3.11,-2.18,0,-1.3,1.67
0,59,8.15,-3.15,-1.7,0,-1.3,1.67
0,59,8.15,-3.15,-1.7,0,-1.37,1.61
0,59,8.15,-3.15,-1.7,0,-1.46,1.58
0,59,7.83,-3.33,-1.25,0,-1.46,1.58
0,59,7.83,-3.33,-1.25,0,-1.55,1.51
1,0,7.83,-3.33,-1.25,0,-1.61,1.46
1,0,7.91,-3.62,-1.08,0,-1.61,1.46
1,0,7.91,-3.62,-1.08,0,-1.67,1.44
1,0,7.91,-3.62,-1.08,0,-1.74,1.44
1,0,8.28,-3.69,-1.12,0,-1.74,1.44
1,0,8.28,-3.69,-1.12,0,-1.8,1.45
1,0,8.28,-3.69,-1.12,0,-1.85,1.44
1,0,8.41,-3.89,-1.17,0,-1.85,1.44
1,0,8.41,-3.89,-1.17,0,-1.88,1.44
1,0,8.77,-3.79,-1.02,0,-1.91,1.43
1,0,8.77,-3.79,-1.02,0,-1.91,1.43
1,0,8.77,-3.79,-1.02,0,-1.93,1.42
1,0,8.56,-4,-1.09,0,-1.95,1.4
1,0,8.56,-4,-1.09,0,-1.95,1.4
1,0,8.56,-4,-1.09,0,-1.97,1.38
1,0,7.87,-4.23,-0.86,0,-1.99,1.35
1,0,7.87,-4.23,-0.86,0,-1.99,1.35
1,0,7.87,-4.23,-0.86,0,-2.02,1.3
1,0,7.78,-4.08,-0.69,0,-2.06,1.25
1,0,7.78,-4.08,-0.69,0,-2.06,1.25
1,0,7.78,-4.08,-0.69,0,-2.1,1.2
1,0,8.3,-3.88,-0.73,0,-2.12,1.14
1,0,8.3,-3.88,-0.73,0,-2.12,1.14
1,0,8.3,-3.88,-0.73,0,-2.17,1.07
1,0,8.73,-3.94,-0.85,0,-2.2,1.03
1,0,8.73,-3.94,-0.85,0,-2.2,1.03
1,0,7.51,-4.18,-0.88,0,-2.24,0.94
1,0,7.51,-4.18,-0.88,0,-2.26,0.84
1,0,7.51,-4.18,-0.88,0,-2.26,0.84
1,0,6.59,-4.89,-1.48,0,-2.25,0.68
1,0,6.59,-4.89,-1.48,0,-2.24,0.64
1,0,6.59,-4.89,-1.48,0,-2.24,0.64
1,0,6.43,-5.05,-2.3,0,-2.18,0.58
1,0,6.43,-5.05,-2.3,0,-2.12,0.57
1,0,6.43,-5.05,-2.3,0,-2.05,0.52
1,0,6.68,-5.39,-2.38,0,-2.05,0.52
1,0,6.68,-5.39,-2.38,0,-1.97,0.46
1,0,6.68,-5.39,-2.38,0,-1.89,0.42
1,0,7.12,-5.58,-2.92,0,-1.89,0.42
1,0,7.12,-5.58,-2.92,0,-1.81,0.37
1,0,7.12,-5.58,-2.92,0,-1.72,0.35
1,0,7.02,-6.01,-3.2,0,-1.72,0.35
1,0,7.02,-6.01,-3.2,0,-1.65,0.31
1,0,6.9,-6.43,-3.48,0,-1.52,0.27
1,0,6.9,-6.43,-3.48,0,-1.52,0.27
1,0,6.9,-6.43,-3.48,0,-1.38,0.2
1,0,6.97,-7.02,-3.65,0,-1.27,0.12
1,0,6.97,-7.02,-3.65,0,-1.27,0.12
1,0,6.97,-7.02,-3.65,0,-1.16,0.04
1,0,7.49,-7.24,-3.59,0,-1.1,-0.02
1,0,7.49,-7.24,-3.59,0,-1.1,-0.02
1,0,7.49,-7.24,-3.59,0,-1.05,-0.05
1,0,8.16,-7.25,-3.35,0,-1.02,-0.05
1,0,8.16,-7.25,-3.35,0,-1.02,-0.05
1,0,8.16,-7.25,-3.35,0,-1,-0.1
1,0,7.35,-7.62,-3.98,0,-0.95,-0.15
1,0,7.35,-7.62,-3.98,0,-0.95,-0.15
1,0,7.71,-7.58,-4.21,0,-0.86,-0.24
1,0,7.71,-7.58,-4.21,0,-0.81,-0.3
1,0,7.71,-7.58,-4.21,0,-0.81,-0.3
1,0,8.2,-7.88,-4.2,0,-0.73,-0.42
1,0,8.2,-7.88,-4.2,0,-0.67,-0.51
1,0,8.2,-7.88,-4.2,0,-0.67,-0.51
1,0,7.93,-8.22,-4.06,0,-0.59,-0.59
1,0,7.93,-8.22,-4.06,0,-0.55,-0.62
1,0,7.93,-8.22,-4.06,0,-0.51,-0.64
1,0,7.6,-9.25,-3.98,0,-0.51,-0.64
1,0,7.6,-9.25,-3.98,0,-0.5,-0.59
1,0,7.6,-9.25,-3.98,0,-0.52,-0.52
1,0,7.55,-9.29,-4.41,0,-0.52,-0.52
1,0,7.55,-9.29,-4.41,0,-0.52,-0.45
1,0,7.55,-9.29,-4.41,0,-0.53,-0.33
1,0,8.66,-8.2,-5.33,0,-0.53,-0.33
1,0,8.66,-8.2,-5.33,0,-0.51,-0.21
1,0,10.72,-7.42,-6.25,0,-0.41,-0.11
1,0,10.72,-7.42,-6.25,0,-0.41,-0.11
1,0,10.72,-7.42,-6.25,0,-0.26,-0.02
1,0,10.72,-6.57,-6.54,0,-0.06,-0.01
1,0,10.72,-6.57,-6.54,0,-0.06,-0.01
1,0,10.72,-6.57,-6.54,0,0.13,-0.03
1,0,10.01,-6.13,-6.56,0,0.32,-0.05
1,0,10.01,-6.13,-6.56,0,0.5,-0.02
1,0,10.01,-6.13,-6.56,0,0.5,-0.02
1,0,9.71,-5.87,-6,0,0.66,0.1
1,0,9.71,-5.87,-6,0,0.66,0.1
1,0,9.71,-5.87,-6,0,0.8,0.32
1,0,9.07,-5.31,-4.67,0,0.84,0.45
1,0,9.07,-5.31,-4.67,0,0.84,0.45
1,0,7.2,-4.63,-3.64,0,0.77,0.48
1,0,7.2,-4.63,-3.64,0,0.69,0.41
1,0,7.2,-4.63,-3.64,0,0.69,0.41
1,0,6.04,-4.75,-3.74,0,0.6,0.27
1,0,6.04,-4.75,-3.74,0,0.51,0.19
1,0,6.04,-4.75,-3.74,0,0.51,0.19
1,0,5.5,-5.03,-4.37,0,0.41,0.21
1,0,5.5,-5.03,-4.37,0,0.35,0.32
1,0,5.5,-5.03,-4.37,0,0.35,0.32
1,0,5.74,-5.06,-4.48,0,0.35,0.48
1,0,5.74,-5.06,-4.48,0,0.35,0.6
1,0,5.74,-5.06,-4.48,0,0.35,0.6
1,0,5.88,-4.63,-3.95,0,0.29,0.65
1,0,5.88,-4.63,-3.95,0,0.21,0.64
1,0,5.88,-4.63,-3.95,0,0.21,0.64
1,0,6.88,-4.3,-3.92,0,0.15,0.63
1,0,6.88,-4.3,-3.92,0,0.15,0.58
1,0,6.88,-4.3,-3.92,0,0.15,0.58
1,0,7.72,-4.37,-3.7,0,0.21,0.47
1,0,7.72,-4.37,-3.7,0,0.24,0.41
1,0,6.84,-4.9,-3.04,0,0.24,0.41
1,0,6.84,-4.9,-3.04,0,0.28,0.34
1,0,6.84,-4.9,-3.04,0,0.3,0.28
1,0,5.9,-4.84,-1.99,0,0.28,0.22
1,0,5.9,-4.84,-1.99,0,0.28,0.22
1,0,5.9,-4.84,-1.99,0,0.23,0.29
1,0,5.54,-5.12,-1.61,0,0.15,0.43
1,0,5.54,-5.12,-1.61,0,0.15,0.43
1,0,5.54,-5.12,-1.61,0,0.05,0.54
1,0,4.42,-5.05,-0.99,0,-0.08,0.56
1,0,4.42,-5.05,-0.99,0,-0.08,0.56
1,0,4.42,-5.05,-0.99,0,-0.19,0.55
1,0,4.66,-5.5,-1.14,0,-0.27,0.54
1,0,4.66,-5.5,-1.14,0,-0.27,0.54
1,0,5.69,-5.27,-1.32,0,-0.32,0.59
1,0,5.69,-5.27,-1.32,0,-0.37,0.62
1,0,5.69,-5.27,-1.32,0,-0.37,0.62
1,0,6.2,-5.63,-0.95,0,-0.41,0.62
1,0,6.2,-5.63,-0.95,0,-0.48,0.48
1,0,6.2,-5.63,-0.95,0,-0.48,0.48
1,0,6.7,-5.27,-1.07,0,-0.55,0.32
1,0,6.7,-5.27,-1.07,0,-0.59,0.27
1,0,6.7,-5.27,-1.07,0,-0.59,0.27
1,0,6.46,-5.87,-0.97,0,-0.61,0.28
1,0,6.46,-5.87,-0.97,0,-0.64,0.3
1,0,6.46,-5.87,-0.97,0,-0.64,0.3
1,0,6.17,-6.15,-0.86,0,-0.71,0.37
1,0,6.17,-6.15,-0.86,0,-0.78,0.44
1,0,6.17,-6.15,-0.86,0,-0.78,0.44
1,0,5.74,-6.56,-1.15,0,-0.87,0.54
1,0,5.74,-6.56,-1.15,0,-0.93,0.61
1,0,5.74,-6.56,-1.15,0,-0.93,0.61
1,0,6.62,-6.39,-1.82,0,-0.94,0.67
1,0,6.62,-6.39,-1.82,0,-0.94,0.71
1,0,6.59,-6.54,-2.21,0,-0.94,0.71
1,0,6.59,-6.54,-2.21,0,-0.91,0.75
1,0,6.59,-6.54,-2.21,0,-0.88,0.77
1,0,6.41,-6.69,-2.45,0,-0.88,0.77
1,0,6.41,-6.69,-2.45,0,-0.83,0.82
1,0,6.41,-6.69,-2.45,0,-0.78,0.88
1,0,6,-6.77,-2.58,0,-0.78,0.88
1,0,6,-6.77,-2.58,0,-0.73,1
1,0,6,-6.77,-2.58,0,-0.69,1.09
1,0,5.98,-6.38,-2.13,0,-0.69,1.09
1,1,5.98,-6.38,-2.13,0,-0.69,1.21
1,1,5.98,-6.38,-2.13,0,-0.69,1.26
1,1,5.88,-6.18,-1.73,0,-0.69,1.26
1,1,5.88,-6.18,-1.73,0,-0.71,1.3
1,1,5.88,-6.18,-1.73,0,-0.76,1.31
1,1,5.86,-5.92,-1.26,0,-0.76,1.31
1,1,5.86,-5.92,-1.26,0,-0.89,1.33
1,1,5.86,-5.92,-1.26,0,-1.01,1.36
1,1,6.64,-5.2,-1.55,0,-1.01,1.36
1,1,6.64,-5.2,-1.55,0,-1.13,1.38
1,1,7.26,-4.9,-2.38,0,-1.15,1.4
1,1,7.26,-4.9,-2.38,0,-1.15,1.4
1,1,7.26,-4.9,-2.38,0,-1.09,1.39
1,1,6.73,-4.56,-2.66,0,-0.96,1.39
1,1,6.73,-4.56,-2.66,0,-0.96,1.39
1,1,6.73,-4.56,-2.66,0,-0.84,1.41
1,1,4.75,-3.8,-1.53,0,-0.8,1.45
1,1,4.75,-3.8,-1.53,0,-0.8,1.45
1,1,4.75,-3.8,-1.53,0,-0.84,1.47
1,1,3.3,-3.51,-0.71,0,-0.84,1.47
1,1,3.3,-3.51,-0.71,0,-0.96,1.5
1,1,3.3,-3.51,-0.71,0,-1.04,1.52
1,1,5.17,-2.49,-1.22,0,-1.04,1.52
1,1,5.17,-2.49,-1.22,0,-1.11,1.58
1,1,5.17,-2.49,-1.22,0,-1.13,1.63
1,1,8.15,-0.7,-1.58,0,-1.13,1.63
1,1,8.15,-0.7,-1.58,0,-1.12,1.66
1,1,8.15,-0.7,-1.58,0,-1.1,1.6
1,1,8.88,-0.46,-1.71,0,-1.1,1.6
1,1,8.88,-0.46,-1.71,0,-1.03,1.44
1,1,8.88,-0.46,-1.71,0,-0.94,1.21
1,1,7.49,-0.05,-1.7,0,-0.94,1.21
1,1,7.49,-0.05,-1.7,0,-0.86,1
1,1,7.49,-0.05,-1.7,0,-0.74,0.87
1,1,5.24,-0.29,-1.58,0,-0.74,0.87
1,1,5.24,-0.29,-1.58,0,-0.63,0.84
1,1,5.24,-0.29,-1.58,0,-0.57,0.91
1,1,5.25,0.32,-0.58,0,-0.57,0.91
1,1,5.25,0.32,-0.58,0,-0.6,1.02
1,1,5.25,0.32,-0.58,0,-0.69,1.18
1,1,6.75,1.18,0.39,0,-0.69,1.18
1,1,6.75,1.18,0.39,0,-0.81,1.32
1,1,6.75,1.18,0.39,0,-0.91,1.36
1,1,8.32,1.99,0.36,0,-0.91,1.36
1,1,8.32,1.99,0.36,0,-0.97,1.27
1,1,9.53,2.58,0.22,0,-1,1.07
1,1,9.53,2.58,0.22,0,-1,1.07
1,1,9.53,2.58,0.22,0,-1,0.72
1,1,9.36,2.12,0.53,0,-1.04,0.41
1,1,9.36,2.12,0.53,0,-1.04,0.41
1,1,9.36,2.12,0.53,0,-1.12,0.21
1,1,10.49,2.03,0,0,-1.17,0.18
1,1,10.49,2.03,0,0,-1.17,0.18
1,1,10.49,2.03,0,0,-1.23,0.24
1,1,9.23,1.57,-0.75,0,-1.25,0.3
1,1,9.23,1.57,-0.75,0,-1.25,0.3
1,1,9.23,1.57,-0.75,0,-1.23,0.34
1,1,7.68,1.4,-1.37,0,-1.2,0.36
1,1,7.68,1.4,-1.37,0,-1.13,0.39
1,1,7.88,1.99,-1.01,0,-1.13,0.39
1,1,7.88,1.99,-1.01,0,-1.09,0.46
1,1,7.88,1.99,-1.01,0,-1.1,0.5
1,1,9.55,2.69,-0.21,0,-1.1,0.5
1,1,9.55,2.69,-0.21,0,-1.12,0.44
1,1,9.55,2.69,-0.21,0,-1.11,0.31
1,1,11.37,3.32,-0.22,0,-1.11,0.31
1,1,11.37,3.32,-0.22,0,-1.1,0.13
1,1,11.37,3.32,-0.22,0,-1.18,-0.01
1,1,11.46,2.68,-0.01,0,-1.18,-0.01
1,1,11.46,2.68,-0.01,0,-1.28,-0.03
1,1,11.46,2.68,-0.01,0,-1.4,-0.02
1,1,11.96,3.13,0.07,0,-1.4,-0.02
1,1,11.96,3.13,0.07,0,-1.5,-0.04
1,1,11.96,3.13,0.07,0,-1.57,-0.13
1,1,13.78,3.35,-0.57,0,-1.57,-0.13
1,1,13.78,3.35,-0.57,0,-1.62,-0.29
1,1,13.78,3.35,-0.57,0,-1.6,-0.47
1,1,16.47,2.81,-1.38,0,-1.6,-0.47
1,1,16.47,2.81,-1.38,0,-1.5,-0.66
1,1,17.37,2.14,-1.44,0,-1.39,-0.81
1,1,17.37,2.14,-1.44,0,-1.39,-0.81
1,1,17.37,2.14,-1.44,0,-1.31,-0.88
1,1,18.27,1.6,-0.81,0,-1.25,-0.92
1,1,18.27,1.6,-0.81,0,-1.25,-0.92
1,1,18.27,1.6,-0.81,0,-1.2,-0.91
1,1,19.41,0.78,-0.18,0,-1.17,-0.92
1,1,19.41,0.78,-0.18,0,-1.17,-0.92
1,1,19.41,0.78,-0.18,0,-1.13,-0.95
1,1,19.19,0.06,-0.53,0,-1.06,-0.92
1,1,19.19,0.06,-0.53,0,-1.06,-0.92
1,1,19.19,0.06,-0.53,0,-0.95,-0.81
1,1,17.22,-0.64,-0.79,0,-0.87,-0.72
1,1,17.22,-0.64,-0.79,0,-0.87,-0.72
1,1,14.93,-0.47,-1.07,0,-0.75,-0.64
1,1,14.93,-0.47,-1.07,0,-0.67,-0.66
1,1,14.93,-0.47,-1.07,0,-0.55,-0.7
1,1,13.32,-0.56,-1.92,0,-0.55,-0.7
1,1,13.32,-0.56,-1.92,0,-0.42,-0.69
1,1,13.32,-0.56,-1.92,0,-0.29,-0.61
1,1,12.96,-0.36,-2.21,0,-0.29,-0.61
1,1,12.96,-0.36,-2.21,0,-0.16,-0.48
1,1,12.96,-0.36,-2.21,0,-0.16,-0.48
1,1,13.64,-0.07,-2.19,0,0,-0.27
1,1,13.64,-0.07,-2.19,0,0.1,-0.15
1,1,13.64,-0.07,-2.19,0,0.1,-0.15
1,1,13.65,0.49,-2.04,0,0.24,0.02
1,1,13.65,0.49,-2.04,0,0.32,0.13
1,1,13.65,0.49,-2.04,0,0.32,0.13
1,1,12.68,0.79,-1.92,0,0.44,0.25
1,1,12.68,0.79,-1.92,0,0.52,0.31
1,1,12.68,0.79,-1.92,0,0.52,0.31
1,1,12.51,0.93,-1.82,0,0.63,0.39
1,1,12.51,0.93,-1.82,0,0.7,0.45
1,1,13.44,1.26,-1.15,0,0.73,0.52
1,1,13.44,1.26,-1.15,0,0.73,0.52
1,1,13.44,1.26,-1.15,0,0.76,0.61
1,1,15.93,1.45,-1.3,0,0.76,0.61
1,1,15.93,1.45,-1.3,0,0.81,0.74
1,1,15.93,1.45,-1.3,0,0.85,0.84
1,1,17.99,2.53,-1.57,0,0.85,0.84
1,1,17.99,2.53,-1.57,0,0.94,1
1,1,17.99,2.53,-1.57,0,1.03,1.18
1,1,18.59,3.96,-1.13,0,1.03,1.18
1,1,18.59,3.96,-1.13,0,1.09,1.36
1,1,18.59,3.96,-1.13,0,1.11,1.39
1,1,16.69,4.1,-0.12,0,1.11,1.39
1,1,16.69,4.1,-0.12,0,1.08,1.3
1,1,16.69,4.1,-0.12,0,1.05,1.14
1,1,15.77,4.59,0.59,0,1.05,1.14
1,1,15.77,4.59,0.59,0,1,0.98
1,1,15.77,4.59,0.59,0,0.9,0.83
1,1,16.56,5.11,1.44,0,0.9,0.83
1,1,16.56,5.11,1.44,0,0.77,0.67
1,1,16.56,5.11,1.44,0,0.62,0.5
1,1,17.81,5.08,1.08,0,0.62,0.5
1,1,17.81,5.08,1.08,0,0.51,0.34
1,1,17.81,5.08,1.08,0,0.49,0.16
1,1,18.07,4.97,0.83,0,0.49,0.16
1,1,18.07,4.97,0.83,0,0.47,0
1,1,18.72,4.98,1.02,0,0.41,-0.12
1,1,18.72,4.98,1.02,0,0.41,-0.12
1,1,18.72,4.98,1.02,0,0.36,-0.15
1,1,18.58,4.77,0.83,0,0.33,-0.12
1,1,18.58,4.77,0.83,0,0.33,-0.12
1,1,18.58,4.77,0.83,0,0.27,-0.12
1,1,17.31,4.69,0.66,0,0.21,-0.19
1,1,17.31,4.69,0.66,0,0.21,-0.19
1,1,17.31,4.69,0.66,0,0.19,-0.31
1,1,15.57,4.79,0.54,0,0.18,-0.45
1,1,15.57,4.79,0.54,0,0.18,-0.45
1,1,15.57,4.79,0.54,0,0.13,-0.62
1,1,13.94,4.02,-0.11,0,0.12,-0.71
1,1,13.94,4.02,-0.11,0,0.12,-0.71
1,1,13.94,4.02,-0.11,0,0.11,-0.72
1,1,12.95,3.84,-0.52,0,0.07,-0.68
1,2,12.95,3.84,-0.52,0,0.07,-0.68
1,2,12.95,3.84,-0.52,0,0.11,-0.68
1,2,10.66,2.99,-1.38,0,0.17,-0.72
1,2,10.66,2.99,-1.38,0,0.17,-0.72
1,2,9.65,2.66,-2.3,0,0.23,-0.77
1,2,9.65,2.66,-2.3,0,0.3,-0.76
1,2,9.65,2.66,-2.3,0,0.3,-0.76
1,2,7.33,1.78,-3.03,0,0.45,-0.66
1,2,7.33,1.78,-3.03,0,0.59,-0.51
1,2,7.33,1.78,-3.03,0,0.59,-0.51
1,2,5.42,1.63,-2.4,0,0.7,-0.32
1,2,5.42,1.63,-2.4,0,0.73,-0.18
1,2,5.42,1.63,-2.4,0,0.73,-0.18
1,2,4.01,1.61,-2.15,0,0.76,-0.13
1,2,4.01,1.61,-2.15,0,0.81,-0.17
1,2,4.01,1.61,-2.15,0,0.81,-0.17
1,2,2.43,1.27,-2.16,0,0.92,-0.18
1,2,2.43,1.27,-2.16,0,1.03,-0.15
1,2,2.43,1.27,-2.16,0,1.03,-0.15
1,2,0.26,0.35,-1.27,0,1.08,-0.1
1,2,0.26,0.35,-1.27,0,1.09,-0.06
1,2,0.26,0.35,-1.27,0,1.09,-0.06
1,2,-0.97,1.05,-0.88,0,1.1,-0.01
1,2,-0.97,1.05,-0.88,0,1.13,0
1,2,-3.09,0.11,-0.1,0,1.13,0
1,2,-3.09,0.11,-0.1,0,1.19,-0.01
1,2,-3.09,0.11,-0.1,0,1.21,0.01
1,2,-5.83,-0.69,1.44,0,1.21,0.01
1,2,-5.83,-0.69,1.44,0,1.13,0.07
1,2,-5.83,-0.69,1.44,0,0.99,0.17
1,2,-7.83,-1.77,2.12,0,0.99,0.17
1,2,-7.83,-1.77,2.12,0,0.84,0.23
1,2,-7.83,-1.77,2.12,0,0.79,0.2
1,2,-8.2,-2.43,2.49,0,0.79,0.2
1,2,-8.2,-2.43,2.49,0,0.66,0.25
1,2,-8.2,-2.43,2.49,0,0.52,0.22
1,2,-8.11,-3.15,2.07,0,0.52,0.22
1,2,-8.11,-3.15,2.07,0,0.49,0.05
1,2,-8.11,-3.15,2.07,0,0.47,-0.06
1,2,-6.98,-3.58,2.86,0,0.47,-0.06
1,2,-6.98,-3.58,2.86,0,0.35,-0.13
1,2,-6.98,-3.58,2.86,0,0.19,-0.14
1,2,-5.92,-3.19,3.73,0,0.19,-0.14
1,2,-5.92,-3.19,3.73,0,-0.04,-0.12
1,2,-5.92,-3.19,3.73,0,-0.31,-0.09
1,2,-5.58,-2.8,4.25,0,-0.31,-0.09
1,2,-5.58,-2.8,4.25,0,-0.59,-0.09
1,2,-5.58,-2.8,4.25,0,-0.59,-0.09
1,2,-2.6,-2.47,4.21,0,-0.96,-0.08
1,2,-2.6,-2.47,4.21,0,-1.16,-0.08
1,2,-2.6,-2.47,4.21,0,-1.16,-0.08
1,2,1.76,-1.33,4,0,-1.38,-0.09
1,2,1.76,-1.33,4,0,-1.55,-0.12
1,2,1.76,-1.33,4,0,-1.55,-0.12
1,2,4.02,-1.34,2.76,0,-1.66,-0.28
1,2,4.02,-1.34,2.76,0,-1.67,-0.51
1,2,4.02,-1.34,2.76,0,-1.67,-0.51
1,2,3.85,-1.7,1.65,0,-1.63,-0.78
1,2,3.85,-1.7,1.65,0,-1.59,-0.94
1,2,3.26,-1.04,1.76,0,-1.59,-0.94
1,2,3.26,-1.04,1.76,0,-1.63,-0.88
1,2,3.26,-1.04,1.76,0,-1.66,-0.7
1,2,1.91,-0.83,2.69,0,-1.66,-0.7
1,2,1.91,-0.83,2.69,0,-1.79,-0.35
1,2,1.91,-0.83,2.69,0,-2.03,0.14
1,2,2.83,-0.48,2.63,0,-2.03,0.14
1,2,2.83,-0.48,2.63,0,-2.24,0.57
1,2,2.83,-0.48,2.63,0,-2.37,0.8
1,2,6.04,1.68,1.49,0,-2.37,0.8
1,2,6.04,1.68,1.49,0,-2.47,0.84
1,2,6.04,1.68,1.49,0,-2.46,0.72
1,2,9.54,2.07,0.34,0,-2.46,0.72
1,2,9.54,2.07,0.34,0,-2.4,0.45
1,2,9.54,2.07,0.34,0,-2.29,0.16
1,2,10.05,1.98,-0.71,0,-2.29,0.16
1,2,10.05,1.98,-0.71,0,-2.2,-0.11
1,2,10.05,1.98,-0.71,0,-2.18,-0.2
1,2,9.69,2.68,-1.62,0,-2.18,-0.2
1,2,9.69,2.68,-1.62,0,-2.18,-0.03
1,2,8.38,1.35,-2.94,0,-2.18,0.33
1,2,8.38,1.35,-2.94,0,-2.18,0.33
1,2,8.38,1.35,-2.94,0,-2.13,0.78
1,2,10.03,1.75,-3.74,0,-2.07,1.26
1,2,10.03,1.75,-3.74,0,-2.07,1.26
1,2,10.03,1.75,-3.74,0,-1.96,1.72
1,2,12.46,1.41,-4.92,0,-1.72,2.05
1,2,12.46,1.41,-4.92,0,-1.72,2.05
1,2,12.46,1.41,-4.92,0,-1.33,2.16
1,2,11.57,1.7,-3.77,0,-0.9,1.99
1,2,11.57,1.7,-3.77,0,-0.9,1.99
1,2,11.57,1.7,-3.77,0,-0.7,1.6
1,2,11.76,2.94,-0.02,0,-0.73,1.2
1,2,11.76,2.94,-0.02,0,-0.73,1.2
1,2,11.76,2.94,-0.02,0,-0.88,0.83
1,2,14.16,2.53,0.36,0,-1.02,0.53
1,2,14.16,2.53,0.36,0,-1.02,0.53
1,2,14.16,2.53,0.36,0,-1.09,0.34
1,2,16.43,2.47,-1.18,0,-1.1,0.22
1,2,16.43,2.47,-1.18,0,-1.1,0.22
1,2,16.43,2.47,-1.18,0,-1.06,0.18
1,2,17.81,2.29,-1.11,0,-1.03,0.14
1,2,17.81,2.29,-1.11,0,-1.03,0.14
1,2,19.01,1.14,-0.84,0,-1.07,0.05
1,2,19.01,1.14,-0.84,0,-1.11,-0.12
1,2,19.01,1.14,-0.84,0,-1.11,-0.12
1,2,21.61,0.42,-1.32,0,-1.1,-0.31
1,2,21.61,0.42,-1.32,0,-1.1,-0.46
1,2,21.61,0.42,-1.32,0,-1.1,-0.46
1,2,21.69,-1.52,-2.94,0,-1.03,-0.57
1,2,21.69,-1.52,-2.94,0,-0.88,-0.59
1,2,21.69,-1.52,-2.94,0,-0.88,-0.59
1,2,20.05,-2.51,-4.13,0,-0.71,-0.59
1,2,20.05,-2.51,-4.13,0,-0.52,-0.55
1,2,20.05,-2.51,-4.13,0,-0.52,-0.55
1,2,19.12,-3.2,-3.75,0,-0.33,-0.5
1,2,19.12,-3.2,-3.75,0,-0.24,-0.41
1,2,19.12,-3.2,-3.75,0,-0.24,-0.41
1,2,19.4,-3.42,-3.25,0,-0.16,-0.29
1,2,19.4,-3.42,-3.25,0,-0.09,-0.16
1,2,19.26,-3.69,-3.53,0,-0.09,-0.16
1,2,19.26,-3.69,-3.53,0,0.01,-0.06
1,2,19.26,-3.69,-3.53,0,0.14,-0.01
1,2,19.57,-3.38,-3.64,0,0.14,-0.01
1,2,19.57,-3.38,-3.64,0,0.3,0.01
1,2,19.57,-3.38,-3.64,0,0.42,0.02
1,2,19.8,-2.63,-2.74,0,0.42,0.02
1,2,19.8,-2.63,-2.74,0,0.52,0.03
1,2,19.8,-2.63,-2.74,0,0.55,0.06
1,2,21.21,-1.62,-1.61,0,0.55,0.06
1,2,21.21,-1.62,-1.61,0,0.54,0.09
1,2,21.21,-1.62,-1.61,0,0.52,0.11
1,2,21.87,-1.1,-1.47,0,0.52,0.11
1,2,21.87,-1.1,-1.47,0,0.49,0.1
1,2,21.87,-1.1,-1.47,0,0.5,0.09
1,2,22.53,-0.72,-2.01,0,0.5,0.09
1,2,22.53,-0.72,-2.01,0,0.55,0.08
1,2,22.53,-0.72,-2.01,0,0.65,0.08
1,2,22.06,0.47,-2.65,0,0.65,0.08
1,2,22.06,0.47,-2.65,0,0.75,0.09
1,2,22.06,0.47,-2.65,0,0.84,0.12
1,2,19.81,1.6,-1.92,0,0.84,0.12
1,2,19.81,1.6,-1.92,0,0.84,0.13
1,2,19.81,1.6,-1.92,0,0.83,0.1
1,2,17.55,1.99,-1.98,0,0.83,0.1
1,2,17.55,1.99,-1.98,0,0.84,0.05
1,2,17.25,2.75,-2.52,0,0.86,0.02
1,2,17.25,2.75,-2.52,0,0.86,0.02
1,2,17.25,2.75,-2.52,0,0.91,0.02
1,2,17.2,3.23,-2.79,0,0.95,0.03
1,2,17.2,3.23,-2.79,0,0.95,0.03
1,2,17.2,3.23,-2.79,0,0.99,0.03
1,2,19.13,4.73,-2.73,0,1,0.05
1,2,19.13,4.73,-2.73,0,1,0.05
1,2,19.13,4.73,-2.73,0,1.01,0.05
1,2,18.71,5.69,-3.01,0,1.05,0.04
1,3,18.71,5.69,-3.01,0,1.05,0.04
1,3,18.71,5.69,-3.01,0,1.09,0.03
1,3,17.2,6.7,-3.47,0,1.13,0.07
1,3,17.2,6.7,-3.47,0,1.13,0.07
1,3,17.2,6.7,-3.47,0,1.21,0.16
1,3,15.83,7.17,-3.52,0,1.29,0.26
1,3,15.83,7.17,-3.52,0,1.29,0.26
1,3,14.25,7.43,-2.82,0,1.34,0.38
1,3,14.25,7.43,-2.82,0,1.34,0.49
1,3,14.25,7.43,-2.82,0,1.34,0.49
1,3,10.81,7.43,-2.4,0,1.34,0.56
1,3,10.81,7.43,-2.4,0,1.34,0.57
1,3,10.81,7.43,-2.4,0,1.34,0.57
1,3,6.92,6.48,-2.27,0,1.34,0.55
1,3,6.92,6.48,-2.27,0,1.35,0.49
1,3,6.92,6.48,-2.27,0,1.35,0.49
1,3,4.53,5.79,-0.56,0,1.36,0.33
1,3,4.53,5.79,-0.56,0,1.27,0.19
1,3,4.53,5.79,-0.56,0,1.27,0.19
1,3,2.18,4.5,0.25,0,1.13,0.04
1,3,2.18,4.5,0.25,0,1.04,-0.14
1,3,2.18,4.5,0.25,0,1.04,-0.14
1,3,-0.91,2.78,1.01,0,0.92,-0.43
1,3,-0.91,2.78,1.01,0,0.82,-0.59
1,3,-2.07,1.66,1.19,0,0.82,-0.59
1,3,-2.07,1.66,1.19,0,0.7,-0.73
1,3,-2.07,1.66,1.19,0,0.63,-0.79
1,3,-3.32,-0.64,1.47,0,0.47,-0.78
1,3,-3.32,-0.64,1.47,0,0.47,-0.78
1,3,-3.32,-0.64,1.47,0,0.33,-0.74
1,3,-3.28,-1.41,0.52,0,0.33,-0.74
1,3,-3.28,-1.41,0.52,0,0.26,-0.69
1,3,-3.28,-1.41,0.52,0,0.27,-0.67
1,3,-2.78,-2.26,0.27,0,0.27,-0.67
1,3,-2.78,-2.26,0.27,0,0.31,-0.68
1,3,-2.78,-2.26,0.27,0,0.33,-0.68
1,3,-2.41,-2.56,0.03,0,0.33,-0.68
1,3,-2.41,-2.56,0.03,0,0.37,-0.65
1,3,-2.41,-2.56,0.03,0,0.43,-0.62
1,3,-3,-3.08,0.47,0,0.43,-0.62
1,3,-3,-3.08,0.47,0,0.49,-0.53
1,3,-3,-3.08,0.47,0,0.51,-0.46
1,3,-4.4,-3.6,1.52,0,0.51,-0.46
1,3,-4.4,-3.6,1.52,0,0.5,-0.35
1,3,-4.4,-3.6,1.52,0,0.46,-0.26
1,3,-4.91,-4.19,2.44,0,0.46,-0.26
1,3,-4.91,-4.19,2.44,0,0.34,-0.14
1,3,-3.89,-3.99,3.08,0,0.24,-0.07
1,3,-3.89,-3.99,3.08,0,0.24,-0.07
1,3,-3.89,-3.99,3.08,0,0.06,0.01
1,3,-3.08,-3.92,3.36,0,-0.03,0.01
1,3,-3.08,-3.92,3.36,0,-0.11,-0.01
1,3,-3.08,-3.92,3.36,0,-0.11,-0.01
1,3,-2.97,-4.02,3.73,0,-0.18,-0.06
1,3,-2.97,-4.02,3.73,0,-0.27,-0.08
1,3,-2.97,-4.02,3.73,0,-0.27,-0.08
1,3,-2.29,-4.16,4.48,0,-0.42,-0.04
1,3,-2.29,-4.16,4.48,0,-0.62,0.02
1,3,-2.29,-4.16,4.48,0,-0.62,0.02
1,3,0.1,-4.3,4.91,0,-0.84,0.06
1,3,0.1,-4.3,4.91,0,-1.05,0.07
1,3,2.75,-3.91,4.82,0,-1.05,0.07
1,3,2.75,-3.91,4.82,0,-1.28,0.04
1,3,2.75,-3.91,4.82,0,-1.52,-0.03
1,3,5.28,-3.05,4.33,0,-1.52,-0.03
1,3,5.28,-3.05,4.33,0,-1.77,-0.18
1,3,5.28,-3.05,4.33,0,-2,-0.39
1,3,8.08,-3.03,2.05,0,-2,-0.39
1,3,8.08,-3.03,2.05,0,-2.12,-0.5
1,3,8.08,-3.03,2.05,0,-2.21,-0.4
1,3,9.96,-2.82,-0.37,0,-2.21,-0.4
1,3,9.96,-2.82,-0.37,0,-2.25,-0.22
1,3,9.96,-2.82,-0.37,0,-2.25,-0.22
1,3,9.35,-3.38,-2.73,0,-2.14,-0.06
1,3,9.35,-3.38,-2.73,0,-2,0.03
1,3,9.35,-3.38,-2.73,0,-2,0.03
1,3,9.37,-3.2,-4.46,0,-1.7,0.16
1,3,9.37,-3.2,-4.46,0,-1.43,0.26
1,3,9.37,-3.2,-4.46,0,-1.43,0.26
1,3,7.3,-3.27,-3.61,0,-1.07,0.41
1,3,7.3,-3.27,-3.61,0,-0.9,0.55
1,3,7.3,-3.27,-3.61,0,-0.9,0.55
1,3,6.85,-2.89,-2.09,0,-0.81,0.77
1,3,6.85,-2.89,-2.09,0,-0.79,0.98
1,3,6.85,-2.89,-2.09,0,-0.79,0.98
1,3,7.85,-2.15,-1.31,0,-0.86,1.21
1,3,7.85,-2.15,-1.31,0,-0.91,1.3
1,3,9.45,-0.97,-2.14,0,-0.91,1.3
1,3,9.45,-0.97,-2.14,0,-0.88,1.24
1,3,9.45,-0.97,-2.14,0,-0.81,1.12
1,3,10.34,-0.44,-2.08,0,-0.81,1.12
1,3,10.34,-0.44,-2.08,0,-0.68,0.83
1,3,10.34,-0.44,-2.08,0,-0.64,0.61
1,3,8.67,-0.56,-1.79,0,-0.6,0.35
1,3,8.67,-0.56,-1.79,0,-0.6,0.35
1,3,8.67,-0.56,-1.79,0,-0.56,0.12
1,3,6.86,-1.12,-1.58,0,-0.56,0
1,3,6.86,-1.12,-1.58,0,-0.56,0
1,3,6.86,-1.12,-1.58,0,-0.59,0.04
1,3,6.94,-0.87,-1,0,-0.65,0.2
1,3,6.94,-0.87,-1,0,-0.65,0.2
1,3,9.09,-0.12,-0.43,0,-0.84,0.4
1,3,9.09,-0.12,-0.43,0,-0.99,0.47
1,3,9.09,-0.12,-0.43,0,-0.99,0.47
1,3,12.04,0.7,-0.93,0,-1.12,0.37
1,3,12.04,0.7,-0.93,0,-1.19,0.23
1,3,12.04,0.7,-0.93,0,-1.14,0
1,3,13.69,0.36,-2.1,0,-1.14,0
1,3,13.69,0.36,-2.1,0,-1.08,-0.21
1,3,13.69,0.36,-2.1,0,-1.05,-0.31
1,3,15.23,0.37,-2.22,0,-1.05,-0.31
1,3,15.23,0.37,-2.22,0,-1.02,-0.34
1,3,15.82,-0.38,-2.1,0,-1.01,-0.33
1,3,15.82,-0.38,-2.1,0,-1.01,-0.33
1,3,15.82,-0.38,-2.1,0,-1.03,-0.27
1,3,16.76,-1.02,-2.57,0,-1.02,-0.18
1,3,16.76,-1.02,-2.57,0,-1.02,-0.18
1,3,16.76,-1.02,-2.57,0,-0.95,-0.13
1,3,16.79,-1.77,-3.15,0,-0.89,-0.11
1,3,16.79,-1.77,-3.15,0,-0.81,-0.05
1,3,16.79,-1.77,-3.15,0,-0.81,-0.05
1,3,17.54,-2.37,-3.87,0,-0.69,0.01
1,3,17.54,-2.37,-3.87,0,-0.53,0.04
1,3,18.87,-2.67,-3.6,0,-0.53,0.04
1,3,18.87,-2.67,-3.6,0,-0.39,0.1
1,3,18.87,-2.67,-3.6,0,-0.29,0.14
1,3,17.49,-3.65,-3.25,0,-0.29,0.14
1,3,17.49,-3.65,-3.25,0,-0.18,0.1
1,3,17.49,-3.65,-3.25,0,-0.06,0
1,3,16.36,-4.13,-3.26,0,-0.06,0
1,3,16.36,-4.13,-3.26,0,0.08,-0.1
1,3,16.36,-4.13,-3.26,0,0.18,-0.13
1,3,15.39,-4.51,-2.95,0,0.18,-0.13
1,3,15.39,-4.51,-2.95,0,0.29,-0.1
1,3,15.39,-4.51,-2.95,0,0.35,-0.04
1,3,15.39,-4.55,-2.59,0,0.41,0.04
1,3,15.39,-4.55,-2.59,0,0.41,0.04
1,3,16.02,-4.1,-2.06,0,0.47,0.12
1,3,16.02,-4.1,-2.06,0,0.5,0.19
1,3,16.02,-4.1,-2.06,0,0.5,0.19
1,3,16.33,-3.41,-1.52,0,0.5,0.24
1,3,16.33,-3.41,-1.52,0,0.48,0.23
1,3,16.33,-3.41,-1.52,0,0.48,0.23
1,3,16.32,-2.95,-1.42,0,0.43,0.18
1,3,16.32,-2.95,-1.42,0,0.43,0.1
1,3,16.32,-2.95,-1.42,0,0.43,0.1
1,3,17.08,-2.65,-1.95,0,0.39,0.01
1,3,17.08,-2.65,-1.95,0,0.39,-0.04
1,3,18.49,-2.38,-2.73,0,0.39,-0.04
1,3,18.49,-2.38,-2.73,0,0.4,-0.05
1,3,18.49,-2.38,-2.73,0,0.44,0
1,3,20.46,-1.24,-3.66,0,0.51,0.11
1,4,20.46,-1.24,-3.66,0,0.51,0.11
1,4,20.46,-1.24,-3.66,0,0.61,0.22
1,4,19.29,-0.5,-4.17,0,0.73,0.24
1,4,19.29,-0.5,-4.17,0,0.73,0.24
1,4,19.29,-0.5,-4.17,0,0.84,0.18
1,4,18.17,-0.05,-3.96,0,0.91,0.11
1,4,18.17,-0.05,-3.96,0,0.91,0.11
1,4,18.17,-0.05,-3.96,0,0.94,0.07
1,4,17.71,0.47,-3.38,0,0.97,0.06
1,4,17.71,0.47,-3.38,0,0.97,0.06
1,4,17.71,0.47,-3.38,0,1,0.06
1,4,17.62,1.02,-3.71,0,1,0.06
1,4,17.62,1.02,-3.71,0,1.04,0.05
1,4,17.62,1.02,-3.71,0,1.1,0.04
1,4,17.65,1.7,-4.28,0,1.1,0.04
1,4,17.65,1.7,-4.28,0,1.2,0.04
1,4,17.65,1.7,-4.28,0,1.28,0.04
1,4,17.75,2.72,-3.87,0,1.28,0.04
1,4,17.75,2.72,-3.87,0,1.36,0.06
1,4,17.23,3.5,-2.68,0,1.38,0.09
1,4,17.23,3.5,-2.68,0,1.38,0.09
1,4,17.23,3.5,-2.68,0,1.33,0.1
1,4,16.15,3.99,-1.25,0,1.23,0.07
1,4,16.15,3.99,-1.25,0,1.23,0.07
1,4,16.15,3.99,-1.25,0,1.08,0
1,4,15.93,4.24,-0.95,0,0.95,-0.08
1,4,15.93,4.24,-0.95,0,0.95,-0.08
1,4,15.93,4.24,-0.95,0,0.81,-0.18
1,4,15.72,4.29,-1.49,0,0.72,-0.28
1,4,15.72,4.29,-1.49,0,0.72,-0.28
1,4,15.72,4.29,-1.49,0,0.68,-0.42
1,4,14.44,4.13,-1.84,0,0.66,-0.58
1,4,14.44,4.13,-1.84,0,0.66,-0.58
1,4,14.44,4.13,-1.84,0,0.67,-0.79
1,4,12.06,3.91,-1.92,0,0.67,-0.89
1,4,12.06,3.91,-1.92,0,0.67,-0.89
1,4,9.86,3.23,-2.41,0,0.67,-0.89
1,4,9.86,3.23,-2.41,0,0.7,-0.79
1,4,9.86,3.23,-2.41,0,0.75,-0.58
1,4,6.74,2.67,-2.74,0,0.75,-0.58
1,4,6.74,2.67,-2.74,0,0.8,-0.36
1,4,6.74,2.67,-2.74,0,0.87,-0.2
1,4,4.41,2.15,-3.35,0,0.87,-0.2
1,4,4.41,2.15,-3.35,0,1,-0.07
1,4,4.41,2.15,-3.35,0,1.15,0.02
1,4,3.17,2.08,-2.78,0,1.15,0.02
1,4,3.17,2.08,-2.78,0,1.29,0.06
1,4,3.17,2.08,-2.78,0,1.36,0.13
1,4,1.63,1.5,-1.36,0,1.36,0.13
1,4,1.63,1.5,-1.36,0,1.37,0.28
1,4,1.63,1.5,-1.36,0,1.32,0.43
1,4,-0.2,0.99,-0.03,0,1.32,0.43
1,4,-0.2,0.99,-0.03,0,1.24,0.55
1,4,-1.58,0.45,0.32,0,1.16,0.6
1,4,-1.58,0.45,0.32,0,1.16,0.6
1,4,-1.58,0.45,0.32,0,1.11,0.55
1,4,-3.53,-0.73,1.22,0,1.1,0.44
1,4,-3.53,-0.73,1.22,0,1.02,0.26
1,4,-3.53,-0.73,1.22,0,1.02,0.26
1,4,-4.24,-2.33,2.4,0,0.91,0.11
1,4,-4.24,-2.33,2.4,0,0.75,0.06
1,4,-4.24,-2.33,2.4,0,0.75,0.06
1,4,-3.72,-3.18,2.5,0,0.57,0.09
1,4,-3.72,-3.18,2.5,0,0.45,0.14
1,4,-4.86,-4.26,2.79,0,0.45,0.14
1,4,-4.86,-4.26,2.79,0,0.36,0.11
1,4,-4.86,-4.26,2.79,0,0.23,0
1,4,-5.93,-5.27,3.59,0,0.23,0
1,4,-5.93,-5.27,3.59,0,0.04,-0.15
1,4,-5.93,-5.27,3.59,0,-0.14,-0.28
1,4,-4.99,-5.53,3.11,0,-0.14,-0.28
1,4,-4.99,-5.53,3.11,0,-0.25,-0.35
1,4,-4.99,-5.53,3.11,0,-0.33,-0.36
1,4,-4.06,-5.54,2.69,0,-0.33,-0.36
1,4,-4.06,-5.54,2.69,0,-0.42,-0.33
1,4,-4.06,-5.54,2.69,0,-0.47,-0.31
1,4,-4.25,-5.63,2.79,0,-0.47,-0.31
1,4,-4.25,-5.63,2.79,0,-0.55,-0.28
1,4,-2.29,-4.86,3.13,0,-0.67,-0.24
1,4,-2.29,-4.86,3.13,0,-0.67,-0.24
1,4,-2.29,-4.86,3.13,0,-0.81,-0.16
1,4,-0.01,-4.29,2.97,0,-0.9,-0.15
1,4,-0.01,-4.29,2.97,0,-1.04,-0.16
1,4,-0.01,-4.29,2.97,0,-1.04,-0.16
1,4,2.9,-4.21,1.93,0,-1.15,-0.2
1,4,2.9,-4.21,1.93,0,-1.17,-0.26
1,4,2.9,-4.21,1.93,0,-1.17,-0.26
1,4,5.06,-3.87,0.67,0,-1.14,-0.31
1,4,5.06,-3.87,0.67,0,-1.07,-0.31
1,4,5.06,-3.87,0.67,0,-1.07,-0.31
1,4,3.93,-4.56,1.3,0,-1,-0.35
1,4,3.93,-4.56,1.3,0,-1.07,-0.33
1,4,3.98,-5.2,2.09,0,-1.07,-0.33
1,4,3.98,-5.2,2.09,0,-1.29,-0.23
1,4,3.98,-5.2,2.09,0,-1.44,-0.12
1,4,6.73,-4.32,0.68,0,-1.44,-0.12
1,4,6.73,-4.32,0.68,0,-1.6,0.08
1,4,6.73,-4.32,0.68,0,-1.66,0.21
1,4,8.87,-3.28,-1.13,0,-1.66,0.21
1,4,8.87,-3.28,-1.13,0,-1.66,0.35
1,4,8.87,-3.28,-1.13,0,-1.59,0.34
1,4,7.64,-4.09,-2.1,0,-1.59,0.34
1,4,7.64,-4.09,-2.1,0,-1.46,0.16
1,4,7.64,-4.09,-2.1,0,-1.43,-0.05
1,4,8.59,-4.81,-1.74,0,-1.43,-0.05
1,4,8.59,-4.81,-1.74,0,-1.46,-0.21
1,4,8.59,-4.81,-1.74,0,-1.53,-0.27
1,4,11.32,-5.41,-2.49,0,-1.53,-0.27
1,4,11.32,-5.41,-2.49,0,-1.58,-0.27
1,4,11.32,-5.41,-2.49,0,-1.58,-0.19
1,4,11.74,-6.1,-3.96,0,-1.58,-0.19
1,4,11.74,-6.1,-3.96,0,-1.51,-0.12
1,4,11.74,-6.1,-3.96,0,-1.39,-0.09
1,4,9.75,-7.13,-4.07,0,-1.39,-0.09
1,4,9.75,-7.13,-4.07,0,-1.3,-0.06
1,4,9.75,-7.13,-4.07,0,-1.29,-0.01
1,4,9.2,-7.69,-4.11,0,-1.29,-0.01
1,4,9.2,-7.69,-4.11,0,-1.26,0.05
1,4,10.86,-7.94,-5.21,0,-1.16,0.07
1,4,10.86,-7.94,-5.21,0,-1.16,0.07
1,4,10.86,-7.94,-5.21,0,-0.98,0.09
1,4,11.73,-8.08,-5.4,0,-0.77,0.08
1,4,11.73,-8.08,-5.4,0,-0.77,0.08
1,4,11.73,-8.08,-5.4,0,-0.62,0.09
1,4,11.13,-8.53,-4.61,0,-0.54,0.09
1,4,11.13,-8.53,-4.61,0,-0.54,0.09
1,4,11.13,-8.53,-4.61,0,-0.46,0.04
1,4,10.38,-8.63,-4.41,0,-0.38,-0.06
1,4,10.38,-8.63,-4.41,0,-0.38,-0.06
1,4,10.38,-8.63,-4.41,0,-0.29,-0.21
1,4,10.65,-8.93,-4.64,0,-0.17,-0.32
1,4,10.65,-8.93,-4.64,0,-0.17,-0.32
1,4,10.65,-8.93,-4.64,0,-0.05,-0.39
1,4,10.94,-8.76,-4.24,0,0.05,-0.41
1,4,10.94,-8.76,-4.24,0,0.05,-0.41
1,4,10.94,-8.76,-4.24,0,0.13,-0.44
1,4,10.35,-8.71,-3.97,0,0.23,-0.46
1,4,10.35,-8.71,-3.97,0,0.23,-0.46
1,4,9.37,-8.52,-3.7,0,0.33,-0.51
1,4,9.37,-8.52,-3.7,0,0.44,-0.55
1,4,9.37,-8.52,-3.7,0,0.44,-0.55
1,4,8.4,-8.19,-2.9,0,0.53,-0.59
1,4,8.4,-8.19,-2.9,0,0.59,-0.63
1,4,8.4,-8.19,-2.9,0,0.59,-0.63
1,4,8.08,-8.53,-2.59,0,0.62,-0.68
1,4,8.08,-8.53,-2.59,0,0.66,-0.72
1,4,8.08,-8.53,-2.59,0,0.66,-0.72
1,4,8.39,-8.22,-2.51,0,0.71,-0.73
1,4,8.39,-8.22,-2.51,0,0.75,-0.71
1,4,8.39,-8.22,-2.51,0,0.75,-0.71
1,4,8.93,-8.07,-2.46,0,0.78,-0.63
1,4,8.93,-8.07,-2.46,0,0.81,-0.55
1,4,8.93,-8.07,-2.46,0,0.81,-0.55
1,5,9.01,-7.94,-1.77,0,0.79,-0.48
1,5,9.01,-7.94,-1.77,0,0.75,-0.44
1,5,9.01,-7.94,-1.77,0,0.75,-0.44
1,5,8.89,-8.09,-1.67,0,0.7,-0.43
1,5,8.89,-8.09,-1.67,0,0.66,-0.42
1,5,9.57,-7.98,-1.58,0,0.66,-0.42
1,5,9.57,-7.98,-1.58,0,0.58,-0.38
1,5,9.57,-7.98,-1.58,0,0.46,-0.3
1,5,11.14,-7.44,-2.37,0,0.46,-0.3
1,5,11.14,-7.44,-2.37,0,0.34,-0.18
1,5,11.14,-7.44,-2.37,0,0.29,-0.09
1,5,13.32,-6.67,-4.54,0,0.29,-0.09
1,5,13.32,-6.67,-4.54,0,0.35,-0.03
1,5,13.32,-6.67,-4.54,0,0.52,-0.02
1,5,14.03,-6.39,-5.42,0,0.52,-0.02
1,5,14.03,-6.39,-5.42,0,0.71,-0.01
1,5,14.03,-6.39,-5.42,0,0.88,-0.01
1,5,12.03,-6.2,-4.68,0,0.88,-0.01
1,5,12.03,-6.2,-4.68,0,0.98,0.03
1,5,12.03,-6.2,-4.68,0,1.05,0.12
1,5,9.84,-6.74,-3.95,0,1.05,0.12
1,5,9.84,-6.74,-3.95,0,1.08,0.3
1,5,9.84,-6.74,-3.95,0,1.08,0.5
1,5,8.01,-6.68,-3.72,0,1.08,0.5
1,5,8.01,-6.68,-3.72,0,1.09,0.65
1,5,7.22,-6.55,-4.04,0,1.13,0.76
1,5,7.22,-6.55,-4.04,0,1.13,0.76
1,5,7.22,-6.55,-4.04,0,1.18,0.88
1,5,7.69,-6.4,-4.2,0,1.25,0.97
1,5,7.69,-6.4,-4.2,0,1.25,0.97
1,5,7.69,-6.4,-4.2,0,1.32,1.05
1,5,8.26,-6.1,-4.05,0,1.39,1.07
1,5,8.26,-6.1,-4.05,0,1.39,1.07
1,5,8.26,-6.1,-4.05,0,1.46,1.1
1,5,8.37,-6.24,-4.23,0,1.53,1.21
1,5,8.37,-6.24,-4.23,0,1.53,1.21
1,5,8.37,-6.24,-4.23,0,1.58,1.45
1,5,8.6,-5.74,-4.61,0,1.65,1.68
1,5,8.6,-5.74,-4.61,0,1.65,1.68
1,5,8.6,-5.74,-4.61,0,1.77,1.85
1,5,8.63,-5.29,-5.12,0,1.92,1.99
1,5,8.63,-5.29,-5.12,0,1.92,1.99
1,5,8.08,-4.92,-5.32,0,2.06,2.08
1,5,8.08,-4.92,-5.32,0,2.25,2.1
1,5,8.08,-4.92,-5.32,0,2.25,2.1
1,5,7.88,-4.41,-5.16,0,2.48,2.11
1,5,7.88,-4.41,-5.16,0,2.62,2.15
1,5,7.88,-4.41,-5.16,0,2.62,2.15
1,5,6.84,-3.93,-4.08,0,2.79,2.21
1,5,6.84,-3.93,-4.08,0,2.89,2.23
1,5,6.84,-3.93,-4.08,0,2.89,2.23
1,5,5.17,-3.68,-2.99,0,2.98,2.23
1,5,5.17,-3.68,-2.99,0,3.04,2.18
1,5,5.17,-3.68,-2.99,0,3.04,2.18
1,5,3.31,-3.21,-1.67,0,3.04,2.08
1,5,3.31,-3.21,-1.67,0,3.03,1.92
1,5,3.31,-3.21,-1.67,0,3.03,1.92
1,5,2.22,-2.82,-0.68,0,3.02,1.75
1,5,2.22,-2.82,-0.68,0,2.98,1.61
1,5,2.22,-2.82,-0.68,0,2.98,1.61
1,5,1.48,-3.08,0.65,0,2.9,1.5
1,5,1.48,-3.08,0.65,0,2.81,1.37
1,5,1.48,-3.08,0.65,0,2.81,1.37
1,5,0.63,-2.94,2.72,0,2.64,1.16
1,5,0.63,-2.94,2.72,0,2.48,0.98
1,5,1.36,-2.96,3.75,0,2.48,0.98
1,5,1.36,-2.96,3.75,0,2.28,0.81
1,5,1.36,-2.96,3.75,0,2.1,0.67
1,5,2.43,-2.92,5.03,0,2.1,0.67
1,5,2.43,-2.92,5.03,0,1.89,0.52
1,5,2.43,-2.92,5.03,0,1.72,0.39
1,5,2.88,-2.9,6.7,0,1.72,0.39
1,5,2.88,-2.9,6.7,0,1.47,0.12
1,5,2.84,-4.14,8.75,0,0.7,-0.8
1,5,2.84,-4.14,8.75,0,0.7,-0.8
1,5,2.57,-4.91,9.33,0,0.5,-0.89
1,5,2.57,-4.91,9.33,0,0.37,-0.94
1,5,2.57,-4.91,9.33,0,0.37,-0.94
1,5,2.92,-5.54,9.66,0,0.18,-1.03
1,5,2.92,-5.54,9.66,0,0.07,-1.09
1,5,2.92,-5.54,9.66,0,0.07,-1.09
1,5,5.66,-5.32,9.98,0,-0.11,-1.14
1,5,5.66,-5.32,9.98,0,-0.23,-1.12
1,5,5.66,-5.32,9.98,0,-0.23,-1.12
1,5,7.44,-6.22,9.28,0,-0.32,-1.07
1,5,7.44,-6.22,9.28,0,-0.35,-0.99
1,5,7.44,-6.22,9.28,0,-0.35,-0.99
1,5,7.35,-6.75,9.44,0,-0.38,-0.88
1,5,7.35,-6.75,9.44,0,-0.41,-0.81
1,5,6.53,-7.58,9.87,0,-0.41,-0.81
1,5,6.53,-7.58,9.87,0,-0.44,-0.71
1,5,6.53,-7.58,9.87,0,-0.48,-0.57
1,5,7.87,-7.16,10.69,0,-0.48,-0.57
1,5,7.87,-7.16,10.69,0,-0.59,-0.3
1,5,7.87,-7.16,10.69,0,-0.69,-0.06
1,5,10.02,-6.15,10.32,0,-0.69,-0.06
1,5,10.02,-6.15,10.32,0,-0.79,0.17
1,5,10.02,-6.15,10.32,0,-0.85,0.29
1,5,12.72,-4.29,9.33,0,-0.85,0.29
1,5,12.72,-4.29,9.33,0,-0.92,0.4
1,5,12.72,-4.29,9.33,0,-0.95,0.47
1,5,12.78,-3.9,8.65,0,-0.95,0.47
1,5,12.78,-3.9,8.65,0,-0.97,0.5
1,5,12.78,-3.9,8.65,0,-0.99,0.45
1,5,10.14,-3.72,8.74,0,-0.99,0.45
1,5,10.14,-3.72,8.74,0,-1.05,0.41
1,5,10.14,-3.72,8.74,0,-1.11,0.42
1,5,7.61,-3.62,8.86,0,-1.11,0.42
1,5,7.61,-3.62,8.86,0,-1.23,0.5
1,5,6.89,-3.37,8.96,0,-1.33,0.59
1,5,6.89,-3.37,8.96,0,-1.33,0.59
1,5,6.89,-3.37,8.96,0,-1.53,0.75
1,5,6.24,-2.62,8.53,0,-1.68,0.82
1,5,6.24,-2.62,8.53,0,-1.87,0.84
1,5,6.24,-2.62,8.53,0,-1.87,0.84
1,5,5.73,-1.72,7.96,0,-2.07,0.77
1,5,5.73,-1.72,7.96,0,-2.27,0.64
1,5,5.73,-1.72,7.96,0,-2.27,0.64
1,5,5.4,-1.41,6.56,0,-2.45,0.49
1,5,5.4,-1.41,6.56,0,-2.6,0.3
1,5,5.4,-1.41,6.56,0,-2.6,0.3
1,5,3.91,-1.71,4.85,0,-2.71,0.09
1,5,3.91,-1.71,4.85,0,-2.79,-0.09
1,5,3.91,-1.71,4.85,0,-2.79,-0.09
1,5,3.01,-2.41,3.21,0,-2.85,-0.22
1,5,3.01,-2.41,3.21,0,-2.85,-0.22
1,5,3.01,-2.41,3.21,0,-2.87,-0.31
1,5,2.69,-2.6,2.68,0,-2.9,-0.33
1,5,2.69,-2.6,2.68,0,-2.9,-0.33
1,5,2.69,-2.6,2.68,0,-2.98,-0.3
1,5,2.67,-2.95,1.67,0,-3.04,-0.29
1,5,2.67,-2.95,1.67,0,-3.04,-0.29
1,5,2.67,-2.95,1.67,0,-3.07,-0.27
1,5,3.26,-3.37,0.32,0,-3.04,-0.28
1,5,3.26,-3.37,0.32,0,-3.04,-0.28
1,5,3.76,-3.78,-0.64,0,-3,-0.32
1,5,3.76,-3.78,-0.64,0,-2.95,-0.33
1,5,3.76,-3.78,-0.64,0,-2.95,-0.33
1,5,4.54,-4.43,-1.59,0,-2.89,-0.37
1,5,4.54,-4.43,-1.59,0,-2.8,-0.41
1,5,4.54,-4.43,-1.59,0,-2.8,-0.41
1,5,5.15,-5.13,-2.11,0,-2.7,-0.5
1,5,5.15,-5.13,-2.11,0,-2.6,-0.61
1,5,5.15,-5.13,-2.11,0,-2.6,-0.61
1,5,5.61,-6.18,-2.93,0,-2.49,-0.69
1,5,5.61,-6.18,-2.93,0,-2.49,-0.69
1,5,5.61,-6.18,-2.93,0,-2.37,-0.72
1,5,6.28,-7.76,-3.97,0,-2.23,-0.64
1,5,6.28,-7.76,-3.97,0,-2.23,-0.64
1,5,6.28,-7.76,-3.97,0,-2.01,-0.52
1,6,6.63,-7.56,-4.53,0,-1.89,-0.41
1,6,6.63,-7.56,-4.53,0,-1.89,-0.41
1,6,6.63,-7.56,-4.53,0,-1.67,-0.29
1,6,6.82,-7.96,-4.93,0,-1.49,-0.25
1,6,6.82,-7.96,-4.93,0,-1.27,-0.24
1,6,6.82,-7.96,-4.93,0,-1.27,-0.24
1,6,6.56,-8.31,-4.63,0,-1.05,-0.28
1,6,6.56,-8.31,-4.63,0,-0.84,-0.33
1,6,6.56,-8.31,-4.63,0,-0.84,-0.33
1,6,6.26,-8.85,-3.64,0,-0.67,-0.37
1,6,6.26,-8.85,-3.64,0,-0.57,-0.38
1,6,5.78,-9.49,-3.06,0,-0.57,-0.38
1,6,5.78,-9.49,-3.06,0,-0.47,-0.35
1,6,5.78,-9.49,-3.06,0,-0.41,-0.3
1,6,5.75,-9.71,-1.95,0,-0.41,-0.3
1,6,5.75,-9.71,-1.95,0,-0.37,-0.29
1,6,5.75,-9.71,-1.95,0,-0.4,-0.35
1,6,6.65,-9.49,-0.73,0,-0.4,-0.35
1,6,6.65,-9.49,-0.73,0,-0.47,-0.42
1,6,6.65,-9.49,-0.73,0,-0.53,-0.48
1,6,8.07,-9.56,-1.07,0,-0.53,-0.48
1,6,8.07,-9.56,-1.07,0,-0.56,-0.59
1,6,8.07,-9.56,-1.07,0,-0.54,-0.72
1,6,7.72,-10.05,-1.63,0,-0.54,-0.72
1,6,7.72,-10.05,-1.63,0,-0.51,-0.87
1,6,7.46,-10.52,-1.53,0,-0.51,-0.97
1,6,7.46,-10.52,-1.53,0,-0.51,-0.97
1,6,7.46,-10.52,-1.53,0,-0.54,-0.97
1,6,8.36,-10.35,-1.6,0,-0.58,-0.87
1,6,8.36,-10.35,-1.6,0,-0.58,-0.87
1,6,8.36,-10.35,-1.6,0,-0.66,-0.72
1,6,10.09,-9.5,-2.84,0,-0.68,-0.59
1,6,10.09,-9.5,-2.84,0,-0.68,-0.59
1,6,10.09,-9.5,-2.84,0,-0.59,-0.47
1,6,11.31,-8.76,-4.29,0,-0.49,-0.4
1,6,11.31,-8.76,-4.29,0,-0.49,-0.4
1,6,11.31,-8.76,-4.29,0,-0.29,-0.28
1,6,11.26,-8.35,-4.56,0,-0.15,-0.18
1,6,11.26,-8.35,-4.56,0,-0.15,-0.18
1,6,11.26,-8.35,-4.56,0,-0.01,-0.05
1,6,9.07,-7.89,-3.55,0,0.05,0.01
1,6,9.07,-7.89,-3.55,0,0.12,0.04
1,6,7.51,-7.74,-2.67,0,0.12,0.04
1,6,7.51,-7.74,-2.67,0,0.16,0.08
1,6,7.51,-7.74,-2.67,0,0.12,0.13
1,6,6.09,-7.37,-2.03,0,0.12,0.13
1,6,6.09,-7.37,-2.03,0,0.07,0.16
1,6,6.09,-7.37,-2.03,0,0.02,0.17
1,6,5.46,-7.12,-2.22,0,0.02,0.17
1,6,5.46,-7.12,-2.22,0,0,0.2
1,6,5.46,-7.12,-2.22,0,-0.01,0.25
1,6,6.51,-6.48,-2.38,0,-0.01,0.25
1,6,6.51,-6.48,-2.38,0,-0.06,0.38
1,6,6.51,-6.48,-2.38,0,-0.08,0.54
1,6,7.28,-5.99,-2.85,0,-0.08,0.54
1,6,7.28,-5.99,-2.85,0,-0.06,0.72
1,6,7.74,-4.96,-2.69,0,-0.03,0.84
1,6,7.74,-4.96,-2.69,0,-0.03,0.84
1,6,7.74,-4.96,-2.69,0,0.01,0.91
1,6,7.46,-4.68,-2.78,0,0.06,0.95
1,6,7.46,-4.68,-2.78,0,0.06,0.95
1,6,7.46,-4.68,-2.78,0,0.14,0.98
1,6,6.58,-4.21,-2.71,0,0.21,0.99
1,6,6.58,-4.21,-2.71,0,0.21,0.99
1,6,6.58,-4.21,-2.71,0,0.31,0.98
1,6,5.23,-4.44,-2.5,0,0.42,0.97
1,6,5.23,-4.44,-2.5,0,0.42,0.97
1,6,5.23,-4.44,-2.5,0,0.57,0.94
1,6,4.23,-4.53,-1.36,0,0.64,0.9
1,6,4.23,-4.53,-1.36,0,0.64,0.9
1,6,4.23,-4.53,-1.36,0,0.63,0.87
1,6,4.05,-4.76,-0.32,0,0.56,0.86
1,6,4.05,-4.76,-0.32,0,0.56,0.86
1,6,4.05,-4.76,-0.32,0,0.44,0.86
1,6,4.56,-5.04,-0.08,0,0.33,0.87
1,6,4.56,-5.04,-0.08,0,0.33,0.87
1,6,4.56,-5.04,-0.08,0,0.22,0.89
1,6,4.87,-5.59,-0.56,0,0.2,0.89
1,6,4.87,-5.59,-0.56,0,0.2,0.89
1,6,5.09,-6.14,-0.73,0,0.21,0.87
1,6,5.09,-6.14,-0.73,0,0.24,0.85
1,6,5.09,-6.14,-0.73,0,0.24,0.85
1,6,5.15,-6.42,-0.07,0,0.26,0.81
1,6,5.15,-6.42,-0.07,0,0.25,0.71
1,6,5.15,-6.42,-0.07,0,0.25,0.71
1,6,5.61,-6.79,0.24,0,0.22,0.58
1,6,5.61,-6.79,0.24,0,0.19,0.52
1,6,5.61,-6.79,0.24,0,0.19,0.52
1,6,7.13,-7.05,-0.13,0,0.18,0.59
1,6,7.13,-7.05,-0.13,0,0.2,0.69
1,6,7.13,-7.05,-0.13,0,0.2,0.69
1,6,7.53,-7.47,-0.12,0,0.24,0.77
1,6,7.53,-7.47,-0.12,0,0.29,0.81
1,6,7.53,-7.47,-0.12,0,0.29,0.81
1,6,7.12,-7.89,0.45,0,0.34,0.81
1,6,7.12,-7.89,0.45,0,0.37,0.79
1,6,7.12,-7.89,0.45,0,0.37,0.79
1,6,7.28,-7.9,1.25,0,0.36,0.75
1,6,7.28,-7.9,1.25,0,0.35,0.78
1,6,7.28,-7.9,1.25,0,0.35,0.78
1,6,8.43,-8.12,1.58,0,0.3,0.86
1,6,8.43,-8.12,1.58,0,0.25,0.97
1,6,8.81,-8.32,1.72,0,0.25,0.97
1,6,8.81,-8.32,1.72,0,0.21,1.08
1,6,8.81,-8.32,1.72,0,0.15,1.15
1,6,8.8,-8.22,2.32,0,0.15,1.15
1,6,8.8,-8.22,2.32,0,0.08,1.14
1,6,8.8,-8.22,2.32,0,0.01,1.04
1,6,9.35,-8.01,3.09,0,0.01,1.04
1,6,9.35,-8.01,3.09,0,-0.1,0.88
1,6,9.35,-8.01,3.09,0,-0.18,0.72
1,6,10.52,-7.75,3.25,0,-0.31,0.57
1,6,10.52,-7.75,3.25,0,-0.31,0.57
1,6,10.52,-7.75,3.25,0,-0.46,0.51
1,6,12.23,-6.6,2.94,0,-0.46,0.51
1,6,12.23,-6.6,2.94,0,-0.64,0.47
1,6,12.97,-5.43,2.32,0,-0.72,0.41
1,6,12.97,-5.43,2.32,0,-0.72,0.41
1,6,12.97,-5.43,2.32,0,-0.82,0.29
1,6,12.26,-5.21,1.22,0,-0.84,0.2
1,6,12.26,-5.21,1.22,0,-0.84,0.2
1,6,12.26,-5.21,1.22,0,-0.83,0.04
1,6,9.96,-5.36,0.57,0,-0.78,-0.08
1,6,9.96,-5.36,0.57,0,-0.78,-0.08
1,6,9.96,-5.36,0.57,0,-0.7,-0.15
1,6,8.15,-5.48,0.47,0,-0.66,-0.12
1,6,8.15,-5.48,0.47,0,-0.66,-0.12
1,6,8.15,-5.48,0.47,0,-0.61,0.02
1,6,7.55,-5.26,0.71,0,-0.6,0.18
1,6,7.55,-5.26,0.71,0,-0.6,0.18
1,6,7.55,-5.26,0.71,0,-0.64,0.43
1,6,7.7,-4.58,1.31,0,-0.69,0.56
1,6,7.7,-4.58,1.31,0,-0.69,0.56
1,6,7.7,-4.58,1.31,0,-0.82,0.69
1,6,8.04,-4.16,1.36,0,-0.92,0.74
1,6,8.04,-4.16,1.36,0,-0.92,0.74
1,6,8.25,-4.04,1.12,0,-1.02,0.7
1,6,8.25,-4.04,1.12,0,-1.06,0.6
1,6,8.25,-4.04,1.12,0,-1.06,0.6
1,6,8.46,-3.89,0.83,0,-1.11,0.4
1,6,8.46,-3.89,0.83,0,-1.14,0.25
1,6,8.46,-3.89,0.83,0,-1.16,0.05
1,6,6.78,-4.36,0.37,0,-1.16,0.05
1,6,6.78,-4.36,0.37,0,-1.15,-0.11
1,6,6.78,-4.36,0.37,0,-1.16,-0.2
1,6,4.95,-5.11,0.3,0,-1.16,-0.2
1,6,4.95,-5.11,0.3,0,-1.17,-0.25
1,6,4.95,-5.11,0.3,0,-1.19,-0.22
1,6,4.67,-5.71,-0.3,0,-1.19,-0.22
1,6,4.67,-5.71,-0.3,0,-1.16,-0.05
1,6,4.67,-5.71,-0.3,0,-1.1,0.18
1,6,5.21,-5.4,-0.91,0,-1.1,0.18
1,6,5.21,-5.4,-0.91,0,-1,0.36
1,7,5.21,-5.4,-0.91,0,-0.85,0.48
1,7,5.32,-5.31,-1.06,0,-0.85,0.48
1,7,5.32,-5.31,-1.06,0,-0.69,0.54
1,7,5.02,-5.4,-0.75,0,-0.51,0.55
1,7,5.02,-5.4,-0.75,0,-0.51,0.55
1,7,5.02,-5.4,-0.75,0,-0.36,0.54
1,7,4.55,-5.47,0.17,0,-0.36,0.54
1,7,4.55,-5.47,0.17,0,-0.23,0.49
1,7,4.55,-5.47,0.17,0,-0.19,0.47
1,7,4.83,-5.36,0.98,0,-0.19,0.47
1,7,4.83,-5.36,0.98,0,-0.17,0.44
1,7,4.83,-5.36,0.98,0,-0.19,0.4
1,7,4.75,-5.5,1.69,0,-0.19,0.4
1,7,4.75,-5.5,1.69,0,-0.25,0.32
1,7,4.75,-5.5,1.69,0,-0.33,0.26
1,7,5.77,-5.73,1.94,0,-0.33,0.26
1,7,5.77,-5.73,1.94,0,-0.42,0.22
1,7,5.77,-5.73,1.94,0,-0.49,0.2
1,7,7.24,-5.88,1.34,0,-0.49,0.2
1,7,7.24,-5.88,1.34,0,-0.57,0.17
1,7,7.24,-5.88,1.34,0,-0.58,0.09
1,7,7.2,-6.45,0.64,0,-0.58,0.09
1,7,7.2,-6.45,0.64,0,-0.55,-0.03
1,7,7.2,-6.45,0.64,0,-0.49,-0.17
1,7,7.19,-7.19,0.61,0,-0.49,-0.17
1,7,7.19,-7.19,0.61,0,-0.47,-0.28
1,7,7.19,-7.19,0.61,0,-0.47,-0.28
1,7,7.76,-7.81,0.72,0,-0.48,-0.37
1,7,7.76,-7.81,0.72,0,-0.52,-0.4
1,7,7.76,-7.81,0.72,0,-0.57,-0.41
1,7,8.46,-8.32,0.51,0,-0.57,-0.41
1,7,8.46,-8.32,0.51,0,-0.62,-0.39
1,7,8.46,-8.32,0.51,0,-0.67,-0.39
1,7,8.83,-8.56,-0.08,0,-0.67,-0.39
1,7,8.83,-8.56,-0.08,0,-0.67,-0.42
1,7,8.81,-8.77,-0.84,0,-0.62,-0.42
1,7,8.81,-8.77,-0.84,0,-0.62,-0.42
1,7,8.81,-8.77,-0.84,0,-0.58,-0.41
1,7,8.78,-8.97,-0.79,0,-0.55,-0.37
1,7,8.78,-8.97,-0.79,0,-0.55,-0.37
1,7,8.78,-8.97,-0.79,0,-0.57,-0.27
1,7,10.04,-8.55,-0.71,0,-0.64,-0.15
1,7,10.04,-8.55,-0.71,0,-0.64,-0.15
1,7,10.04,-8.55,-0.71,0,-0.74,-0.03
1,7,12.26,-7.37,-1.54,0,-0.79,0.03
1,7,12.26,-7.37,-1.54,0,-0.79,0.03
1,7,12.26,-7.37,-1.54,0,-0.75,0.05
1,7,13.06,-6.58,-2.54,0,-0.63,0.02
1,7,13.06,-6.58,-2.54,0,-0.63,0.02
1,7,11.5,-6.29,-2.54,0,-0.47,-0.12
1,7,11.5,-6.29,-2.54,0,-0.33,-0.28
1,7,11.5,-6.29,-2.54,0,-0.33,-0.28
1,7,9.44,-6.2,-2.06,0,-0.21,-0.44
1,7,9.44,-6.2,-2.06,0,-0.2,-0.49
1,7,9.44,-6.2,-2.06,0,-0.2,-0.49
1,7,8.2,-6.03,-2.15,0,-0.23,-0.48
1,7,8.2,-6.03,-2.15,0,-0.27,-0.43
1,7,8.2,-6.03,-2.15,0,-0.27,-0.43
1,7,7.36,-5.87,-2.91,0,-0.33,-0.32
1,7,7.36,-5.87,-2.91,0,-0.33,-0.24
1,7,7.36,-5.87,-2.91,0,-0.33,-0.24
1,7,7.08,-5.84,-3.84,0,-0.27,-0.13
1,7,7.08,-5.84,-3.84,0,-0.19,-0.06
1,7,7.08,-5.84,-3.84,0,-0.03,-0.04
1,7,6.96,-5.84,-4.37,0,-0.03,-0.04
1,7,6.96,-5.84,-4.37,0,0.17,-0.02
1,7,7.77,-5.43,-3.96,0,0.33,0.05
1,7,7.77,-5.43,-3.96,0,0.33,0.05
1,7,7.77,-5.43,-3.96,0,0.44,0.14
1,7,7.96,-5.04,-3.09,0,0.49,0.23
1,7,7.96,-5.04,-3.09,0,0.49,0.23
1,7,7.96,-5.04,-3.09,0,0.52,0.34
1,7,8.18,-4.8,-2.54,0,0.53,0.47
1,7,8.18,-4.8,-2.54,0,0.53,0.47
1,7,8.18,-4.8,-2.54,0,0.53,0.57
1,7,7.66,-4.57,-1.72,0,0.51,0.61
1,7,7.66,-4.57,-1.72,0,0.51,0.61
1,7,7.66,-4.57,-1.72,0,0.45,0.56
1,7,7.48,-4.44,-1.09,0,0.38,0.46
1,7,7.48,-4.44,-1.09,0,0.38,0.46
1,7,7.48,-4.44,-1.09,0,0.33,0.37
1,7,7.79,-4.65,-1.01,0,0.3,0.32
1,7,7.79,-4.65,-1.01,0,0.3,0.32
1,7,7.13,-4.92,-0.8,0,0.28,0.26
1,7,7.13,-4.92,-0.8,0,0.27,0.21
1,7,7.13,-4.92,-0.8,0,0.27,0.21
1,7,6.15,-5.35,-0.61,0,0.24,0.14
1,7,6.15,-5.35,-0.61,0,0.23,0.1
1,7,6.15,-5.35,-0.61,0,0.23,0.1
1,7,5.92,-5.54,-0.44,0,0.19,0.09
1,7,5.92,-5.54,-0.44,0,0.15,0.14
1,7,5.92,-5.54,-0.44,0,0.15,0.14
1,7,6.13,-5.57,-0.56,0,0.09,0.26
1,7,6.13,-5.57,-0.56,0,0.05,0.34
1,7,6.13,-5.57,-0.56,0,0.05,0.34
1,7,6.36,-5.59,-1.15,0,0.06,0.43
1,7,6.36,-5.59,-1.15,0,0.1,0.45
1,7,6.36,-5.59,-1.15,0,0.1,0.45
1,7,6.51,-5.67,-0.95,0,0.18,0.41
1,7,6.51,-5.67,-0.95,0,0.23,0.36
1,7,6.51,-5.67,-0.95,0,0.23,0.36
1,7,6.57,-5.68,-0.41,0,0.24,0.31
1,7,6.57,-5.68,-0.41,0,0.22,0.31
1,7,6.54,-5.95,-0.13,0,0.22,0.31
1,7,6.54,-5.95,-0.13,0,0.2,0.31
1,7,6.54,-5.95,-0.13,0,0.16,0.35
1,7,7.19,-6.19,-0.16,0,0.16,0.35
1,7,7.19,-6.19,-0.16,0,0.1,0.4
1,7,7.19,-6.19,-0.16,0,0.06,0.45
1,7,7.81,-6.15,-0.42,0,0.06,0.45
1,7,7.81,-6.15,-0.42,0,0.04,0.5
1,7,7.81,-6.15,-0.42,0,0.05,0.53
1,7,8.09,-6.33,-0.6,0,0.05,0.53
1,7,8.09,-6.33,-0.6,0,0.06,0.5
1,7,8.09,-6.33,-0.6,0,0.08,0.44
1,7,9.04,-6.34,-0.26,0,0.08,0.44
1,7,9.04,-6.34,-0.26,0,0.08,0.36
1,7,9.04,-6.34,-0.26,0,0.08,0.36
1,7,9.69,-6.53,-0.05,0,0.06,0.27
1,7,9.69,-6.53,-0.05,0,0.06,0.22
1,7,9.69,-6.53,-0.05,0,0.06,0.22
1,7,8.69,-6.82,0.25,0,0.03,0.12
1,7,8.69,-6.82,0.25,0,-0.02,0.04
1,7,8.69,-6.82,0.25,0,-0.02,0.04
1,7,7.6,-7.24,0.48,0,-0.08,-0.07
1,7,7.6,-7.24,0.48,0,-0.12,-0.11
1,7,7.6,-7.24,0.48,0,-0.2,-0.03
1,7,9.38,-6.8,0.62,0,-0.2,-0.03
1,7,9.38,-6.8,0.62,0,-0.33,0.13
1,7,9.38,-6.8,0.62,0,-0.46,0.27
1,7,11.74,-5.72,0.16,0,-0.46,0.27
1,7,11.74,-5.72,0.16,0,-0.56,0.33
1,7,12.15,-5.22,-0.73,0,-0.57,0.25
1,7,12.15,-5.22,-0.73,0,-0.57,0.25
1,7,12.15,-5.22,-0.73,0,-0.5,0.06
1,7,10.39,-5.88,-1.54,0,-0.33,-0.18
1,7,10.39,-5.88,-1.54,0,-0.33,-0.18
1,7,10.39,-5.88,-1.54,0,-0.16,-0.38
1,7,8.45,-6.32,-1.39,0,-0.03,-0.45
1,7,8.45,-6.32,-1.39,0,-0.03,-0.45
1,7,8.45,-6.32,-1.39,0,0.07,-0.39
1,7,7.97,-7.13,-0.85,0,0.16,-0.16
1,7,7.97,-7.13,-0.85,0,0.16,-0.16
1,7,7.97,-7.13,-0.85,0,0.17,0.12
1,7,7.87,-6.84,0.4,0,0.08,0.32
1,7,7.87,-6.84,0.4,0,0.08,0.32
1,7,7.87,-6.84,0.4,0,-0.02,0.45
1,7,8.81,-6.07,0.18,0,-0.07,0.54
1,7,8.81,-6.07,0.18,0,-0.07,0.54
1,7,9.35,-5.53,0.1,0,-0.1,0.56
1,7,9.35,-5.53,0.1,0,-0.11,0.47
1,7,9.35,-5.53,0.1,0,-0.11,0.47
1,7,9.39,-4.93,0.27,0,-0.12,0.31
1,7,9.39,-4.93,0.27,0,-0.12,0.13
1,7,9.39,-4.93,0.27,0,-0.12,0.13
1,8,8.29,-5.11,0.2,0,-0.14,-0.02
1,8,8.29,-5.11,0.2,0,-0.14,-0.02
1,8,8.29,-5.11,0.2,0,-0.14,-0.17
1,8,7.07,-5.33,0.09,0,-0.15,-0.23
1,8,7.07,-5.33,0.09,0,-0.15,-0.23
1,8,7.07,-5.33,0.09,0,-0.15,-0.24
1,8,6.23,-5.51,-0.29,0,-0.13,-0.21
1,8,6.23,-5.51,-0.29,0,-0.13,-0.21
1,8,6.23,-5.51,-0.29,0,-0.1,-0.13
1,8,5.48,-5.31,-0.56,0,-0.07,-0.08
1,8,5.48,-5.31,-0.56,0,-0.04,-0.04
1,8,5.48,-5.31,-0.56,0,-0.04,-0.04
1,8,5.09,-5.08,-0.63,0,0.03,-0.05
1,8,5.09,-5.08,-0.63,0,0.1,-0.09
1,8,5.09,-5.08,-0.63,0,0.1,-0.09
1,8,4.92,-5.19,-0.44,0,0.17,-0.14
1,8,4.92,-5.19,-0.44,0,0.23,-0.18
1,8,4.87,-5.09,-0.13,0,0.23,-0.18
1,8,4.87,-5.09,-0.13,0,0.27,-0.18
1,8,4.87,-5.09,-0.13,0,0.29,-0.18
1,8,4.73,-5.4,0.22,0,0.29,-0.18
1,8,4.73,-5.4,0.22,0,0.28,-0.19
1,8,4.73,-5.4,0.22,0,0.26,-0.21
1,8,5.05,-5.54,0.37,0,0.26,-0.21
1,8,5.05,-5.54,0.37,0,0.23,-0.24
1,8,5.05,-5.54,0.37,0,0.22,-0.24
1,8,5.85,-5.68,0.35,0,0.22,-0.24
1,8,5.85,-5.68,0.35,0,0.19,-0.26
1,8,5.85,-5.68,0.35,0,0.16,-0.29
1,8,6.42,-5.98,0.33,0,0.16,-0.29
1,8,6.42,-5.98,0.33,0,0.14,-0.34
1,8,6.42,-5.98,0.33,0,0.12,-0.39
1,8,7.27,-6.27,0.14,0,0.12,-0.39
1,8,7.27,-6.27,0.14,0,0.11,-0.46
1,8,7.27,-6.27,0.14,0,0.12,-0.57
1,8,7.46,-6.72,-0.17,0,0.12,-0.57
1,8,7.46,-6.72,-0.17,0,0.12,-0.63
1,8,7.46,-6.72,-0.17,0,0.12,-0.63
1,8,7.51,-7.39,-0.39,0,0.11,-0.66
1,8,7.51,-7.39,-0.39,0,0.09,-0.65
1,8,7.51,-7.39,-0.39,0,0.09,-0.65
1,8,7.28,-7.61,-0.62,0,0.08,-0.62
1,8,7.28,-7.61,-0.62,0,0.06,-0.6
1,8,7.28,-7.61,-0.62,0,0.06,-0.6
1,8,7.62,-7.77,-1.05,0,0.06,-0.56
1,8,7.62,-7.77,-1.05,0,0.07,-0.52
1,8,7.82,-7.72,-1.35,0,0.07,-0.52
1,8,7.82,-7.72,-1.35,0,0.08,-0.47
1,8,7.82,-7.72,-1.35,0,0.11,-0.45
1,8,8.03,-7.86,-1.37,0,0.11,-0.45
1,8,8.03,-7.86,-1.37,0,0.14,-0.46
1,8,8.03,-7.86,-1.37,0,0.14,-0.47
1,8,8.86,-7.58,-1.11,0,0.14,-0.47
1,8,8.86,-7.58,-1.11,0,0.1,-0.45
1,8,8.86,-7.58,-1.11,0,0.1,-0.45
1,8,10.63,-6.96,-1.3,0,0.04,-0.4
1,8,10.63,-6.96,-1.3,0,-0.01,-0.37
1,8,10.63,-6.96,-1.3,0,-0.01,-0.37
1,8,10.77,-6.88,-2.08,0,-0.01,-0.4
1,8,10.77,-6.88,-2.08,0,0.06,-0.46
1,8,10.77,-6.88,-2.08,0,0.06,-0.46
1,8,8.79,-7.17,-2.29,0,0.18,-0.58
1,8,8.79,-7.17,-2.29,0,0.26,-0.69
1,8,8.79,-7.17,-2.29,0,0.26,-0.69
1,8,7.47,-7.52,-1.84,0,0.3,-0.75
1,8,7.47,-7.52,-1.84,0,0.29,-0.71
1,8,7.47,-7.52,-1.84,0,0.29,-0.71
1,8,7.5,-7.44,-1.83,0,0.23,-0.58
1,8,7.5,-7.44,-1.83,0,0.18,-0.48
1,8,7.5,-7.44,-1.83,0,0.18,-0.48
1,8,8.12,-6.9,-2.39,0,0.14,-0.36
1,8,8.12,-6.9,-2.39,0,0.14,-0.33
1,8,8.47,-6.46,-2.76,0,0.14,-0.33
1,8,8.47,-6.46,-2.76,0,0.18,-0.36
1,8,8.47,-6.46,-2.76,0,0.24,-0.42
1,8,8.33,-6.11,-3.2,0,0.24,-0.42
1,8,8.33,-6.11,-3.2,0,0.34,-0.52
1,8,8.33,-6.11,-3.2,0,0.4,-0.57
1,8,7.93,-5.95,-3.22,0,0.49,-0.57
1,8,7.93,-5.95,-3.22,0,0.49,-0.57
1,8,7.93,-5.95,-3.22,0,0.55,-0.52
1,8,7.81,-5.77,-2.83,0,0.59,-0.4
1,8,7.81,-5.77,-2.83,0,0.59,-0.4
1,8,7.81,-5.77,-2.83,0,0.57,-0.26
1,8,7.73,-5.31,-2.51,0,0.56,-0.14
1,8,7.73,-5.31,-2.51,0,0.56,-0.14
1,8,7.73,-5.31,-2.51,0,0.55,-0.06
1,8,7.65,-5.05,-2.53,0,0.57,-0.05
1,8,7.65,-5.05,-2.53,0,0.57,-0.05
1,8,7.47,-4.84,-2.35,0,0.6,-0.07
1,8,7.47,-4.84,-2.35,0,0.64,-0.12
1,8,7.47,-4.84,-2.35,0,0.64,-0.12
1,8,6.96,-4.75,-1.93,0,0.66,-0.19
1,8,6.96,-4.75,-1.93,0,0.67,-0.24
1,8,6.96,-4.75,-1.93,0,0.67,-0.24
1,8,6.31,-4.85,-1.59,0,0.65,-0.27
1,8,6.31,-4.85,-1.59,0,0.63,-0.24
1,8,6.31,-4.85,-1.59,0,0.63,-0.24
1,8,5.78,-4.94,-1.54,0,0.59,-0.2
1,8,5.78,-4.94,-1.54,0,0.58,-0.15
1,8,5.78,-4.94,-1.54,0,0.58,-0.15
1,8,5.56,-5.15,-1.39,0,0.57,-0.12
1,8,5.56,-5.15,-1.39,0,0.58,-0.09
1,8,5.56,-5.15,-1.39,0,0.58,-0.09
1,8,5.69,-5.21,-1.18,0,0.6,-0.07
1,8,5.69,-5.21,-1.18,0,0.59,-0.05
1,8,5.99,-5.44,-0.9,0,0.59,-0.05
1,8,5.99,-5.44,-0.9,0,0.59,-0.02
1,8,5.99,-5.44,-0.9,0,0.59,0.01
1,8,6.31,-5.61,-0.57,0,0.59,0.01
1,8,6.31,-5.61,-0.57,0,0.58,0.04
1,8,6.31,-5.61,-0.57,0,0.55,0.05
1,8,6.49,-6.03,-0.31,0,0.55,0.05
1,8,6.49,-6.03,-0.31,0,0.52,0.05
1,8,6.49,-6.03,-0.31,0,0.48,0.05
1,8,6.64,-6.37,-0.2,0,0.42,0.05
1,8,6.64,-6.37,-0.2,0,0.42,0.05
1,8,6.64,-6.37,-0.2,0,0.36,0.06
1,8,7.22,-7.23,-0.24,0,0.33,0.09
1,8,7.22,-7.23,-0.24,0,0.33,0.09
1,8,8.53,-7.15,-0.11,0,0.28,0.14
1,8,8.53,-7.15,-0.11,0,0.2,0.2
1,8,8.53,-7.15,-0.11,0,0.2,0.2
1,8,9.55,-7.27,-0.2,0,0.12,0.27
1,8,9.55,-7.27,-0.2,0,0.06,0.3
1,8,9.55,-7.27,-0.2,0,0.06,0.3
1,8,9.93,-7.01,-0.34,0,0.03,0.3
1,8,9.93,-7.01,-0.34,0,0.04,0.25
1,8,9.93,-7.01,-0.34,0,0.04,0.25
1,8,9.05,-7.53,-0.43,0,0.08,0.19
1,8,9.05,-7.53,-0.43,0,0.13,0.16
1,8,9.05,-7.53,-0.43,0,0.13,0.16
1,8,7.69,-7.92,0.02,0,0.13,0.16
1,8,7.69,-7.92,0.02,0,0.13,0.19
1,8,7.69,-7.92,0.02,0,0.13,0.19
1,8,7.91,-7.86,0.58,0,0.09,0.25
1,8,7.91,-7.86,0.58,0,-0.01,0.31
1,8,7.91,-7.86,0.58,0,-0.01,0.31
1,8,9.41,-7.24,0.99,0,-0.12,0.37
1,8,9.41,-7.24,0.99,0,-0.12,0.37
1,8,9.41,-7.24,0.99,0,-0.25,0.42
1,8,10.26,-6.58,0.69,0,-0.32,0.37
1,8,10.26,-6.58,0.69,0,-0.32,0.37
1,8,10.26,-6.58,0.69,0,-0.36,0.23
1,8,9.54,-6.39,0.06,0,-0.36,0.11
1,8,9.54,-6.39,0.06,0,-0.36,0.11
1,8,9.54,-6.39,0.06,0,-0.32,-0.06
1,8,7.67,-6.84,-0.45,0,-0.27,-0.17
1,8,7.67,-6.84,-0.45,0,-0.27,-0.17
1,8,6.89,-6.91,-0.69,0,-0.19,-0.19
1,8,6.89,-6.91,-0.69,0,-0.14,-0.11
1,8,6.89,-6.91,-0.69,0,-0.14,-0.11
1,8,6.35,-7.14,-0.43,0,-0.09,0.07
1,8,6.35,-7.14,-0.43,0,-0.06,0.21
1,8,6.35,-7.14,-0.43,0,-0.06,0.21
1,9,6.64,-7.21,0.05,0,-0.08,0.32
1,9,6.64,-7.21,0.05,0,-0.12,0.38
1,9,6.64,-7.21,0.05,0,-0.12,0.38
1,9,7.89,-6.64,0.25,0,-0.18,0.4
1,9,7.89,-6.64,0.25,0,-0.22,0.36
1,9,7.89,-6.64,0.25,0,-0.22,0.36
1,9,8.56,-6.19,-0.07,0,-0.24,0.24
1,9,8.56,-6.19,-0.07,0,-0.23,0.14
1,9,8.56,-6.19,-0.07,0,-0.23,0.14
1,9,8.46,-5.88,-0.29,0,-0.22,0
1,9,8.46,-5.88,-0.29,0,-0.21,-0.08
1,9,7.61,-5.92,-0.53,0,-0.19,-0.14
1,9,7.61,-5.92,-0.53,0,-0.19,-0.14
1,9,7.61,-5.92,-0.53,0,-0.18,-0.15
1,9,6.84,-5.91,-0.63,0,-0.17,-0.14
1,9,6.84,-5.91,-0.63,0,-0.17,-0.14
1,9,6.84,-5.91,-0.63,0,-0.17,-0.15
1,9,6.07,-5.89,-0.94,0,-0.15,-0.19
1,9,6.07,-5.89,-0.94,0,-0.15,-0.19
1,9,6.07,-5.89,-0.94,0,-0.12,-0.26
1,9,5.92,-5.83,-1.22,0,-0.06,-0.31
1,9,5.92,-5.83,-1.22,0,-0.06,-0.31
1,9,5.92,-5.83,-1.22,0,0.01,-0.36
1,9,5.4,-5.92,-1.33,0,0.08,-0.37
1,9,5.4,-5.92,-1.33,0,0.08,-0.37
1,9,5.06,-5.95,-1.43,0,0.15,-0.34
1,9,5.06,-5.95,-1.43,0,0.22,-0.28
1,9,5.06,-5.95,-1.43,0,0.22,-0.28
1,9,4.25,-6.16,-1.18,0,0.3,-0.25
1,9,4.25,-6.16,-1.18,0,0.37,-0.24
1,9,4.25,-6.16,-1.18,0,0.37,-0.24
1,9,4.27,-6.1,-0.57,0,0.42,-0.25
1,9,4.27,-6.1,-0.57,0,0.45,-0.27
1,9,4.27,-6.1,-0.57,0,0.45,-0.27
1,9,4.79,-6.16,0.03,0,0.45,-0.27
1,9,4.79,-6.16,0.03,0,0.43,-0.29
1,9,4.79,-6.16,0.03,0,0.43,-0.29
1,9,5.53,-6.11,0.37,0,0.4,-0.32
1,9,5.53,-6.11,0.37,0,0.38,-0.36
1,9,5.53,-6.11,0.37,0,0.38,-0.36
1,9,6.16,-6.53,0.34,0,0.34,-0.4
1,9,6.16,-6.53,0.34,0,0.31,-0.41
1,9,6.16,-6.53,0.34,0,0.31,-0.41
1,9,6.21,-6.94,0.22,0,0.28,-0.45
1,9,6.21,-6.94,0.22,0,0.27,-0.48
1,9,6.26,-7.52,0,0,0.27,-0.48
1,9,6.26,-7.52,0,0,0.27,-0.53
1,9,6.26,-7.52,0,0,0.25,-0.54
1,9,6.75,-7.78,-0.17,0,0.25,-0.54
1,9,6.75,-7.78,-0.17,0,0.23,-0.51
1,9,6.75,-7.78,-0.17,0,0.2,-0.46
1,9,7.64,-8.2,-0.57,0,0.16,-0.36
1,9,7.64,-8.2,-0.57,0,0.16,-0.36
1,9,7.64,-8.2,-0.57,0,0.13,-0.29
1,9,9.19,-7.61,-0.92,0,0.13,-0.27
1,9,9.19,-7.61,-0.92,0,0.13,-0.27
1,9,9.19,-7.61,-0.92,0,0.16,-0.32
1,9,9.22,-7.69,-1.17,0,0.22,-0.45
1,9,9.22,-7.69,-1.17,0,0.22,-0.45
1,9,7.37,-8.13,-0.89,0,0.29,-0.62
1,9,7.37,-8.13,-0.89,0,0.33,-0.78
1,9,7.37,-8.13,-0.89,0,0.33,-0.78
1,9,6.68,-8.77,-0.5,0,0.32,-0.84
1,9,6.68,-8.77,-0.5,0,0.26,-0.78
1,9,6.68,-8.77,-0.5,0,0.26,-0.78
1,9,7.92,-8.46,-0.47,0,0.18,-0.65
1,9,7.92,-8.46,-0.47,0,0.18,-0.65
1,9,7.92,-8.46,-0.47,0,0.08,-0.5
1,9,9.62,-7.53,-0.99,0,0.04,-0.45
1,9,9.62,-7.53,-0.99,0,0.04,-0.45
1,9,9.62,-7.53,-0.99,0,0.03,-0.48
1,9,9.76,-7.12,-1.57,0,0.08,-0.59
1,9,9.76,-7.12,-1.57,0,0.08,-0.59
1,9,9.76,-7.12,-1.57,0,0.16,-0.74
1,9,8.94,-7.28,-1.7,0,0.22,-0.85
1,9,8.94,-7.28,-1.7,0,0.22,-0.85
1,9,8.94,-7.28,-1.7,0,0.27,-0.91
1,9,7.85,-7.39,-1.36,0,0.26,-0.91
1,9,7.85,-7.39,-1.36,0,0.26,-0.91
1,9,7.85,-7.39,-1.36,0,0.23,-0.89
1,9,6.69,-7.4,-1.44,0,0.18,-0.84
1,9,6.69,-7.4,-1.44,0,0.18,-0.84
1,9,6.69,-7.4,-1.44,0,0.15,-0.78
1,9,6.35,-7.06,-2.03,0,0.13,-0.74
1,9,6.35,-7.06,-2.03,0,0.13,-0.74
1,9,6.8,-6.75,-2.55,0,0.14,-0.68
1,9,6.8,-6.75,-2.55,0,0.16,-0.63
1,9,6.8,-6.75,-2.55,0,0.2,-0.56
1,9,7.58,-6.42,-3,0,0.2,-0.56
1,9,7.58,-6.42,-3,0,0.28,-0.47
1,9,7.58,-6.42,-3,0,0.36,-0.37
1,9,8.9,-6.16,-2.91,0,0.36,-0.37
1,9,8.9,-6.16,-2.91,0,0.42,-0.26
1,9,8.9,-6.16,-2.91,0,0.44,-0.19
1,9,9.18,-5.5,-2.4,0,0.44,-0.19
1,9,9.18,-5.5,-2.4,0,0.46,-0.15
1,9,8.32,-5.32,-2.03,0,0.46,-0.14
1,9,8.32,-5.32,-2.03,0,0.46,-0.14
1,9,8.32,-5.32,-2.03,0,0.46,-0.18
1,9,6.77,-5.42,-1.78,0,0.45,-0.22
1,9,6.77,-5.42,-1.78,0,0.45,-0.27
1,9,6.77,-5.42,-1.78,0,0.45,-0.27
1,9,5.83,-5.45,-1.55,0,0.43,-0.31
1,9,5.83,-5.45,-1.55,0,0.4,-0.31
1,9,5.83,-5.45,-1.55,0,0.4,-0.31
1,9,5.64,-5.2,-1.24,0,0.34,-0.28
1,9,5.64,-5.2,-1.24,0,0.27,-0.21
1,9,5.72,-5.2,-1.45,0,0.27,-0.21
1,9,5.72,-5.2,-1.45,0,0.21,-0.15
1,9,5.72,-5.2,-1.45,0,0.2,-0.1
1,9,5.84,-5.19,-1.7,0,0.22,-0.06
1,9,5.84,-5.19,-1.7,0,0.22,-0.06
1,9,5.84,-5.19,-1.7,0,0.25,-0.05
1,9,6.28,-5.19,-1.64,0,0.27,-0.02
1,9,6.28,-5.19,-1.64,0,0.27,-0.02
1,9,6.28,-5.19,-1.64,0,0.3,0.01
1,9,6.14,-5.33,-1.25,0,0.31,0.05
1,9,6.14,-5.33,-1.25,0,0.31,0.05
1,9,5.83,-5.44,-0.83,0,0.31,0.08
1,9,5.83,-5.44,-0.83,0,0.29,0.1
1,9,5.83,-5.44,-0.83,0,0.29,0.1
1,9,5.72,-5.7,-0.56,0,0.28,0.11
1,9,5.72,-5.7,-0.56,0,0.26,0.14
1,9,5.72,-5.7,-0.56,0,0.26,0.14
1,9,5.99,-6.02,-0.66,0,0.23,0.17
1,9,5.99,-6.02,-0.66,0,0.23,0.2
1,9,5.99,-6.02,-0.66,0,0.23,0.2
1,9,6.59,-6.24,-0.76,0,0.25,0.24
1,9,6.59,-6.24,-0.76,0,0.27,0.27
1,9,6.59,-6.24,-0.76,0,0.27,0.27
1,9,6.81,-6.68,-0.66,0,0.27,0.31
1,9,6.81,-6.68,-0.66,0,0.27,0.33
1,9,6.81,-6.68,-0.66,0,0.27,0.33
1,9,7.53,-6.9,-0.51,0,0.27,0.35
1,9,7.53,-6.9,-0.51,0,0.27,0.36
1,9,8.12,-6.9,-0.04,0,0.27,0.36
1,9,8.12,-6.9,-0.04,0,0.23,0.39
1,9,8.12,-6.9,-0.04,0,0.16,0.41
1,9,8.85,-6.8,0.47,0,0.16,0.41
1,9,8.85,-6.8,0.47,0,0.02,0.45
1,9,8.85,-6.8,0.47,0,-0.06,0.47
1,9,9.09,-7.02,0.35,0,-0.06,0.47
1,9,9.09,-7.02,0.35,0,-0.15,0.44
1,9,9.09,-7.02,0.35,0,-0.17,0.38
1,9,8.27,-7.47,0.39,0,-0.18,0.28
1,9,8.27,-7.47,0.39,0,-0.18,0.28
1,9,8.27,-7.47,0.39,0,-0.21,0.21
1,9,8.5,-7.92,1.01,0,-0.26,0.22
1,9,8.5,-7.92,1.01,0,-0.26,0.22
1,9,8.5,-7.92,1.01,0,-0.35,0.38
1,9,12.38,-6.81,2.52,0,-0.57,0.5
1,9,12.38,-6.81,2.52,0,-0.57,0.5
1,10,12.34,-6.65,1.5,0,-0.83,0.46
1,10,12.34,-6.65,1.5,0,-0.96,0.36
1,10,12.34,-6.65,1.5,0,-0.96,0.36
1,10,11.49,-6.24,-0.6,0,-0.98,0.3
1,10,11.49,-6.24,-0.6,0,-0.89,0.24
1,10,11.49,-6.24,-0.6,0,-0.89,0.24
1,10,9.35,-6.62,-1.21,0,-0.76,0.18
1,10,9.35,-6.62,-1.21,0,-0.66,0.13
1,10,9.35,-6.62,-1.21,0,-0.66,0.13
1,10,8.75,-6.82,-0.9,0,-0.59,0.15
1,10,8.75,-6.82,-0.9,0,-0.57,0.26
1,10,8.75,-6.82,-0.9,0,-0.57,0.26
1,10,8.93,-6.77,-0.64,0,-0.58,0.39
1,10,8.93,-6.77,-0.64,0,-0.59,0.45
1,10,9.17,-6.68,-0.76,0,-0.59,0.45
1,10,9.17,-6.68,-0.76,0,-0.57,0.48
1,10,9.17,-6.68,-0.76,0,-0.53,0.49
1,10,9.35,-6.36,-0.77,0,-0.53,0.49
1,10,9.35,-6.36,-0.77,0,-0.49,0.49
1,10,9.35,-6.36,-0.77,0,-0.46,0.47
1,10,9.15,-5.96,-0.57,0,-0.46,0.47
1,10,9.15,-5.96,-0.57,0,-0.43,0.46
1,10,9.15,-5.96,-0.57,0,-0.42,0.47
1,10,9.06,-5.38,-0.42,0,-0.42,0.47
1,10,9.06,-5.38,-0.42,0,-0.44,0.49
1,10,9.06,-5.38,-0.42,0,-0.44,0.47
1,10,7.93,-5.24,-0.4,0,-0.44,0.47
1,10,7.93,-5.24,-0.4,0,-0.43,0.41
1,10,7.93,-5.24,-0.4,0,-0.42,0.34
1,10,6.46,-5.25,-0.44,0,-0.39,0.25
1,10,6.46,-5.25,-0.44,0,-0.39,0.25
1,10,6.46,-5.25,-0.44,0,-0.38,0.16
1,10,5.2,-5.33,-0.41,0,-0.38,0.09
1,10,5.2,-5.33,-0.41,0,-0.38,0.09
1,10,4.33,-5.58,-0.5,0,-0.37,0.04
1,10,4.33,-5.58,-0.5,0,-0.38,0.05
1,10,4.33,-5.58,-0.5,0,-0.38,0.05
1,10,3.84,-5.58,-0.65,0,-0.39,0.09
1,10,3.84,-5.58,-0.65,0,-0.4,0.12
1,10,3.84,-5.58,-0.65,0,-0.4,0.12
1,10,3.65,-5.65,-0.81,0,-0.39,0.15
1,10,3.65,-5.65,-0.81,0,-0.4,0.15
1,10,3.65,-5.65,-0.81,0,-0.4,0.15
1,10,4.04,-5.52,-0.88,0,-0.38,0.11
1,10,4.04,-5.52,-0.88,0,-0.37,0.05
1,10,4.28,-5.58,-1.04,0,-0.37,0.05
1,10,4.28,-5.58,-1.04,0,-0.32,-0.05
1,10,4.28,-5.58,-1.04,0,-0.28,-0.13
1,10,4.51,-5.73,-1.1,0,-0.28,-0.13
1,10,4.51,-5.73,-1.1,0,-0.23,-0.21
1,10,4.51,-5.73,-1.1,0,-0.19,-0.25
1,10,4.47,-6,-0.95,0,-0.15,-0.29
1,10,4.47,-6,-0.95,0,-0.15,-0.29
1,10,4.47,-6,-0.95,0,-0.1,-0.33
1,10,4.77,-6.25,-0.8,0,-0.07,-0.36
1,10,4.77,-6.25,-0.8,0,-0.07,-0.36
1,10,4.77,-6.25,-0.8,0,-0.05,-0.38
1,10,5.42,-6.68,-0.67,0,-0.02,-0.4
1,10,5.42,-6.68,-0.67,0,-0.02,-0.4
1,10,6.02,-7.01,-0.86,0,0.02,-0.42
1,10,6.02,-7.01,-0.86,0,0.06,-0.46
1,10,6.02,-7.01,-0.86,0,0.06,-0.46
1,10,6.16,-7.75,-1.08,0,0.12,-0.52
1,10,6.16,-7.75,-1.08,0,0.17,-0.58
1,10,6.16,-7.75,-1.08,0,0.17,-0.58
1,10,6.43,-8.22,-1.17,0,0.25,-0.63
1,10,6.43,-8.22,-1.17,0,0.27,-0.62
1,10,6.43,-8.22,-1.17,0,0.27,-0.62
1,10,7.58,-8.39,-0.88,0,0.27,-0.58
1,10,7.58,-8.39,-0.88,0,0.25,-0.53
1,10,7.58,-8.39,-0.88,0,0.2,-0.46
1,10,9.45,-8.13,-0.93,0,0.2,-0.46
1,10,9.45,-8.13,-0.93,0,0.15,-0.44
1,10,9.98,-8.27,-1.36,0,0.13,-0.47
1,10,9.98,-8.27,-1.36,0,0.13,-0.47
1,10,9.98,-8.27,-1.36,0,0.16,-0.56
1,10,9.69,-8.43,-1.56,0,0.21,-0.67
1,10,9.69,-8.43,-1.56,0,0.21,-0.67
1,10,9.69,-8.43,-1.56,0,0.26,-0.75
1,10,10.25,-8.09,-1.36,0,0.25,-0.75
1,10,10.25,-8.09,-1.36,0,0.25,-0.75
1,10,10.25,-8.09,-1.36,0,0.19,-0.66
1,10,11.34,-7.34,-1.47,0,0.12,-0.6
1,10,11.34,-7.34,-1.47,0,0.08,-0.62
1,10,10.67,-7.1,-2.2,0,0.08,-0.62
1,10,10.67,-7.1,-2.2,0,0.11,-0.69
1,10,10.67,-7.1,-2.2,0,0.21,-0.82
1,10,8.67,-7.48,-2.34,0,0.21,-0.82
1,10,8.67,-7.48,-2.34,0,0.31,-0.93
1,10,8.67,-7.48,-2.34,0,0.31,-0.93
1,10,7.19,-7.79,-1.91,0,0.36,-0.99
1,10,7.19,-7.79,-1.91,0,0.35,-0.94
1,10,7.19,-7.79,-1.91,0,0.35,-0.94
1,10,6.76,-7.43,-1.39,0,0.28,-0.8
1,10,6.76,-7.43,-1.39,0,0.18,-0.68
1,10,6.76,-7.43,-1.39,0,0.18,-0.68
1,10,6.39,-7.24,-1.82,0,0.08,-0.59
1,10,6.39,-7.24,-1.82,0,0.01,-0.58
1,10,6.39,-7.24,-1.82,0,0.01,-0.58
1,10,7.17,-6.79,-2.64,0,-0.03,-0.58
1,10,7.17,-6.79,-2.64,0,-0.04,-0.6
1,10,7.17,-6.79,-2.64,0,-0.04,-0.6
1,10,8.37,-6.51,-3.36,0,-0.03,-0.6
1,10,8.37,-6.51,-3.36,0,-0.03,-0.6
1,10,8.37,-6.51,-3.36,0,0.01,-0.56
1,10,9.09,-6.22,-3.73,0,0.06,-0.51
1,10,9.09,-6.22,-3.73,0,0.06,-0.51
1,10,9.09,-6.22,-3.73,0,0.12,-0.44
1,10,8.96,-6,-3.82,0,0.18,-0.37
1,10,8.96,-6,-3.82,0,0.18,-0.37
1,10,8.96,-6,-3.82,0,0.24,-0.29
1,10,8.72,-5.59,-3.62,0,0.3,-0.21
1,10,8.72,-5.59,-3.62,0,0.3,-0.21
1,10,8.72,-5.59,-3.62,0,0.35,-0.1
1,10,8.08,-5.29,-3.43,0,0.41,-0.03
1,10,8.08,-5.29,-3.43,0,0.41,-0.03
1,10,8.08,-5.29,-3.43,0,0.48,0.04
1,10,6.83,-4.85,-2.67,0,0.52,0.05
1,10,6.83,-4.85,-2.67,0,0.52,0.05
1,10,5.61,-4.66,-1.89,0,0.55,0.05
1,10,5.61,-4.66,-1.89,0,0.55,0.03
1,10,5.61,-4.66,-1.89,0,0.55,0.03
1,10,4.76,-4.5,-1.19,0,0.53,0
1,10,4.76,-4.5,-1.19,0,0.49,-0.02
1,10,4.76,-4.5,-1.19,0,0.49,-0.02
1,10,4.53,-4.52,-0.8,0,0.43,0.01
1,10,4.53,-4.52,-0.8,0,0.39,0.03
1,10,4.53,-4.52,-0.8,0,0.39,0.03
1,10,3.93,-4.7,-0.36,0,0.32,0.06
1,10,3.93,-4.7,-0.36,0,0.27,0.08
1,10,3.93,-4.7,-0.36,0,0.27,0.08
1,10,4.16,-4.94,-0.21,0,0.19,0.1
1,10,4.16,-4.94,-0.21,0,0.14,0.11
1,10,4.16,-4.94,-0.21,0,0.14,0.11
1,10,4.53,-5.14,-0.02,0,0.04,0.09
1,10,4.53,-5.14,-0.02,0,-0.04,0.05
1,10,4.53,-5.14,-0.02,0,-0.04,0.05
1,10,5.15,-5.47,-0.2,0,-0.12,-0.01
1,10,5.15,-5.47,-0.2,0,-0.17,-0.04
1,10,6.11,-5.78,-0.69,0,-0.17,-0.04
1,10,6.11,-5.78,-0.69,0,-0.2,-0.03
1,10,6.11,-5.78,-0.69,0,-0.22,0.01
1,10,6.32,-6.23,-1.06,0,-0.22,0.01
1,10,6.32,-6.23,-1.06,0,-0.22,0.07
1,10,6.32,-6.23,-1.06,0,-0.2,0.09
1,10,6.21,-6.62,-1.21,0,-0.17,0.11
1,10,6.21,-6.62,-1.21,0,-0.17,0.11
1,10,6.21,-6.62,-1.21,0,-0.14,0.14
1,10,6.55,-6.88,-1.01,0,-0.11,0.21
1,10,6.55,-6.88,-1.01,0,-0.11,0.21
1,10,6.55,-6.88,-1.01,0,-0.13,0.32
1,10,7.58,-6.75,-0.45,0,-0.18,0.45
1,10,7.58,-6.75,-0.45,0,-0.18,0.45
1,11,7.58,-6.75,-0.45,0,-0.28,0.57
1,11,8.57,-6.71,-0.12,0,-0.4,0.63
1,11,8.57,-6.71,-0.12,0,-0.4,0.63
1,11,8.57,-6.71,-0.12,0,-0.54,0.61
1,11,9.25,-6.76,-0.24,0,-0.64,0.51
1,11,9.25,-6.76,-0.24,0,-0.64,0.51
1,11,9.25,-7.1,-0.64,0,-0.72,0.34
1,11,9.25,-7.1,-0.64,0,-0.76,0.18
1,11,9.25,-7.1,-0.64,0,-0.76,0.18
1,11,11.71,-8.22,-0.17,0,-0.76,0.12
1,11,11.71,-8.22,-0.17,0,-0.79,0.24
1,11,11.71,-8.22,-0.17,0,-0.79,0.24
1,11,10.2,-7.4,0.28,0,-1,0.25
1,11,10.2,-7.4,0.28,0,-1.16,0.19
1,11,10.2,-7.4,0.28,0,-1.16,0.19
1,11,11.38,-6.4,-1.28,0,-1.29,0.17
1,11,11.38,-6.4,-1.28,0,-1.38,0.25
1,11,11.38,-6.4,-1.28,0,-1.38,0.25
1,11,12.76,-6.25,-2.86,0,-1.36,0.33
1,11,12.76,-6.25,-2.86,0,-1.28,0.32
1,11,12.76,-6.25,-2.86,0,-1.28,0.32
1,11,11.01,-6.39,-3.7,0,-1.12,0.21
1,11,11.01,-6.39,-3.7,0,-0.93,0.05
1,11,9.34,-6.87,-3.68,0,-0.93,0.05
1,11,9.34,-6.87,-3.68,0,-0.75,-0.07
1,11,9.34,-6.87,-3.68,0,-0.63,-0.06
1,11,8.32,-7.18,-3.11,0,-0.63,-0.06
1,11,8.32,-7.18,-3.11,0,-0.6,0.06
1,11,8.32,-7.18,-3.11,0,-0.59,0.29
1,11,8.79,-6.71,-2.72,0,-0.59,0.29
1,11,8.79,-6.71,-2.72,0,-0.63,0.56
1,11,8.79,-6.71,-2.72,0,-0.69,0.78
1,11,9.62,-6.12,-2.54,0,-0.69,0.78
1,11,9.62,-6.12,-2.54,0,-0.74,0.9
1,11,9.62,-6.12,-2.54,0,-0.75,0.88
1,11,10.07,-5.21,-2.53,0,-0.75,0.88
1,11,10.07,-5.21,-2.53,0,-0.75,0.76
1,11,10.07,-5.21,-2.53,0,-0.74,0.57
1,11,9.63,-4.87,-2.53,0,-0.74,0.57
1,11,9.63,-4.87,-2.53,0,-0.72,0.39
1,11,9.63,-4.87,-2.53,0,-0.7,0.24
1,11,8.61,-4.78,-2.58,0,-0.7,0.24
1,11,8.61,-4.78,-2.58,0,-0.68,0.17
1,11,8.61,-4.78,-2.58,0,-0.64,0.16
1,11,7.21,-5.08,-2.81,0,-0.64,0.16
1,11,4.61,-5.34,-2.61,0,-0.38,0.28
1,11,4.47,-5.38,-2.21,0,-0.38,0.28
1,11,4.47,-5.38,-2.21,0,-0.34,0.29
1,11,4.47,-5.38,-2.21,0,-0.31,0.31
1,11,4.58,-5.24,-1.79,0,-0.31,0.31
1,11,4.58,-5.24,-1.79,0,-0.32,0.33
1,11,4.58,-5.24,-1.79,0,-0.32,0.34
1,11,4.49,-5.3,-1.59,0,-0.32,0.34
1,11,4.49,-5.3,-1.59,0,-0.33,0.3
1,11,4.49,-5.3,-1.59,0,-0.32,0.25
1,11,4.29,-5.4,-1.5,0,-0.32,0.25
1,11,4.29,-5.4,-1.5,0,-0.32,0.17
1,11,4.29,-5.4,-1.5,0,-0.32,0.17
1,11,3.8,-5.58,-1.43,0,-0.32,0.05
1,11,3.8,-5.58,-1.43,0,-0.32,-0.04
1,11,3.8,-5.58,-1.43,0,-0.32,-0.04
1,11,3.47,-5.93,-1.6,0,-0.31,-0.14
1,11,3.47,-5.93,-1.6,0,-0.31,-0.19
1,11,3.47,-5.93,-1.6,0,-0.31,-0.19
1,11,4.21,-6.34,-1.99,0,-0.28,-0.22
1,11,4.21,-6.34,-1.99,0,-0.24,-0.18
1,11,4.21,-6.34,-1.99,0,-0.24,-0.18
1,11,5.49,-6.45,-2.22,0,-0.21,-0.11
1,11,5.49,-6.45,-2.22,0,-0.16,-0.05
1,11,5.49,-6.45,-2.22,0,-0.16,-0.05
1,11,6.54,-6.5,-2.47,0,-0.09,-0.03
1,11,6.54,-6.5,-2.47,0,-0.09,-0.03
1,11,6.54,-6.5,-2.47,0,0.01,-0.05
1,11,6.92,-6.58,-2.5,0,0.09,-0.11
1,11,6.92,-6.58,-2.5,0,0.09,-0.11
1,11,6.92,-6.58,-2.5,0,0.19,-0.23
1,11,6.38,-6.87,-2.26,0,0.26,-0.34
1,11,6.38,-6.87,-2.26,0,0.26,-0.34
1,11,6.38,-6.87,-2.26,0,0.32,-0.41
1,11,5.95,-7.39,-2.02,0,0.34,-0.4
1,11,5.95,-7.39,-2.02,0,0.34,-0.4
1,11,5.95,-7.39,-2.02,0,0.33,-0.33
1,11,6.25,-7.58,-1.85,0,0.29,-0.2
1,11,6.25,-7.58,-1.85,0,0.29,-0.2
1,11,6.25,-7.58,-1.85,0,0.24,-0.07
1,11,7.73,-7.33,-1.81,0,0.24,-0.07
1,11,7.73,-7.33,-1.81,0,0.16,0.08
1,11,7.73,-7.33,-1.81,0,0.11,0.14
1,11,8.63,-7.57,-2.13,0,0.11,0.14
1,11,8.63,-7.57,-2.13,0,0.09,0.11
1,11,8.63,-7.57,-2.13,0,0.1,-0.02
1,11,8.5,-7.67,-2.11,0,0.1,-0.02
1,11,8.5,-7.67,-2.11,0,0.1,-0.19
1,11,8.5,-7.67,-2.11,0,0.07,-0.35
1,11,8.54,-7.96,-1.83,0,0.07,-0.35
1,11,8.54,-7.96,-1.83,0,0,-0.44
1,11,8.54,-7.96,-1.83,0,-0.11,-0.43
1,11,9.97,-7.36,-2.07,0,-0.11,-0.43
1,11,9.97,-7.36,-2.07,0,-0.24,-0.36
1,11,9.97,-7.36,-2.07,0,-0.24,-0.36
1,11,10.88,-6.9,-3.06,0,-0.32,-0.3
1,11,10.88,-6.9,-3.06,0,-0.31,-0.32
1,11,10.88,-6.9,-3.06,0,-0.31,-0.32
1,11,9.92,-7.09,-3.69,0,-0.23,-0.41
1,11,9.92,-7.09,-3.69,0,-0.16,-0.5
1,11,9.92,-7.09,-3.69,0,-0.16,-0.5
1,11,8.83,-7.07,-3.7,0,-0.08,-0.59
1,11,8.83,-7.07,-3.7,0,-0.06,-0.6
1,11,8.83,-7.07,-3.7,0,-0.06,-0.6
1,11,8.27,-6.82,-3.63,0,-0.07,-0.55
1,11,8.27,-6.82,-3.63,0,-0.08,-0.47
1,11,8.27,-6.82,-3.63,0,-0.08,-0.47
1,11,7.79,-6.66,-3.94,0,-0.1,-0.38
1,11,7.79,-6.66,-3.94,0,-0.1,-0.32
1,11,7.79,-6.66,-3.94,0,-0.1,-0.32
1,11,7.47,-6.41,-4.1,0,-0.09,-0.3
1,11,7.47,-6.41,-4.1,0,-0.09,-0.3
1,11,7.47,-6.41,-4.1,0,-0.07,-0.29
1,11,7.91,-6.25,-4.32,0,-0.03,-0.28
1,11,7.91,-6.25,-4.32,0,-0.03,-0.28
1,11,7.91,-6.25,-4.32,0,0,-0.23
1,11,8.65,-5.93,-4.52,0,0.03,-0.15
1,11,8.65,-5.93,-4.52,0,0.03,-0.15
1,11,8.65,-5.93,-4.52,0,0.05,-0.03
1,11,9.62,-5.43,-4.58,0,0.05,-0.03
1,11,9.62,-5.43,-4.58,0,0.09,0.12
1,11,9.62,-5.43,-4.58,0,0.11,0.24
1,11,10.03,-4.73,-4.28,0,0.11,0.24
1,11,10.03,-4.73,-4.28,0,0.14,0.32
1,11,10.03,-4.73,-4.28,0,0.19,0.34
1,11,9.05,-4.51,-3.72,0,0.19,0.34
1,11,9.05,-4.51,-3.72,0,0.21,0.33
1,11,9.05,-4.51,-3.72,0,0.21,0.33
1,11,7.95,-4.39,-3.13,0,0.22,0.33
1,11,7.95,-4.39,-3.13,0,0.21,0.33
1,11,7.95,-4.39,-3.13,0,0.21,0.33
1,11,6.8,-4.43,-2.56,0,0.2,0.33
1,11,6.8,-4.43,-2.56,0,0.18,0.32
1,11,6.8,-4.43,-2.56,0,0.18,0.32
1,11,6.06,-4.41,-2.01,0,0.14,0.3
1,11,6.06,-4.41,-2.01,0,0.1,0.27
1,11,6.06,-4.41,-2.01,0,0.1,0.27
1,11,5.79,-4.5,-1.67,0,0.08,0.25
1,11,5.79,-4.5,-1.67,0,0.06,0.23
1,11,5.79,-4.5,-1.67,0,0.06,0.23
1,11,5.44,-4.32,-1.37,0,0.01,0.2
1,11,5.44,-4.32,-1.37,0,-0.02,0.2
1,11,4.94,-4.91,-1.27,0,-0.02,0.2
1,11,4.94,-4.91,-1.27,0,-0.04,0.2
1,11,4.94,-4.91,-1.27,0,-0.08,0.24
1,11,5.19,-4.82,-0.93,0,-0.08,0.24
1,11,5.19,-4.82,-0.93,0,-0.15,0.29
1,12,5.19,-4.82,-0.93,0,-0.21,0.34
1,12,5.5,-5.04,-0.77,0,-0.21,0.34
1,12,5.5,-5.04,-0.77,0,-0.26,0.34
1,12,5.5,-5.04,-0.77,0,-0.26,0.34
1,12,5.71,-5.2,-0.73,0,-0.31,0.3
1,12,5.71,-5.2,-0.73,0,-0.35,0.27
1,12,5.71,-5.2,-0.73,0,-0.35,0.27
1,12,5.63,-5.57,-1.13,0,-0.4,0.26
1,12,5.63,-5.57,-1.13,0,-0.42,0.28
1,12,5.63,-5.57,-1.13,0,-0.42,0.28
1,12,5.91,-6.03,-1.5,0,-0.45,0.38
1,12,5.91,-6.03,-1.5,0,-0.46,0.48
1,12,5.91,-6.03,-1.5,0,-0.46,0.48
1,12,6.1,-6.41,-1.9,0,-0.47,0.64
1,12,6.1,-6.41,-1.9,0,-0.47,0.75
1,12,6.1,-6.41,-1.9,0,-0.47,0.75
1,12,6.97,-6.49,-2,0,-0.48,0.85
1,12,6.97,-6.49,-2,0,-0.49,0.89
1,12,6.97,-6.49,-2,0,-0.49,0.89
1,12,8.11,-6.5,-2.09,0,-0.52,0.92
1,12,8.11,-6.5,-2.09,0,-0.54,0.9
1,12,8.11,-6.5,-2.09,0,-0.54,0.9
1,12,8.48,-6.82,-1.86,0,-0.56,0.83
1,12,8.48,-6.82,-1.86,0,-0.59,0.73
1,12,8.48,-6.82,-1.86,0,-0.59,0.73
1,12,8.97,-6.94,-1.65,0,-0.64,0.61
1,12,8.97,-6.94,-1.65,0,-0.71,0.5
1,12,8.97,-6.94,-1.65,0,-0.71,0.5
1,12,8.71,-7.46,-1.7,0,-0.76,0.4
1,12,8.71,-7.46,-1.7,0,-0.82,0.34
1,12,7.81,-8.41,-1.87,0,-0.82,0.34
1,12,7.81,-8.41,-1.87,0,-0.87,0.32
1,12,7.81,-8.41,-1.87,0,-0.87,0.32
1,12,8.5,-8.6,-1.93,0,-0.95,0.39
1,12,8.5,-8.6,-1.93,0,-1.03,0.49
1,12,8.5,-8.6,-1.93,0,-1.03,0.49
1,12,11.5,-7.47,-2.6,0,-1.16,0.67
1,12,11.5,-7.47,-2.6,0,-1.25,0.81
1,12,11.5,-7.47,-2.6,0,-1.25,0.81
1,12,13.01,-6.54,-3.71,0,-1.24,0.89
1,12,13.01,-6.54,-3.71,0,-1.15,0.84
1,12,13.01,-6.54,-3.71,0,-1.15,0.84
1,12,11.75,-6.9,-4.23,0,-0.98,0.68
1,12,11.75,-6.9,-4.23,0,-0.79,0.49
1,12,11.75,-6.9,-4.23,0,-0.79,0.49
1,12,10.46,-7.1,-3.86,0,-0.64,0.38
1,12,10.46,-7.1,-3.86,0,-0.55,0.38
1,12,10.46,-7.1,-3.86,0,-0.55,0.38
1,12,9.7,-7.13,-3.28,0,-0.51,0.51
1,12,9.7,-7.13,-3.28,0,-0.51,0.69
1,12,9.7,-7.13,-3.28,0,-0.51,0.69
1,12,9.26,-6.48,-2.78,0,-0.53,0.88
1,12,9.26,-6.48,-2.78,0,-0.53,0.88
1,12,9.26,-6.48,-2.78,0,-0.55,1
1,12,8.99,-6,-2.44,0,-0.56,1.04
1,12,8.99,-6,-2.44,0,-0.56,1.04
1,12,8.99,-6,-2.44,0,-0.56,1.01
1,12,9.19,-4.95,-2.06,0,-0.59,0.97
1,12,9.19,-4.95,-2.06,0,-0.59,0.97
1,12,9.19,-4.95,-2.06,0,-0.6,0.89
1,12,8.14,-4.78,-1.61,0,-0.6,0.89
1,12,8.14,-4.78,-1.61,0,-0.65,0.75
1,12,8.14,-4.78,-1.61,0,-0.69,0.65
1,12,6.83,-4.68,-1.59,0,-0.69,0.65
1,12,6.83,-4.68,-1.59,0,-0.73,0.53
1,12,6.83,-4.68,-1.59,0,-0.73,0.45
1,12,6.07,-4.78,-1.85,0,-0.73,0.45
1,12,6.07,-4.78,-1.85,0,-0.72,0.42
1,12,6.07,-4.78,-1.85,0,-0.72,0.42
1,12,5.14,-4.98,-1.81,0,-0.67,0.43
1,12,5.14,-4.98,-1.81,0,-0.62,0.45
1,12,5.14,-4.98,-1.81,0,-0.62,0.45
1,12,4.65,-5.27,-1.64,0,-0.55,0.52
1,12,4.65,-5.27,-1.64,0,-0.53,0.6
1,12,4.65,-5.27,-1.64,0,-0.53,0.6
1,12,3.84,-5.57,-0.97,0,-0.52,0.67
1,12,3.84,-5.57,-0.97,0,-0.55,0.71
1,12,3.84,-5.57,-0.97,0,-0.55,0.71
1,12,3.13,-5.73,-0.4,0,-0.62,0.72
1,12,3.13,-5.73,-0.4,0,-0.74,0.68
1,12,3.13,-5.73,-0.4,0,-0.74,0.68
1,12,3.08,-5.68,-0.55,0,-0.87,0.61
1,12,3.08,-5.68,-0.55,0,-0.96,0.49
1,12,3.08,-5.68,-0.55,0,-0.96,0.49
1,12,3.89,-5.77,-1.46,0,-1.02,0.38
1,12,3.89,-5.77,-1.46,0,-1.04,0.27
1,12,3.89,-5.77,-1.46,0,-1.04,0.27
1,12,4.71,-5.82,-2.43,0,-1.02,0.18
1,12,4.71,-5.82,-2.43,0,-1.02,0.18
1,12,4.71,-5.82,-2.43,0,-0.95,0.11
1,12,4.43,-6.28,-3.13,0,-0.89,0.07
1,12,4.43,-6.28,-3.13,0,-0.89,0.07
1,12,4.43,-6.28,-3.13,0,-0.78,0.02
1,12,4.44,-6.98,-3.73,0,-0.67,-0.01
1,12,4.44,-6.98,-3.73,0,-0.67,-0.01
1,12,4.44,-6.98,-3.73,0,-0.53,-0.01
1,12,5.02,-7.51,-3.96,0,-0.37,0.03
1,12,5.02,-7.51,-3.96,0,-0.37,0.03
1,12,5.02,-7.51,-3.96,0,-0.25,0.07
1,12,5.16,-7.75,-3.81,0,-0.15,0.11
1,12,5.16,-7.75,-3.81,0,-0.15,0.11
1,12,5.16,-7.75,-3.81,0,-0.03,0.12
1,12,4.94,-8.08,-3.73,0,-0.03,0.12
1,12,4.94,-8.08,-3.73,0,0.09,0.09
1,12,4.94,-8.08,-3.73,0,0.17,0.06
1,12,5.19,-8.22,-3.4,0,0.17,0.06
1,12,5.19,-8.22,-3.4,0,0.26,0.04
1,12,5.19,-8.22,-3.4,0,0.3,0.02
1,12,5.06,-8.35,-3.1,0,0.3,0.02
1,12,5.06,-8.35,-3.1,0,0.33,-0.02
1,12,4.84,-8.62,-3.05,0,0.32,-0.08
1,12,4.84,-8.62,-3.05,0,0.32,-0.08
1,12,4.84,-8.62,-3.05,0,0.3,-0.13
1,12,5.81,-8.91,-3.62,0,0.29,-0.15
1,12,5.81,-8.91,-3.62,0,0.29,-0.15
1,12,5.81,-8.91,-3.62,0,0.29,-0.17
1,12,6.94,-8.83,-4.28,0,0.32,-0.18
1,12,6.94,-8.83,-4.28,0,0.32,-0.18
1,12,6.94,-8.83,-4.28,0,0.35,-0.19
1,12,7.08,-9.04,-4.51,0,0.38,-0.22
1,12,7.08,-9.04,-4.51,0,0.38,-0.22
1,12,7.08,-9.04,-4.51,0,0.39,-0.29
1,12,7.91,-8.83,-4.46,0,0.39,-0.29
1,12,7.91,-8.83,-4.46,0,0.39,-0.36
1,12,7.91,-8.83,-4.46,0,0.37,-0.38
1,12,9.39,-8.4,-4.76,0,0.37,-0.38
1,12,9.39,-8.4,-4.76,0,0.36,-0.4
1,12,9.39,-8.4,-4.76,0,0.37,-0.41
1,12,10.29,-7.72,-5.47,0,0.37,-0.41
1,12,10.29,-7.72,-5.47,0,0.44,-0.45
1,12,10.29,-7.72,-5.47,0,0.59,-0.56
1,12,8.88,-8,-5.51,0,0.59,-0.56
1,12,8.88,-8,-5.51,0,0.76,-0.71
1,12,8.88,-8,-5.51,0,0.91,-0.86
1,12,6.9,-8.15,-4.41,0,0.91,-0.86
1,12,6.9,-8.15,-4.41,0,0.94,-0.92
1,12,6.9,-8.15,-4.41,0,0.87,-0.89
1,12,6.32,-7.98,-3.83,0,0.87,-0.89
1,12,6.32,-7.98,-3.83,0,0.77,-0.81
1,12,6.32,-7.98,-3.83,0,0.77,-0.81
1,12,6.58,-7.57,-4.33,0,0.72,-0.7
1,12,6.58,-7.57,-4.33,0,0.72,-0.68
1,12,6.58,-7.57,-4.33,0,0.72,-0.68
1,12,6.89,-7.24,-4.75,0,0.79,-0.68
1,12,6.89,-7.24,-4.75,0,0.84,-0.69
1,12,6.89,-7.24,-4.75,0,0.84,-0.69
1,12,6.87,-6.98,-4.64,0,0.94,-0.72
1,12,6.87,-6.98,-4.64,0,1.03,-0.74
1,12,6.87,-6.98,-4.64,0,1.03,-0.74
1,12,6.85,-6.58,-4.03,0,1.09,-0.73
1,12,6.85,-6.58,-4.03,0,1.09,-0.66
1,12,6.85,-6.58,-4.03,0,1.09,-0.66
1,12,7.14,-6.27,-3.25,0,1.04,-0.52
1,12,7.14,-6.27,-3.25,0,1.04,-0.52
1,12,7.14,-6.27,-3.25,0,0.93,-0.34
1,12,8.01,-5.21,-2.75,0,0.84,-0.24
1,12,8.01,-5.21,-2.75,0,0.84,-0.24
1,12,8.01,-5.21,-2.75,0,0.76,-0.17
1,12,8.64,-4.37,-3.04,0,0.73,-0.18
1,12,8.64,-4.37,-3.04,0,0.73,-0.18
1,13,8.64,-4.37,-3.04,0,0.75,-0.24
1,13,8.55,-3.85,-2.83,0,0.75,-0.24
1,13,8.55,-3.85,-2.83,0,0.78,-0.3
1,13,8.55,-3.85,-2.83,0,0.79,-0.38
1,13,7.27,-3.93,-2.67,0,0.79,-0.38
1,13,7.27,-3.93,-2.67,0,0.87,-0.5
1,13,7.27,-3.93,-2.67,0,0.93,-0.59
1,13,5.89,-3.98,-2.09,0,0.93,-0.59
1,13,5.89,-3.98,-2.09,0,0.98,-0.63
1,13,5.89,-3.98,-2.09,0,1,-0.62
1,13,4.81,-4.32,-1.2,0,1,-0.62
1,13,4.81,-4.32,-1.2,0,0.96,-0.56
1,13,4.81,-4.32,-1.2,0,0.89,-0.48
1,13,4.28,-4.57,-0.34,0,0.89,-0.48
1,13,4.28,-4.57,-0.34,0,0.79,-0.39
1,13,4.28,-4.57,-0.34,0,0.69,-0.32
1,13,4.69,-4.85,-0.03,0,0.69,-0.32
1,13,4.69,-4.85,-0.03,0,0.57,-0.23
1,13,4.96,-5.26,-0.07,0,0.48,-0.18
1,13,4.96,-5.26,-0.07,0,0.48,-0.18
1,13,4.96,-5.26,-0.07,0,0.41,-0.13
1,13,5.45,-5.68,-0.13,0,0.33,-0.1
1,13,5.45,-5.68,-0.13,0,0.33,-0.1
1,13,5.45,-5.68,-0.13,0,0.26,-0.07
1,13,5.85,-5.93,-0.1,0,0.19,-0.07
1,13,5.85,-5.93,-0.1,0,0.19,-0.07
1,13,5.85,-5.93,-0.1,0,0.11,-0.08
1,13,6.01,-6.33,-0.26,0,0.04,-0.09
1,13,6.01,-6.33,-0.26,0,0.04,-0.09
1,13,6.01,-6.33,-0.26,0,-0.05,-0.04
1,13,6.66,-6.69,-0.71,0,-0.15,0.03
1,13,6.66,-6.69,-0.71,0,-0.15,0.03
1,13,6.66,-6.69,-0.71,0,-0.23,0.09
1,13,7.16,-7.14,-1.56,0,-0.23,0.09
1,13,7.16,-7.14,-1.56,0,-0.27,0.15
1,13,7.16,-7.14,-1.56,0,-0.29,0.15
1,13,7.47,-7.58,-2.03,0,-0.29,0.15
1,13,7.47,-7.58,-2.03,0,-0.29,0.15
1,13,7.47,-7.58,-2.03,0,-0.28,0.15
1,13,7.59,-8.04,-2.2,0,-0.28,0.15
1,13,7.59,-8.04,-2.2,0,-0.28,0.17
1,13,7.59,-8.04,-2.2,0,-0.31,0.2
1,13,8.18,-8.29,-2.07,0,-0.31,0.2
1,13,8.18,-8.29,-2.07,0,-0.36,0.29
1,13,8.18,-8.29,-2.07,0,-0.42,0.38
1,13,9.01,-8.24,-2.04,0,-0.42,0.38
1,13,9.01,-8.24,-2.04,0,-0.52,0.45
1,13,9.01,-8.24,-2.04,0,-0.56,0.43
1,13,9.25,-8.16,-2.56,0,-0.56,0.43
1,13,9.25,-8.16,-2.56,0,-0.53,0.34
1,13,8.58,-8.49,-2.68,0,-0.43,0.24
1,13,8.58,-8.49,-2.68,0,-0.43,0.24
1,13,8.58,-8.49,-2.68,0,-0.34,0.14
1,13,6.96,-9.41,-1.94,0,-0.31,0.09
1,13,6.96,-9.41,-1.94,0,-0.31,0.09
1,13,6.96,-9.41,-1.94,0,-0.35,0.1
1,13,7.26,-9.21,-1.2,0,-0.46,0.19
1,13,7.26,-9.21,-1.2,0,-0.46,0.19
1,13,7.26,-9.21,-1.2,0,-0.62,0.3
1,13,9.34,-8.09,-1.82,0,-0.62,0.3
1,13,9.34,-8.09,-1.82,0,-0.79,0.39
1,13,9.34,-8.09,-1.82,0,-0.84,0.35
1,13,10.38,-6.81,-3.18,0,-0.84,0.35
1,13,10.38,-6.81,-3.18,0,-0.83,0.21
1,13,10.38,-6.81,-3.18,0,-0.74,0.04
1,13,9.56,-6.82,-4.43,0,-0.74,0.04
1,13,9.56,-6.82,-4.43,0,-0.55,-0.16
1,13,9.56,-6.82,-4.43,0,-0.35,-0.28
1,13,7.94,-7.13,-4.62,0,-0.35,-0.28
1,13,7.94,-7.13,-4.62,0,-0.14,-0.33
1,13,7.94,-7.13,-4.62,0,-0.14,-0.33
1,13,6.45,-7.41,-3.73,0,0,-0.25
1,13,6.45,-7.41,-3.73,0,0.04,-0.12
1,13,6.45,-7.41,-3.73,0,0.04,-0.12
1,13,6.83,-6.96,-2.93,0,0.01,0.08
1,13,6.83,-6.96,-2.93,0,-0.08,0.29
1,13,6.83,-6.96,-2.93,0,-0.08,0.29
1,13,7.85,-6.28,-2.88,0,-0.18,0.44
1,13,7.85,-6.28,-2.88,0,-0.18,0.44
1,13,7.85,-6.28,-2.88,0,-0.26,0.5
1,13,7.85,-6.28,-2.88,0,-0.29,0.44
1,13,8.49,-5.32,-3.35,0,-0.29,0.44
1,13,8.49,-5.32,-3.35,0,-0.29,0.29
1,13,8.49,-5.32,-3.35,0,-0.23,0.12
1,13,8.91,-5.06,-3.95,0,-0.23,0.12
1,13,8.91,-5.06,-3.95,0,-0.14,-0.02
1,13,8.91,-5.06,-3.95,0,-0.14,-0.02
1,13,7.83,-4.83,-3.9,0,-0.02,-0.13
1,13,7.83,-4.83,-3.9,0,0.1,-0.21
1,13,7.83,-4.83,-3.9,0,0.1,-0.21
1,13,5.88,-5.2,-3.37,0,0.2,-0.25
1,13,5.88,-5.2,-3.37,0,0.27,-0.26
1,13,5.88,-5.2,-3.37,0,0.27,-0.26
1,13,4.16,-5.62,-2.74,0,0.34,-0.25
1,13,4.16,-5.62,-2.74,0,0.34,-0.25
1,13,4.16,-5.62,-2.74,0,0.35,-0.21
1,13,3.14,-5.84,-2.06,0,0.34,-0.17
1,13,3.14,-5.84,-2.06,0,0.34,-0.17
1,13,3.14,-5.84,-2.06,0,0.3,-0.13
1,13,2.59,-5.98,-1.59,0,0.25,-0.1
1,13,2.59,-5.98,-1.59,0,0.25,-0.1
1,13,2.59,-5.98,-1.59,0,0.21,-0.1
1,13,2.51,-6.15,-1.33,0,0.16,-0.13
1,13,2.51,-6.15,-1.33,0,0.16,-0.13
1,13,2.51,-6.15,-1.33,0,0.1,-0.16
1,13,3.33,-6.14,-1.41,0,0.05,-0.18
1,13,3.33,-6.14,-1.41,0,0.05,-0.18
1,13,3.33,-6.14,-1.41,0,0.01,-0.2
1,13,4.54,-5.99,-1.67,0,-0.01,-0.23
1,13,4.54,-5.99,-1.67,0,-0.01,-0.23
1,13,5.31,-5.91,-2.09,0,-0.02,-0.26
1,13,5.31,-5.91,-2.09,0,-0.02,-0.26
1,13,5.31,-5.91,-2.09,0,0.01,-0.32
1,13,5.84,-6.13,-2.47,0,0.07,-0.38
1,13,5.84,-6.13,-2.47,0,0.07,-0.38
1,13,5.84,-6.13,-2.47,0,0.15,-0.44
1,13,5.99,-6.46,-2.51,0,0.21,-0.48
1,13,5.99,-6.46,-2.51,0,0.21,-0.48
1,13,5.99,-6.46,-2.51,0,0.28,-0.52
1,13,6.77,-6.95,-2.59,0,0.34,-0.49
1,13,6.77,-6.95,-2.59,0,0.34,-0.49
1,13,6.77,-6.95,-2.59,0,0.4,-0.44
1,13,7.22,-7.24,-2.61,0,0.45,-0.38
1,13,7.22,-7.24,-2.61,0,0.45,-0.38
1,13,7.22,-7.24,-2.61,0,0.49,-0.35
1,13,7.16,-7.74,-2.33,0,0.49,-0.35
1,13,7.16,-7.74,-2.33,0,0.53,-0.36
1,13,7.16,-7.74,-2.33,0,0.53,-0.37
1,13,7.82,-7.86,-2.05,0,0.53,-0.37
1,13,7.82,-7.86,-2.05,0,0.49,-0.37
1,13,7.82,-7.86,-2.05,0,0.42,-0.35
1,13,8.79,-8.14,-2.29,0,0.42,-0.35
1,13,8.79,-8.14,-2.29,0,0.37,-0.33
1,13,8.79,-8.14,-2.29,0,0.33,-0.34
1,13,8.23,-8.05,-2.39,0,0.33,-0.34
1,13,8.23,-8.05,-2.39,0,0.26,-0.37
1,13,8.23,-8.05,-2.39,0,0.15,-0.39
1,13,9.07,-8.15,-2.74,0,0.15,-0.39
1,13,9.07,-8.15,-2.74,0,0.03,-0.35
1,13,9.07,-8.15,-2.74,0,0.03,-0.35
1,13,12.02,-6.58,-3.84,0,-0.11,-0.23
1,13,12.02,-6.58,-3.84,0,-0.16,-0.15
1,13,12.02,-6.58,-3.84,0,-0.16,-0.15
1,13,13.2,-5.77,-5.04,0,-0.1,-0.13
1,13,13.2,-5.77,-5.04,0,0.04,-0.19
1,13,13.2,-5.77,-5.04,0,0.04,-0.19
1,13,11.42,-6.22,-5.36,0,0.29,-0.36
1,13,11.42,-6.22,-5.36,0,0.55,-0.53
1,13,11.42,-6.22,-5.36,0,0.55,-0.53
1,13,8.65,-6.63,-4.37,0,0.78,-0.66
1,13,8.65,-6.63,-4.37,0,0.91,-0.67
1,13,8.65,-6.63,-4.37,0,0.91,-0.67
1,13,6.39,-6.69,-3.06,0,0.94,-0.59
1,13,6.39,-6.69,-3.06,0,0.88,-0.46
1,13,6.39,-6.69,-3.06,0,0.88,-0.46
1,13,4.87,-6.34,-2.24,0,0.75,-0.35
1,13,4.87,-6.34,-2.24,0,0.75,-0.35
1,13,4.87,-6.34,-2.24,0,0.6,-0.27
1,13,4.46,-6.2,-2.22,0,0.52,-0.23
1,14,4.46,-6.2,-2.22,0,0.52,-0.23
1,14,4.46,-6.2,-2.22,0,0.43,-0.2
1,14,5.72,-5.7,-2.77,0,0.39,-0.14
1,14,5.72,-5.7,-2.77,0,0.39,-0.14
1,14,5.72,-5.7,-2.77,0,0.37,-0.06
1,14,7.49,-5.21,-2.9,0,0.37,-0.06
1,14,7.49,-5.21,-2.9,0,0.37,0.05
1,14,7.49,-5.21,-2.9,0,0.35,0.13
1,14,8.73,-4.95,-2.67,0,0.35,0.13
1,14,8.73,-4.95,-2.67,0,0.33,0.25
1,14,8.73,-4.95,-2.67,0,0.29,0.31
1,14,9.2,-4.77,-2.22,0,0.29,0.31
1,14,9.2,-4.77,-2.22,0,0.24,0.34
1,14,9.2,-4.77,-2.22,0,0.2,0.33
1,14,9.36,-4.53,-1.99,0,0.2,0.33
1,14,9.36,-4.53,-1.99,0,0.17,0.29
1,14,9.36,-4.53,-1.99,0,0.17,0.29
1,14,8.58,-4.62,-1.64,0,0.14,0.23
1,14,8.58,-4.62,-1.64,0,0.11,0.16
1,14,8.58,-4.62,-1.64,0,0.11,0.16
1,14,7.58,-4.75,-1.47,0,0.08,0.1
1,14,7.58,-4.75,-1.47,0,0.05,0.08
1,14,7.58,-4.75,-1.47,0,0.05,0.08
1,14,6.74,-4.85,-1.37,0,0.02,0.11
1,14,6.74,-4.85,-1.37,0,0,0.15
1,14,6.74,-4.85,-1.37,0,0,0.15
1,14,6.09,-4.79,-1.22,0,-0.03,0.21
1,14,6.09,-4.79,-1.22,0,-0.03,0.21
1,14,6.09,-4.79,-1.22,0,-0.07,0.31
1,14,5.84,-4.73,-1.15,0,-0.08,0.35
1,14,5.84,-4.73,-1.15,0,-0.08,0.35
1,14,5.84,-4.73,-1.15,0,-0.1,0.4
1,14,5.98,-4.54,-0.99,0,-0.11,0.42
1,14,5.98,-4.54,-0.99,0,-0.11,0.42
1,14,5.98,-4.54,-0.99,0,-0.1,0.42
1,14,6,-4.51,-0.7,0,-0.1,0.4
1,14,6,-4.51,-0.7,0,-0.1,0.4
1,14,6,-4.51,-0.7,0,-0.1,0.38
1,14,5.13,-5.2,-0.21,0,-0.14,0.37
1,14,5.13,-5.2,-0.21,0,-0.14,0.37
1,14,5.13,-5.2,-0.21,0,-0.24,0.42
1,14,6.07,-5.45,0.15,0,-0.43,0.54
1,14,6.07,-5.45,0.15,0,-0.43,0.54
1,14,6.07,-5.45,0.15,0,-0.64,0.71
1,14,8.52,-5.25,-0.52,0,-0.82,0.84
1,14,8.52,-5.25,-0.52,0,-0.82,0.84
1,14,8.52,-5.25,-0.52,0,-0.92,0.88
1,14,9.9,-5.07,-1.49,0,-0.92,0.88
1,14,9.9,-5.07,-1.49,0,-0.98,0.78
1,14,9.9,-5.07,-1.49,0,-0.97,0.65
1,14,9.15,-5.64,-2.09,0,-0.97,0.65
1,14,9.15,-5.64,-2.09,0,-0.94,0.44
1,14,10.83,-5.44,-2.24,0,-0.96,0.37
1,14,10.83,-5.44,-2.24,0,-0.96,0.37
1,14,10.83,-5.44,-2.24,0,-1.02,0.39
1,14,12.83,-4.45,-2.7,0,-1.06,0.44
1,14,12.83,-4.45,-2.7,0,-1.06,0.44
1,14,12.83,-4.45,-2.7,0,-1.06,0.47
1,14,11.33,-4.91,-3.39,0,-0.98,0.42
1,14,11.33,-4.91,-3.39,0,-0.98,0.42
1,14,11.33,-4.91,-3.39,0,-0.84,0.32
1,14,9.11,-6.42,-3.12,0,-0.7,0.24
1,14,9.11,-6.42,-3.12,0,-0.7,0.24
1,14,9.11,-6.42,-3.12,0,-0.64,0.26
1,14,8.69,-7.08,-2.06,0,-0.64,0.26
1,14,8.69,-7.08,-2.06,0,-0.69,0.41
1,14,8.69,-7.08,-2.06,0,-0.74,0.52
1,14,8.75,-6.88,-1.54,0,-0.74,0.52
1,14,8.75,-6.88,-1.54,0,-0.87,0.64
1,14,8.75,-6.88,-1.54,0,-0.92,0.67
1,14,9.23,-6.45,-1.64,0,-0.92,0.67
1,14,9.23,-6.45,-1.64,0,-0.94,0.59
1,14,9.23,-6.45,-1.64,0,-0.92,0.51
1,14,9.83,-6.12,-1.9,0,-0.92,0.51
1,14,9.83,-6.12,-1.9,0,-0.88,0.42
1,14,9.83,-6.12,-1.9,0,-0.85,0.39
1,14,9.47,-6.01,-1.93,0,-0.85,0.39
1,14,9.47,-6.01,-1.93,0,-0.8,0.4
1,14,9.47,-6.01,-1.93,0,-0.78,0.44
1,14,8.23,-6,-1.94,0,-0.78,0.44
1,14,8.23,-6,-1.94,0,-0.73,0.49
1,14,8.23,-6,-1.94,0,-0.67,0.53
1,14,7.43,-5.91,-1.69,0,-0.67,0.53
1,14,7.43,-5.91,-1.69,0,-0.62,0.6
1,14,7.43,-5.91,-1.69,0,-0.6,0.7
1,14,6.86,-5.63,-1.31,0,-0.6,0.7
1,14,6.86,-5.63,-1.31,0,-0.61,0.77
1,14,6.86,-5.63,-1.31,0,-0.61,0.8
1,14,6.11,-5.53,-0.96,0,-0.61,0.8
1,14,6.11,-5.53,-0.96,0,-0.62,0.81
1,14,6.11,-5.53,-0.96,0,-0.62,0.81
1,14,5.97,-5.26,-0.8,0,-0.64,0.79
1,14,5.97,-5.26,-0.8,0,-0.65,0.76
1,14,5.97,-5.26,-0.8,0,-0.65,0.76
1,14,6.06,-5.36,-0.77,0,-0.66,0.74
1,14,6.06,-5.36,-0.77,0,-0.67,0.73
1,14,6.16,-5.45,-0.86,0,-0.69,0.74
1,14,6.16,-5.45,-0.86,0,-0.69,0.74
1,14,6.16,-5.45,-0.86,0,-0.69,0.75
1,14,6.56,-5.62,-1.15,0,-0.69,0.75
1,14,6.56,-5.62,-1.15,0,-0.71,0.78
1,14,6.56,-5.62,-1.15,0,-0.71,0.79
1,14,7.29,-5.53,-1.7,0,-0.71,0.79
1,14,7.29,-5.53,-1.7,0,-0.71,0.79
1,14,7.29,-5.53,-1.7,0,-0.67,0.75
1,14,7.98,-5.53,-2.23,0,-0.67,0.75
1,14,7.98,-5.53,-2.23,0,-0.62,0.69
1,14,7.98,-5.53,-2.23,0,-0.56,0.61
1,14,8.18,-5.77,-2.56,0,-0.56,0.61
1,14,8.18,-5.77,-2.56,0,-0.47,0.53
1,14,8.18,-5.77,-2.56,0,-0.47,0.53
1,14,8.11,-5.82,-2.53,0,-0.4,0.44
1,14,8.11,-5.82,-2.53,0,-0.37,0.38
1,14,8.11,-5.82,-2.53,0,-0.37,0.38
1,14,7.79,-6.12,-2.55,0,-0.37,0.37
1,14,7.79,-6.12,-2.55,0,-0.37,0.35
1,14,7.79,-6.12,-2.55,0,-0.37,0.35
1,14,6.48,-6.65,-2.71,0,-0.37,0.32
1,14,6.48,-6.65,-2.71,0,-0.36,0.28
1,14,6.48,-6.65,-2.71,0,-0.36,0.28
1,14,6.23,-7.42,-2.47,0,-0.4,0.29
1,14,6.23,-7.42,-2.47,0,-0.5,0.39
1,14,6.23,-7.42,-2.47,0,-0.5,0.39
1,14,9.02,-6.75,-2.6,0,-0.64,0.52
1,14,9.02,-6.75,-2.6,0,-0.73,0.61
1,14,9.02,-6.75,-2.6,0,-0.73,0.61
1,14,11.34,-5.05,-3.39,0,-0.79,0.61
1,14,11.34,-5.05,-3.39,0,-0.79,0.61
1,14,11.34,-5.05,-3.39,0,-0.73,0.47
1,14,10.55,-5.42,-4.22,0,-0.6,0.28
1,14,10.55,-5.42,-4.22,0,-0.6,0.28
1,14,10.55,-5.42,-4.22,0,-0.39,-0.02
1,14,7.42,-6.21,-4.13,0,-0.23,-0.23
1,14,7.42,-6.21,-4.13,0,-0.23,-0.23
1,14,7.42,-6.21,-4.13,0,-0.1,-0.33
1,14,5.33,-7.24,-3.36,0,-0.07,-0.28
1,14,5.33,-7.24,-3.36,0,-0.07,-0.28
1,14,4.9,-7.28,-2.9,0,-0.12,-0.08
1,14,4.9,-7.28,-2.9,0,-0.21,0.12
1,14,4.9,-7.28,-2.9,0,-0.21,0.12
1,14,5.43,-7.32,-2.94,0,-0.35,0.37
1,14,5.43,-7.32,-2.94,0,-0.45,0.52
1,14,5.43,-7.32,-2.94,0,-0.45,0.52
1,14,7.59,-6.58,-3.26,0,-0.51,0.62
1,14,7.59,-6.58,-3.26,0,-0.53,0.64
1,14,7.59,-6.58,-3.26,0,-0.53,0.64
1,14,10,-5.77,-3.39,0,-0.52,0.62
1,14,10,-5.77,-3.39,0,-0.5,0.54
1,14,10,-5.77,-3.39,0,-0.5,0.54
1,14,11.48,-5.35,-3.55,0,-0.45,0.47
1,14,11.48,-5.35,-3.55,0,-0.39,0.41
1,14,11.48,-5.35,-3.55,0,-0.39,0.41
1,14,10.33,-5.31,-2.85,0,-0.34,0.35
1,14,10.33,-5.31,-2.85,0,-0.33,0.26
1,14,10.33,-5.31,-2.85,0,-0.33,0.26
1,14,8.05,-5.73,-2.3,0,-0.33,0.15
1,14,8.05,-5.73,-2.3,0,-0.35,0.07
1,14,8.05,-5.73,-2.3,0,-0.35,0.07
1,14,7.12,-5.72,-2.05,0,-0.37,0.05
1,15,7.12,-5.72,-2.05,0,-0.41,0.07
1,15,7.12,-5.72,-2.05,0,-0.41,0.07
1,15,6.17,-5.93,-2.23,0,-0.43,0.12
1,15,6.17,-5.93,-2.23,0,-0.42,0.17
1,15,5.76,-6.06,-2.37,0,-0.42,0.17
1,15,5.76,-6.06,-2.37,0,-0.4,0.22
1,15,5.76,-6.06,-2.37,0,-0.36,0.28
1,15,6.23,-6.11,-2.23,0,-0.36,0.28
1,15,6.23,-6.11,-2.23,0,-0.32,0.34
1,15,6.23,-6.11,-2.23,0,-0.3,0.4
1,15,6.53,-5.99,-1.77,0,-0.3,0.4
1,15,6.53,-5.99,-1.77,0,-0.29,0.44
1,15,6.53,-5.99,-1.77,0,-0.3,0.44
1,15,6.56,-6.03,-1.19,0,-0.3,0.44
1,15,6.56,-6.03,-1.19,0,-0.33,0.44
1,15,6.56,-6.03,-1.19,0,-0.4,0.42
1,15,6.7,-5.99,-0.85,0,-0.4,0.42
1,15,6.7,-5.99,-0.85,0,-0.48,0.42
1,15,6.7,-5.99,-0.85,0,-0.58,0.41
1,15,6.68,-6.11,-0.96,0,-0.58,0.41
1,15,6.68,-6.11,-0.96,0,-0.69,0.4
1,15,6.68,-6.11,-0.96,0,-0.77,0.35
1,15,6.32,-6.06,-1.5,0,-0.77,0.35
1,15,6.32,-6.06,-1.5,0,-0.84,0.28
1,15,6.32,-6.06,-1.5,0,-0.84,0.28
1,15,6.3,-5.96,-2.2,0,-0.89,0.19
1,15,6.3,-5.96,-2.2,0,-0.91,0.12
1,15,6.3,-5.96,-2.2,0,-0.91,0.12
1,15,5.85,-6.04,-2.97,0,-0.92,0.03
1,15,5.85,-6.04,-2.97,0,-0.91,-0.02
1,15,5.85,-6.04,-2.97,0,-0.91,-0.02
1,15,5.04,-6.32,-3.58,0,-0.87,-0.07
1,15,5.04,-6.32,-3.58,0,-0.82,-0.1
1,15,5.04,-6.32,-3.58,0,-0.82,-0.1
1,15,4.55,-6.64,-3.98,0,-0.75,-0.11
1,15,4.55,-6.64,-3.98,0,-0.67,-0.11
1,15,4.83,-6.89,-3.84,0,-0.67,-0.11
1,15,4.83,-6.89,-3.84,0,-0.61,-0.06
1,15,4.83,-6.89,-3.84,0,-0.57,0.03
1,15,5.6,-7.02,-3.58,0,-0.57,0.03
1,15,5.6,-7.02,-3.58,0,-0.55,0.13
1,15,5.6,-7.02,-3.58,0,-0.54,0.2
1,15,6.26,-6.99,-3.29,0,-0.54,0.2
1,15,6.26,-6.99,-3.29,0,-0.53,0.24
1,15,6.26,-6.99,-3.29,0,-0.5,0.24
1,15,6.7,-7.17,-3.11,0,-0.5,0.24
1,15,6.7,-7.17,-3.11,0,-0.52,0.24
1,15,6.7,-7.17,-3.11,0,-0.55,0.26
1,15,7.51,-7.28,-2.9,0,-0.55,0.26
1,15,7.51,-7.28,-2.9,0,-0.61,0.3
1,15,7.51,-7.28,-2.9,0,-0.66,0.34
1,15,8.59,-7.17,-3.1,0,-0.66,0.34
1,15,8.59,-7.17,-3.1,0,-0.7,0.36
1,15,8.59,-7.17,-3.1,0,-0.7,0.34
1,15,9.26,-6.81,-3.53,0,-0.7,0.34
1,15,9.26,-6.81,-3.53,0,-0.68,0.28
1,15,9.09,-6.78,-3.8,0,-0.61,0.2
1,15,9.09,-6.78,-3.8,0,-0.61,0.2
1,15,9.09,-6.78,-3.8,0,-0.52,0.12
1,15,8.16,-6.9,-3.8,0,-0.43,0.09
1,15,8.16,-6.9,-3.8,0,-0.43,0.09
1,15,8.16,-6.9,-3.8,0,-0.36,0.12
1,15,7.18,-7.23,-3.51,0,-0.3,0.19
1,15,7.18,-7.23,-3.51,0,-0.3,0.19
1,15,7.18,-7.23,-3.51,0,-0.24,0.29
1,15,6.17,-7.39,-3.16,0,-0.21,0.39
1,15,6.17,-7.39,-3.16,0,-0.21,0.39
1,15,6.17,-7.39,-3.16,0,-0.18,0.48
1,15,5.73,-7.58,-2.82,0,-0.18,0.53
1,15,5.73,-7.58,-2.82,0,-0.18,0.53
1,15,5.73,-7.58,-2.82,0,-0.18,0.59
1,15,6.24,-7.45,-2.59,0,-0.2,0.64
1,15,6.24,-7.45,-2.59,0,-0.2,0.64
1,15,6.24,-7.45,-2.59,0,-0.23,0.67
1,15,6.93,-7.15,-2.44,0,-0.26,0.67
1,15,6.93,-7.15,-2.44,0,-0.26,0.67
1,15,6.93,-7.15,-2.44,0,-0.28,0.63
1,15,6.86,-7.12,-2.26,0,-0.32,0.55
1,15,6.86,-7.12,-2.26,0,-0.32,0.55
1,15,6.86,-7.12,-2.26,0,-0.35,0.46
1,15,6.35,-7.27,-2.39,0,-0.38,0.41
1,15,6.35,-7.27,-2.39,0,-0.38,0.41
1,15,6.22,-7.32,-2.55,0,-0.42,0.41
1,15,6.22,-7.32,-2.55,0,-0.42,0.41
1,15,6.22,-7.32,-2.55,0,-0.46,0.44
1,15,6.06,-7.14,-2.75,0,-0.49,0.47
1,15,6.06,-7.14,-2.75,0,-0.49,0.47
1,15,6.06,-7.14,-2.75,0,-0.52,0.51
1,15,6.11,-6.9,-2.87,0,-0.53,0.51
1,15,6.11,-6.9,-2.87,0,-0.53,0.51
1,15,6.11,-6.9,-2.87,0,-0.56,0.49
1,15,5.81,-6.66,-2.95,0,-0.59,0.45
1,15,5.81,-6.66,-2.95,0,-0.59,0.45
1,15,5.81,-6.66,-2.95,0,-0.61,0.38
1,15,5.32,-6.7,-3.25,0,-0.62,0.33
1,15,5.32,-6.7,-3.25,0,-0.62,0.33
1,15,5.32,-6.7,-3.25,0,-0.64,0.29
1,15,5.39,-6.79,-3.52,0,-0.65,0.29
1,15,5.39,-6.79,-3.52,0,-0.65,0.29
1,15,5.39,-6.79,-3.52,0,-0.66,0.34
1,15,6.2,-6.51,-3.88,0,-0.66,0.39
1,15,6.2,-6.51,-3.88,0,-0.66,0.39
1,15,6.2,-6.51,-3.88,0,-0.65,0.47
1,15,6.57,-6.18,-4.12,0,-0.64,0.52
1,15,6.57,-6.18,-4.12,0,-0.64,0.52
1,15,6.57,-6.18,-4.12,0,-0.61,0.51
1,15,5.78,-6.35,-4.05,0,-0.56,0.44
1,15,5.78,-6.35,-4.05,0,-0.56,0.44
1,15,5.78,-6.35,-4.05,0,-0.49,0.35
1,15,5.54,-6.48,-3.86,0,-0.49,0.35
1,15,5.54,-6.48,-3.86,0,-0.46,0.3
1,15,5.54,-6.48,-3.86,0,-0.46,0.3
1,15,5.52,-6.66,-3.73,0,-0.46,0.3
1,15,5.52,-6.66,-3.73,0,-0.47,0.36
1,15,5.52,-6.66,-3.73,0,-0.48,0.45
1,15,5.4,-6.66,-3.8,0,-0.48,0.45
1,15,5.4,-6.66,-3.8,0,-0.49,0.53
1,15,5.4,-6.66,-3.8,0,-0.49,0.54
1,15,4.89,-6.93,-3.62,0,-0.49,0.54
1,15,4.89,-6.93,-3.62,0,-0.48,0.52
1,15,4.89,-6.93,-3.62,0,-0.48,0.52
1,15,4.09,-7.24,-3.45,0,-0.48,0.45
1,15,4.09,-7.24,-3.45,0,-0.49,0.4
1,15,4.09,-7.24,-3.45,0,-0.49,0.4
1,15,3.66,-7.74,-3.03,0,-0.54,0.37
1,15,3.66,-7.74,-3.03,0,-0.61,0.37
1,15,3.66,-7.74,-3.03,0,-0.61,0.37
1,15,4.15,-7.77,-2.91,0,-0.69,0.42
1,15,4.15,-7.77,-2.91,0,-0.79,0.47
1,15,4.15,-7.77,-2.91,0,-0.79,0.47
1,15,4.94,-7.55,-3,0,-0.87,0.51
1,15,4.94,-7.55,-3,0,-0.93,0.49
1,15,4.94,-7.55,-3,0,-0.93,0.49
1,15,5.4,-7.51,-3.47,0,-0.96,0.41
1,15,5.4,-7.51,-3.47,0,-0.96,0.41
1,15,5.4,-7.51,-3.47,0,-0.95,0.32
1,15,5.85,-7.6,-3.82,0,-0.93,0.29
1,15,5.85,-7.6,-3.82,0,-0.93,0.29
1,15,5.36,-7.7,-3.85,0,-0.91,0.24
1,15,5.36,-7.7,-3.85,0,-0.9,0.21
1,15,5.36,-7.7,-3.85,0,-0.9,0.21
1,15,4.83,-8.13,-3.76,0,-0.88,0.17
1,15,4.83,-8.13,-3.76,0,-0.88,0.16
1,15,4.83,-8.13,-3.76,0,-0.88,0.16
1,15,5.26,-7.83,-3.97,0,-0.88,0.18
1,15,5.26,-7.83,-3.97,0,-0.87,0.22
1,15,5.26,-7.83,-3.97,0,-0.87,0.22
1,15,5.07,-7.86,-4.18,0,-0.84,0.24
1,15,5.07,-7.86,-4.18,0,-0.8,0.22
1,15,5.07,-7.86,-4.18,0,-0.8,0.22
1,15,5.12,-7.9,-4.29,0,-0.76,0.2
1,15,5.12,-7.9,-4.29,0,-0.71,0.17
1,15,5.12,-7.9,-4.29,0,-0.71,0.17
1,15,5.08,-7.69,-4.44,0,-0.68,0.14
1,15,5.08,-7.69,-4.44,0,-0.63,0.11
1,15,5.08,-7.69,-4.44,0,-0.63,0.11
1,15,5,-7.85,-4.62,0,-0.57,0.08
1,16,5,-7.85,-4.62,0,-0.5,0.08
1,16,5,-7.85,-4.62,0,-0.5,0.08
1,16,4.7,-7.89,-4.61,0,-0.43,0.1
1,16,4.7,-7.89,-4.61,0,-0.37,0.15
1,16,4.7,-7.89,-4.61,0,-0.37,0.15
1,16,4.27,-8.25,-4.78,0,-0.31,0.24
1,16,4.27,-8.25,-4.78,0,-0.25,0.34
1,16,4.07,-8.33,-4.56,0,-0.25,0.34
1,16,4.07,-8.33,-4.56,0,-0.2,0.46
1,16,4.07,-8.33,-4.56,0,-0.17,0.61
1,16,4.47,-8.16,-4.15,0,-0.17,0.61
1,16,4.47,-8.16,-4.15,0,-0.18,0.78
1,16,4.47,-8.16,-4.15,0,-0.21,0.98
1,16,5.55,-7.88,-3.93,0,-0.21,0.98
1,16,5.55,-7.88,-3.93,0,-0.26,1.14
1,16,5.55,-7.88,-3.93,0,-0.3,1.25
1,16,5.64,-7.65,-3.7,0,-0.3,1.25
1,16,5.64,-7.65,-3.7,0,-0.33,1.27
1,16,5.64,-7.65,-3.7,0,-0.36,1.21
1,16,5.74,-7.32,-3.4,0,-0.36,1.21
1,16,5.74,-7.32,-3.4,0,-0.41,1.12
1,16,5.74,-7.32,-3.4,0,-0.41,1.12
1,16,5.66,-7.25,-3.2,0,-0.47,0.97
1,16,5.66,-7.25,-3.2,0,-0.5,0.85
1,16,5.66,-7.25,-3.2,0,-0.5,0.85
1,16,5.68,-7.56,-3.21,0,-0.55,0.69
1,16,5.68,-7.56,-3.21,0,-0.58,0.63
1,16,5.68,-7.56,-3.21,0,-0.58,0.63
1,16,5.4,-7.58,-3.38,0,-0.67,0.61
1,16,5.4,-7.58,-3.38,0,-0.74,0.64
1,16,5.4,-7.58,-3.38,0,-0.74,0.64
1,16,4.92,-7.68,-3.5,0,-0.85,0.69
1,16,4.92,-7.68,-3.5,0,-0.93,0.73
1,16,4.77,-7.65,-3.84,0,-0.93,0.73
1,16,4.77,-7.65,-3.84,0,-1.01,0.79
1,16,4.77,-7.65,-3.84,0,-1.04,0.81
1,16,4.57,-7.54,-4.17,0,-1.04,0.81
1,16,4.57,-7.54,-4.17,0,-1.08,0.82
1,16,4.57,-7.54,-4.17,0,-1.08,0.78
1,16,3.67,-7.8,-3.94,0,-1.08,0.78
1,16,3.67,-7.8,-3.94,0,-1.11,0.69
1,16,3.67,-7.8,-3.94,0,-1.15,0.59
1,16,3.26,-7.98,-4.19,0,-1.15,0.59
1,16,3.26,-7.98,-4.19,0,-1.19,0.56
1,16,3.26,-7.98,-4.19,0,-1.19,0.56
1,16,3.3,-8.02,-3.93,0,-1.24,0.58
1,16,3.3,-8.02,-3.93,0,-1.31,0.6
1,16,3.3,-8.02,-3.93,0,-1.31,0.6
1,16,3.3,-8.02,-3.93,0,-1.38,0.68
1,16,4.52,-8.02,-4.77,0,-1.42,0.79
1,16,4.52,-8.02,-4.77,0,-1.42,0.79
1,16,4.52,-8.02,-4.77,0,-1.44,0.9
1,16,5.19,-7.82,-5.64,0,-1.44,0.9
1,16,5.19,-7.82,-5.64,0,-1.42,0.97
1,16,5.19,-7.82,-5.64,0,-1.37,0.98
1,16,5.54,-7.43,-6.08,0,-1.37,0.98
1,16,5.54,-7.43,-6.08,0,-1.29,0.95
1,16,5.54,-7.43,-6.08,0,-1.29,0.95
1,16,6.35,-7.18,-6.44,0,-1.19,0.96
1,16,6.35,-7.18,-6.44,0,-1.12,0.98
1,16,6.35,-7.18,-6.44,0,-1.12,0.98
1,16,7.07,-6.61,-6.16,0,-1.04,1
1,16,7.07,-6.61,-6.16,0,-0.98,1
1,16,7.07,-6.61,-6.16,0,-0.98,1
1,16,7.85,-6.07,-6.47,0,-0.92,0.98
1,16,7.85,-6.07,-6.47,0,-0.87,1.02
1,16,7.85,-6.07,-6.47,0,-0.87,1.02
1,16,7.88,-5.66,-6.47,0,-0.82,1.06
1,16,7.88,-5.66,-6.47,0,-0.76,1.07
1,16,7.88,-5.66,-6.47,0,-0.76,1.07
1,16,7.26,-5.56,-6.13,0,-0.7,1.09
1,16,7.26,-5.56,-6.13,0,-0.67,1.13
1,16,7.26,-5.56,-6.13,0,-0.67,1.13
1,16,6.9,-5.48,-5.57,0,-0.66,1.19
1,16,6.9,-5.48,-5.57,0,-0.66,1.19
1,16,6.9,-5.48,-5.57,0,-0.71,1.27
1,16,6.92,-5.37,-4.91,0,-0.77,1.3
1,16,6.92,-5.37,-4.91,0,-0.77,1.3
1,16,6.92,-5.37,-4.91,0,-0.84,1.3
1,16,6.47,-5.56,-4.73,0,-0.86,1.25
1,16,6.47,-5.56,-4.73,0,-0.86,1.25
1,16,6.47,-5.56,-4.73,0,-0.86,1.2
1,16,5.87,-6.31,-4.35,0,-0.88,1.16
1,16,5.87,-6.31,-4.35,0,-0.88,1.16
1,16,5.87,-6.31,-4.35,0,-0.94,1.18
1,16,6.88,-6.37,-3.67,0,-0.94,1.18
1,16,6.88,-6.37,-3.67,0,-1.09,1.24
1,16,6.88,-6.37,-3.67,0,-1.26,1.26
1,16,8.15,-5.56,-3.01,0,-1.26,1.26
1,16,8.15,-5.56,-3.01,0,-1.51,1.18
1,16,8.25,-5.19,-3.83,0,-1.67,0.99
1,16,8.25,-5.19,-3.83,0,-1.67,0.99
1,16,8.25,-5.19,-3.83,0,-1.74,0.67
1,16,7.88,-5.38,-5.2,0,-1.7,0.32
1,16,7.88,-5.38,-5.2,0,-1.7,0.32
1,16,7.88,-5.38,-5.2,0,-1.58,0.01
1,16,6.77,-6.03,-6.05,0,-1.44,-0.22
1,16,6.77,-6.03,-6.05,0,-1.44,-0.22
1,16,6.77,-6.03,-6.05,0,-1.28,-0.39
1,16,5.33,-6.87,-6.21,0,-1.12,-0.46
1,16,5.33,-6.87,-6.21,0,-1.12,-0.46
1,16,5.33,-6.87,-6.21,0,-0.97,-0.41
1,16,4.84,-7.56,-6.4,0,-0.97,-0.41
1,16,4.84,-7.56,-6.4,0,-0.82,-0.22
1,16,4.84,-7.56,-6.4,0,-0.7,-0.04
1,16,4.95,-7.89,-6.37,0,-0.7,-0.04
1,16,4.95,-7.89,-6.37,0,-0.54,0.2
1,16,4.95,-7.89,-6.37,0,-0.42,0.4
1,16,5.38,-7.81,-6.32,0,-0.42,0.4
1,16,5.38,-7.81,-6.32,0,-0.27,0.58
1,16,5.38,-7.81,-6.32,0,-0.15,0.71
1,16,5.99,-7.39,-5.94,0,-0.15,0.71
1,16,5.99,-7.39,-5.94,0,-0.05,0.79
1,16,5.99,-7.39,-5.94,0,0.05,0.8
1,16,6.82,-7.1,-5.83,0,0.05,0.8
1,16,6.82,-7.1,-5.83,0,0.15,0.75
1,16,6.82,-7.1,-5.83,0,0.15,0.75
1,16,7.64,-6.93,-5.67,0,0.26,0.68
1,16,7.64,-6.93,-5.67,0,0.33,0.6
1,16,7.64,-6.93,-5.67,0,0.33,0.6
1,16,7.88,-6.68,-5.63,0,0.43,0.45
1,16,7.88,-6.68,-5.63,0,0.52,0.34
1,16,7.88,-6.68,-5.63,0,0.52,0.34
1,16,7.87,-6.68,-5.31,0,0.59,0.24
1,16,7.87,-6.68,-5.31,0,0.64,0.2
1,16,7.87,-6.68,-5.31,0,0.64,0.2
1,16,7.61,-6.67,-5.24,0,0.7,0.18
1,16,7.61,-6.67,-5.24,0,0.77,0.18
1,16,7.61,-6.67,-5.24,0,0.77,0.18
1,16,7.15,-6.44,-4.76,0,0.82,0.17
1,16,7.15,-6.44,-4.76,0,0.82,0.17
1,16,7.15,-6.44,-4.76,0,0.84,0.15
1,16,6.73,-6.18,-4.31,0,0.83,0.14
1,16,6.73,-6.18,-4.31,0,0.83,0.14
1,16,6.73,-6.18,-4.31,0,0.82,0.1
1,16,6.36,-6.16,-3.96,0,0.82,0.1
1,16,6.36,-6.16,-3.96,0,0.81,0.02
1,16,6.36,-6.16,-3.96,0,0.82,-0.04
1,16,6.05,-6.08,-3.85,0,0.82,-0.04
1,16,6.05,-6.08,-3.85,0,0.81,-0.12
1,16,6.05,-6.08,-3.85,0,0.81,-0.16
1,16,5.7,-6.13,-3.79,0,0.81,-0.16
1,16,5.7,-6.13,-3.79,0,0.81,-0.19
1,16,5.7,-6.13,-3.79,0,0.82,-0.21
1,16,6.1,-6.18,-3.58,0,0.82,-0.21
1,16,6.1,-6.18,-3.58,0,0.83,-0.19
1,16,6.1,-6.18,-3.58,0,0.83,-0.19
1,16,6.23,-6.19,-3.14,0,0.85,-0.12
1,16,6.23,-6.19,-3.14,0,0.84,-0.04
1,17,5.82,-7.15,-2.51,0,0.1,-0.8
1,17,6.54,-7.28,-2.57,0,0.29,-0.46
1,17,2.35,-9.06,-4.98,0,0.11,0.09
1,17,1.96,-8.25,-3.36,0,0.24,1.11
1,17,2.99,-7.37,-2.95,0,-0.17,1.48
1,17,2.99,-7.37,-2.95,0,-0.17,1.48
1,17,2.99,-7.37,-2.95,0,-0.25,1.48
1,17,3.09,-7.36,-3.46,0,-0.27,1.45
1,17,3.09,-7.36,-3.46,0,-0.27,1.45
1,17,3.09,-7.36,-3.46,0,-0.25,1.38
1,17,3.42,-7.55,-3.73,0,-0.22,1.35
1,17,3.42,-7.55,-3.73,0,-0.22,1.35
1,17,3.32,-7.55,-3.48,0,-0.18,1.34
1,17,3.32,-7.55,-3.48,0,-0.16,1.35
1,17,3.32,-7.55,-3.48,0,-0.16,1.35
1,17,2.84,-7.67,-3.1,0,-0.15,1.38
1,17,2.84,-7.67,-3.1,0,-0.14,1.4
1,17,2.84,-7.67,-3.1,0,-0.14,1.4
1,17,1.96,-8.05,-2.51,0,-0.15,1.41
1,17,1.96,-8.05,-2.51,0,-0.18,1.42
1,17,1.96,-8.05,-2.51,0,-0.18,1.42
1,17,1.86,-8.02,-1.64,0,-0.24,1.45
1,17,1.86,-8.02,-1.64,0,-0.35,1.48
1,17,1.86,-8.02,-1.64,0,-0.35,1.48
1,18,2,-8.15,-1.51,0,-0.49,1.47
1,18,2,-8.15,-1.51,0,-0.59,1.42
1,18,2,-8.15,-1.51,0,-0.59,1.42
1,18,2.76,-7.93,-2.42,0,-0.64,1.3
1,18,2.76,-7.93,-2.42,0,-0.62,1.17
1,18,2.76,-7.93,-2.42,0,-0.62,1.17
1,18,3.33,-8,-3.07,0,-0.57,1.04
1,18,3.33,-8,-3.07,0,-0.52,0.94
1,18,3.33,-8,-3.07,0,-0.52,0.94
1,18,3.29,-8.18,-3.15,0,-0.43,0.85
1,18,3.29,-8.18,-3.15,0,-0.38,0.83
1,18,2.86,-8.28,-2.52,0,-0.38,0.83
1,18,2.86,-8.28,-2.52,0,-0.35,0.84
1,18,2.86,-8.28,-2.52,0,-0.36,0.88
1,18,2.77,-8.4,-1.99,0,-0.36,0.88
1,18,2.77,-8.4,-1.99,0,-0.41,0.95
1,18,2.77,-8.4,-1.99,0,-0.48,1
1,18,3.62,-8.33,-2.02,0,-0.48,1
1,18,3.62,-8.33,-2.02,0,-0.55,1.01
1,18,3.62,-8.33,-2.02,0,-0.6,0.97
1,18,5.05,-8,-2.53,0,-0.6,0.97
1,18,5.05,-8,-2.53,0,-0.61,0.89
1,18,5.05,-8,-2.53,0,-0.58,0.77
1,18,5.82,-7.95,-2.9,0,-0.58,0.77
1,18,5.82,-7.95,-2.9,0,-0.55,0.63
1,18,5.82,-7.95,-2.9,0,-0.51,0.49
1,18,5.87,-7.83,-2.92,0,-0.51,0.49
1,18,5.87,-7.83,-2.92,0,-0.48,0.37
1,18,5.87,-7.83,-2.92,0,-0.44,0.31
1,18,5.71,-7.97,-2.74,0,-0.44,0.31
1,18,5.71,-7.97,-2.74,0,-0.4,0.28
1,18,5.71,-7.97,-2.74,0,-0.39,0.26
1,18,5.31,-7.98,-2.38,0,-0.39,0.26
1,18,5.31,-7.98,-2.38,0,-0.38,0.23
1,18,4.82,-8.18,-2.17,0,-0.36,0.19
1,18,4.82,-8.18,-2.17,0,-0.36,0.19
1,18,4.82,-8.18,-2.17,0,-0.34,0.13
1,18,4.5,-8.39,-2.23,0,-0.32,0.08
1,18,4.5,-8.39,-2.23,0,-0.32,0.08
1,18,4.5,-8.39,-2.23,0,-0.28,0.02
1,18,3.99,-8.79,-2.38,0,-0.23,-0.03
1,18,3.99,-8.79,-2.38,0,-0.23,-0.03
1,18,3.99,-8.79,-2.38,0,-0.17,-0.07
1,18,3.55,-9.16,-2.07,0,-0.12,-0.1
1,18,3.55,-9.16,-2.07,0,-0.12,-0.1
1,18,3.55,-9.16,-2.07,0,-0.07,-0.1
1,18,3.88,-9.09,-2,0,-0.02,-0.1
1,18,3.88,-9.09,-2,0,-0.02,-0.1
1,18,3.88,-9.09,-2,0,0.05,-0.1
1,18,4.92,-9.06,-2.08,0,0.09,-0.05
1,18,4.92,-9.06,-2.08,0,0.09,-0.05
1,18,4.92,-9.06,-2.08,0,0.15,-0.01
1,18,6.36,-8.9,-2.14,0,0.2,0.05
1,18,6.36,-8.9,-2.14,0,0.2,0.05
1,18,7.26,-8.83,-2.15,0,0.29,0.09
1,18,7.26,-8.83,-2.15,0,0.37,0.12
1,18,7.26,-8.83,-2.15,0,0.37,0.12
1,18,7.88,-8.92,-1.86,0,0.44,0.18
1,18,7.88,-8.92,-1.86,0,0.49,0.25
1,18,7.88,-8.92,-1.86,0,0.49,0.25
1,18,8.72,-8.71,-1.7,0,0.54,0.32
1,18,8.72,-8.71,-1.7,0,0.58,0.37
1,18,8.72,-8.71,-1.7,0,0.58,0.37
1,18,9.44,-8.52,-1.53,0,0.63,0.4
1,18,9.44,-8.52,-1.53,0,0.66,0.39
1,18,9.44,-8.52,-1.53,0,0.66,0.39
1,18,10.08,-8.17,-1.46,0,0.68,0.37
1,18,10.08,-8.17,-1.46,0,0.7,0.38
1,18,10.08,-8.17,-1.46,0,0.7,0.38
1,18,10.63,-7.94,-1.71,0,0.73,0.42
1,18,10.63,-7.94,-1.71,0,0.76,0.49
1,18,10.63,-7.94,-1.71,0,0.76,0.49
1,18,10.69,-7.58,-1.76,0,0.78,0.57
1,18,10.69,-7.58,-1.76,0,0.8,0.64
1,18,10.94,-7.19,-1.27,0,0.8,0.64
1,18,10.94,-7.19,-1.27,0,0.79,0.73
1,18,10.94,-7.19,-1.27,0,0.74,0.78
1,18,10.98,-7.01,-0.91,0,0.74,0.78
1,18,10.98,-7.01,-0.91,0,0.68,0.8
1,18,10.98,-7.01,-0.91,0,0.61,0.76
1,18,10.81,-6.52,-0.91,0,0.61,0.76
1,18,10.81,-6.52,-0.91,0,0.53,0.67
1,18,10.81,-6.52,-0.91,0,0.49,0.6
1,18,11.65,-6.21,-1.23,0,0.49,0.6
1,18,11.65,-6.21,-1.23,0,0.43,0.52
1,18,11.65,-6.21,-1.23,0,0.41,0.49
1,18,12.88,-5.94,-1.81,0,0.39,0.5
1,18,12.88,-5.94,-1.81,0,0.39,0.5
1,18,12.99,-5.63,-2.24,0,0.39,0.53
1,18,12.99,-5.63,-2.24,0,0.41,0.53
1,18,12.99,-5.63,-2.24,0,0.41,0.53
1,18,12.36,-5.3,-2.41,0,0.42,0.54
1,18,12.36,-5.3,-2.41,0,0.44,0.56
1,18,12.36,-5.3,-2.41,0,0.44,0.56
1,18,12.64,-4.33,-2.6,0,0.46,0.63
1,18,12.64,-4.33,-2.6,0,0.5,0.7
1,18,12.64,-4.33,-2.6,0,0.5,0.7
1,18,11.62,-3.66,-2.6,0,0.55,0.76
1,18,11.62,-3.66,-2.6,0,0.61,0.79
1,18,11.62,-3.66,-2.6,0,0.61,0.79
1,18,9.83,-2.68,-2.08,0,0.69,0.79
1,18,9.83,-2.68,-2.08,0,0.76,0.8
1,18,9.83,-2.68,-2.08,0,0.76,0.8
1,18,7.59,-1.7,-0.95,0,0.8,0.82
1,18,7.59,-1.7,-0.95,0,0.81,0.82
1,18,5.58,-1.34,0.4,0,0.81,0.82
1,18,5.58,-1.34,0.4,0,0.75,0.81
1,18,5.58,-1.34,0.4,0,0.67,0.77
1,18,3.42,-1.45,2.03,0,0.67,0.77
1,18,3.42,-1.45,2.03,0,0.49,0.65
1,18,3.42,-1.45,2.03,0,0.31,0.54
1,18,2.52,-1.7,2.65,0,0.31,0.54
1,18,2.52,-1.7,2.65,0,0.04,0.36
1,18,2.52,-1.7,2.65,0,-0.14,0.22
1,18,1.96,-2.26,2.03,0,-0.14,0.22
1,18,1.96,-2.26,2.03,0,-0.33,0
1,18,1.96,-2.26,2.03,0,-0.42,-0.13
1,18,2.3,-2.74,1.11,0,-0.42,-0.13
1,18,2.3,-2.74,1.11,0,-0.49,-0.27
1,18,2.3,-2.74,1.11,0,-0.54,-0.33
1,18,2.29,-3.64,0.45,0,-0.54,-0.33
1,18,2.29,-3.64,0.45,0,-0.59,-0.35
1,18,2.55,-4.35,-0.04,0,-0.59,-0.35
1,18,2.55,-4.35,-0.04,0,-0.58,-0.33
1,18,2.55,-4.35,-0.04,0,-0.58,-0.33
1,18,2.48,-5.24,-0.35,0,-0.55,-0.31
1,18,2.48,-5.24,-0.35,0,-0.51,-0.3
1,18,2.48,-5.24,-0.35,0,-0.51,-0.3
1,18,3.05,-5.77,-0.54,0,-0.47,-0.29
1,18,3.05,-5.77,-0.54,0,-0.43,-0.29
1,18,3.05,-5.77,-0.54,0,-0.43,-0.29
1,18,4.51,-6.19,-0.96,0,-0.34,-0.26
1,18,4.51,-6.19,-0.96,0,-0.34,-0.26
1,18,4.51,-6.19,-0.96,0,-0.24,-0.16
1,18,5.67,-6.53,-0.41,0,-0.19,-0.06
1,18,5.67,-6.53,-0.41,0,-0.19,-0.06
1,18,5.67,-6.53,-0.41,0,-0.17,0.05
1,18,5.66,-6.74,0.34,0,-0.19,0.07
1,18,5.66,-6.74,0.34,0,-0.19,0.07
1,18,5.66,-6.74,0.34,0,-0.22,0.04
1,18,6.45,-6.51,0.82,0,-0.28,0
1,18,6.45,-6.51,0.82,0,-0.28,0
1,18,6.45,-6.51,0.82,0,-0.34,-0.06
1,18,7.51,-6.8,0.77,0,-0.41,-0.15
1,18,7.51,-6.8,0.77,0,-0.41,-0.15
1,18,7.51,-6.8,0.77,0,-0.46,-0.24
1,18,8.01,-7.04,0.47,0,-0.52,-0.34
1,18,8.01,-7.04,0.47,0,-0.52,-0.34
1,18,8.01,-7.04,0.47,0,-0.56,-0.4
1,18,8.51,-7.18,-0.14,0,-0.58,-0.44
1,18,8.51,-7.18,-0.14,0,-0.58,-0.44
1,18,8.51,-7.18,-0.14,0,-0.57,-0.42
1,18,9.28,-7.24,-0.57,0,-0.58,-0.34
1,18,9.28,-7.24,-0.57,0,-0.58,-0.34
1,18,9.35,-7.33,-0.85,0,-0.57,-0.25
1,19,9.35,-7.33,-0.85,0,-0.56,-0.2
1,19,9.35,-7.33,-0.85,0,-0.56,-0.2
1,19,9.2,-7.18,-1.01,0,-0.55,-0.19
1,19,9.2,-7.18,-1.01,0,-0.52,-0.23
1,19,9.2,-7.18,-1.01,0,-0.52,-0.23
1,19,9.33,-7.02,-1.32,0,-0.5,-0.28
1,19,9.33,-7.02,-1.32,0,-0.48,-0.32
1,19,9.33,-7.02,-1.32,0,-0.48,-0.32
1,19,9.54,-6.88,-1.6,0,-0.44,-0.32
1,19,9.54,-6.88,-1.6,0,-0.4,-0.31
1,19,9.54,-6.88,-1.6,0,-0.4,-0.31
1,19,9.48,-6.75,-1.81,0,-0.38,-0.31
1,19,9.48,-6.75,-1.81,0,-0.33,-0.29
1,19,9.62,-6.43,-1.68,0,-0.33,-0.29
1,19,9.62,-6.43,-1.68,0,-0.31,-0.25
1,19,9.62,-6.43,-1.68,0,-0.29,-0.22
1,19,9.77,-6.29,-2.02,0,-0.29,-0.22
1,19,9.77,-6.29,-2.02,0,-0.28,-0.19
1,19,9.77,-6.29,-2.02,0,-0.23,-0.18
1,19,9.06,-6.13,-1.92,0,-0.23,-0.18
1,19,9.06,-6.13,-1.92,0,-0.18,-0.22
1,19,9.06,-6.13,-1.92,0,-0.15,-0.25
1,19,9.11,-5.83,-1.92,0,-0.15,-0.25
1,19,9.11,-5.83,-1.92,0,-0.12,-0.24
1,19,9.11,-5.83,-1.92,0,-0.09,-0.23
1,19,9.27,-5.65,-1.97,0,-0.09,-0.23
1,19,9.27,-5.65,-1.97,0,-0.05,-0.18
1,19,9.27,-5.65,-1.97,0,-0.03,-0.13
1,19,9.14,-5.57,-1.65,0,-0.03,-0.13
1,19,9.14,-5.57,-1.65,0,-0.01,-0.09
1,19,9.14,-5.57,-1.65,0,-0.02,-0.07
1,19,9.06,-5.24,-1.3,0,-0.02,-0.07
1,19,9.06,-5.24,-1.3,0,-0.05,-0.07
1,19,9.06,-5.24,-1.3,0,-0.06,-0.11
1,19,9.3,-4.89,-1.32,0,-0.06,-0.11
1,19,9.3,-4.89,-1.32,0,-0.06,-0.15
1,19,9.38,-4.78,-1.49,0,-0.06,-0.2
1,19,9.38,-4.78,-1.49,0,-0.06,-0.2
1,19,9.38,-4.78,-1.49,0,-0.06,-0.23
1,19,9.95,-4.63,-1.77,0,-0.03,-0.22
1,19,9.95,-4.63,-1.77,0,-0.03,-0.22
1,19,9.95,-4.63,-1.77,0,0,-0.16
1,19,9.88,-4.52,-1.79,0,0.04,-0.11
1,19,9.88,-4.52,-1.79,0,0.04,-0.11
1,19,9.88,-4.52,-1.79,0,0.09,-0.06
1,19,9.51,-4.4,-1.48,0,0.13,-0.04
1,19,9.51,-4.4,-1.48,0,0.13,-0.04
1,19,9.51,-4.4,-1.48,0,0.15,-0.03
1,19,9.15,-4.27,-0.83,0,0.14,-0.01
1,19,9.15,-4.27,-0.83,0,0.14,-0.01
1,19,9.15,-4.27,-0.83,0,0.11,0.01
1,19,8.85,-4.23,-0.47,0,0.07,0.03
1,19,8.85,-4.23,-0.47,0,0.07,0.03
1,19,8.85,-4.23,-0.47,0,0.02,0.02
1,19,8.83,-4,-0.39,0,-0.02,0
1,19,8.83,-4,-0.39,0,-0.02,0
1,19,8.82,-4.12,-0.51,0,-0.06,-0.05
1,19,8.82,-4.12,-0.51,0,-0.08,-0.09
1,19,8.82,-4.12,-0.51,0,-0.08,-0.09
1,19,9.2,-4.02,-0.69,0,-0.1,-0.1
1,19,9.2,-4.02,-0.69,0,-0.12,-0.1
1,19,9.2,-4.02,-0.69,0,-0.12,-0.1
1,19,9.28,-4.04,-0.93,0,-0.12,-0.08
1,19,9.28,-4.04,-0.93,0,-0.12,-0.05
1,19,9.28,-4.04,-0.93,0,-0.12,-0.05
1,19,9.53,-4.1,-0.98,0,-0.11,-0.02
1,19,9.53,-4.1,-0.98,0,-0.1,0.02
1,19,9.53,-4.1,-0.98,0,-0.1,0.02
1,19,9.32,-4.07,-0.84,0,-0.09,0.04
1,19,9.32,-4.07,-0.84,0,-0.09,0.04
1,19,9.32,-4.07,-0.84,0,-0.09,0.04
1,19,8.93,-4.06,-0.66,0,-0.1,0.03
1,19,8.93,-4.06,-0.66,0,-0.11,0.03
1,19,8.93,-4.06,-0.66,0,-0.11,0.03
1,19,8.88,-4.07,-0.5,0,-0.15,0.06
1,19,8.88,-4.07,-0.5,0,-0.17,0.06
1,19,8.95,-4.05,-0.48,0,-0.17,0.06
1,19,8.95,-4.05,-0.48,0,-0.21,0.06
1,19,8.95,-4.05,-0.48,0,-0.24,0.04
1,19,9.23,-3.93,-0.73,0,-0.24,0.04
1,19,9.23,-3.93,-0.73,0,-0.25,0.04
1,19,9.23,-3.93,-0.73,0,-0.27,0.04
1,19,9.23,-3.91,-0.91,0,-0.27,0.04
1,19,9.23,-3.91,-0.91,0,-0.3,0.04
1,19,9.23,-3.91,-0.91,0,-0.31,0.01
1,19,9.19,-3.94,-1.36,0,-0.31,0.01
1,19,9.19,-3.94,-1.36,0,-0.31,-0.01
1,19,9.19,-3.94,-1.36,0,-0.28,-0.01
1,19,9.45,-4.05,-1.77,0,-0.28,-0.01
1,19,9.45,-4.05,-1.77,0,-0.26,0.02
1,19,9.45,-4.05,-1.77,0,-0.24,0.04
1,19,9.2,-4.12,-1.86,0,-0.24,0.04
1,19,9.2,-4.12,-1.86,0,-0.21,0.05
1,19,9.2,-4.12,-1.86,0,-0.19,0.05
1,19,9.13,-4.04,-1.73,0,-0.19,0.05
1,19,9.13,-4.04,-1.73,0,-0.18,0.04
1,19,9.13,-4.04,-1.73,0,-0.17,0.02
1,19,9.01,-3.9,-1.65,0,-0.17,0.02
1,19,9.01,-3.9,-1.65,0,-0.16,0.01
1,19,8.93,-3.91,-1.67,0,-0.16,-0.01
1,19,8.93,-3.91,-1.67,0,-0.16,-0.01
1,19,8.93,-3.91,-1.67,0,-0.16,-0.03
1,19,8.99,-3.97,-1.78,0,-0.16,-0.03
1,19,8.99,-3.97,-1.78,0,-0.16,-0.03
1,19,8.99,-3.97,-1.78,0,-0.14,-0.03
1,19,9.05,-3.97,-1.94,0,-0.13,-0.02
1,19,9.05,-3.97,-1.94,0,-0.13,-0.02
1,19,9.05,-3.97,-1.94,0,-0.1,-0.02
1,19,8.62,-3.97,-1.88,0,-0.09,-0.01
1,19,8.62,-3.97,-1.88,0,-0.09,-0.01
1,19,8.62,-3.97,-1.88,0,-0.07,-0.01
1,19,8.73,-3.84,-1.74,0,-0.07,0
1,19,8.73,-3.84,-1.74,0,-0.07,0.02
1,19,8.64,-3.89,-1.56,0,-0.07,0.02
1,19,8.64,-3.89,-1.56,0,-0.07,0.01
1,19,8.64,-3.89,-1.56,0,-0.07,-0.01
1,19,8.87,-3.79,-1.55,0,-0.07,-0.01
1,19,8.87,-3.79,-1.55,0,-0.09,-0.01
1,19,8.87,-3.79,-1.55,0,-0.09,0
1,19,9.07,-3.61,-1.38,0,-0.09,0
1,19,9.07,-3.61,-1.38,0,-0.09,0.02
1,19,9.07,-3.61,-1.38,0,-0.12,0.05
1,19,9.33,-3.76,-1.45,0,-0.12,0.05
1,19,9.33,-3.76,-1.45,0,-0.12,0.04
1,19,9.33,-3.76,-1.45,0,-0.12,0.02
1,19,9.49,-3.83,-1.41,0,-0.12,0.02
1,19,9.49,-3.83,-1.41,0,-0.14,-0.01
1,19,9.49,-3.83,-1.41,0,-0.14,-0.04
1,19,10.1,-3.96,-1.62,0,-0.14,-0.04
1,19,10.1,-3.96,-1.62,0,-0.14,-0.05
1,19,10.62,-4.15,-1.79,0,-0.12,-0.03
1,19,10.62,-4.15,-1.79,0,-0.12,-0.03
1,19,10.62,-4.15,-1.79,0,-0.11,0.01
1,19,10.47,-4.18,-1.62,0,-0.11,0.05
1,19,10.47,-4.18,-1.62,0,-0.11,0.05
1,19,10.47,-4.18,-1.62,0,-0.1,0.03
1,19,10.25,-4.1,-1.68,0,-0.08,0
1,19,10.25,-4.1,-1.68,0,-0.06,-0.02
1,19,10.25,-4.1,-1.68,0,-0.06,-0.02
1,19,10.27,-4.1,-1.91,0,-0.03,-0.03
1,19,10.27,-4.1,-1.91,0,0.01,-0.01
1,19,10.27,-4.1,-1.91,0,0.01,-0.01
1,19,10.4,-4.27,-1.96,0,0.08,0.05
1,19,10.4,-4.27,-1.96,0,0.08,0.05
1,19,10.4,-4.27,-1.96,0,0.13,0.11
1,19,9.7,-4.48,-1.48,0,0.15,0.13
1,19,9.7,-4.48,-1.48,0,0.15,0.13
1,19,9.45,-4.36,-1.22,0,0.18,0.16
1,19,9.45,-4.36,-1.22,0,0.2,0.18
1,19,9.45,-4.36,-1.22,0,0.2,0.18
1,19,9.16,-4.25,-1.06,0,0.22,0.19
1,19,9.16,-4.25,-1.06,0,0.23,0.2
1,19,9.16,-4.25,-1.06,0,0.23,0.2
1,20,9.45,-4.07,-0.82,0,0.24,0.23
1,20,9.45,-4.07,-0.82,0,0.24,0.23
1,20,9.45,-4.07,-0.82,0,0.24,0.23
1,20,9.05,-3.95,-0.41,0,0.23,0.21
1,20,9.05,-3.95,-0.41,0,0.21,0.16
1,20,9.05,-3.95,-0.41,0,0.21,0.16
1,20,8.34,-3.71,-0.11,0,0.18,0.1
1,20,8.34,-3.71,-0.11,0,0.15,0.03
1,20,8.34,-3.71,-0.11,0,0.15,0.03
1,20,7.86,-3.79,-0.34,0,0.12,0.01
1,20,7.86,-3.79,-0.34,0,0.12,0.02
1,20,7.86,-3.79,-0.34,0,0.12,0.02
1,20,7.9,-3.77,-0.62,0,0.1,0.07
1,20,7.9,-3.77,-0.62,0,0.1,0.11
1,20,7.9,-3.77,-0.62,0,0.1,0.11
1,20,7.74,-3.73,-0.68,0,0.11,0.14
1,20,7.74,-3.73,-0.68,0,0.11,0.16
1,20,7.69,-3.6,-0.56,0,0.11,0.16
1,20,7.69,-3.6,-0.56,0,0.07,0.15
1,20,7.69,-3.6,-0.56,0,0.05,0.12
1,20,7.99,-3.51,-0.92,0,0.05,0.12
1,20,7.99,-3.51,-0.92,0,0.04,0.07
1,20,7.99,-3.51,-0.92,0,0.04,0.06
1,20,8.37,-3.55,-1,0,0.04,0.06
1,20,8.37,-3.55,-1,0,0.04,0.07
1,20,8.37,-3.55,-1,0,0.04,0.1
1,20,8.26,-3.51,-0.91,0,0.04,0.1
1,20,8.26,-3.51,-0.91,0,0.02,0.11
1,20,8.26,-3.51,-0.91,0,-0.01,0.09
1,20,8.09,-3.37,-0.67,0,-0.01,0.09
1,20,8.09,-3.37,-0.67,0,-0.05,0.07
1,20,8.09,-3.37,-0.67,0,-0.09,0.04
1,20,8.13,-3.56,-0.98,0,-0.09,0.04
1,20,8.13,-3.56,-0.98,0,-0.11,0.02
1,20,8.13,-3.56,-0.98,0,-0.11,0
1,20,8.5,-3.69,-1.45,0,-0.11,0
1,20,8.5,-3.69,-1.45,0,-0.1,0.01
1,20,8.5,-3.69,-1.45,0,-0.09,0.02
1,20,8.68,-3.66,-1.43,0,-0.09,0.02
1,20,8.68,-3.66,-1.43,0,-0.08,0.04
1,20,8.68,-3.66,-1.43,0,-0.1,0.07
1,20,8.77,-3.84,-1.25,0,-0.1,0.07
1,20,8.77,-3.84,-1.25,0,-0.11,0.09
1,20,8.95,-3.83,-1.35,0,-0.12,0.1
1,20,8.95,-3.83,-1.35,0,-0.12,0.1
1,20,8.95,-3.83,-1.35,0,-0.14,0.1
1,20,9.43,-3.86,-1.58,0,-0.15,0.08
1,20,9.43,-3.86,-1.58,0,-0.15,0.08
1,20,9.43,-3.86,-1.58,0,-0.14,0.06
1,20,9.6,-3.83,-1.74,0,-0.12,0.05
1,20,9.6,-3.83,-1.74,0,-0.12,0.05
1,20,9.6,-3.83,-1.74,0,-0.09,0.04
1,20,9.52,-4,-1.69,0,-0.07,0.04
1,20,9.52,-4,-1.69,0,-0.07,0.04
1,20,9.52,-4,-1.69,0,-0.05,0.07
1,20,9.75,-4.05,-1.55,0,-0.03,0.09
1,20,9.75,-4.05,-1.55,0,-0.03,0.09
1,20,9.75,-4.05,-1.55,0,-0.02,0.09
1,20,9.85,-3.96,-1.31,0,-0.01,0.08
1,20,9.85,-3.96,-1.31,0,-0.01,0.08
1,20,9.85,-3.96,-1.31,0,0,0.05
1,20,9.74,-3.96,-1.12,0,0,0.04
1,20,9.74,-3.96,-1.12,0,0,0.04
1,20,9.67,-4.07,-1.15,0,-0.01,0.02
1,20,9.67,-4.07,-1.15,0,-0.01,0.01
1,20,9.67,-4.07,-1.15,0,-0.01,0.01
1,20,9.42,-4.19,-1.13,0,0.01,0.01
1,20,9.42,-4.19,-1.13,0,0.03,0.03
1,20,9.42,-4.19,-1.13,0,0.03,0.03
1,20,9.37,-4.09,-0.96,0,0.05,0.04
1,20,9.37,-4.09,-0.96,0,0.06,0.06
1,20,9.37,-4.09,-0.96,0,0.06,0.06
1,20,9.15,-4.19,-0.9,0,0.07,0.06
1,20,9.15,-4.19,-0.9,0,0.08,0.05
1,20,9.15,-4.19,-0.9,0,0.08,0.05
1,20,8.98,-4.11,-0.73,0,0.11,0.03
1,20,8.98,-4.11,-0.73,0,0.11,0.03
1,20,8.98,-4.11,-0.73,0,0.11,0.03
1,20,8.82,-4.08,-0.47,0,0.11,0.04
1,20,8.82,-4.08,-0.47,0,0.09,0.07
1,20,8.74,-4.15,-0.3,0,0.09,0.07
1,20,8.74,-4.15,-0.3,0,0.07,0.09
1,20,8.74,-4.15,-0.3,0,0.04,0.11
1,20,8.92,-4.17,-0.43,0,0.04,0.11
1,20,8.92,-4.17,-0.43,0,0.02,0.11
1,20,8.92,-4.17,-0.43,0,0,0.11
1,20,9.2,-4.07,-0.52,0,0,0.11
1,20,9.2,-4.07,-0.52,0,0,0.09
1,20,9.2,-4.07,-0.52,0,0,0.06
1,20,9.12,-4.21,-0.52,0,0,0.06
1,20,9.12,-4.21,-0.52,0,0,0.04
1,20,9.12,-4.21,-0.52,0,0,0.04
1,20,9.02,-4.32,-0.58,0,0,0.04
1,20,9.02,-4.32,-0.58,0,0,0.04
1,20,9.02,-4.32,-0.58,0,0,0.05
1,20,9.03,-4.38,-0.52,0,0,0.05
1,20,9.03,-4.38,-0.52,0,-0.01,0.06
1,20,9.03,-4.38,-0.52,0,-0.02,0.08
1,20,9.14,-4.32,-0.53,0,-0.02,0.08
1,20,9.14,-4.32,-0.53,0,-0.02,0.1
1,20,9.14,-4.32,-0.53,0,-0.02,0.09
1,20,9.03,-4.27,-0.41,0,-0.02,0.09
1,20,9.03,-4.27,-0.41,0,-0.04,0.09
1,20,9.03,-4.27,-0.41,0,-0.05,0.06
1,20,8.8,-4.36,-0.4,0,-0.05,0.06
1,20,8.8,-4.36,-0.4,0,-0.07,0.03
1,20,8.71,-4.39,-0.54,0,-0.08,0.02
1,20,8.71,-4.39,-0.54,0,-0.08,0.02
1,20,8.71,-4.39,-0.54,0,-0.08,0.01
1,20,8.64,-4.47,-0.7,0,-0.08,0.01
1,20,8.64,-4.47,-0.7,0,-0.09,0.03
1,20,8.64,-4.47,-0.7,0,-0.08,0.03
1,20,8.65,-4.46,-0.93,0,-0.08,0.03
1,20,8.65,-4.46,-0.93,0,-0.06,0.04
1,20,8.65,-4.46,-0.93,0,-0.05,0.06
1,20,8.66,-4.62,-0.93,0,-0.05,0.06
1,20,8.66,-4.62,-0.93,0,-0.04,0.09
1,20,8.66,-4.62,-0.93,0,-0.03,0.1
1,20,8.62,-4.57,-0.88,0,-0.03,0.1
1,20,8.62,-4.57,-0.88,0,-0.01,0.1
1,20,8.62,-4.57,-0.88,0,0,0.08
1,20,8.34,-4.58,-0.78,0,0,0.08
1,20,8.34,-4.58,-0.78,0,0.01,0.07
1,20,8.34,-4.58,-0.78,0,0.01,0.08
1,20,8.27,-4.58,-0.68,0,0.01,0.08
1,20,8.27,-4.58,-0.68,0,0,0.08
1,20,8.27,-4.58,-0.68,0,0.01,0.07
1,20,8.37,-4.47,-0.73,0,0.01,0.07
1,20,8.37,-4.47,-0.73,0,0.01,0.05
1,20,8.35,-4.54,-0.76,0,0.01,0.05
1,20,8.35,-4.54,-0.76,0,0.01,0.05
1,20,8.35,-4.54,-0.76,0,0.03,0.05
1,20,8.41,-4.42,-0.77,0,0.02,0.05
1,20,8.41,-4.42,-0.77,0,0.02,0.05
1,20,8.41,-4.42,-0.77,0,0.03,0.05
1,20,8.33,-4.59,-0.75,0,0.02,0.06
1,20,8.33,-4.59,-0.75,0,0.03,0.05
1,20,8.33,-4.59,-0.75,0,0.03,0.05
1,20,8.61,-4.55,-0.9,0,0.04,0.06
1,20,8.61,-4.55,-0.9,0,0.05,0.09
1,20,8.61,-4.55,-0.9,0,0.05,0.09
1,20,8.71,-4.47,-0.75,0,0.06,0.11
1,20,8.71,-4.47,-0.75,0,0.06,0.13
1,20,8.71,-4.47,-0.75,0,0.06,0.13
1,20,8.58,-4.37,-0.53,0,0.05,0.12
1,20,8.58,-4.37,-0.53,0,0.04,0.1
1,20,8.78,-4.38,-0.55,0,0.04,0.1
1,20,8.78,-4.38,-0.55,0,0.02,0.07
1,20,8.78,-4.38,-0.55,0,0.02,0.04
1,20,9.07,-4.34,-0.79,0,0.02,0.04
1,20,9.07,-4.34,-0.79,0,0.04,0.01
1,20,9.07,-4.34,-0.79,0,0.05,-0.03
1,20,8.99,-4.46,-0.75,0,0.05,-0.03
1,20,8.99,-4.46,-0.75,0,0.06,-0.04
1,20,8.99,-4.46,-0.75,0,0.07,-0.03
1,21,8.74,-4.48,-0.52,0,0.07,-0.03
1,21,8.74,-4.48,-0.52,0,0.07,0
1,21,8.74,-4.48,-0.52,0,0.06,0.01
1,21,8.53,-4.49,-0.36,0,0.06,0.01
1,21,8.53,-4.49,-0.36,0,0.05,0.01
1,21,8.53,-4.49,-0.36,0,0.04,0
1,21,8.37,-4.51,-0.27,0,0.04,0
1,21,8.37,-4.51,-0.27,0,0.03,-0.01
1,21,8.37,-4.51,-0.27,0,0.02,-0.02
1,21,8.53,-4.61,-0.33,0,0.02,-0.02
1,21,8.53,-4.61,-0.33,0,0.02,-0.01
1,21,8.65,-4.54,-0.46,0,0.02,-0.01
1,21,8.65,-4.54,-0.46,0,0.02,-0.01
1,21,8.65,-4.54,-0.46,0,0.02,0
1,21,8.68,-4.45,-0.45,0,0.04,0
1,21,8.68,-4.45,-0.45,0,0.04,0
1,21,8.68,-4.45,-0.45,0,0.04,0
1,21,8.7,-4.57,-0.26,0,0.04,-0.01
1,21,8.7,-4.57,-0.26,0,0.04,-0.01
1,21,8.7,-4.57,-0.26,0,0.04,-0.01
1,21,8.42,-4.54,-0.03,0,0.02,-0.01
1,21,8.42,-4.54,-0.03,0,0.02,-0.01
1,21,8.42,-4.54,-0.03,0,0,-0.02
1,21,8.17,-4.59,-0.03,0,-0.02,-0.04
1,21,8.17,-4.59,-0.03,0,-0.03,-0.07
1,21,8.17,-4.59,-0.03,0,-0.03,-0.07
1,21,8.37,-4.54,-0.35,0,-0.02,-0.08
1,21,8.37,-4.54,-0.35,0,-0.02,-0.08
1,21,8.39,-4.68,-0.48,0,-0.01,-0.07
1,21,8.39,-4.68,-0.48,0,0,-0.06
1,21,8.39,-4.68,-0.48,0,0,-0.06
1,21,8.53,-4.74,-0.51,0,0.02,-0.02
1,21,8.53,-4.74,-0.51,0,0.02,0.02
1,21,8.53,-4.74,-0.51,0,0.02,0.02
1,21,8.54,-4.75,-0.38,0,0.03,0.06
1,21,8.54,-4.75,-0.38,0,0.02,0.06
1,21,8.54,-4.75,-0.38,0,0.02,0.06
1,21,8.75,-4.64,-0.4,0,0.02,0.04
1,21,8.75,-4.64,-0.4,0,0.02,0.02
1,21,8.75,-4.64,-0.4,0,0.02,0.02
1,21,8.97,-4.55,-0.51,0,0.01,-0.01
1,21,8.97,-4.55,-0.51,0,0.01,-0.03
1,21,8.97,-4.55,-0.51,0,0.01,-0.03
1,21,8.85,-4.59,-0.47,0,0.03,-0.06
1,21,8.85,-4.59,-0.47,0,0.03,-0.06
1,21,8.85,-4.59,-0.47,0,0.03,-0.06
1,21,8.77,-4.67,-0.37,0,0.02,-0.05
1,21,8.77,-4.67,-0.37,0,0.01,-0.04
1,21,8.77,-4.67,-0.37,0,0.01,-0.04
1,21,8.68,-4.76,-0.44,0,0,-0.04
1,21,8.68,-4.76,-0.44,0,-0.01,-0.03
1,21,8.68,-4.76,-0.44,0,-0.01,-0.03
1,21,8.71,-4.68,-0.4,0,-0.01,-0.03
1,21,8.71,-4.68,-0.4,0,-0.02,-0.07
1,21,9.05,-4.61,-0.69,0,-0.02,-0.07
1,21,9.05,-4.61,-0.69,0,-0.01,-0.08
1,21,9.05,-4.61,-0.69,0,-0.01,-0.06
1,21,8.97,-4.64,-0.73,0,-0.01,-0.06
1,21,8.97,-4.64,-0.73,0,0,-0.07
1,21,8.97,-4.64,-0.73,0,0.02,-0.09
1,21,8.74,-4.68,-0.67,0,0.02,-0.09
1,21,8.74,-4.68,-0.67,0,0.03,-0.09
1,21,8.74,-4.68,-0.67,0,0.03,-0.07
1,21,8.67,-4.72,-0.52,0,0.03,-0.07
1,21,8.67,-4.72,-0.52,0,0.02,-0.04
1,21,8.67,-4.72,-0.52,0,0.03,-0.01
1,21,8.71,-4.65,-0.51,0,0.03,-0.01
1,21,8.71,-4.65,-0.51,0,0.03,0.02
1,21,8.71,-4.65,-0.51,0,0.01,0.04
1,21,8.81,-4.63,-0.29,0,0.01,0.04
1,21,8.81,-4.63,-0.29,0,0,0.04
1,21,9.06,-4.52,-0.34,0,-0.01,0.04
1,21,9.06,-4.52,-0.34,0,-0.01,0.04
1,21,9.06,-4.52,-0.34,0,-0.04,0.03
1,21,9.2,-4.49,-0.41,0,-0.04,0.01
1,21,9.2,-4.49,-0.41,0,-0.06,-0.02
1,21,9.2,-4.49,-0.41,0,-0.06,-0.02
1,21,9.27,-4.56,-0.62,0,-0.06,-0.05
1,21,9.27,-4.56,-0.62,0,-0.06,-0.07
1,21,9.27,-4.56,-0.62,0,-0.06,-0.07
1,21,9.31,-4.67,-0.87,0,-0.03,-0.07
1,21,9.31,-4.67,-0.87,0,0,-0.06
1,21,9.31,-4.67,-0.87,0,0,-0.06
1,21,8.96,-4.74,-0.79,0,0.02,-0.04
1,21,8.96,-4.74,-0.79,0,0.05,0
1,21,8.74,-4.81,-0.6,0,0.05,0
1,21,8.74,-4.81,-0.6,0,0.06,0.03
1,21,8.74,-4.81,-0.6,0,0.06,0.06
1,21,8.48,-4.72,-0.31,0,0.06,0.06
1,21,8.48,-4.72,-0.31,0,0.05,0.07
1,21,8.48,-4.72,-0.31,0,0.03,0.06
1,21,8.55,-4.7,-0.18,0,0.03,0.06
1,21,8.55,-4.7,-0.18,0,0.02,0.05
1,21,8.55,-4.7,-0.18,0,0,0.03
1,21,8.69,-4.64,-0.25,0,0,0.03
1,21,8.69,-4.64,-0.25,0,-0.02,0.03
1,21,8.69,-4.64,-0.25,0,-0.02,0.03
1,21,8.47,-4.8,-0.35,0,-0.02,0.03
1,21,8.47,-4.8,-0.35,0,-0.02,0.02
1,21,8.47,-4.8,-0.35,0,-0.02,0.01
1,21,8.82,-4.8,-0.37,0,-0.02,0.01
1,21,8.82,-4.8,-0.37,0,-0.03,0.02
1,21,8.97,-4.88,-0.53,0,-0.03,0.05
1,21,8.97,-4.88,-0.53,0,-0.03,0.05
1,21,8.97,-4.88,-0.53,0,-0.02,0.07
1,21,8.95,-4.81,-0.51,0,-0.01,0.07
1,21,8.95,-4.81,-0.51,0,0,0.06
1,21,8.95,-4.81,-0.51,0,0,0.06
1,21,8.83,-4.83,-0.48,0,0,0.06
1,21,8.83,-4.83,-0.48,0,0.01,0.05
1,21,8.83,-4.83,-0.48,0,0.01,0.05
1,21,8.82,-4.78,-0.45,0,0,0.05
1,21,8.82,-4.78,-0.45,0,0.01,0.05
1,21,8.75,-4.92,-0.42,0,0.01,0.05
1,21,8.75,-4.92,-0.42,0,0.01,0.05
1,21,8.75,-4.92,-0.42,0,0.01,0.05
1,21,8.8,-4.83,-0.39,0,0.01,0.05
1,21,8.8,-4.83,-0.39,0,0.01,0.04
1,21,8.8,-4.83,-0.39,0,0.01,0.02
1,21,8.8,-4.77,-0.57,0,0.01,0.02
1,21,8.8,-4.77,-0.57,0,0.02,0.01
1,21,8.8,-4.77,-0.57,0,0.04,0.01
1,21,8.85,-4.79,-0.71,0,0.04,0.01
1,21,8.85,-4.79,-0.71,0,0.07,0.02
1,21,8.85,-4.79,-0.71,0,0.09,0.04
1,21,8.49,-4.87,-0.54,0,0.09,0.04
1,21,8.49,-4.87,-0.54,0,0.1,0.05
1,21,8.49,-4.87,-0.54,0,0.1,0.05
1,21,8.2,-4.81,-0.32,0,0.1,0.05
1,21,8.2,-4.81,-0.32,0,0.09,0.04
1,21,8.2,-4.81,-0.32,0,0.09,0.02
1,21,8.02,-4.8,-0.27,0,0.09,0.02
1,21,8.02,-4.8,-0.27,0,0.07,0.01
1,21,8.12,-4.87,-0.31,0,0.08,0
1,21,8.12,-4.87,-0.31,0,0.08,0
1,21,8.12,-4.87,-0.31,0,0.07,0.01
1,21,8.32,-4.78,-0.39,0,0.07,0.03
1,21,8.32,-4.78,-0.39,0,0.07,0.03
1,21,8.32,-4.78,-0.39,0,0.06,0.05
1,21,8.4,-4.73,-0.45,0,0.06,0.05
1,21,8.4,-4.73,-0.45,0,0.07,0.05
1,21,8.4,-4.73,-0.45,0,0.07,0.05
1,21,8.45,-4.59,-0.41,0,0.07,0.04
1,21,8.45,-4.59,-0.41,0,0.07,0.04
1,21,8.41,-4.68,-0.27,0,0.07,0.04
1,21,8.41,-4.68,-0.27,0,0.06,0.04
1,21,8.41,-4.68,-0.27,0,0.04,0.03
1,21,8.21,-4.74,-0.19,0,0.04,0.03
1,21,8.21,-4.74,-0.19,0,0.02,0.01
1,21,8.21,-4.74,-0.19,0,0,-0.01
1,21,8.29,-4.73,-0.25,0,0,-0.01
1,21,8.29,-4.73,-0.25,0,-0.01,-0.04
1,22,8.29,-4.73,-0.25,0,0,-0.04
1,22,8.19,-4.76,-0.4,0,-0.01,-0.04
1,22,8.19,-4.76,-0.4,0,-0.01,-0.04
1,22,8.19,-4.76,-0.4,0,0,-0.02
1,22,8.34,-4.79,-0.5,0,0.01,0.01
1,22,8.34,-4.79,-0.5,0,0.01,0.01
1,22,8.72,-4.71,-0.43,0,0.01,0.04
1,22,8.72,-4.71,-0.43,0,0,0.04
1,22,8.72,-4.71,-0.43,0,0,0.04
1,22,8.88,-4.54,-0.25,0,-0.01,0.02
1,22,8.88,-4.54,-0.25,0,-0.02,0.01
1,22,8.88,-4.54,-0.25,0,-0.02,0.01
1,22,8.74,-4.58,-0.12,0,-0.04,-0.03
1,22,8.74,-4.58,-0.12,0,-0.06,-0.04
1,22,8.74,-4.58,-0.12,0,-0.08,-0.06
1,22,8.42,-4.77,-0.2,0,-0.08,-0.06
1,22,8.42,-4.77,-0.2,0,-0.1,-0.08
1,22,8.37,-4.88,-0.28,0,-0.12,-0.07
1,22,8.37,-4.88,-0.28,0,-0.12,-0.07
1,22,8.37,-4.88,-0.28,0,-0.12,-0.06
1,22,8.6,-4.95,-0.54,0,-0.12,-0.05
1,22,8.6,-4.95,-0.54,0,-0.12,-0.05
1,22,8.6,-4.95,-0.54,0,-0.09,-0.04
1,22,8.84,-4.82,-0.7,0,-0.06,-0.03
1,22,8.84,-4.82,-0.7,0,-0.06,-0.03
1,22,8.84,-4.82,-0.7,0,-0.02,-0.02
1,22,8.8,-4.79,-0.67,0,0.01,-0.01
1,22,8.8,-4.79,-0.67,0,0.01,-0.01
1,22,8.8,-4.79,-0.67,0,0.04,0
1,22,8.37,-4.91,-0.43,0,0.05,0
1,22,8.37,-4.91,-0.43,0,0.05,0
1,22,8.44,-4.94,-0.16,0,0.06,0.02
1,22,8.44,-4.94,-0.16,0,0.07,0.05
1,22,8.44,-4.94,-0.16,0,0.07,0.05
1,22,8.42,-4.94,-0.03,0,0.06,0.09
1,22,8.42,-4.94,-0.03,0,0.06,0.09
1,22,8.42,-4.94,-0.03,0,0.06,0.09
1,22,8.41,-4.85,-0.02,0,0.06,0.07
1,22,8.41,-4.85,-0.02,0,0.06,0.06
1,22,8.41,-4.85,-0.02,0,0.06,0.06
1,22,8.81,-4.69,0.05,0,0.06,0.06
1,22,8.81,-4.69,0.05,0,0.06,0.08
1,22,8.81,-4.69,0.05,0,0.05,0.08
1,22,9.01,-4.59,0.09,0,0.05,0.08
1,22,9.01,-4.59,0.09,0,0.05,0.08
1,22,9.01,-4.59,0.09,0,0.05,0.08
1,22,9.2,-4.51,0,0,0.05,0.08
1,22,9.2,-4.51,0,0,0.05,0.06
1,22,9.04,-4.48,0.06,0,0.04,0.05
1,22,9.04,-4.48,0.06,0,0.04,0.05
1,22,9.04,-4.48,0.06,0,0.03,0.03
1,22,8.97,-4.49,0.01,0,0.01,0.02
1,22,8.97,-4.49,0.01,0,0.01,0.02
1,22,8.97,-4.49,0.01,0,0,0.02
1,22,8.79,-4.44,0.04,0,-0.01,0.03
1,22,8.79,-4.44,0.04,0,-0.01,0.03
1,22,8.79,-4.44,0.04,0,-0.03,0.04
1,22,8.55,-4.49,0.13,0,-0.04,0.03
1,22,8.55,-4.49,0.13,0,-0.04,0.03
1,22,8.55,-4.49,0.13,0,-0.07,0.01
1,22,8.48,-4.55,-0.06,0,-0.07,0.01
1,22,8.48,-4.55,-0.06,0,-0.08,-0.02
1,22,8.48,-4.55,-0.06,0,-0.08,-0.04
1,22,8.79,-4.4,-0.25,0,-0.08,-0.04
1,22,8.79,-4.4,-0.25,0,-0.08,-0.04
1,22,8.79,-4.4,-0.25,0,-0.06,-0.04
1,22,8.6,-4.55,-0.29,0,-0.06,-0.04
1,22,8.6,-4.55,-0.29,0,-0.06,-0.04
1,22,8.6,-4.55,-0.29,0,-0.05,-0.03
1,22,8.32,-4.74,-0.15,0,-0.05,-0.03
1,22,8.32,-4.74,-0.15,0,-0.06,-0.02
1,22,8.32,-4.74,-0.15,0,-0.06,0
1,22,8.17,-4.74,-0.19,0,-0.06,0
1,22,8.17,-4.74,-0.19,0,-0.07,0.01
1,22,8.22,-4.7,-0.13,0,-0.07,0.01
1,22,8.22,-4.7,-0.13,0,-0.07,0.01
1,22,8.22,-4.7,-0.13,0,-0.08,0.02
1,22,8.19,-4.81,-0.15,0,-0.1,0.01
1,22,8.19,-4.81,-0.15,0,-0.11,0.01
1,22,8.19,-4.81,-0.15,0,-0.11,0.01
1,22,8.61,-4.69,-0.25,0,-0.12,0.01
1,22,8.61,-4.69,-0.25,0,-0.12,0.01
1,22,8.61,-4.69,-0.25,0,-0.12,0.01
1,22,8.8,-4.7,-0.3,0,-0.13,0.01
1,22,8.8,-4.7,-0.3,0,-0.14,0.02
1,22,8.8,-4.7,-0.3,0,-0.14,0.02
1,22,8.86,-4.78,-0.35,0,-0.15,0
1,22,8.86,-4.78,-0.35,0,-0.16,-0.03
1,22,8.98,-4.75,-0.51,0,-0.16,-0.03
1,22,8.98,-4.75,-0.51,0,-0.16,-0.06
1,22,8.98,-4.75,-0.51,0,-0.14,-0.06
1,22,9.27,-4.7,-0.72,0,-0.14,-0.06
1,22,9.27,-4.7,-0.72,0,-0.13,-0.05
1,22,9.27,-4.7,-0.72,0,-0.11,-0.01
1,22,9.23,-4.78,-0.79,0,-0.11,-0.01
1,22,9.23,-4.78,-0.79,0,-0.09,-0.01
1,22,9.23,-4.78,-0.79,0,-0.06,-0.02
1,22,8.97,-4.67,-0.71,0,-0.06,-0.02
1,22,8.97,-4.67,-0.71,0,-0.04,-0.02
1,22,8.97,-4.67,-0.71,0,-0.02,-0.03
1,22,8.58,-4.76,-0.54,0,0,-0.04
1,22,8.58,-4.76,-0.54,0,0,-0.04
1,22,8.52,-4.82,-0.35,0,0.01,-0.04
1,22,8.52,-4.82,-0.35,0,0.01,-0.01
1,22,8.52,-4.82,-0.35,0,0.01,-0.01
1,22,8.46,-4.79,-0.25,0,0.01,0.01
1,22,8.46,-4.79,-0.25,0,0,0.02
1,22,8.46,-4.79,-0.25,0,0,0.02
1,22,8.47,-4.64,-0.2,0,-0.01,0.01
1,22,8.47,-4.64,-0.2,0,-0.02,-0.01
1,22,8.47,-4.64,-0.2,0,-0.02,-0.01
1,22,8.29,-4.67,-0.08,0,-0.03,-0.04
1,22,8.29,-4.67,-0.08,0,-0.03,-0.06
1,22,8.34,-4.79,-0.29,0,-0.03,-0.06
1,22,8.34,-4.79,-0.29,0,-0.04,-0.07
1,22,8.34,-4.79,-0.29,0,-0.03,-0.06
1,22,8.49,-4.82,-0.55,0,-0.03,-0.06
1,22,8.49,-4.82,-0.55,0,-0.02,-0.03
1,22,8.49,-4.82,-0.55,0,0,0
1,22,8.67,-4.73,-0.57,0,0.03,0.02
1,22,8.67,-4.73,-0.57,0,0.03,0.02
1,22,8.67,-4.73,-0.57,0,0.05,0.04
1,22,8.83,-4.76,-0.53,0,0.06,0.05
1,22,8.83,-4.76,-0.53,0,0.06,0.05
1,22,8.83,-4.76,-0.53,0,0.06,0.05
1,22,9,-4.64,-0.34,0,0.06,0.06
1,22,9,-4.64,-0.34,0,0.06,0.06
1,22,8.7,-4.77,-0.23,0,0.06,0.04
1,22,8.7,-4.77,-0.23,0,0.04,0.02
1,22,8.7,-4.77,-0.23,0,0.04,0.02
1,22,8.62,-4.82,-0.2,0,0.02,-0.02
1,22,8.62,-4.82,-0.2,0,0.01,-0.03
1,22,8.62,-4.82,-0.2,0,0.01,-0.03
1,22,8.79,-4.74,-0.37,0,0,-0.02
1,22,8.79,-4.74,-0.37,0,0.01,-0.01
1,22,8.79,-4.74,-0.37,0,0.01,-0.01
1,22,8.76,-4.78,-0.39,0,0.01,0.01
1,22,8.76,-4.78,-0.39,0,0.02,0.03
1,22,8.76,-4.78,-0.39,0,0.03,0.04
1,22,8.63,-4.71,-0.31,0,0.03,0.04
1,22,8.63,-4.71,-0.31,0,0.03,0.05
1,22,8.68,-4.73,-0.21,0,0.04,0.06
1,22,8.68,-4.73,-0.21,0,0.04,0.06
1,22,8.68,-4.73,-0.21,0,0.04,0.07
1,22,8.8,-4.6,-0.01,0,0.03,0.06
1,22,8.8,-4.6,-0.01,0,0.03,0.06
1,22,8.8,-4.6,-0.01,0,0.03,0.04
1,22,8.57,-4.63,-0.01,0,0.03,0.04
1,22,8.57,-4.63,-0.01,0,0.02,0
1,22,8.57,-4.63,-0.01,0,0.02,-0.01
1,22,8.58,-4.75,-0.14,0,0.02,-0.01
1,22,8.58,-4.75,-0.14,0,0.02,-0.01
1,23,8.58,-4.75,-0.14,0,0.03,0.01
1,23,8.59,-4.72,-0.14,0,0.03,0.01
1,23,8.59,-4.72,-0.14,0,0.03,0.04
1,23,8.59,-4.72,-0.14,0,0.03,0.06
1,23,8.59,-4.71,-0.07,0,0.03,0.06
1,23,8.59,-4.71,-0.07,0,0.03,0.05
1,23,8.59,-4.71,-0.07,0,0.03,0.04
1,23,8.6,-4.63,-0.03,0,0.03,0.04
1,23,8.6,-4.63,-0.03,0,0.02,0.01
1,23,8.6,-4.63,-0.03,0,0,-0.01
1,23,8.57,-4.56,-0.02,0,0,-0.01
1,23,8.57,-4.56,-0.02,0,0,-0.04
1,23,8.57,-4.56,-0.02,0,0,-0.04
1,23,8.37,-4.68,-0.09,0,-0.02,-0.06
1,23,8.37,-4.68,-0.09,0,-0.02,-0.06
1,23,8.37,-4.68,-0.09,0,-0.02,-0.06
1,23,8.57,-4.86,-0.34,0,-0.01,-0.06
1,23,8.57,-4.86,-0.34,0,0,-0.04
1,23,8.57,-4.86,-0.34,0,0.01,-0.02
1,23,8.9,-4.71,-0.47,0,0.01,-0.02
1,23,8.9,-4.71,-0.47,0,0.02,0.01
1,23,9.03,-4.68,-0.43,0,0.04,0.04
1,23,9.03,-4.68,-0.43,0,0.04,0.04
1,23,9.03,-4.68,-0.43,0,0.05,0.05
1,23,8.74,-4.6,-0.24,0,0.05,0.03
1,23,8.74,-4.6,-0.24,0,0.05,0.03
1,23,8.74,-4.6,-0.24,0,0.05,-0.01
1,23,8.56,-4.65,-0.11,0,0.04,-0.03
1,23,8.56,-4.65,-0.11,0,0.04,-0.03
1,23,8.56,-4.65,-0.11,0,0.03,-0.05
1,23,8.51,-4.67,-0.08,0,0.03,-0.05
1,23,8.51,-4.67,-0.08,0,0.03,-0.05
1,23,8.51,-4.67,-0.08,0,0.02,-0.04
1,23,8.55,-4.68,-0.09,0,0.01,-0.01
1,23,8.55,-4.68,-0.09,0,0.01,-0.01
1,23,8.55,-4.68,-0.09,0,0.01,0.01
1,23,8.67,-4.68,-0.16,0,0.01,0.01
1,23,8.67,-4.68,-0.16,0,0.01,0.01
1,23,8.67,-4.68,-0.16,0,0.02,0
1,23,8.71,-4.61,-0.11,0,0.02,0
1,23,8.71,-4.61,-0.11,0,0.02,0
1,23,8.71,-4.61,-0.11,0,0.02,0
1,23,8.73,-4.61,-0.14,0,0.02,0
1,23,8.73,-4.61,-0.14,0,0.02,0
1,23,8.73,-4.62,-0.11,0,0.01,-0.01
1,23,8.73,-4.62,-0.11,0,0.01,0
1,23,8.73,-4.62,-0.11,0,0.01,0
1,23,8.54,-4.61,-0.12,0,0.01,0
1,23,8.54,-4.61,-0.12,0,0,0
1,23,8.54,-4.61,-0.12,0,0,0
1,23,8.37,-4.63,-0.18,0,0,0
1,23,8.37,-4.63,-0.18,0,0,0.01
1,23,8.37,-4.63,-0.18,0,0,0.01
1,23,8.68,-4.53,-0.2,0,-0.01,0.04
1,23,8.68,-4.53,-0.2,0,-0.01,0.06
1,23,8.68,-4.53,-0.2,0,-0.01,0.06
1,23,8.66,-4.51,-0.22,0,-0.01,0.06
1,23,8.66,-4.51,-0.22,0,0,0.05
1,23,8.66,-4.51,-0.22,0,0,0.05
1,23,8.87,-4.51,-0.23,0,0.01,0.03
1,23,8.87,-4.51,-0.23,0,0.01,0.03
1,23,8.87,-4.51,-0.23,0,0.01,0.03
1,23,9,-4.53,-0.34,0,0.02,0.04
1,23,9,-4.53,-0.34,0,0.03,0.07
1,23,8.93,-4.49,-0.24,0,0.03,0.07
1,23,8.93,-4.49,-0.24,0,0.04,0.08
1,23,8.93,-4.49,-0.24,0,0.04,0.07
1,23,8.76,-4.43,0.02,0,0.04,0.07
1,23,8.76,-4.43,0.02,0,0.03,0.06
1,23,8.76,-4.43,0.02,0,0.02,0.05
1,23,8.76,-4.44,0.04,0,0.02,0.05
1,23,8.76,-4.44,0.04,0,0,0.06
1,23,8.76,-4.44,0.04,0,0,0.05
1,23,8.5,-4.57,0.11,0,0,0.05
1,23,8.5,-4.57,0.11,0,-0.01,0.04
1,23,8.5,-4.57,0.11,0,-0.01,0.04
1,23,8.82,-4.52,0.08,0,-0.01,0.04
1,23,8.82,-4.52,0.08,0,-0.01,0.06
1,23,8.82,-4.52,0.08,0,-0.02,0.07
1,23,9.01,-4.48,-0.14,0,-0.02,0.07
1,23,9.01,-4.48,-0.14,0,-0.01,0.08
1,23,9.01,-4.48,-0.14,0,-0.01,0.09
1,23,9.02,-4.43,-0.1,0,-0.01,0.09
1,23,9.02,-4.43,-0.1,0,0.01,0.09
1,23,9.02,-4.43,-0.1,0,0.01,0.11
1,23,9.15,-4.41,-0.05,0,0.01,0.11
1,23,9.15,-4.41,-0.05,0,0.01,0.12
1,23,8.94,-4.33,0.15,0,0.01,0.12
1,23,8.94,-4.33,0.15,0,0,0.14
1,23,8.94,-4.33,0.15,0,0,0.12
1,23,8.73,-4.37,0.19,0,0,0.12
1,23,8.73,-4.37,0.19,0,-0.01,0.08
1,23,8.73,-4.37,0.19,0,-0.01,0.06
1,23,8.72,-4.43,0.09,0,-0.01,0.06
1,23,8.72,-4.43,0.09,0,-0.03,0.05
1,23,8.72,-4.43,0.09,0,-0.04,0.07
1,23,8.7,-4.37,0.12,0,-0.04,0.07
1,23,8.7,-4.37,0.12,0,-0.05,0.06
1,23,8.7,-4.37,0.12,0,-0.05,0.05
1,23,9.05,-4.28,-0.11,0,-0.03,0.03
1,23,9,-4.35,0.02,0,-0.02,0.06
1,23,9,-4.35,0.02,0,-0.01,0.08
1,23,9,-4.35,0.02,0,-0.01,0.08
1,23,8.81,-4.23,0.21,0,-0.01,0.1
1,23,8.81,-4.23,0.21,0,-0.03,0.1
1,23,8.81,-4.23,0.21,0,-0.03,0.1
1,23,8.63,-4.25,0.16,0,-0.04,0.09
1,23,8.63,-4.25,0.16,0,-0.04,0.07
1,23,8.63,-4.25,0.16,0,-0.04,0.07
1,23,8.79,-4.33,0.11,0,-0.05,0.05
1,23,8.79,-4.33,0.11,0,-0.06,0.05
1,23,8.79,-4.33,0.11,0,-0.06,0.05
1,23,8.91,-4.29,-0.01,0,-0.06,0.06
1,23,8.91,-4.29,-0.01,0,-0.05,0.07
1,23,8.91,-4.29,-0.01,0,-0.05,0.07
1,23,9.13,-4.32,-0.17,0,-0.03,0.08
1,23,9.13,-4.32,-0.17,0,-0.01,0.1
1,23,9.13,-4.32,-0.17,0,-0.01,0.1
1,23,9.27,-4.36,-0.08,0,0,0.12
1,23,9.27,-4.36,-0.08,0,0.01,0.14
1,23,9.27,-4.36,-0.08,0,0.01,0.14
1,23,9.18,-4.3,0.07,0,0.02,0.16
1,23,9.18,-4.3,0.07,0,0.03,0.16
1,23,9.12,-4.23,0.01,0,0.03,0.16
1,23,9.12,-4.23,0.01,0,0.04,0.16
1,23,9.12,-4.23,0.01,0,0.05,0.16
1,23,9.35,-4.15,0.26,0,0.05,0.16
1,23,9.35,-4.15,0.26,0,0.04,0.17
1,23,9.35,-4.15,0.26,0,0.04,0.17
1,23,9.14,-3.88,0.36,0,0.04,0.17
1,23,9.14,-3.88,0.36,0,0.04,0.15
1,23,9.14,-3.88,0.36,0,0.03,0.13
1,23,8.94,-3.83,0.51,0,0.03,0.13
1,23,8.94,-3.83,0.51,0,0.02,0.12
1,23,8.94,-3.83,0.51,0,0,0.1
1,23,8.78,-3.86,0.55,0,0,0.1
1,23,8.78,-3.86,0.55,0,0,0.08
1,23,8.78,-3.86,0.55,0,-0.01,0.07
1,23,8.59,-3.84,0.56,0,-0.01,0.07
1,23,8.59,-3.84,0.56,0,-0.02,0.08
1,23,8.59,-3.84,0.56,0,-0.03,0.11
1,23,8.66,-3.94,0.68,0,-0.03,0.11
1,23,8.66,-3.94,0.68,0,-0.05,0.15
1,23,8.72,-3.92,0.7,0,-0.08,0.18
1,23,8.72,-3.92,0.7,0,-0.08,0.18
1,23,8.72,-3.92,0.7,0,-0.09,0.18
1,23,9.04,-3.87,0.46,0,-0.08,0.16
1,23,9.04,-3.87,0.46,0,-0.08,0.16
1,23,9.04,-3.87,0.46,0,-0.06,0.13
1,23,9.21,-3.85,0.4,0,-0.06,0.1
1,23,9.21,-3.85,0.4,0,-0.06,0.1
1,24,9.21,-3.85,0.4,0,-0.05,0.07
1,24,8.89,-3.87,0.39,0,-0.04,0.07
1,24,8.89,-3.87,0.39,0,-0.04,0.07
1,24,8.89,-3.87,0.39,0,-0.05,0.06
1,24,8.49,-4.04,0.52,0,-0.06,0.03
1,24,8.49,-4.04,0.52,0,-0.06,0.03
1,24,8.49,-4.04,0.52,0,-0.07,0.01
1,24,8.64,-3.93,0.48,0,-0.09,-0.02
1,24,8.64,-3.93,0.48,0,-0.09,-0.02
1,24,8.64,-3.93,0.48,0,-0.11,-0.06
1,24,8.95,-4.13,0,0,-0.12,-0.11
1,24,8.95,-4.13,0,0,-0.12,-0.11
1,24,9.1,-4.25,-0.43,0,-0.09,-0.16
1,24,9.1,-4.25,-0.43,0,-0.06,-0.18
1,24,9.1,-4.25,-0.43,0,-0.06,-0.18
1,24,9,-4.22,-0.52,0,-0.03,-0.18
1,24,9,-4.22,-0.52,0,0,-0.18
1,24,9,-4.22,-0.52,0,0,-0.18
1,24,8.62,-4.39,-0.51,0,0.04,-0.19
1,24,8.62,-4.39,-0.51,0,0.09,-0.24
1,24,8.62,-4.39,-0.51,0,0.09,-0.24
1,24,8.3,-4.4,-0.4,0,0.12,-0.3
1,24,8.3,-4.4,-0.4,0,0.13,-0.34
1,24,8.3,-4.4,-0.4,0,0.13,-0.34
1,24,8.46,-4.42,-0.37,0,0.15,-0.37
1,24,8.46,-4.42,-0.37,0,0.16,-0.4
1,24,8.46,-4.42,-0.37,0,0.16,-0.4
1,24,8.78,-4.43,-0.63,0,0.19,-0.4
1,24,8.78,-4.43,-0.63,0,0.24,-0.38
1,24,8.76,-4.4,-0.49,0,0.24,-0.38
1,24,8.76,-4.4,-0.49,0,0.26,-0.33
1,24,8.76,-4.4,-0.49,0,0.27,-0.28
1,24,8.26,-4.66,-0.3,0,0.27,-0.28
1,24,8.26,-4.66,-0.3,0,0.28,-0.28
1,24,8.26,-4.66,-0.3,0,0.3,-0.3
1,24,8.54,-4.44,-0.29,0,0.3,-0.3
1,24,8.54,-4.44,-0.29,0,0.32,-0.33
1,24,8.54,-4.44,-0.29,0,0.35,-0.34
1,24,8.82,-4.46,-0.11,0,0.35,-0.34
1,24,8.82,-4.46,-0.11,0,0.36,-0.33
1,24,8.82,-4.46,-0.11,0,0.34,-0.29
1,24,8.7,-4.54,0.14,0,0.34,-0.29
1,24,8.7,-4.54,0.14,0,0.33,-0.28
1,24,8.7,-4.54,0.14,0,0.33,-0.3
1,24,8.66,-4.32,0.26,0,0.33,-0.3
1,24,8.66,-4.32,0.26,0,0.31,-0.32
1,24,8.66,-4.32,0.26,0,0.31,-0.36
1,24,8.63,-4.46,0.38,0,0.31,-0.36
1,24,8.63,-4.46,0.38,0,0.31,-0.36
1,24,8.63,-4.46,0.38,0,0.3,-0.34
1,24,8.51,-4.33,0.68,0,0.3,-0.34
1,24,8.51,-4.33,0.68,0,0.26,-0.33
1,24,8.45,-4.31,0.65,0,0.23,-0.37
1,24,8.45,-4.31,0.65,0,0.23,-0.37
1,24,8.45,-4.31,0.65,0,0.22,-0.45
1,24,9.1,-4.4,0.19,0,0.23,-0.5
1,24,9.1,-4.4,0.19,0,0.23,-0.5
1,24,9.1,-4.4,0.19,0,0.26,-0.49
1,24,9.44,-4.28,-0.03,0,0.26,-0.44
1,24,9.44,-4.28,-0.03,0,0.26,-0.44
1,24,9.44,-4.28,-0.03,0,0.25,-0.33
1,24,9.3,-4.37,-0.23,0,0.27,-0.28
1,24,9.3,-4.37,-0.23,0,0.27,-0.28
1,24,9.3,-4.37,-0.23,0,0.29,-0.26
1,24,8.82,-4.4,-0.24,0,0.3,-0.27
1,24,8.82,-4.4,-0.24,0,0.33,-0.31
1,24,8.84,-4.51,-0.3,0,0.33,-0.31
1,24,8.84,-4.51,-0.3,0,0.36,-0.31
1,24,8.84,-4.51,-0.3,0,0.38,-0.26
1,24,8.89,-4.47,-0.1,0,0.38,-0.26
1,24,8.89,-4.47,-0.1,0,0.38,-0.21
1,24,8.89,-4.47,-0.1,0,0.38,-0.15
1,24,8.74,-4.36,0.11,0,0.38,-0.15
1,24,8.74,-4.36,0.11,0,0.37,-0.15
1,24,8.74,-4.36,0.11,0,0.34,-0.15
1,24,9.06,-4.12,0.17,0,0.34,-0.15
1,24,9.06,-4.12,0.17,0,0.33,-0.17
1,24,9.06,-4.12,0.17,0,0.32,-0.19
1,24,9.59,-3.95,-0.2,0,0.32,-0.19
1,24,9.59,-3.95,-0.2,0,0.3,-0.2
1,24,9.35,-4.05,-0.69,0,0.31,-0.23
1,24,9.35,-4.05,-0.69,0,0.31,-0.23
1,24,9.35,-4.05,-0.69,0,0.35,-0.25
1,24,9.03,-4.11,-0.83,0,0.4,-0.26
1,24,9.03,-4.11,-0.83,0,0.4,-0.26
1,24,9.03,-4.11,-0.83,0,0.44,-0.23
1,24,8.94,-4.06,-0.51,0,0.46,-0.2
1,24,8.94,-4.06,-0.51,0,0.46,-0.2
1,24,8.94,-4.06,-0.51,0,0.48,-0.12
1,24,8.65,-4.08,-0.09,0,0.48,-0.07
1,24,8.65,-4.08,-0.09,0,0.48,-0.07
1,24,8.65,-4.08,-0.09,0,0.46,-0.04
1,24,8.9,-3.95,0.05,0,0.45,-0.04
1,24,8.9,-3.95,0.05,0,0.45,-0.04
1,24,8.9,-3.95,0.05,0,0.44,-0.06
1,24,9.04,-4.01,0.13,0,0.43,-0.08
1,24,9.04,-4.01,0.13,0,0.43,-0.08
1,24,9.04,-4.01,0.13,0,0.42,-0.11
1,24,9.54,-3.88,-0.11,0,0.42,-0.12
1,24,9.54,-3.88,-0.11,0,0.42,-0.12
1,24,9.96,-3.77,-0.53,0,0.45,-0.12
1,24,9.96,-3.77,-0.53,0,0.47,-0.12
1,24,9.96,-3.77,-0.53,0,0.47,-0.12
1,24,10.01,-3.75,-0.93,0,0.55,-0.12
1,24,10.01,-3.75,-0.93,0,0.62,-0.1
1,24,10.01,-3.75,-0.93,0,0.69,-0.07
1,24,9.63,-3.96,-0.56,0,0.69,-0.07
1,24,9.63,-3.96,-0.56,0,0.75,-0.04
1,24,9.63,-3.96,-0.56,0,0.76,0
1,24,9,-3.78,0.27,0,0.76,0
1,24,9,-3.78,0.27,0,0.75,0.03
1,24,9,-3.78,0.27,0,0.75,0.03
1,24,8.53,-3.84,0.6,0,0.72,0.03
1,24,8.53,-3.84,0.6,0,0.67,0.05
1,24,8.53,-3.84,0.6,0,0.67,0.05
1,24,8.54,-3.7,0.56,0,0.6,0.07
1,24,8.54,-3.7,0.56,0,0.55,0.1
1,24,8.54,-3.7,0.56,0,0.55,0.1
1,24,8.85,-3.54,0.46,0,0.52,0.1
1,24,8.85,-3.54,0.46,0,0.49,0.06
1,24,8.62,-3.39,0.4,0,0.45,-0.03
1,24,8.62,-3.39,0.4,0,0.45,-0.03
1,24,8.62,-3.39,0.4,0,0.43,-0.14
1,24,9.12,-3.39,-0.23,0,0.43,-0.14
1,24,9.12,-3.39,-0.23,0,0.43,-0.24
1,24,9.12,-3.39,-0.23,0,0.44,-0.28
1,24,9.34,-3.45,-0.62,0,0.44,-0.28
1,24,9.34,-3.45,-0.62,0,0.47,-0.31
1,24,9.34,-3.45,-0.62,0,0.5,-0.3
1,24,9.16,-3.57,-0.55,0,0.5,-0.3
1,24,9.16,-3.57,-0.55,0,0.51,-0.29
1,24,9.16,-3.57,-0.55,0,0.52,-0.28
1,24,8.86,-3.63,-0.37,0,0.52,-0.28
1,24,8.86,-3.63,-0.37,0,0.5,-0.25
1,24,8.86,-3.63,-0.37,0,0.48,-0.25
1,24,8.54,-3.69,-0.24,0,0.48,-0.25
1,24,8.54,-3.69,-0.24,0,0.45,-0.25
1,24,8.54,-3.69,-0.24,0,0.42,-0.27
1,24,8.59,-3.62,-0.27,0,0.42,-0.27
1,24,8.59,-3.62,-0.27,0,0.4,-0.31
1,24,8.71,-3.74,-0.6,0,0.4,-0.36
1,24,8.71,-3.74,-0.6,0,0.4,-0.36
1,24,8.71,-3.74,-0.6,0,0.4,-0.44
1,24,9.17,-3.58,-0.64,0,0.41,-0.49
1,24,9.17,-3.58,-0.64,0,0.41,-0.49
1,24,9.17,-3.58,-0.64,0,0.4,-0.54
1,24,9.5,-3.83,-0.81,0,0.41,-0.56
1,24,9.5,-3.83,-0.81,0,0.41,-0.56
1,24,9.5,-3.83,-0.81,0,0.42,-0.55
1,24,9.51,-3.81,-0.96,0,0.43,-0.54
1,24,9.51,-3.81,-0.96,0,0.43,-0.54
1,24,9.51,-3.81,-0.96,0,0.45,-0.51
1,24,9.48,-3.62,-1.01,0,0.47,-0.49
1,25,9.48,-3.62,-1.01,0,0.47,-0.49
1,25,9.48,-3.62,-1.01,0,0.48,-0.44
1,25,9.16,-3.8,-0.94,0,0.5,-0.42
1,25,9.16,-3.8,-0.94,0,0.53,-0.43
1,25,9.16,-3.8,-0.94,0,0.53,-0.43
1,25,9.18,-3.79,-0.69,0,0.54,-0.42
1,25,9.18,-3.79,-0.69,0,0.54,-0.41
1,25,9.08,-3.77,-0.38,0,0.54,-0.41
1,25,9.08,-3.77,-0.38,0,0.52,-0.38
1,25,9.08,-3.77,-0.38,0,0.46,-0.35
1,25,8.89,-3.78,-0.01,0,0.46,-0.35
1,25,8.89,-3.78,-0.01,0,0.4,-0.32
1,25,8.89,-3.78,-0.01,0,0.35,-0.29
1,25,9.06,-3.81,-0.01,0,0.35,-0.29
1,25,9.06,-3.81,-0.01,0,0.27,-0.26
1,25,9.06,-3.81,-0.01,0,0.23,-0.22
1,25,9.24,-3.83,-0.46,0,0.23,-0.22
1,25,9.24,-3.83,-0.46,0,0.22,-0.2
1,25,9.24,-3.83,-0.46,0,0.25,-0.2
1,25,9.5,-3.85,-1.07,0,0.25,-0.2
1,25,9.5,-3.85,-1.07,0,0.32,-0.27
1,25,9.5,-3.85,-1.07,0,0.41,-0.31
1,25,10.13,-3.88,-1.38,0,0.41,-0.31
1,25,10.13,-3.88,-1.38,0,0.51,-0.33
1,25,10.13,-3.88,-1.38,0,0.56,-0.26
1,25,10.86,-3.49,-0.81,0,0.56,-0.26
1,25,10.86,-3.49,-0.81,0,0.57,-0.17
1,25,10.33,-3.66,-0.37,0,0.56,-0.14
1,25,10.33,-3.66,-0.37,0,0.56,-0.14
1,25,10.33,-3.66,-0.37,0,0.55,-0.16
1,25,9.88,-3.6,-0.13,0,0.54,-0.23
1,25,9.88,-3.6,-0.13,0,0.54,-0.23
1,25,9.88,-3.6,-0.13,0,0.52,-0.32
1,25,9.5,-3.9,-0.03,0,0.49,-0.38
1,25,9.5,-3.9,-0.03,0,0.49,-0.38
1,25,9.5,-3.9,-0.03,0,0.46,-0.38
1,25,9.5,-3.99,-0.16,0,0.42,-0.33
1,25,9.5,-3.99,-0.16,0,0.42,-0.33
1,25,9.5,-3.99,-0.16,0,0.42,-0.22
1,25,9.5,-4.12,-0.41,0,0.43,-0.08
1,25,9.5,-4.12,-0.41,0,0.43,-0.08
1,25,9.5,-4.12,-0.41,0,0.44,0.02
1,25,8.87,-4.19,-0.05,0,0.44,0.01
1,25,8.87,-4.19,-0.05,0,0.44,0.01
1,25,8.53,-4.21,0.32,0,0.43,-0.1
1,25,8.53,-4.21,0.32,0,0.42,-0.21
1,25,8.53,-4.21,0.32,0,0.42,-0.21
1,25,8.83,-4.16,0.36,0,0.36,-0.31
1,25,8.83,-4.16,0.36,0,0.32,-0.38
1,25,8.83,-4.16,0.36,0,0.32,-0.38
1,25,8.88,-4.51,0.22,0,0.27,-0.44
1,25,8.88,-4.51,0.22,0,0.23,-0.48
1,25,8.88,-4.51,0.22,0,0.23,-0.48
1,25,8.39,-4.8,0.02,0,0.18,-0.56
1,25,8.39,-4.8,0.02,0,0.14,-0.63
1,25,8.39,-4.8,0.02,0,0.14,-0.63
1,25,8.89,-4.81,-0.5,0,0.09,-0.66
1,25,8.89,-4.81,-0.5,0,0.07,-0.64
1,25,8.89,-4.81,-0.5,0,0.07,-0.64
1,25,8.55,-5.34,-1.17,0,0.08,-0.58
1,25,8.55,-5.34,-1.17,0,0.1,-0.49
1,25,8.55,-5.34,-1.17,0,0.1,-0.49
1,25,7.66,-5.63,-1.53,0,0.13,-0.42
1,25,7.66,-5.63,-1.53,0,0.17,-0.41
1,25,7.66,-5.63,-1.53,0,0.17,-0.41
1,25,6.94,-5.7,-1.69,0,0.23,-0.42
1,25,6.94,-5.7,-1.69,0,0.28,-0.4
1,25,6.94,-5.7,-1.69,0,0.28,-0.4
1,25,6.98,-6,-1.76,0,0.32,-0.32
1,25,6.98,-6,-1.76,0,0.37,-0.21
1,25,6.9,-6.1,-1.61,0,0.37,-0.21
1,25,6.9,-6.1,-1.61,0,0.43,-0.11
1,25,6.9,-6.1,-1.61,0,0.46,0.01
1,25,6.86,-6.08,-1.06,0,0.46,0.01
1,25,6.86,-6.08,-1.06,0,0.47,0.13
1,25,6.86,-6.08,-1.06,0,0.47,0.22
1,25,6.46,-5.97,-0.65,0,0.47,0.22
1,25,6.46,-5.97,-0.65,0,0.47,0.27
1,25,6.46,-5.97,-0.65,0,0.46,0.27
1,25,6.6,-6.05,-0.26,0,0.46,0.27
1,25,6.6,-6.05,-0.26,0,0.46,0.24
1,25,6.6,-6.05,-0.26,0,0.42,0.23
1,25,7.21,-5.94,0.18,0,0.42,0.23
1,25,7.21,-5.94,0.18,0,0.35,0.19
1,25,7.07,-5.98,0.32,0,0.31,0.14
1,25,7.07,-5.98,0.32,0,0.31,0.14
1,25,7.07,-5.98,0.32,0,0.25,0.01
1,25,7.04,-6.06,0.31,0,0.22,-0.09
1,25,7.04,-6.06,0.31,0,0.22,-0.09
1,25,7.04,-6.06,0.31,0,0.15,-0.22
1,25,7.12,-6.38,-0.11,0,0.12,-0.29
1,25,7.12,-6.38,-0.11,0,0.1,-0.34
1,25,7.12,-6.38,-0.11,0,0.1,-0.34
1,25,7.36,-6.65,-0.51,0,0.1,-0.33
1,25,7.36,-6.65,-0.51,0,0.1,-0.27
1,25,7.36,-6.65,-0.51,0,0.1,-0.27
1,25,7.07,-6.82,-0.5,0,0.09,-0.2
1,25,7.07,-6.82,-0.5,0,0.08,-0.15
1,25,6.81,-6.82,-0.41,0,0.08,-0.15
1,25,6.81,-6.82,-0.41,0,0.06,-0.12
1,25,6.81,-6.82,-0.41,0,0.03,-0.13
1,25,6.68,-6.96,-0.47,0,0.03,-0.13
1,25,6.68,-6.96,-0.47,0,0.01,-0.14
1,25,6.68,-6.96,-0.47,0,-0.01,-0.17
1,25,6.74,-7.1,-0.78,0,-0.01,-0.17
1,25,6.74,-7.1,-0.78,0,-0.02,-0.21
1,25,6.74,-7.1,-0.78,0,0,-0.23
1,25,7.03,-7.18,-1.17,0,0,-0.23
1,25,7.03,-7.18,-1.17,0,0.02,-0.22
1,25,7.03,-7.18,-1.17,0,0.04,-0.2
1,25,7.16,-7.24,-1.3,0,0.04,-0.2
1,25,7.16,-7.24,-1.3,0,0.06,-0.18
1,25,7.16,-7.24,-1.3,0,0.07,-0.16
1,25,7.58,-7.15,-1.02,0,0.07,-0.16
1,25,7.58,-7.15,-1.02,0,0.08,-0.17
1,25,8.11,-7.07,-0.9,0,0.07,-0.17
1,25,8.11,-7.07,-0.9,0,0.07,-0.17
1,25,8.11,-7.07,-0.9,0,0.07,-0.16
1,25,7.81,-7.14,-0.25,0,0.07,-0.14
1,25,7.81,-7.14,-0.25,0,0.07,-0.14
1,25,7.81,-7.14,-0.25,0,0.01,-0.13
1,25,7.07,-6.96,0.6,0,-0.03,-0.15
1,25,7.07,-6.96,0.6,0,-0.03,-0.15
1,25,7.07,-6.96,0.6,0,-0.08,-0.2
1,25,6.3,-7.18,-0.07,0,-0.09,-0.22
1,25,6.3,-7.18,-0.07,0,-0.09,-0.22
1,25,6.3,-7.18,-0.07,0,-0.09,-0.21
1,25,6.23,-7.26,-0.39,0,-0.09,-0.22
1,25,6.23,-7.26,-0.39,0,-0.09,-0.22
1,25,6.23,-7.26,-0.39,0,-0.1,-0.23
1,25,6.68,-7.29,-0.77,0,-0.11,-0.25
1,25,6.68,-7.29,-0.77,0,-0.11,-0.25
1,25,6.68,-7.29,-0.77,0,-0.12,-0.27
1,25,7.7,-7.59,-1.64,0,-0.1,-0.28
1,25,7.7,-7.59,-1.64,0,-0.1,-0.28
1,25,7.65,-7.56,-1.31,0,-0.08,-0.27
1,25,7.65,-7.56,-1.31,0,-0.07,-0.23
1,25,7.65,-7.56,-1.31,0,-0.07,-0.23
1,25,6.34,-7.68,-1.4,0,-0.04,-0.2
1,25,6.34,-7.68,-1.4,0,0.01,-0.23
1,25,6.34,-7.68,-1.4,0,0.01,-0.23
1,25,5.7,-7.75,-1.51,0,0.07,-0.26
1,25,5.7,-7.75,-1.51,0,0.1,-0.24
1,25,5.7,-7.75,-1.51,0,0.1,-0.24
1,25,5.57,-7.65,-1.09,0,0.11,-0.22
1,25,5.57,-7.65,-1.09,0,0.11,-0.19
1,25,5.57,-7.65,-1.09,0,0.11,-0.19
1,25,5.88,-7.59,-1.18,0,0.11,-0.18
1,25,5.88,-7.59,-1.18,0,0.13,-0.18
1,25,5.88,-7.59,-1.18,0,0.13,-0.18
1,25,6.88,-7.36,-1.14,0,0.14,-0.2
1,25,6.88,-7.36,-1.14,0,0.14,-0.2
1,25,6.88,-7.36,-1.14,0,0.16,-0.22
1,25,8.39,-6.8,0.32,0,0.14,-0.25
1,25,8.39,-6.8,0.32,0,0.14,-0.25
1,26,8.39,-6.8,0.32,0,0.07,-0.31
1,26,6.92,-7.64,0.1,0,0.02,-0.34
1,26,6.92,-7.64,0.1,0,0.02,-0.34
1,26,6.92,-7.64,0.1,0,0.03,-0.3
1,26,6.15,-7.54,-2.06,0,0.1,-0.22
1,26,6.15,-7.54,-2.06,0,0.1,-0.22
1,26,6.15,-7.54,-2.06,0,0.15,-0.19
1,26,5.62,-7.36,-0.68,0,0.18,-0.26
1,26,5.62,-7.36,-0.68,0,0.18,-0.26
1,26,5.62,-7.36,-0.68,0,0.14,-0.34
1,26,5.99,-7.18,-0.54,0,0.12,-0.39
1,26,5.99,-7.18,-0.54,0,0.12,-0.39
1,26,6.28,-7.23,-0.78,0,0.11,-0.42
1,26,6.28,-7.23,-0.78,0,0.08,-0.4
1,26,6.28,-7.23,-0.78,0,0.08,-0.4
1,26,6.2,-7.51,-1,0,0.06,-0.35
1,26,6.2,-7.51,-1,0,0.04,-0.31
1,26,6.2,-7.51,-1,0,0.04,-0.31
1,26,6.28,-7.63,-0.65,0,0.02,-0.35
1,26,6.28,-7.63,-0.65,0,0.02,-0.43
1,26,6.28,-7.63,-0.65,0,0.02,-0.43
1,26,5.55,-7.39,0.6,0,-0.02,-0.56
1,26,5.55,-7.39,0.6,0,-0.1,-0.66
1,26,5.55,-7.39,0.6,0,-0.1,-0.66
1,26,5.46,-7.59,-0.15,0,-0.14,-0.73
1,26,5.46,-7.59,-0.15,0,-0.11,-0.72
1,26,5.46,-7.59,-0.15,0,-0.11,-0.72
1,26,6.88,-7.53,-0.63,0,-0.05,-0.66
1,26,6.88,-7.53,-0.63,0,-0.08,-0.56
1,26,6.88,-7.53,-0.63,0,-0.08,-0.56
1,26,7.33,-7.66,-2.06,0,-0.08,-0.41
1,26,7.33,-7.66,-2.06,0,-0.03,-0.31
1,26,7.99,-7.58,-1.85,0,-0.03,-0.31
1,26,7.99,-7.58,-1.85,0,0.03,-0.22
1,26,7.99,-7.58,-1.85,0,0.07,-0.14
1,26,6.2,-6.8,-1.04,0,0.07,-0.14
1,26,6.2,-6.8,-1.04,0,0.06,-0.08
1,26,6.2,-6.8,-1.04,0,0.06,-0.1
1,26,5.69,-7.37,-0.83,0,0.06,-0.1
1,26,5.69,-7.37,-0.83,0,0.05,-0.23
1,26,5.69,-7.37,-0.83,0,0.06,-0.32
1,26,6.15,-7.48,-0.7,0,0.06,-0.32
1,26,6.15,-7.48,-0.7,0,0.08,-0.41
1,26,6.15,-7.48,-0.7,0,0.11,-0.33
1,26,6.07,-7.35,-1.89,0,0.11,-0.33
1,26,6.07,-7.35,-1.89,0,0.15,-0.16
1,26,6.07,-7.35,-1.89,0,0.14,-0.01
1,26,6.12,-7.94,-2.03,0,0.14,-0.01
1,26,6.12,-7.94,-2.03,0,0.16,0.14
1,26,6.12,-7.94,-2.03,0,0.23,0.17
1,26,5.85,-8.41,-1.9,0,0.27,0.11
1,26,5.85,-8.41,-1.9,0,0.27,0.11
1,26,5.74,-8.1,-1.98,0,0.3,0.05
1,26,5.74,-8.1,-1.98,0,0.29,0.07
1,26,5.74,-8.1,-1.98,0,0.29,0.07
1,26,5.61,-8.02,-1.85,0,0.24,0.12
1,26,5.61,-8.02,-1.85,0,0.18,0.09
1,26,5.61,-8.02,-1.85,0,0.18,0.09
1,26,4.55,-8.02,-0.99,0,0.07,-0.01
1,26,4.55,-8.02,-0.99,0,-0.06,-0.13
1,26,4.55,-8.02,-0.99,0,-0.06,-0.13
1,26,4.29,-7.94,-1.31,0,-0.15,-0.2
1,26,4.29,-7.94,-1.31,0,-0.21,-0.24
1,26,4.29,-7.94,-1.31,0,-0.21,-0.24
1,26,4.08,-8.06,-1.27,0,-0.26,-0.27
1,26,4.08,-8.06,-1.27,0,-0.26,-0.32
1,26,4.08,-8.06,-1.27,0,-0.26,-0.32
1,26,3.99,-8.11,-1.13,0,-0.27,-0.34
1,26,3.99,-8.11,-1.13,0,-0.28,-0.34
1,26,3.99,-8.11,-1.13,0,-0.28,-0.34
1,26,4.83,-8.37,-1.42,0,-0.28,-0.28
1,26,4.83,-8.37,-1.42,0,-0.28,-0.28
1,26,4.83,-8.37,-1.42,0,-0.22,-0.13
1,26,6.14,-7.63,-1.86,0,-0.21,0.03
1,26,6.14,-7.63,-1.86,0,-0.24,0.31
1,26,5.18,-6.4,-2.45,0,-0.24,0.31
1,26,5.18,-6.4,-2.45,0,-0.28,0.56
1,26,5.18,-6.4,-2.45,0,-0.28,0.56
1,26,3.06,-6.34,-1.78,0,-0.34,0.75
1,26,3.06,-6.34,-1.78,0,-0.38,0.74
1,26,3.06,-6.34,-1.78,0,-0.38,0.74
1,26,2.3,-6.94,-1.67,0,-0.44,0.6
1,26,2.3,-6.94,-1.67,0,-0.48,0.48
1,26,2.3,-6.94,-1.67,0,-0.48,0.48
1,26,2.78,-7.7,-2.84,0,-0.53,0.39
1,26,2.78,-7.7,-2.84,0,-0.52,0.38
1,26,2.78,-7.7,-2.84,0,-0.52,0.38
1,26,3.03,-8.39,-2.75,0,-0.54,0.47
1,26,3.03,-8.39,-2.75,0,-0.59,0.62
1,26,3.03,-8.39,-2.75,0,-0.59,0.62
1,26,2.04,-8.77,-2.83,0,-0.62,0.75
1,26,2.04,-8.77,-2.83,0,-0.67,0.89
1,26,2.04,-8.77,-2.83,0,-0.67,0.89
1,26,1.19,-8.96,-2.59,0,-0.7,0.97
1,26,1.19,-8.96,-2.59,0,-0.71,0.94
1,26,1.19,-8.96,-2.59,0,-0.71,0.94
1,26,0.26,-9.26,-2.24,0,-0.71,0.83
1,26,0.26,-9.26,-2.24,0,-0.72,0.7
1,26,0.26,-9.26,-2.24,0,-0.72,0.7
1,26,0.08,-9.38,-2.44,0,-0.69,0.65
1,26,0.08,-9.38,-2.44,0,-0.65,0.6
1,26,0.5,-9.67,-2.36,0,-0.65,0.6
1,26,0.5,-9.67,-2.36,0,-0.62,0.61
1,26,0.5,-9.67,-2.36,0,-0.51,0.73
1,26,0.17,-11.55,-2.65,0,-0.51,0.73
1,26,0.17,-11.55,-2.65,0,-0.4,0.87
1,26,0.17,-11.55,-2.65,0,-0.32,0.99
1,26,-0.05,-12.02,-3.07,0,-0.32,0.99
1,26,-0.05,-12.02,-3.07,0,-0.18,1.15
1,26,-0.05,-12.02,-3.07,0,-0.09,1.14
1,26,-1.68,-12.02,-2.39,0,-0.09,1.14
1,26,-1.68,-12.02,-2.39,0,0.04,1.09
1,26,-1.68,-12.02,-2.39,0,0.14,1
1,26,-2.25,-11.11,-2.31,0,0.14,1
1,26,-2.25,-11.11,-2.31,0,0.28,0.88
1,26,-2.25,-11.11,-2.31,0,0.38,0.83
1,26,-1.82,-10.45,-2.17,0,0.38,0.83
1,26,-1.82,-10.45,-2.17,0,0.47,0.83
1,26,-1.65,-10.49,-2.27,0,0.54,0.86
1,26,-1.65,-10.49,-2.27,0,0.54,0.86
1,26,-1.65,-10.49,-2.27,0,0.59,0.91
1,26,-1.24,-11,-2.48,0,0.63,0.96
1,26,-1.24,-11,-2.48,0,0.63,0.96
1,26,-1.24,-11,-2.48,0,0.69,1.02
1,26,-1.13,-11.11,-2.94,0,0.76,1.05
1,26,-1.13,-11.11,-2.94,0,0.76,1.05
1,26,-1.13,-11.11,-2.94,0,0.83,1.08
1,26,-1.6,-10.37,-2.01,0,0.83,1.08
1,26,-1.6,-10.37,-2.01,0,0.83,1.08
1,26,-1.6,-10.37,-2.01,0,0.82,1.06
1,26,-1.66,-10.06,-2.13,0,0.83,1.01
1,26,-1.66,-10.06,-2.13,0,0.83,1.01
1,26,-1.66,-10.06,-2.13,0,0.82,0.91
1,26,-1.32,-9.2,-1.63,0,0.8,0.86
1,26,-1.32,-9.2,-1.63,0,0.8,0.86
1,26,-1.49,-8.7,-1.25,0,0.72,0.83
1,26,-1.49,-8.7,-1.25,0,0.66,0.83
1,26,-1.49,-8.7,-1.25,0,0.61,0.81
1,26,-1.58,-8.47,-1.18,0,0.61,0.81
1,26,-1.58,-8.47,-1.18,0,0.55,0.75
1,26,-1.58,-8.47,-1.18,0,0.49,0.7
1,26,-1.17,-9.18,-1.31,0,0.49,0.7
1,26,-1.17,-9.18,-1.31,0,0.44,0.68
1,26,-1.17,-9.18,-1.31,0,0.37,0.7
1,26,-0.61,-9.57,-1.57,0,0.37,0.7
1,26,-0.61,-9.57,-1.57,0,0.34,0.7
1,26,-0.61,-9.57,-1.57,0,0.31,0.68
1,26,-0.46,-9.41,-1.16,0,0.31,0.68
1,26,-0.46,-9.41,-1.16,0,0.25,0.67
1,26,-0.46,-9.41,-1.16,0,0.18,0.71
1,26,-0.3,-9.39,-1.13,0,0.18,0.71
1,26,-0.3,-9.39,-1.13,0,0.11,0.78
1,26,-0.37,-9.23,-1.05,0,0.04,0.83
1,27,-0.37,-9.23,-1.05,0,0.04,0.83
1,27,-0.37,-9.23,-1.05,0,-0.01,0.86
1,27,-0.8,-9.33,-1,0,-0.04,0.85
1,27,-0.8,-9.33,-1,0,-0.04,0.85
1,27,-0.8,-9.33,-1,0,-0.06,0.81
1,27,-0.56,-9.84,-1.32,0,-0.07,0.77
1,27,-0.56,-9.84,-1.32,0,-0.07,0.77
1,27,-0.56,-9.84,-1.32,0,-0.07,0.82
1,27,0.16,-9.86,-1.49,0,-0.06,0.95
1,27,0.16,-9.86,-1.49,0,-0.06,0.95
1,27,0.16,-9.86,-1.49,0,-0.05,1.03
1,27,-0.56,-9.78,-1.63,0,-0.05,1.03
1,27,-0.56,-9.78,-1.63,0,-0.01,1.07
1,27,-0.56,-9.78,-1.63,0,0,1.08
1,27,-1.11,-9.6,-1.32,0,0.01,1.08
1,27,-1.11,-9.6,-1.32,0,0.01,1.08
1,27,-1.11,-9.6,-1.32,0,0.02,1.09
1,27,-1.76,-9.67,-1.09,0,0.02,1.09
1,27,-1.76,-9.67,-1.09,0,0,1.06
1,27,-1.76,-9.67,-1.09,0,-0.02,1.02
1,27,-2.42,-9.96,-1.04,0,-0.02,1.02
1,27,-2.42,-9.96,-1.04,0,-0.05,0.92
1,27,-2.42,-9.96,-1.04,0,-0.06,0.8
1,27,-2.57,-10.47,-1.24,0,-0.06,0.8
1,27,-2.57,-10.47,-1.24,0,-0.08,0.68
1,27,-2.57,-10.47,-1.24,0,-0.07,0.61
1,27,-2.01,-10.72,-1.32,0,-0.07,0.61
1,27,-2.01,-10.72,-1.32,0,-0.06,0.53
1,27,-1.79,-10.56,-1.59,0,-0.08,0.52
1,27,-1.79,-10.56,-1.59,0,-0.08,0.52
1,27,-1.79,-10.56,-1.59,0,-0.09,0.54
1,27,-1.5,-10.2,-1.72,0,-0.1,0.56
1,27,-1.5,-10.2,-1.72,0,-0.1,0.56
1,27,-1.5,-10.2,-1.72,0,-0.1,0.56
1,27,-1.73,-9.86,-1.66,0,-0.11,0.59
1,27,-1.73,-9.86,-1.66,0,-0.11,0.59
1,27,-1.73,-9.86,-1.66,0,-0.1,0.59
1,27,-2.04,-9.84,-1.65,0,-0.09,0.57
1,27,-2.04,-9.84,-1.65,0,-0.09,0.57
1,27,-2.04,-9.84,-1.65,0,-0.04,0.52
1,27,-1.8,-10.57,-1.82,0,0,0.45
1,27,-1.8,-10.57,-1.82,0,0,0.45
1,27,-1.8,-10.57,-1.82,0,0.04,0.39
1,27,-1.33,-11.19,-2.03,0,0.08,0.38
1,27,-1.33,-11.19,-2.03,0,0.12,0.4
1,27,-1.07,-12.12,-1.95,0,0.12,0.4
1,27,-1.07,-12.12,-1.95,0,0.15,0.42
1,27,-1.07,-12.12,-1.95,0,0.16,0.39
1,27,-1.91,-11.58,-1.66,0,0.16,0.39
1,27,-1.91,-11.58,-1.66,0,0.15,0.34
1,27,-1.91,-11.58,-1.66,0,0.12,0.25
1,27,-3.28,-10.69,-1.19,0,0.12,0.25
1,27,-3.28,-10.69,-1.19,0,0.11,0.11
1,27,-3.28,-10.69,-1.19,0,0.07,0
1,27,-3.79,-9.29,-1.02,0,0.07,0
1,27,-3.79,-9.29,-1.02,0,0.08,-0.07
1,27,-3.79,-9.29,-1.02,0,0.1,-0.09
1,27,-1.44,-9.28,-1.71,0,0.1,-0.09
1,27,-1.44,-9.28,-1.71,0,0.15,-0.09
1,27,-1.44,-9.28,-1.71,0,0.21,-0.03
1,27,-1.33,-9.25,-1.53,0,0.21,-0.03
1,27,-1.33,-9.25,-1.53,0,0.25,0.05
1,27,-1.72,-9.37,-1.63,0,0.31,0.12
1,27,-1.72,-9.37,-1.63,0,0.31,0.12
1,27,-1.72,-9.37,-1.63,0,0.37,0.16
1,27,-1.95,-9.73,-1.4,0,0.4,0.18
1,27,-1.95,-9.73,-1.4,0,0.4,0.18
1,27,-1.95,-9.73,-1.4,0,0.43,0.2
1,27,-2.2,-10.02,-1.15,0,0.45,0.21
1,27,-2.2,-10.02,-1.15,0,0.45,0.21
1,27,-2.2,-10.02,-1.15,0,0.45,0.18
1,27,-2.21,-9.92,-1.16,0,0.45,0.14
1,27,-2.21,-9.92,-1.16,0,0.45,0.14
1,27,-2.21,-9.92,-1.16,0,0.44,0.11
1,27,-2.18,-9.7,-1.25,0,0.44,0.06
1,27,-2.18,-9.7,-1.25,0,0.44,0.06
1,27,-2.18,-9.7,-1.25,0,0.41,0
1,27,-1.89,-9.72,-1.25,0,0.4,-0.04
1,27,-1.89,-9.72,-1.25,0,0.4,-0.04
1,27,-1.41,-9.51,-1.2,0,0.37,-0.09
1,27,-1.41,-9.51,-1.2,0,0.35,-0.09
1,27,-1.41,-9.51,-1.2,0,0.33,-0.08
1,27,-1.27,-9.61,-1.35,0,0.33,-0.08
1,27,-1.27,-9.61,-1.35,0,0.31,-0.04
1,27,-1.27,-9.61,-1.35,0,0.31,-0.01
1,27,-1.11,-9.84,-1.54,0,0.31,-0.01
1,27,-1.11,-9.84,-1.54,0,0.3,-0.01
1,27,-1.11,-9.84,-1.54,0,0.29,-0.01
1,27,-0.56,-10.18,-1.58,0,0.29,-0.01
1,27,-0.56,-10.18,-1.58,0,0.28,0.02
1,27,-0.56,-10.18,-1.58,0,0.27,0.1
1,27,10.71,4.56,7.42,0,0.27,0.1
1,27,10.71,4.56,7.42,0,0.06,0.67
1,27,10.71,4.56,7.42,0,0.28,-0.06
1,27,3.2,-3.9,-0.52,0,0.28,-0.06
1,27,3.2,-3.9,-0.52,0,0.34,0.03
1,27,-0.8,-7.71,1.48,0,0.41,0.18
1,27,-0.8,-7.71,1.48,0,0.41,0.18
1,27,-0.8,-7.71,1.48,0,0.45,0.1
1,27,-0.07,-7.8,0.4,0,0.46,0.1
1,27,-0.07,-7.8,0.4,0,0.46,0.1
1,27,-0.07,-7.8,0.4,0,0.52,0.04
1,27,0.91,-9.4,-1,0,0.53,0.24
1,27,0.91,-9.4,-1,0,0.53,0.24
1,27,0.91,-9.4,-1,0,0.56,0.41
1,27,1.38,-9.94,-1.56,0,0.59,0.67
1,27,1.38,-9.94,-1.56,0,0.59,0.67
1,27,1.38,-9.94,-1.56,0,0.58,0.99
1,27,-0.41,-12.53,-2.64,0,0.7,1.16
1,27,-0.41,-12.53,-2.64,0,0.7,1.16
1,27,-0.41,-12.53,-2.64,0,0.66,1.3
1,27,1.62,-8.71,2.51,0,-0.03,1.32
1,27,1.62,-8.71,2.51,0,-0.03,1.32
1,27,1.62,-8.71,2.51,0,-0.07,0.87
1,27,-6.1,-14.01,5.15,0,0.08,0.55
1,27,-6.1,-14.01,5.15,0,0.08,0.55
1,27,-0.18,-9.34,-0.27,0,-0.04,0.25
1,27,-0.18,-9.34,-0.27,0,-0.03,0.05
1,27,-0.18,-9.34,-0.27,0,-0.03,0.05
1,27,-0.53,-9.61,1.31,0,0.03,-0.11
1,27,-0.53,-9.61,1.31,0,-0.03,-0.26
1,27,-0.53,-9.61,1.31,0,-0.03,-0.26
1,27,-0.23,-10.1,1.04,0,-0.05,-0.34
1,27,-0.23,-10.1,1.04,0,0.01,-0.25
1,27,-0.23,-10.1,1.04,0,-0.01,-0.05
1,27,0.85,-10.16,-0.41,0,-0.01,-0.05
1,27,0.85,-10.16,-0.41,0,-0.01,-0.01
1,27,-0.07,-10.07,-0.17,0,-0.01,-0.01
1,27,-0.07,-10.07,-0.17,0,-0.01,-0.01
1,27,-0.07,-10.07,-0.17,0,0,-0.01
1,27,0.22,-10.18,-0.05,0,0,-0.01
1,27,0.22,-10.18,-0.05,0,0,-0.01
1,27,0.22,-10.18,-0.05,0,-0.01,-0.01
1,27,0.14,-10.1,0.01,0,0,-0.01
1,27,0.14,-10.1,0.01,0,0,-0.01
1,27,0.14,-10.1,0.01,0,0,-0.01
1,27,0.03,-9.96,0.03,0,-0.01,0
1,27,0.03,-9.96,0.03,0,0,-0.01
1,27,0.12,-10.06,-0.13,0,0,-0.01
1,27,0.12,-10.06,-0.13,0,-0.01,-0.01
1,27,0.12,-10.06,-0.13,0,-0.01,-0.01
1,27,-0.01,-9.9,-0.15,0,-0.01,-0.01
1,27,-0.01,-9.9,-0.15,0,-0.01,-0.01
1,27,-0.01,-9.9,-0.15,0,-0.01,0
1,27,-0.06,-10.13,-0.23,0,-0.01,0
1,27,-0.06,-10.13,-0.23,0,0,-0.01
1,27,-0.06,-10.13,-0.23,0,-0.01,0
1,27,0,-10.01,-0.15,0,-0.01,0
1,27,0,-10.01,-0.15,0,-0.01,-0.01
1,27,0,-10.01,-0.15,0,-0.01,-0.01
1,27,-0.07,-10.05,-0.23,0,-0.01,-0.01
1,27,-0.07,-10.05,-0.23,0,0,0
1,27,-0.07,-10.05,-0.23,0,0,-0.01
1,28,0,-9.94,-0.14,0,0,-0.01
1,28,0,-9.94,-0.14,0,0,-0.01
1,28,-0.01,-10.01,-0.12,0,-0.01,-0.01
1,28,-0.01,-10.01,-0.12,0,-0.01,-0.01
1,28,-0.01,-10.01,-0.12,0,-0.01,-0.01
1,28,-0.03,-9.96,-0.07,0,0,-0.01
1,28,-0.03,-9.96,-0.07,0,0,-0.01
1,28,-0.03,-9.96,-0.07,0,0,-0.01
1,28,-0.01,-10.17,-0.24,0,-0.01,-0.01
1,28,-0.01,-10.17,-0.24,0,-0.01,-0.01
1,28,-0.01,-10.17,-0.24,0,-0.01,-0.01
1,28,0.05,-10.04,-0.15,0,0,-0.01
1,28,0.05,-10.04,-0.15,0,0,-0.01
1,28,0.05,-10.04,-0.15,0,-0.01,-0.01
1,28,0,-9.99,-0.15,0,0,0
1,28,0,-9.99,-0.15,0,-0.01,-0.01
1,28,0.04,-10.1,-0.13,0,-0.01,-0.01
1,28,0.04,-10.1,-0.13,0,0,-0.01
1,28,0.04,-10.1,-0.13,0,0,-0.01
1,28,0,-10.01,-0.18,0,0,-0.01
1,28,0,-10.01,-0.18,0,-0.01,-0.01
1,28,0,-10.01,-0.18,0,0,-0.01
1,28,-0.02,-10.11,-0.22,0,0,-0.01
1,28,-0.02,-10.11,-0.22,0,-0.01,-0.01
1,28,-0.02,-10.11,-0.22,0,-0.01,-0.01
1,28,0.02,-10.04,-0.13,0,-0.01,-0.01
1,28,0.02,-10.04,-0.13,0,0,-0.01
1,28,0.02,-10.04,-0.13,0,0,-0.01
1,28,-0.02,-9.99,-0.16,0,0,-0.01
1,28,-0.02,-9.99,-0.16,0,-0.01,-0.01
1,28,-0.02,-9.99,-0.16,0,-0.01,-0.01
1,28,-0.03,-10.04,-0.18,0,-0.01,-0.01
1,28,-0.03,-10.04,-0.18,0,-0.01,-0.01
1,28,-0.03,-10.04,-0.18,0,-0.01,-0.01
1,28,-0.01,-10.07,-0.19,0,-0.01,-0.01
1,28,-0.01,-10.07,-0.19,0,-0.01,-0.01
1,28,-0.01,-10.07,-0.19,0,-0.01,-0.01
1,28,-0.1,-10,-0.13,0,-0.01,-0.01
1,28,-0.1,-10,-0.13,0,-0.01,-0.01
1,28,-0.1,-10,-0.13,0,-0.01,-0.01
1,28,-0.01,-10.05,-0.12,0,0,0
1,28,-0.01,-10.05,-0.12,0,0,-0.01
1,28,-0.01,-10.05,-0.12,0,0,-0.01
1,28,0,-10.03,-0.23,0,-0.01,-0.01
1,28,0,-10.03,-0.23,0,-0.01,-0.01
1,28,0,-10.01,-0.15,0,-0.01,-0.01
1,28,0,-10.01,-0.15,0,-0.01,-0.01
1,28,0,-10.01,-0.15,0,-0.01,-0.01
1,28,0.04,-10.05,-0.15,0,-0.01,-0.01
1,28,0.04,-10.05,-0.15,0,-0.01,-0.01
1,28,0.04,-10.05,-0.15,0,0,-0.01
1,28,-0.01,-10,-0.16,0,0,-0.01
1,28,-0.01,-10,-0.16,0,-0.01,-0.01
1,28,-0.01,-10,-0.16,0,0,-0.01
1,28,-0.01,-10.09,-0.15,0,0,-0.01
1,28,-0.01,-10.09,-0.15,0,-0.01,-0.01
1,28,-0.01,-10.09,-0.15,0,-0.01,-0.01
1,28,0.01,-10.07,-0.13,0,-0.01,-0.01
1,28,0.01,-10.07,-0.13,0,-0.01,-0.01
1,28,0.03,-10.01,-0.18,0,-0.01,-0.01
1,28,0.03,-10.01,-0.18,0,-0.01,-0.01
1,28,0.03,-10.01,-0.18,0,0,-0.01
1,28,-0.04,-10.01,-0.19,0,-0.01,-0.01
1,28,-0.04,-10.01,-0.19,0,-0.01,-0.01
1,28,-0.04,-10.01,-0.19,0,-0.01,-0.01
1,28,0.03,-10.06,-0.18,0,0,-0.01
1,28,0.03,-10.06,-0.18,0,0,-0.01
1,28,0.03,-10.06,-0.18,0,0,-0.01
1,28,-0.08,-10,-0.21,0,0,0
1,28,-0.08,-10,-0.21,0,0,0
1,28,-0.08,-10,-0.21,0,0,0
1,28,0.06,-10.07,-0.24,0,0,-0.01
1,28,0.06,-10.07,-0.24,0,-0.01,-0.01
1,28,0.06,-10.07,-0.24,0,-0.01,-0.01
1,28,-0.05,-10.02,-0.22,0,-0.01,-0.01
1,28,-0.05,-10.02,-0.22,0,-0.01,-0.01
1,28,0.03,-10.09,-0.18,0,-0.01,-0.01
1,28,0.03,-10.09,-0.18,0,0,-0.01
1,28,0.03,-10.09,-0.18,0,-0.01,-0.01
1,28,-0.02,-10.05,-0.17,0,-0.01,-0.01
1,28,-0.02,-10.05,-0.17,0,-0.01,-0.01
1,28,-0.02,-10.05,-0.17,0,-0.01,-0.01
1,28,-0.05,-10.04,-0.17,0,-0.01,-0.01
1,28,-0.05,-10.04,-0.17,0,-0.01,-0.01
1,28,-0.05,-10.04,-0.17,0,0,-0.01
1,28,-0.07,-10.06,-0.09,0,-0.01,-0.01
1,28,-0.07,-10.06,-0.09,0,-0.01,-0.01
1,28,0.01,-10.01,-0.12,0,-0.01,-0.01
1,28,0.01,-10.01,-0.12,0,-0.01,-0.01
1,28,0.01,-10.01,-0.12,0,-0.01,-0.01
1,28,-0.03,-10.03,-0.16,0,0,-0.01
1,28,-0.03,-10.03,-0.16,0,-0.01,-0.01
1,28,-0.03,-10.03,-0.16,0,-0.01,-0.01
1,28,0,-10.05,-0.16,0,0,-0.01
1,28,0,-10.05,-0.16,0,0,-0.01
1,28,0,-10.05,-0.16,0,0,-0.01
1,28,-0.03,-10.02,-0.15,0,-0.01,-0.01
1,28,-0.03,-10.02,-0.15,0,0,-0.01
1,28,-0.03,-10.02,-0.15,0,0,-0.01
1,28,-0.05,-10.07,-0.15,0,-0.01,-0.01
1,28,-0.05,-10.07,-0.15,0,-0.01,-0.01
1,28,0,-10.04,-0.16,0,-0.01,-0.01
1,28,0,-10.04,-0.16,0,0,-0.01
1,28,0,-10.04,-0.16,0,-0.01,-0.01
1,28,-0.02,-10,-0.18,0,0,-0.01
1,28,-0.02,-10,-0.18,0,0,-0.01
1,28,-0.02,-10,-0.18,0,-0.01,-0.01
1,28,-0.02,-10.1,-0.18,0,-0.01,-0.01
1,28,-0.02,-10.1,-0.18,0,-0.01,-0.01
1,28,-0.02,-10.1,-0.18,0,0,-0.01
1,28,0.04,-10.07,-0.13,0,-0.01,-0.01
1,28,0.04,-10.07,-0.13,0,-0.01,-0.01
1,28,0.04,-10.07,-0.13,0,0,-0.01
1,28,-0.01,-10.06,-0.26,0,-0.01,-0.01
1,28,-0.01,-10.06,-0.26,0,-0.01,-0.01
1,28,-0.01,-10.06,-0.26,0,0,-0.01
1,28,-0.02,-10.06,-0.13,0,0,-0.01
1,28,-0.02,-10.06,-0.13,0,0,-0.01
1,28,0,-10.05,-0.17,0,0,-0.01
1,28,0,-10.05,-0.17,0,-0.01,-0.01
1,28,0,-10.05,-0.17,0,-0.01,-0.01
1,28,0,-10.03,-0.17,0,0,-0.01
1,28,0,-10.03,-0.17,0,0,-0.01
1,28,0,-10.03,-0.17,0,-0.01,-0.01
1,28,0.01,-10.02,-0.13,0,0,-0.01
1,28,0.01,-10.02,-0.13,0,0,-0.01
1,28,0.01,-10.02,-0.13,0,-0.01,-0.01
1,28,0.01,-10.02,-0.16,0,-0.01,-0.01
1,28,0.01,-10.02,-0.16,0,-0.01,-0.01
1,28,0.01,-10.02,-0.16,0,0,-0.01
1,28,0,-10.03,-0.16,0,0,-0.01
1,28,0,-10.03,-0.16,0,0,-0.01
1,28,0,-10.03,-0.16,0,0,-0.01
1,28,0,-10.08,-0.15,0,-0.01,-0.01
1,28,0,-10.08,-0.15,0,-0.01,-0.01
1,28,0,-10.08,-0.15,0,0,0
1,28,-0.01,-10.06,-0.2,0,-0.01,-0.01
1,28,-0.01,-10.06,-0.2,0,-0.01,-0.01
1,28,-0.01,-10.06,-0.2,0,-0.01,-0.01
1,28,-0.03,-10.02,-0.14,0,-0.01,-0.01
1,28,-0.03,-10.02,-0.14,0,-0.01,-0.01
1,28,-0.03,-10.02,-0.14,0,-0.01,-0.01
1,28,-0.03,-10.05,-0.12,0,-0.01,-0.01
1,28,-0.03,-10.05,-0.12,0,-0.01,-0.01
1,28,-0.03,-10.05,-0.12,0,0,-0.01
1,28,-0.02,-10.04,-0.18,0,-0.01,-0.01
1,28,-0.02,-10.04,-0.18,0,-0.01,-0.01
1,28,0,-10.02,-0.16,0,-0.01,-0.01
1,28,0,-10.02,-0.16,0,0,-0.01
1,28,0,-10.02,-0.16,0,0,-0.01
1,28,0,-10.05,-0.17,0,-0.01,-0.01
1,28,0,-10.05,-0.17,0,-0.01,-0.01
1,28,0,-10.05,-0.17,0,-0.01,-0.01
1,28,0,-10.07,-0.15,0,-0.01,-0.01
1,29,0,-10.07,-0.15,0,0,-0.01
1,29,0,-10.07,-0.15,0,0,-0.01
1,29,0,-10.03,-0.16,0,-0.01,-0.01
1,29,0,-10.03,-0.16,0,0,-0.01
1,29,0,-10.03,-0.16,0,0,-0.01
1,29,-0.02,-10.01,-0.17,0,0,-0.01
1,29,-0.02,-10.01,-0.17,0,-0.01,-0.01
1,29,-0.02,-10.01,-0.17,0,-0.01,-0.01
1,29,-0.05,-10.06,-0.19,0,-0.01,-0.01
1,29,-0.05,-10.06,-0.19,0,-0.01,-0.01
1,29,-0.05,-10.06,-0.19,0,-0.01,-0.01
1,29,-0.01,-9.99,-0.19,0,0,-0.01
1,29,-0.01,-9.99,-0.19,0,-0.01,0
1,29,0.06,-10,-0.15,0,-0.01,0
1,29,0.06,-10,-0.15,0,-0.01,-0.01
1,29,0.06,-10,-0.15,0,0,-0.01
1,29,0,-10.05,-0.17,0,0,-0.01
1,29,0,-10.05,-0.17,0,-0.01,-0.01
1,29,0,-10.05,-0.17,0,-0.01,-0.01
1,29,0.05,-10.04,-0.18,0,-0.01,-0.01
1,29,0.05,-10.04,-0.18,0,0,-0.01
1,29,0.05,-10.04,-0.18,0,-0.01,-0.01
1,29,-0.08,-10.01,-0.14,0,-0.01,-0.01
1,29,-0.08,-10.01,-0.14,0,0,-0.01
1,29,-0.08,-10.01,-0.14,0,-0.01,-0.01
1,29,0,-10.02,-0.16,0,-0.01,-0.01
1,29,0,-10.02,-0.16,0,0,-0.01
1,29,0,-10.02,-0.16,0,0,-0.01
1,29,-0.02,-10.04,-0.17,0,0,-0.01
1,29,-0.02,-10.04,-0.17,0,-0.01,-0.01
1,29,0.01,-10.06,-0.16,0,0,-0.01
1,29,0.01,-10.06,-0.16,0,0,-0.01
1,29,0.01,-10.06,-0.16,0,-0.01,-0.01
1,29,-0.01,-9.94,-0.13,0,-0.01,-0.01
1,29,-0.01,-9.94,-0.13,0,-0.01,-0.01
1,29,-0.01,-9.94,-0.13,0,-0.01,-0.01
1,29,-0.04,-10.01,-0.16,0,0,-0.01
1,29,-0.04,-10.01,-0.16,0,0,-0.01
1,29,-0.04,-10.01,-0.16,0,-0.01,-0.01
1,29,0.01,-10.05,-0.15,0,-0.01,-0.01
1,29,0.01,-10.05,-0.15,0,-0.01,-0.01
1,29,0.01,-10.05,-0.15,0,-0.01,-0.01
1,29,-0.02,-10.05,-0.12,0,-0.01,-0.01
1,29,-0.02,-10.05,-0.12,0,-0.01,-0.01
1,29,-0.02,-10.05,-0.12,0,0,-0.01
1,29,0,-10.07,-0.15,0,-0.01,-0.01
1,29,0,-10.07,-0.15,0,-0.01,-0.01
1,29,0,-10.07,-0.15,0,0,-0.01
1,29,-0.05,-10,-0.15,0,-0.01,-0.01
1,29,-0.05,-10,-0.15,0,-0.01,-0.01
1,29,-0.01,-10.06,-0.16,0,-0.01,-0.01
1,29,-0.01,-10.06,-0.16,0,-0.01,-0.01
1,29,-0.01,-10.06,-0.16,0,-0.01,-0.01
1,29,0,-10.05,-0.11,0,0,-0.01
1,29,0,-10.05,-0.11,0,0,-0.01
1,29,0,-10.05,-0.11,0,0,-0.01
1,29,-0.01,-10.06,-0.12,0,-0.01,-0.01
1,29,-0.01,-10.06,-0.12,0,0,-0.01
1,29,-0.01,-10.06,-0.12,0,0,-0.01
1,29,0.02,-10.07,-0.19,0,-0.01,-0.01
1,29,0.02,-10.07,-0.19,0,-0.01,-0.01
1,29,0.02,-10.07,-0.19,0,-0.01,-0.01
1,29,-0.02,-10.06,-0.12,0,0,-0.01
1,29,-0.02,-10.06,-0.12,0,-0.01,-0.01
1,29,-0.02,-10.06,-0.12,0,-0.01,-0.01
1,29,-0.01,-10.1,-0.17,0,-0.01,-0.01
1,29,-0.01,-10.1,-0.17,0,0,-0.01
1,29,-0.01,-10.1,-0.17,0,0,-0.01
1,29,-0.02,-10.05,-0.14,0,-0.01,-0.01
1,29,-0.01,-10.01,-0.14,0,-0.01,-0.01
1,29,-0.01,-10.01,-0.14,0,-0.01,-0.01
1,29,-0.01,-10.01,-0.14,0,-0.01,-0.01
1,29,-0.01,-10.02,-0.14,0,-0.01,-0.01
1,29,-0.01,-10.02,-0.14,0,-0.01,-0.01
1,29,-0.01,-10.02,-0.14,0,-0.01,-0.01
1,29,-0.01,-10,-0.17,0,-0.01,-0.01
1,29,-0.01,-10,-0.17,0,-0.01,-0.01
1,29,-0.01,-10,-0.17,0,0,-0.01
1,29,0.05,-10.04,-0.13,0,0,-0.01
1,29,0.05,-10.04,-0.13,0,0,-0.01
1,29,0.05,-10.04,-0.13,0,-0.01,-0.01
1,29,-0.01,-10.05,-0.19,0,-0.01,-0.01
1,29,-0.01,-10.05,-0.19,0,-0.01,-0.01
1,29,-0.02,-10.08,-0.19,0,-0.01,-0.01
1,29,-0.02,-10.08,-0.19,0,0,-0.01
1,29,-0.02,-10.08,-0.19,0,0,-0.01
1,29,-0.03,-10.07,-0.11,0,-0.01,-0.01
1,29,-0.03,-10.07,-0.11,0,-0.01,-0.01
1,29,-0.03,-10.07,-0.11,0,-0.01,-0.01
1,29,0.05,-10.05,-0.18,0,0,-0.01
1,29,0.05,-10.05,-0.18,0,0,-0.01
1,29,0.05,-10.05,-0.18,0,0,-0.01
1,29,0,-10.06,-0.14,0,-0.01,-0.01
1,29,0,-10.06,-0.14,0,0,-0.01
1,29,0,-10.06,-0.14,0,0,-0.01
1,29,0,-9.97,-0.13,0,-0.01,-0.01
1,29,0,-9.97,-0.13,0,-0.01,-0.01
1,29,0,-9.97,-0.13,0,-0.01,-0.01
1,29,-0.02,-10.02,-0.09,0,-0.01,-0.01
1,29,-0.02,-10.02,-0.09,0,-0.01,-0.01
1,29,-0.02,-10.02,-0.09,0,-0.01,-0.01
1,29,-0.02,-10.04,-0.13,0,-0.01,-0.01
1,29,-0.02,-10.04,-0.13,0,-0.01,-0.01
1,29,-0.01,-10.01,-0.21,0,-0.01,-0.01
1,29,-0.01,-10.01,-0.21,0,-0.01,-0.01
1,29,-0.01,-10.01,-0.21,0,0,-0.01
1,29,-0.02,-10.03,-0.15,0,0,-0.01
1,29,-0.02,-10.03,-0.15,0,-0.01,-0.01
1,29,-0.02,-10.03,-0.15,0,-0.01,-0.01
1,29,-0.04,-10.03,-0.2,0,-0.01,-0.01
1,29,-0.04,-10.03,-0.2,0,-0.01,-0.01
1,29,-0.04,-10.03,-0.2,0,-0.01,-0.01
1,29,-0.02,-10.04,-0.15,0,-0.01,-0.01
1,29,-0.02,-10.04,-0.15,0,0,-0.01
1,29,-0.02,-10.04,-0.15,0,-0.01,0
1,29,0.05,-9.98,-0.16,0,-0.01,0
1,29,0.05,-9.98,-0.16,0,0,-0.01
1,29,0.05,-9.98,-0.16,0,-0.01,-0.01
1,29,-0.01,-10.04,-0.16,0,-0.01,-0.01
1,29,-0.01,-10.04,-0.16,0,-0.01,-0.01
1,29,-0.01,-10.04,-0.16,0,0,-0.01
1,29,0.04,-10.09,-0.2,0,0,-0.01
1,29,0.04,-10.09,-0.2,0,-0.01,-0.01
1,29,0.04,-10.09,-0.2,0,-0.01,-0.01
1,29,-0.04,-10.09,-0.11,0,-0.01,-0.01
1,29,-0.04,-10.09,-0.11,0,-0.01,0
1,29,0.09,-10.1,-0.31,0,-0.01,-0.01
1,29,0.09,-10.1,-0.31,0,-0.01,-0.01
1,29,0.09,-10.1,-0.31,0,-0.01,-0.01
1,29,0,-10.07,-0.26,0,-0.01,-0.01
1,29,0,-10.07,-0.26,0,-0.01,-0.01
1,29,0,-10.07,-0.26,0,-0.01,-0.01
1,29,-0.03,-10.07,-0.18,0,0,-0.01
1,29,-0.03,-10.07,-0.18,0,0,-0.01
1,29,-0.03,-10.07,-0.18,0,0,-0.01
1,29,0.05,-9.93,-0.08,0,-0.01,-0.01
1,29,0.05,-9.93,-0.08,0,-0.01,-0.01
1,29,0.05,-9.93,-0.08,0,-0.01,-0.01
1,29,-0.02,-10.02,-0.13,0,-0.01,-0.01
1,29,-0.02,-10.02,-0.13,0,-0.01,-0.01
1,29,-0.02,-10.02,-0.13,0,-0.01,-0.01
1,29,0.01,-10.06,-0.15,0,-0.01,-0.01
1,29,0.01,-10.06,-0.15,0,-0.01,-0.01
1,29,0.01,-10.06,-0.15,0,-0.01,-0.01
1,29,0.01,-9.99,-0.17,0,-0.01,-0.01
1,29,0.01,-9.99,-0.17,0,-0.01,-0.01
1,29,0.01,-9.99,-0.17,0,-0.01,-0.01
1,29,-0.06,-10.09,-0.08,0,-0.01,-0.01
1,29,-0.06,-10.09,-0.08,0,-0.01,-0.01
1,29,-0.06,-10.09,-0.08,0,0,-0.01
1,30,0.07,-10.11,-0.15,0,0,-0.01
1,30,0.07,-10.11,-0.15,0,0,-0.01
1,30,0.04,-9.99,-0.18,0,-0.01,-0.01
1,30,0.04,-9.99,-0.18,0,0,-0.01
1,30,0.04,-9.99,-0.18,0,0,-0.01
1,30,-0.06,-10.06,-0.11,0,0,-0.01
1,30,-0.06,-10.06,-0.11,0,0,-0.01
1,30,-0.06,-10.06,-0.11,0,0,-0.01
1,30,0.09,-9.93,-0.2,0,-0.01,-0.01
1,30,0.09,-9.93,-0.2,0,0,0
1,30,0.09,-9.93,-0.2,0,0,0
1,30,-0.04,-10.09,-0.16,0,0,-0.01
1,30,-0.04,-10.09,-0.16,0,-0.01,-0.01
1,30,-0.04,-10.09,-0.16,0,-0.01,-0.01
1,30,-0.02,-10.05,-0.16,0,0,-0.01
1,30,-0.02,-10.05,-0.16,0,0,0
1,30,0.03,-10.05,-0.16,0,0,0
1,30,0.03,-10.05,-0.16,0,-0.01,-0.01
1,30,0.03,-10.05,-0.16,0,0,-0.01
1,30,-0.01,-10.01,-0.2,0,0,-0.01
1,30,-0.01,-10.01,-0.2,0,-0.01,-0.01
1,30,-0.01,-10.01,-0.2,0,-0.01,0
1,30,0.03,-10.07,-0.13,0,-0.01,0
1,30,0.03,-10.07,-0.13,0,0,-0.01
1,30,0.03,-10.07,-0.13,0,-0.01,-0.01
1,30,0.04,-9.97,-0.15,0,-0.01,-0.01
1,30,0.04,-9.97,-0.15,0,-0.01,-0.01
1,30,0.04,-9.97,-0.15,0,0,-0.01
1,30,0.02,-10,-0.04,0,0,-0.01
1,30,0.02,-10,-0.04,0,-0.01,-0.01
1,30,0.02,-10,-0.04,0,0,-0.01
1,30,-0.06,-10.05,-0.18,0,0,-0.01
1,30,-0.06,-10.05,-0.18,0,-0.01,-0.01
1,30,-0.02,-10.07,-0.18,0,0,-0.01
1,30,-0.02,-10.07,-0.18,0,0,-0.01
1,30,-0.02,-10.07,-0.18,0,0,-0.01
1,30,-0.01,-10.05,-0.23,0,-0.01,-0.01
1,30,-0.01,-10.05,-0.23,0,-0.01,-0.01
1,30,-0.01,-10.05,-0.23,0,-0.01,-0.01
1,30,0.02,-10.06,-0.15,0,0,-0.01
1,30,0.02,-10.06,-0.15,0,0,-0.01
1,30,0.02,-10.06,-0.15,0,0,-0.01
1,30,0.05,-10.05,-0.2,0,-0.01,-0.01
1,30,0.05,-10.05,-0.2,0,-0.01,-0.01
1,30,0.05,-10.05,-0.2,0,-0.01,-0.01
1,30,0.01,-10.07,-0.12,0,0,-0.01
1,30,0.01,-10.07,-0.12,0,-0.01,-0.01
1,30,0.05,-10.03,-0.21,0,-0.01,-0.01
1,30,0.05,-10.03,-0.21,0,0,-0.01
1,30,0.05,-10.03,-0.21,0,-0.01,-0.01
1,30,0.03,-10.03,-0.15,0,-0.01,-0.01
1,30,0.03,-10.03,-0.15,0,0,-0.01
1,30,0.03,-10.03,-0.15,0,0,-0.01
1,30,-0.09,-10,-0.15,0,0,-0.01
1,30,-0.09,-10,-0.15,0,0,-0.01
1,30,-0.09,-10,-0.15,0,0,-0.01
1,30,-0.04,-10.04,-0.13,0,0,-0.01
1,30,-0.04,-10.04,-0.13,0,0,-0.01
1,30,-0.04,-10.04,-0.13,0,0,-0.01
1,30,0.11,-10.05,-0.19,0,0,-0.01
1,30,0.11,-10.05,-0.19,0,0,-0.01
1,30,0.11,-10.05,-0.19,0,0,-0.01
1,30,0.03,-10.01,-0.13,0,0,-0.01
1,30,0.03,-10.01,-0.13,0,0,-0.01
1,30,0.03,-10.01,-0.13,0,0,-0.01
1,30,0.07,-10.03,-0.21,0,0,-0.01
1,30,0.07,-10.03,-0.21,0,-0.01,-0.01
1,30,0.07,-10.03,-0.21,0,-0.01,-0.01
1,30,-0.1,-10.03,-0.12,0,-0.01,-0.01
1,30,-0.1,-10.03,-0.12,0,-0.01,-0.01
1,30,-0.1,-10.03,-0.12,0,-0.01,-0.01
1,30,0.05,-10.04,-0.17,0,-0.01,-0.01
1,30,0.05,-10.04,-0.17,0,0,-0.01
1,30,0.05,-10.04,-0.17,0,0,-0.01
1,30,0,-10.09,-0.14,0,-0.01,0
1,30,0,-10.09,-0.14,0,0,-0.01
1,30,-0.08,-10.04,-0.13,0,0,-0.01
1,30,-0.08,-10.04,-0.13,0,0,-0.01
1,30,-0.08,-10.04,-0.13,0,-0.01,-0.01
1,30,-0.03,-10.03,-0.12,0,-0.01,-0.01
1,30,-0.03,-10.03,-0.12,0,-0.01,-0.01
1,30,-0.03,-10.03,-0.12,0,-0.01,-0.01
1,30,0,-10.01,-0.13,0,-0.01,-0.01
1,30,0,-10.01,-0.13,0,0,0
1,30,0,-10.01,-0.13,0,-0.01,-0.01
1,30,0.02,-10.01,-0.14,0,-0.01,-0.01
1,30,0.02,-10.01,-0.14,0,0,-0.01
1,30,0.02,-10.01,-0.14,0,-0.01,-0.01
1,30,0.06,-10.05,-0.16,0,-0.01,-0.01
1,30,0.06,-10.05,-0.16,0,0,-0.01
1,30,0.06,-10.05,-0.16,0,-0.01,-0.01
1,30,-0.02,-10.04,-0.14,0,-0.01,-0.01
1,30,-0.02,-10.04,-0.14,0,-0.01,-0.01
1,30,-0.02,-10.04,-0.14,0,-0.01,-0.01
1,30,-0.07,-10.09,-0.19,0,-0.01,-0.01
1,30,-0.07,-10.09,-0.19,0,0,-0.01
1,30,-0.03,-10,-0.18,0,-0.01,-0.01
1,30,-0.03,-10,-0.18,0,-0.01,-0.01
1,30,-0.03,-10,-0.18,0,-0.01,-0.01
1,30,-0.05,-10.07,-0.16,0,0,-0.01
1,30,-0.05,-10.07,-0.16,0,0,-0.01
1,30,-0.05,-10.07,-0.16,0,0,-0.01
1,30,-0.02,-10.05,-0.12,0,-0.01,-0.01
1,30,-0.02,-10.05,-0.12,0,-0.01,-0.01
1,30,-0.02,-10.05,-0.12,0,-0.01,-0.01
1,30,-0.02,-10.06,-0.12,0,0,-0.01
1,30,-0.02,-10.06,-0.12,0,-0.01,-0.01
1,30,-0.02,-10.06,-0.12,0,-0.01,-0.01
1,30,0.07,-9.95,-0.11,0,-0.01,-0.01
1,30,0.07,-9.95,-0.11,0,0,-0.01
1,30,0.07,-9.95,-0.11,0,0,-0.01
1,30,-0.07,-10.01,-0.16,0,0,-0.01
1,30,-0.07,-10.01,-0.16,0,-0.01,-0.01
1,30,-0.07,-10.06,-0.17,0,-0.01,-0.01
1,30,-0.07,-10.06,-0.17,0,-0.01,-0.01
1,30,-0.07,-10.06,-0.17,0,-0.01,-0.01
1,30,-0.02,-10.08,-0.26,0,-0.01,-0.01
1,30,-0.02,-10.08,-0.26,0,-0.01,-0.01
1,30,-0.02,-10.08,-0.26,0,-0.01,-0.01
1,30,-0.05,-9.98,-0.13,0,-0.01,-0.01
1,30,-0.05,-9.98,-0.13,0,0,-0.01
1,30,-0.05,-9.98,-0.13,0,0,-0.01
1,30,0.02,-10.01,-0.08,0,0,-0.01
1,30,0.02,-10.01,-0.08,0,0,-0.01
1,30,0.02,-10.01,-0.08,0,-0.01,-0.01
1,30,-0.04,-10.04,-0.12,0,-0.01,-0.01
1,30,-0.04,-10.04,-0.12,0,0,-0.01
1,30,-0.04,-10.04,-0.12,0,-0.01,-0.01
1,30,0.02,-10.04,-0.2,0,-0.01,-0.01
1,30,0.02,-10.04,-0.2,0,-0.01,-0.01
1,30,0.02,-10.04,-0.2,0,-0.01,-0.01
1,30,0.05,-10.09,-0.27,0,-0.01,-0.01
1,30,0.05,-10.09,-0.27,0,0,-0.01
1,30,-0.03,-10.04,-0.22,0,-0.01,-0.01
1,30,-0.03,-10.04,-0.22,0,-0.01,-0.01
1,30,-0.03,-10.04,-0.22,0,-0.01,-0.01
1,30,-0.13,-10.07,-0.22,0,-0.01,-0.01
1,30,-0.13,-10.07,-0.22,0,-0.01,-0.01
1,30,-0.13,-10.07,-0.22,0,0,0
1,30,0.02,-10.04,-0.25,0,-0.01,0
1,30,0.02,-10.04,-0.25,0,-0.01,0
1,30,0.02,-10.04,-0.25,0,-0.01,-0.01
1,30,0.04,-9.99,-0.12,0,0,-0.01
1,30,0.04,-9.99,-0.12,0,0,-0.01
1,30,0.04,-9.99,-0.12,0,-0.01,-0.01
1,30,0.02,-10.03,-0.11,0,-0.01,-0.01
1,30,0.02,-10.03,-0.11,0,-0.01,-0.01
1,30,0.02,-10.03,-0.11,0,-0.01,-0.01
1,30,0.06,-10.04,-0.17,0,-0.01,-0.01
1,30,0.06,-10.04,-0.17,0,-0.01,-0.01
1,30,0.06,-10.04,-0.17,0,-0.01,-0.01
1,30,0.02,-9.98,-0.19,0,-0.01,-0.01
1,30,0.02,-9.98,-0.19,0,-0.01,-0.01
1,30,0.02,-9.98,-0.19,0,-0.01,-0.01
1,31,-0.05,-9.65,-0.19,0,-0.01,-0.01
1,31,-0.05,-9.65,-0.19,0,-0.01,-0.01
1,31,-0.05,-9.65,-0.19,0,-0.01,-0.01
1,31,0.01,-10.17,-0.2,0,-0.01,-0.01
1,31,0.01,-10.17,-0.2,0,0,-0.01
1,31,-0.08,-10.06,-0.16,0,-0.01,-0.01
1,31,-0.08,-10.06,-0.16,0,-0.01,-0.01
1,31,-0.08,-10.06,-0.16,0,-0.01,-0.01
1,31,0,-9.98,-0.19,0,-0.01,-0.01
1,31,0,-9.98,-0.19,0,-0.01,-0.01
1,31,0,-9.98,-0.19,0,-0.01,-0.01
1,31,-0.06,-10.02,-0.19,0,0,-0.01
1,31,-0.06,-10.02,-0.19,0,0,-0.01
1,31,-0.06,-10.02,-0.19,0,-0.01,0
1,31,0,-10.06,-0.12,0,-0.01,-0.01
1,31,0,-10.06,-0.12,0,-0.01,-0.01
1,31,0,-10.06,-0.12,0,-0.01,-0.02
1,31,-0.08,-10.01,-0.09,0,-0.01,-0.01
1,31,-0.08,-10.01,-0.09,0,-0.01,-0.01
1,31,-0.08,-10.01,-0.09,0,-0.01,-0.01
1,31,-0.04,-10.01,-0.18,0,-0.01,0
1,31,-0.04,-10.01,-0.18,0,-0.01,0
1,31,-0.04,-10.01,-0.18,0,0,-0.01
1,31,-0.05,-10.03,-0.18,0,0,-0.01
1,31,-0.05,-10.03,-0.18,0,0,-0.01
1,31,-0.05,-10.03,-0.18,0,-0.01,-0.01
1,31,-0.05,-10.04,-0.2,0,0,-0.01
1,31,-0.05,-10.04,-0.2,0,0,-0.01
1,31,-0.02,-10.06,-0.16,0,0,0
1,31,-0.02,-10.06,-0.16,0,-0.01,-0.01
1,31,-0.02,-10.06,-0.16,0,-0.01,-0.01
1,31,0.04,-10,-0.1,0,-0.01,-0.01
1,31,0.04,-10,-0.1,0,-0.01,-0.01
1,31,0.04,-10,-0.1,0,-0.01,-0.01
1,31,0.04,-10,-0.14,0,-0.01,-0.01
1,31,0.04,-10,-0.14,0,-0.01,-0.01
1,31,0.04,-10,-0.14,0,-0.01,-0.01
1,31,0.01,-10.06,-0.2,0,0,-0.01
1,31,0.01,-10.06,-0.2,0,-0.01,-0.01
1,31,0.01,-10.06,-0.2,0,-0.01,-0.01
1,31,0.04,-10.07,-0.17,0,-0.01,-0.01
1,31,0.04,-10.07,-0.17,0,-0.01,-0.01
1,31,0.04,-10.07,-0.17,0,-0.01,-0.01
1,31,0,-10.06,-0.16,0,-0.01,-0.01
1,31,0,-10.06,-0.16,0,-0.01,-0.01
1,31,0.04,-10.01,-0.15,0,0,-0.01
1,31,0.04,-10.01,-0.15,0,0,-0.01
1,31,0.04,-10.01,-0.15,0,0,-0.01
1,31,-0.06,-9.96,-0.2,0,-0.01,-0.01
1,31,-0.06,-9.96,-0.2,0,-0.01,-0.01
1,31,-0.06,-9.96,-0.2,0,-0.01,-0.01
1,31,0.01,-10.04,-0.12,0,-0.01,0
1,31,0.01,-10.04,-0.12,0,-0.01,0
1,31,0.01,-10.04,-0.12,0,-0.01,-0.01
1,31,0.04,-10,-0.16,0,-0.01,-0.01
1,31,0.04,-10,-0.16,0,-0.01,-0.01
1,31,0.04,-10,-0.16,0,-0.01,-0.01
1,31,-0.05,-10,-0.16,0,-0.01,-0.01
1,31,-0.05,-10,-0.16,0,-0.01,-0.01
1,31,-0.05,-10,-0.16,0,-0.01,-0.01
1,31,0.03,-10.03,-0.19,0,-0.01,-0.01
1,31,0.03,-10.03,-0.19,0,-0.01,-0.01
1,31,-0.05,-10,-0.13,0,0,-0.01
1,31,-0.05,-10,-0.13,0,-0.01,-0.01
1,31,-0.05,-10,-0.13,0,-0.01,-0.01
1,31,0,-9.97,-0.16,0,-0.01,-0.01
1,31,0,-9.97,-0.16,0,0,-0.01
1,31,0,-9.97,-0.16,0,0,-0.01
1,31,-0.03,-10.02,-0.11,0,0,-0.01
1,31,-0.03,-10.02,-0.11,0,-0.01,-0.01
1,31,-0.03,-10.02,-0.11,0,-0.01,-0.01
1,31,0,-10.05,-0.18,0,0,-0.01
1,31,0,-10.05,-0.18,0,-0.01,-0.01
1,31,0,-10.05,-0.18,0,-0.01,-0.01
1,31,-0.01,-10.06,-0.16,0,-0.01,-0.01
1,31,-0.01,-10.06,-0.16,0,-0.01,-0.01
1,31,-0.01,-10.06,-0.16,0,-0.01,-0.01
1,31,0.03,-10.05,-0.19,0,-0.01,-0.01
1,31,0.03,-10.05,-0.19,0,0,-0.01
1,31,0.03,-10.05,-0.19,0,0,-0.01
1,31,0.02,-10.11,-0.21,0,0,-0.01
1,31,0.02,-10.11,-0.21,0,-0.01,-0.01
1,31,0.02,-10.11,-0.21,0,-0.01,-0.01
1,31,-0.01,-9.98,-0.24,0,-0.01,-0.01
1,31,-0.01,-9.98,-0.24,0,-0.01,-0.01
1,31,0,-10.02,-0.18,0,-0.01,-0.01
1,31,0,-10.02,-0.18,0,0,-0.01
1,31,0,-10.02,-0.18,0,0,-0.01
1,31,-0.04,-10.03,-0.11,0,0,-0.01
1,31,-0.04,-10.03,-0.11,0,0,0
1,31,-0.04,-10.03,-0.11,0,0,0
1,31,-0.04,-10.03,-0.15,0,0,-0.01
1,31,-0.04,-10.03,-0.15,0,-0.01,0
1,31,-0.04,-10.03,-0.15,0,-0.01,0
1,31,0.05,-10.06,-0.11,0,0,-0.01
1,31,0.05,-10.06,-0.11,0,-0.01,-0.01
1,31,0.05,-10.06,-0.11,0,-0.01,-0.01
1,31,0.08,-10.03,-0.11,0,-0.01,-0.01
1,31,0.08,-10.03,-0.11,0,0,-0.01
1,31,0.08,-10.03,-0.11,0,0,-0.01
1,31,-0.03,-10.03,-0.13,0,-0.01,-0.01
1,31,-0.03,-10.03,-0.13,0,-0.01,-0.01
1,31,-0.03,-10.03,-0.13,0,-0.01,-0.01
1,31,-0.02,-10.13,-0.23,0,-0.01,0
1,31,-0.02,-10.13,-0.23,0,0,-0.01
1,31,-0.02,-10.13,-0.23,0,0,-0.01
1,31,-0.02,-10,-0.17,0,-0.01,0
1,31,-0.02,-10,-0.17,0,0,-0.01
1,31,-0.02,-10,-0.17,0,0,-0.01
1,31,-0.09,-10.05,-0.13,0,-0.01,-0.01
1,31,-0.09,-10.05,-0.13,0,0,-0.01
1,31,-0.09,-10.05,-0.13,0,0,-0.01
1,31,0.02,-10,-0.17,0,-0.01,-0.01
1,31,0.02,-10,-0.17,0,0,0
1,31,-0.04,-10.03,-0.15,0,0,0
1,31,-0.04,-10.03,-0.15,0,-0.01,-0.01
1,31,-0.04,-10.03,-0.15,0,-0.01,-0.01
1,31,0.08,-10.03,-0.16,0,-0.01,-0.01
1,31,0.08,-10.03,-0.16,0,-0.01,-0.01
1,31,0.08,-10.03,-0.16,0,0,-0.01
1,31,0.04,-10.03,-0.19,0,0,-0.01
1,31,0.04,-10.03,-0.19,0,-0.01,-0.01
1,31,0.04,-10.03,-0.19,0,-0.01,-0.01
1,31,-0.03,-10.04,-0.19,0,-0.01,-0.01
1,31,-0.03,-10.04,-0.19,0,-0.01,-0.01
1,31,-0.03,-10.04,-0.19,0,0,-0.01
1,31,-0.06,-10.06,-0.13,0,0,-0.01
1,31,-0.06,-10.06,-0.13,0,-0.01,-0.01
1,31,-0.06,-10.06,-0.13,0,-0.01,-0.01
1,31,0.03,-10.03,-0.21,0,-0.01,-0.01
1,31,0.03,-10.03,-0.21,0,0,-0.01
1,31,0.03,-10.03,-0.21,0,0,-0.01
1,31,0.02,-10.08,-0.14,0,0,-0.01
1,31,0.02,-10.08,-0.14,0,-0.01,-0.01
1,31,0.03,-10.04,-0.19,0,-0.01,-0.01
1,31,0.03,-10.04,-0.19,0,-0.01,-0.01
1,31,0.03,-10.04,-0.19,0,-0.01,-0.01
1,31,-0.01,-10.07,-0.16,0,0,-0.01
1,31,-0.01,-10.07,-0.16,0,0,-0.01
1,31,-0.01,-10.07,-0.16,0,0,-0.01
1,31,-0.04,-10.05,-0.14,0,-0.01,-0.01
1,31,-0.04,-10.05,-0.14,0,-0.01,-0.01
1,31,-0.04,-10.05,-0.14,0,0,-0.01
1,31,0,-10.01,-0.19,0,0,-0.01
1,31,0,-10.01,-0.19,0,0,-0.01
1,31,0,-10.01,-0.19,0,0,-0.01
1,31,-0.06,-9.98,-0.18,0,0,-0.01
1,31,-0.06,-9.98,-0.18,0,0,-0.01
1,31,-0.06,-9.98,-0.18,0,-0.01,-0.01
1,31,-0.07,-10,-0.16,0,0,-0.01
1,31,-0.07,-10,-0.16,0,0,-0.01
1,31,-0.07,-10,-0.16,0,-0.01,-0.01
1,31,0,-10,-0.2,0,0,-0.01
1,31,0,-10,-0.2,0,0,-0.01
1,32,0,-9.97,-0.13,0,-0.01,-0.01
1,32,0,-9.97,-0.13,0,0,-0.01
1,32,0,-9.97,-0.13,0,0,-0.01
1,32,0.03,-10.03,-0.11,0,0,-0.01
1,32,0.03,-10.03,-0.11,0,-0.01,-0.01
1,32,0.03,-10.03,-0.11,0,-0.01,-0.01
1,32,-0.05,-10.01,-0.15,0,-0.01,-0.01
1,32,-0.05,-10.01,-0.15,0,-0.01,-0.01
1,32,-0.05,-10.01,-0.15,0,-0.01,-0.01
1,32,-0.01,-9.98,-0.18,0,0,-0.01
1,32,-0.01,-9.98,-0.18,0,-0.01,-0.01
1,32,-0.01,-9.98,-0.18,0,-0.01,-0.01
1,32,-0.05,-10.07,-0.26,0,-0.01,-0.01
1,32,-0.05,-10.07,-0.26,0,-0.01,-0.01
1,32,-0.05,-10.07,-0.26,0,-0.01,-0.01
1,32,0.02,-10.02,-0.17,0,-0.01,-0.01
1,32,0.02,-10.02,-0.17,0,-0.01,-0.01
1,32,0.02,-10.02,-0.17,0,-0.01,-0.01
1,32,0,-10.07,-0.11,0,0,-0.01
1,32,0,-10.07,-0.11,0,-0.01,-0.02
1,32,0,-10.07,-0.11,0,-0.01,-0.02
1,32,0,-10.02,-0.21,0,-0.01,-0.01
1,32,0,-10.02,-0.21,0,-0.01,-0.01
1,32,0,-10.02,-0.21,0,0,-0.01
1,32,0.02,-10,-0.18,0,-0.01,-0.01
1,32,0.02,-10,-0.18,0,-0.01,-0.01
1,32,0.02,-10,-0.18,0,0,-0.01
1,32,-0.06,-9.96,-0.14,0,0,-0.01
1,32,-0.06,-9.96,-0.14,0,0,-0.01
1,32,-0.06,-9.96,-0.14,0,0,-0.01
1,32,-0.06,-10.04,-0.15,0,0,-0.01
1,32,-0.06,-10.04,-0.15,0,0,-0.01
1,32,-0.06,-10.04,-0.15,0,-0.01,-0.01
1,32,0.01,-9.96,-0.18,0,-0.01,-0.01
1,32,0.01,-9.96,-0.18,0,-0.01,-0.01
1,32,-0.07,-10.07,-0.13,0,0,-0.01
1,32,-0.07,-10.07,-0.13,0,0,-0.01
1,32,-0.07,-10.07,-0.13,0,0,-0.01
1,32,0.08,-10.04,-0.11,0,0,-0.01
1,32,0.08,-10.04,-0.11,0,-0.01,-0.01
1,32,0.08,-10.04,-0.11,0,-0.01,-0.01
1,32,0.06,-10.07,-0.16,0,-0.01,-0.01
1,32,0.06,-10.07,-0.16,0,-0.01,-0.01
1,32,0.06,-10.07,-0.16,0,-0.01,-0.01
1,32,0.04,-10.1,-0.24,0,0,0
1,32,0.04,-10.1,-0.24,0,0,-0.01
1,32,0.04,-10.1,-0.24,0,0,-0.01
1,32,-0.02,-10.09,-0.13,0,-0.01,-0.01
1,32,-0.02,-10.09,-0.13,0,0,-0.01
1,32,-0.02,-10.09,-0.13,0,0,-0.01
1,32,0.02,-10.08,-0.12,0,-0.01,-0.01
1,32,0.02,-10.08,-0.12,0,-0.01,-0.01
1,32,0.02,-10.08,-0.12,0,-0.01,-0.01
1,32,-0.04,-10.07,-0.12,0,-0.01,-0.01
1,32,-0.04,-10.07,-0.12,0,-0.01,-0.01
1,32,0,-10.06,-0.2,0,-0.01,-0.01
1,32,0,-10.06,-0.2,0,-0.01,-0.01
1,32,0,-10.06,-0.2,0,0,-0.01
1,32,-0.06,-10.06,-0.15,0,0,-0.01
1,32,-0.06,-10.06,-0.15,0,-0.01,-0.01
1,32,-0.06,-10.06,-0.15,0,-0.01,0
1,32,0,-9.98,-0.17,0,-0.01,0
1,32,0,-9.98,-0.17,0,-0.01,-0.01
1,32,0,-9.98,-0.17,0,-0.01,-0.01
1,32,0.02,-10.03,-0.09,0,-0.01,-0.01
1,32,0.02,-10.03,-0.09,0,-0.01,-0.01
1,32,0.02,-10.03,-0.09,0,-0.01,-0.01
1,32,0.02,-10,-0.08,0,-0.01,-0.01
1,32,0.02,-10,-0.08,0,-0.01,-0.01
1,32,0.02,-10,-0.08,0,-0.01,-0.01
1,32,-0.04,-10.03,-0.15,0,-0.01,-0.01
1,32,-0.04,-10.03,-0.15,0,-0.01,-0.01
1,32,-0.04,-10.03,-0.15,0,-0.01,-0.01
1,32,-0.06,-10.07,-0.18,0,-0.01,-0.01
1,32,-0.06,-10.07,-0.18,0,0,0
1,32,-0.06,-10.07,-0.15,0,0,-0.01
1,32,-0.06,-10.07,-0.15,0,0,-0.01
1,32,-0.06,-10.07,-0.15,0,-0.01,-0.01
1,32,-0.02,-9.95,-0.13,0,-0.01,-0.01
1,32,-0.02,-9.95,-0.13,0,-0.01,-0.01
1,32,-0.02,-9.95,-0.13,0,-0.01,-0.01
1,32,-0.04,-10.09,-0.14,0,-0.01,-0.01
1,32,-0.04,-10.09,-0.14,0,-0.01,-0.01
1,32,-0.04,-10.09,-0.14,0,0,-0.01
1,32,0.02,-10.01,-0.12,0,0,-0.01
1,32,0.02,-10.01,-0.12,0,0,-0.01
1,32,0.02,-10.01,-0.12,0,0,-0.01
1,32,-0.03,-10.03,-0.19,0,0,-0.01
1,32,-0.03,-10.03,-0.19,0,0,-0.01
1,32,-0.03,-10.03,-0.19,0,-0.01,-0.01
1,32,0,-10,-0.15,0,0,-0.01
1,32,0,-10,-0.15,0,0,-0.01
1,32,0,-10,-0.15,0,-0.01,-0.01
1,32,0,-10.01,-0.12,0,-0.01,-0.01
1,32,0,-10.01,-0.12,0,-0.01,-0.01
1,32,0.01,-10.02,-0.13,0,0,-0.01
1,32,0.01,-10.02,-0.13,0,0,-0.01
1,32,0.01,-10.02,-0.13,0,0,-0.01
1,32,0.04,-10.03,-0.1,0,-0.01,-0.01
1,32,0.04,-10.03,-0.1,0,-0.01,-0.01
1,32,0.04,-10.03,-0.1,0,-0.01,-0.01
1,32,0,-10.05,-0.17,0,-0.01,-0.01
1,32,0,-10.05,-0.17,0,0,-0.01
1,32,0,-10.05,-0.17,0,0,-0.01
1,32,0.03,-10.06,-0.12,0,-0.01,-0.01
1,32,0.03,-10.06,-0.12,0,-0.01,-0.01
1,32,0.03,-10.06,-0.12,0,-0.01,-0.01
1,32,0.03,-9.99,-0.14,0,-0.01,-0.01
1,32,0.03,-9.99,-0.14,0,0,-0.01
1,32,0.03,-9.99,-0.14,0,0,-0.01
1,32,-0.05,-10.06,-0.16,0,-0.01,-0.01
1,32,-0.05,-10.06,-0.16,0,0,-0.01
1,32,-0.05,-10.06,-0.16,0,0,-0.01
1,32,-0.01,-10.01,-0.17,0,0,-0.01
1,32,-0.01,-10.01,-0.17,0,-0.01,-0.01
1,32,-0.01,-10.01,-0.17,0,-0.01,-0.01
1,32,0,-9.98,-0.24,0,0,-0.01
1,32,0,-9.98,-0.24,0,-0.01,-0.01
1,32,0,-9.98,-0.24,0,-0.01,-0.01
1,32,-0.07,-10.03,-0.12,0,0,-0.01
1,32,-0.07,-10.03,-0.12,0,-0.01,-0.01
1,32,-0.07,-10.03,-0.12,0,-0.01,-0.01
1,32,-0.04,-10.02,-0.12,0,0,0
1,32,-0.04,-10.02,-0.12,0,-0.01,-0.01
1,32,-0.02,-10.07,-0.19,0,-0.01,-0.01
1,32,-0.02,-10.07,-0.19,0,-0.01,-0.01
1,32,-0.02,-10.07,-0.19,0,0,-0.01
1,32,0.04,-10.08,-0.15,0,0,-0.01
1,32,0.04,-10.08,-0.15,0,-0.01,-0.01
1,32,0.04,-10.08,-0.15,0,0,-0.01
1,32,0.04,-10.05,-0.15,0,0,-0.01
1,32,0.04,-10.05,-0.15,0,-0.01,-0.01
1,32,0.04,-10.05,-0.15,0,0,-0.01
1,32,-0.01,-10.03,-0.15,0,0,-0.01
1,32,-0.01,-10.03,-0.15,0,-0.01,-0.01
1,32,-0.01,-10.03,-0.15,0,-0.01,-0.01
1,32,-0.05,-10.02,-0.15,0,-0.01,-0.01
1,32,-0.05,-10.02,-0.15,0,0,-0.01
1,32,0.02,-10.07,-0.16,0,-0.01,-0.01
1,32,0.02,-10.07,-0.16,0,-0.01,-0.01
1,32,0.02,-10.07,-0.16,0,-0.01,-0.01
1,32,0,-10.04,-0.22,0,0,-0.01
1,32,0,-10.04,-0.22,0,0,-0.01
1,32,0,-10.04,-0.22,0,-0.01,-0.01
1,32,-0.03,-10.04,-0.18,0,-0.01,-0.01
1,32,-0.03,-10.04,-0.18,0,-0.01,-0.01
1,32,-0.03,-10.04,-0.18,0,-0.01,-0.01
1,32,0.03,-9.99,-0.12,0,-0.01,-0.01
1,32,0.03,-9.99,-0.12,0,-0.01,-0.01
1,32,0.03,-9.99,-0.12,0,-0.01,-0.01
1,32,-0.03,-10.04,-0.18,0,-0.01,-0.01
1,32,-0.03,-10.04,-0.18,0,-0.01,-0.01
1,32,-0.03,-10.04,-0.18,0,0,-0.01
1,32,-0.09,-10.06,-0.11,0,-0.01,-0.01
1,32,-0.09,-10.06,-0.11,0,-0.01,-0.01
1,33,-0.09,-10.06,-0.11,0,0,-0.01
1,33,0.01,-10.01,-0.15,0,-0.01,-0.01
1,33,0.01,-10.01,-0.15,0,-0.01,-0.01
1,33,0.01,-10.01,-0.15,0,-0.01,-0.01
1,33,0,-10.01,-0.16,0,-0.01,-0.01
1,33,0,-10.01,-0.16,0,-0.01,-0.01
1,33,-0.03,-10.09,-0.12,0,-0.01,-0.01
1,33,-0.03,-10.09,-0.12,0,-0.01,-0.01
1,33,-0.03,-10.09,-0.12,0,-0.01,-0.01
1,33,0,-10.01,-0.19,0,0,-0.01
1,33,0,-10.01,-0.19,0,0,-0.01
1,33,0,-10.01,-0.19,0,0,-0.01
1,33,-0.06,-10.04,-0.13,0,-0.01,-0.01
1,33,-0.06,-10.04,-0.13,0,-0.01,-0.01
1,33,-0.06,-10.04,-0.13,0,-0.01,-0.01
1,33,-0.01,-9.95,-0.23,0,0,-0.01
1,33,-0.01,-9.95,-0.23,0,-0.01,-0.01
1,33,-0.01,-9.95,-0.23,0,-0.01,-0.01
1,33,0.03,-9.96,-0.16,0,0,-0.01
1,33,0.03,-9.96,-0.16,0,0,-0.01
1,33,0.03,-9.96,-0.16,0,0,-0.01
1,33,-0.02,-10.04,-0.12,0,-0.01,-0.01
1,33,-0.02,-10.04,-0.12,0,-0.01,-0.01
1,33,-0.02,-10.04,-0.12,0,-0.01,-0.01
1,33,-0.03,-10.05,-0.17,0,-0.01,-0.01
1,33,-0.03,-10.05,-0.17,0,0,-0.01
1,33,-0.03,-10.05,-0.17,0,0,-0.01
1,33,-0.02,-9.94,-0.22,0,0,-0.01
1,33,-0.02,-9.94,-0.22,0,0,-0.01
1,33,-0.04,-10.07,-0.2,0,0,-0.01
1,33,-0.04,-10.07,-0.2,0,0,-0.01
1,33,-0.04,-10.07,-0.2,0,-0.01,-0.01
1,33,0.04,-7.69,-0.73,0,-0.01,-0.01
1,33,0.04,-7.69,-0.73,0,-0.01,0.02
1,33,0.04,-7.69,-0.73,0,0,-0.02
1,33,-0.05,-9,-0.11,0,0,-0.02
1,33,-0.05,-9,-0.11,0,0,-0.01
1,33,-0.05,-9,-0.11,0,0,-0.01
1,33,-0.09,-11.24,-0.26,0,0,-0.01
1,33,-0.09,-11.24,-0.26,0,-0.01,-0.01
1,33,-0.09,-11.24,-0.26,0,-0.01,-0.01
1,33,0.39,-10.58,-0.67,0,-0.01,-0.01
1,33,0.39,-10.58,-0.67,0,0,-0.01
1,33,0.39,-10.58,-0.67,0,0,-0.01
1,33,-0.03,-10.06,-0.13,0,0,-0.01
1,33,-0.03,-10.06,-0.13,0,-0.01,0
1,33,-0.03,-10.06,-0.13,0,-0.01,0
1,33,-0.1,-9.74,-0.14,0,-0.01,0
1,33,-0.1,-9.74,-0.14,0,-0.01,-0.01
1,33,-0.1,-9.74,-0.14,0,0,-0.01
1,33,0.06,-10.06,-0.29,0,0,-0.01
1,33,0.06,-10.06,-0.29,0,-0.01,-0.01
1,33,-0.06,-9.95,-0.16,0,0,-0.01
1,33,-0.06,-9.95,-0.16,0,0,-0.01
1,33,-0.06,-9.95,-0.16,0,-0.01,-0.01
1,33,0.04,-10.12,-0.18,0,-0.01,-0.01
1,33,0.04,-10.12,-0.18,0,-0.01,-0.01
1,33,0.04,-10.12,-0.18,0,0,-0.01
1,33,0.01,-9.93,-0.09,0,-0.01,-0.01
1,33,0.01,-9.93,-0.09,0,-0.01,-0.01
1,33,0.01,-9.93,-0.09,0,0,-0.01
1,33,0.04,-9.85,-0.17,0,-0.01,-0.01
1,33,0.04,-9.85,-0.17,0,-0.01,-0.01
1,33,0.04,-9.85,-0.17,0,-0.01,-0.01
1,33,0,-10.2,-0.13,0,-0.01,-0.01
1,33,0,-10.2,-0.13,0,-0.01,-0.01
1,33,-0.01,-9.9,-0.27,0,-0.01,-0.01
1,33,-0.01,-9.9,-0.27,0,0,-0.01
1,33,-0.01,-9.9,-0.27,0,0,-0.01
1,33,-0.01,-10.15,-0.11,0,0,0
1,33,-0.01,-10.15,-0.11,0,-0.01,-0.01
1,33,-0.01,-10.15,-0.11,0,-0.01,-0.01
1,33,-0.07,-10.11,-0.26,0,-0.01,-0.01
1,33,-0.07,-10.11,-0.26,0,0,-0.01
1,33,-0.07,-10.11,-0.26,0,-0.01,-0.01
1,33,0,-10.05,-0.19,0,-0.01,-0.01
1,33,0,-10.05,-0.19,0,0,-0.01
1,33,0,-10.05,-0.19,0,-0.01,-0.01
1,33,-0.04,-10.08,-0.18,0,-0.01,-0.01
1,33,-0.04,-10.08,-0.18,0,-0.01,-0.01
1,33,-0.02,-9.99,-0.02,0,-0.01,-0.01
1,33,-0.02,-9.99,-0.02,0,-0.01,-0.01
1,33,-0.02,-9.99,-0.02,0,0,-0.01
1,33,-0.02,-10,-0.15,0,-0.01,-0.01
1,33,-0.02,-10,-0.15,0,-0.01,-0.01
1,33,-0.02,-10,-0.15,0,-0.01,-0.01
1,33,-0.04,-10.14,-0.2,0,-0.01,-0.01
1,33,-0.04,-10.14,-0.2,0,-0.01,-0.01
1,33,-0.04,-10.14,-0.2,0,-0.01,-0.01
1,33,0.01,-10.01,-0.2,0,-0.01,-0.01
1,33,0.01,-10.01,-0.2,0,-0.01,-0.01
1,33,-0.07,-10.08,-0.13,0,-0.01,-0.01
1,33,-0.07,-10.08,-0.13,0,-0.01,-0.01
1,33,-0.07,-10.08,-0.13,0,-0.01,-0.01
1,33,-0.1,-9.96,-0.17,0,-0.01,-0.01
1,33,-0.1,-9.96,-0.17,0,-0.01,-0.01
1,33,-0.1,-9.96,-0.17,0,-0.01,-0.01
1,33,0.05,-10.01,-0.12,0,-0.01,-0.01
1,33,0.05,-10.01,-0.12,0,-0.01,-0.01
1,33,0.05,-10.01,-0.12,0,-0.01,-0.01
1,33,-0.02,-9.98,-0.19,0,-0.01,-0.01
1,33,-0.02,-9.98,-0.19,0,-0.01,-0.01
1,33,-0.02,-9.98,-0.19,0,-0.01,-0.01
1,33,0,-10.08,-0.12,0,0,-0.01
1,33,0,-10.08,-0.12,0,0,-0.01
1,33,-0.03,-10.02,-0.2,0,0,-0.01
1,33,-0.03,-10.02,-0.2,0,-0.01,-0.01
1,33,-0.03,-10.02,-0.2,0,-0.01,-0.01
1,33,0,-10.04,-0.13,0,0,-0.01
1,33,0,-10.04,-0.13,0,-0.01,-0.01
1,33,0,-10.04,-0.13,0,-0.01,-0.01
1,33,-0.05,-9.97,-0.17,0,0,-0.01
1,33,-0.05,-9.97,-0.17,0,-0.01,-0.01
1,33,-0.05,-9.97,-0.17,0,-0.01,-0.01
1,33,-0.06,-10.06,-0.09,0,0,-0.01
1,33,-0.06,-10.06,-0.09,0,0,-0.01
1,33,-0.02,-10.05,-0.13,0,0,-0.01
1,33,-0.02,-10.05,-0.13,0,-0.01,-0.01
1,33,-0.02,-10.05,-0.13,0,0,-0.01
1,33,0.01,-10.02,-0.09,0,0,-0.01
1,33,0.01,-10.02,-0.09,0,-0.01,-0.01
1,33,0.01,-10.02,-0.09,0,0,-0.01
1,33,0.03,-10.04,-0.23,0,0,-0.01
1,33,0.03,-10.04,-0.23,0,-0.01,-0.01
1,33,0.03,-10.04,-0.23,0,0,-0.01
1,33,-0.02,-10.1,-0.11,0,0,-0.01
1,33,-0.02,-10.1,-0.11,0,-0.01,-0.01
1,33,-0.02,-10.1,-0.11,0,0,-0.01
1,33,-0.11,-9.97,-0.16,0,0,-0.01
1,33,-0.11,-9.97,-0.16,0,-0.01,-0.01
1,33,-0.11,-9.97,-0.16,0,-0.01,-0.01
1,33,-0.02,-10.08,-0.23,0,-0.01,-0.01
1,33,-0.02,-10.08,-0.23,0,-0.01,-0.02
1,33,-0.02,-10.08,-0.23,0,-0.01,-0.01
1,33,0,-10.01,-0.21,0,-0.01,-0.01
1,33,0,-10.01,-0.21,0,-0.01,-0.01
1,33,0,-10.01,-0.21,0,-0.01,-0.01
1,33,0,-10,-0.21,0,-0.01,-0.01
1,33,0,-10,-0.21,0,-0.01,-0.01
1,33,-0.06,-9.96,-0.24,0,0,-0.01
1,33,-0.06,-9.96,-0.24,0,0,-0.01
1,33,-0.06,-9.96,-0.24,0,-0.01,-0.01
1,33,0.04,-10.05,-0.2,0,0,0
1,33,0.04,-10.05,-0.2,0,0,0
1,33,0.04,-10.05,-0.2,0,-0.01,0
1,33,0.06,-10.01,-0.06,0,-0.01,-0.01
1,33,0.06,-10.01,-0.06,0,-0.01,-0.01
1,33,0.06,-10.01,-0.06,0,-0.01,-0.01
1,33,-0.07,-10.07,-0.14,0,0,-0.01
1,33,-0.07,-10.07,-0.14,0,0,-0.01
1,33,-0.07,-10.07,-0.14,0,0,-0.01
1,33,-0.07,-9.95,-0.16,0,-0.01,-0.01
1,33,-0.07,-9.95,-0.16,0,0,-0.01
1,34,-0.07,-9.95,-0.16,0,0,-0.01
1,34,-0.04,-10.01,-0.2,0,-0.01,-0.01
1,34,-0.04,-10.01,-0.2,0,0,-0.01
1,34,0.1,-10.09,-0.14,0,0,-0.01
1,34,0.1,-10.09,-0.14,0,0,-0.01
1,34,0.1,-10.09,-0.14,0,-0.01,-0.01
1,34,-0.05,-10.05,-0.13,0,-0.01,-0.01
1,34,-0.05,-10.05,-0.13,0,0,-0.01
1,34,-0.05,-10.05,-0.13,0,-0.01,-0.01
1,34,0.03,-10.04,-0.16,0,-0.01,-0.01
1,34,0.03,-10.04,-0.16,0,0,-0.01
1,34,0.03,-10.04,-0.16,0,-0.01,-0.01
1,34,0.03,-10.04,-0.16,0,-0.01,-0.01
1,34,0.03,-10.04,-0.16,0,0,-0.01
1,34,0.03,-10.04,-0.16,0,-0.01,-0.01
1,34,0.09,-10.03,-0.2,0,-0.01,-0.01
1,34,0.09,-10.03,-0.2,0,0,-0.01
1,34,-0.01,-10.11,-0.14,0,-0.01,-0.01
1,34,-0.01,-10.11,-0.14,0,-0.01,-0.01
1,34,-0.01,-10.11,-0.14,0,-0.01,-0.01
1,34,-0.07,-10.01,-0.17,0,-0.01,-0.01
1,34,-0.07,-10.01,-0.17,0,-0.01,-0.01
1,34,-0.07,-10.01,-0.17,0,-0.01,-0.01
1,34,-0.02,-9.99,-0.2,0,-0.01,-0.01
1,34,-0.02,-9.99,-0.2,0,-0.01,-0.01
1,34,-0.02,-9.99,-0.2,0,-0.01,-0.01
1,34,-0.01,-9.96,-0.14,0,-0.01,-0.01
1,34,-0.01,-9.96,-0.14,0,-0.01,-0.01
1,34,-0.01,-9.96,-0.14,0,-0.01,-0.01
1,34,0.04,-10.09,-0.12,0,-0.01,-0.01
1,34,0.04,-10.09,-0.12,0,0,-0.01
1,34,0.01,-10.01,-0.06,0,0,-0.01
1,34,0.01,-10.01,-0.06,0,-0.01,-0.01
1,34,0.01,-10.01,-0.06,0,-0.01,-0.01
1,34,-0.02,-10.05,-0.19,0,-0.01,-0.01
1,34,-0.02,-10.05,-0.19,0,-0.01,-0.01
1,34,-0.02,-10.05,-0.19,0,0,-0.01
1,34,-0.01,-10.05,-0.21,0,0,-0.01
1,34,-0.01,-10.05,-0.21,0,0,-0.01
1,34,-0.01,-10.05,-0.21,0,0,-0.01
1,34,-0.03,-10,-0.15,0,0,-0.01
1,34,-0.03,-10,-0.15,0,0,-0.01
1,34,-0.03,-10,-0.15,0,0,-0.01
1,34,0,-9.94,-0.11,0,0,-0.01
1,34,0,-9.94,-0.11,0,0,-0.01
1,34,0,-9.94,-0.11,0,-0.01,-0.01
1,34,-0.07,-10.04,-0.1,0,-0.01,-0.01
1,34,-0.07,-10.04,-0.1,0,-0.01,-0.01
1,34,-0.07,-10.04,-0.1,0,0,-0.01
1,34,0.08,-9.98,-0.23,0,0,-0.01
1,34,0.08,-9.98,-0.23,0,0,-0.01
1,34,0.08,-9.98,-0.23,0,-0.01,-0.01
1,34,-0.01,-10.08,-0.2,0,-0.01,-0.01
1,34,-0.01,-10.08,-0.2,0,0,-0.01
1,34,0,-10.04,-0.23,0,-0.01,-0.01
1,34,0,-10.04,-0.23,0,-0.01,-0.01
1,34,0,-10.04,-0.23,0,-0.01,-0.01
1,34,0.02,-10.07,-0.11,0,-0.01,-0.01
1,34,0.02,-10.07,-0.11,0,-0.01,-0.01
1,34,0.02,-10.07,-0.11,0,-0.01,-0.01
1,34,-0.03,-10.03,-0.16,0,-0.01,-0.01
1,34,-0.03,-10.03,-0.16,0,-0.01,-0.01
1,34,-0.03,-10.03,-0.16,0,0,-0.01
1,34,-0.01,-10.01,-0.11,0,-0.01,0
1,34,-0.01,-10.01,-0.11,0,-0.01,0
1,34,-0.01,-10.01,-0.11,0,-0.01,-0.01
1,34,0,-10.04,-0.16,0,-0.01,-0.01
1,34,0,-10.04,-0.16,0,-0.01,-0.01
1,34,0,-10.04,-0.16,0,-0.01,-0.01
1,34,0.01,-10.07,-0.16,0,-0.01,-0.01
1,34,0.01,-10.07,-0.16,0,-0.01,-0.01
1,34,0.06,-10.03,-0.16,0,-0.01,-0.01
1,34,0.06,-10.03,-0.16,0,-0.01,-0.01
1,34,0.06,-10.03,-0.16,0,-0.01,-0.01
1,34,0.02,-10.03,-0.15,0,-0.01,-0.01
1,34,0.02,-10.03,-0.15,0,-0.01,-0.01
1,34,0.02,-10.03,-0.15,0,-0.01,-0.01
1,34,-0.04,-9.96,-0.11,0,-0.01,-0.01
1,34,-0.04,-9.96,-0.11,0,0,-0.01
1,34,-0.04,-9.96,-0.11,0,-0.01,-0.01
1,34,0.01,-10.02,-0.23,0,-0.01,-0.01
1,34,0.01,-10.02,-0.23,0,-0.01,-0.01
1,34,0.01,-10.04,-0.23,0,-0.01,-0.01
1,34,0.01,-10.04,-0.23,0,-0.01,-0.01
1,34,0.01,-10.04,-0.23,0,0,-0.01
1,34,-0.09,-10.04,-0.23,0,0,-0.01
1,34,-0.09,-10.04,-0.23,0,0,-0.01
1,34,-0.09,-10.04,-0.23,0,-0.01,-0.01
1,34,0,-10.06,-0.16,0,0,-0.01
1,34,0,-10.06,-0.16,0,0,-0.01
1,34,0,-10.06,-0.16,0,-0.01,-0.02
1,34,0.02,-10.01,-0.14,0,-0.01,-0.01
1,34,0.02,-10.01,-0.14,0,-0.01,-0.01
1,34,0.02,-10.01,-0.14,0,-0.01,-0.01
1,34,0.03,-10.05,-0.17,0,0,-0.01
1,34,0.03,-10.05,-0.17,0,0,-0.01
1,34,0.03,-10.05,-0.17,0,-0.01,-0.01
1,34,0.02,-10.03,-0.19,0,0,-0.01
1,34,0.02,-10.03,-0.19,0,0,-0.01
1,34,0.02,-10.03,-0.19,0,-0.01,-0.01
1,34,-0.11,-10.05,-0.18,0,0,-0.01
1,34,-0.11,-10.05,-0.18,0,0,-0.01
1,34,-0.11,-10.05,-0.18,0,0,-0.01
1,34,0.02,-10.16,-0.11,0,0,-0.01
1,34,0.02,-10.16,-0.11,0,0,-0.01
1,34,0.08,-10.07,-0.26,0,0,-0.01
1,34,0.08,-10.07,-0.26,0,-0.01,-0.01
1,34,0.08,-10.07,-0.26,0,-0.01,-0.01
1,34,0.01,-10.05,-0.17,0,0,-0.01
1,34,0.01,-10.05,-0.17,0,-0.01,-0.01
1,34,0.01,-10.05,-0.17,0,-0.01,-0.01
1,34,-0.02,-10.04,-0.07,0,0,-0.01
1,34,-0.02,-10.04,-0.07,0,-0.01,-0.01
1,34,-0.02,-10.04,-0.07,0,-0.01,-0.01
1,34,0.04,-10.02,-0.11,0,0,-0.01
1,34,0.04,-10.02,-0.11,0,0,-0.01
1,34,0.04,-10.02,-0.11,0,0,-0.01
1,34,0.02,-10.05,-0.14,0,0,-0.01
1,34,0.02,-10.05,-0.14,0,0,-0.01
1,34,0.02,-10.05,-0.14,0,0,-0.01
1,34,-0.01,-10,-0.2,0,-0.01,-0.01
1,34,-0.01,-10,-0.2,0,-0.01,-0.01
1,34,-0.01,-10,-0.2,0,-0.01,-0.01
1,34,-0.06,-10.06,-0.15,0,-0.01,-0.01
1,34,-0.06,-10.06,-0.15,0,0,-0.01
1,34,-0.09,-10.01,-0.13,0,0,-0.01
1,34,-0.09,-10.01,-0.13,0,-0.01,-0.01
1,34,-0.09,-10.01,-0.13,0,-0.01,-0.01
1,34,0.03,-10.03,-0.19,0,-0.01,-0.01
1,34,0.03,-10.03,-0.19,0,0,-0.01
1,34,0.03,-10.03,-0.19,0,0,0
1,34,-0.02,-10.1,-0.13,0,0,0
1,34,-0.02,-10.1,-0.13,0,-0.01,-0.01
1,34,-0.02,-10.1,-0.13,0,-0.01,-0.01
1,34,0.05,-10.04,-0.12,0,-0.01,-0.01
1,34,0.05,-10.04,-0.12,0,-0.01,-0.01
1,34,0.05,-10.04,-0.12,0,-0.01,-0.01
1,34,0,-9.99,-0.18,0,-0.01,-0.01
1,34,0,-9.99,-0.18,0,-0.01,-0.01
1,34,0,-9.99,-0.18,0,-0.01,-0.01
1,34,-0.02,-10.06,-0.17,0,0,-0.01
1,34,-0.02,-10.06,-0.17,0,0,0
1,34,-0.02,-10.06,-0.17,0,0,0
1,34,0.03,-10.07,-0.19,0,0,-0.01
1,34,0.03,-10.07,-0.19,0,0,-0.01
1,34,0.03,-10.07,-0.19,0,0,-0.01
1,34,-0.05,-10.04,-0.16,0,-0.01,-0.01
1,34,-0.05,-10.04,-0.16,0,-0.01,-0.01
1,34,-0.05,-10.04,-0.16,0,-0.01,-0.01
1,34,-0.01,-10.06,-0.2,0,-0.01,-0.01
1,34,-0.01,-10.06,-0.2,0,0,-0.01
1,34,-0.01,-10.06,-0.2,0,0,-0.01
1,34,0,-10.06,-0.18,0,0,-0.01
1,34,0,-10.06,-0.18,0,-0.01,-0.01
1,35,0,-10.03,-0.17,0,-0.01,-0.01
1,35,0,-10.03,-0.17,0,0,-0.01
1,35,0,-10.03,-0.17,0,-0.01,-0.01
1,35,-0.02,-10.09,-0.12,0,-0.01,-0.01
1,35,-0.02,-10.09,-0.12,0,-0.01,-0.01
1,35,-0.02,-10.09,-0.12,0,-0.01,-0.01
1,35,-0.05,-10.03,-0.12,0,-0.01,-0.01
1,35,-0.05,-10.03,-0.12,0,-0.01,-0.01
1,35,-0.05,-10.03,-0.12,0,0,-0.01
1,35,0,-10.05,-0.16,0,0,-0.01
1,35,0,-10.05,-0.16,0,-0.01,-0.01
1,35,0,-10.05,-0.16,0,0,-0.01
1,35,-0.03,-10.02,-0.19,0,0,-0.01
1,35,-0.03,-10.02,-0.19,0,0,-0.01
1,35,-0.03,-10.02,-0.19,0,0,-0.01
1,35,-0.04,-10.07,-0.1,0,0,-0.01
1,35,-0.04,-10.07,-0.1,0,0,-0.01
1,35,-0.04,-10.07,-0.1,0,0,-0.01
1,35,-0.02,-10.02,-0.1,0,0,-0.01
1,35,-0.02,-10.02,-0.1,0,-0.01,-0.01
1,35,0.02,-10.02,-0.1,0,0,-0.01
1,35,0.02,-10.02,-0.1,0,0,-0.01
1,35,0.02,-10.02,-0.1,0,-0.01,-0.01
1,35,-0.04,-10.05,-0.15,0,-0.01,0
1,35,-0.04,-10.05,-0.15,0,-0.01,0
1,35,-0.04,-10.05,-0.15,0,0,-0.01
1,35,0.01,-9.99,-0.17,0,0,-0.01
1,35,0.01,-9.99,-0.17,0,0,-0.01
1,35,0.01,-9.99,-0.17,0,-0.01,-0.01
1,35,-0.03,-9.96,-0.13,0,-0.01,-0.01
1,35,-0.03,-9.96,-0.13,0,-0.01,-0.01
1,35,-0.03,-9.96,-0.13,0,0,-0.01
1,35,0,-10.04,-0.2,0,-0.01,0
1,35,0,-10.04,-0.2,0,-0.01,0
1,35,0,-10.04,-0.2,0,0,-0.01
1,35,0.02,-10.04,-0.2,0,0,-0.01
1,35,0.02,-10.04,-0.2,0,0,-0.01
1,35,0.02,-10.04,-0.2,0,-0.01,-0.01
1,35,-0.03,-9.95,-0.08,0,-0.01,-0.01
1,35,0.08,-10.05,-0.2,0,-0.01,-0.01
1,35,0.1,-9.98,-0.17,0,0,-0.01
1,35,-0.03,-10,-0.17,0,0,-0.01
1,35,-0.02,-9.89,-0.1,0,-0.01,-0.01
1,36,0.08,-10.07,-0.06,0,0,-0.01
1,36,0.03,-10.08,-0.12,0,-0.01,-0.01
1,36,0.03,-10.08,-0.12,0,-0.01,-0.01
1,36,0.03,-10.08,-0.12,0,-0.01,-0.01
1,36,0.02,-10,-0.22,0,-0.01,-0.01
1,36,0.02,-10,-0.22,0,-0.01,-0.01
1,36,0.02,-10,-0.22,0,-0.01,-0.01
1,36,-0.03,-9.98,-0.29,0,0,-0.01
1,36,-0.03,-9.98,-0.29,0,0,-0.01
1,36,-0.03,-9.98,-0.29,0,0,-0.01
1,36,-0.02,-10.06,-0.2,0,-0.01,-0.01
1,36,-0.02,-10.06,-0.2,0,-0.01,-0.01
1,36,-0.02,-10.06,-0.2,0,0,-0.01
1,36,-0.02,-10.07,-0.11,0,-0.01,-0.01
1,36,-0.02,-10.07,-0.11,0,-0.01,-0.01
1,36,-0.02,-10.07,-0.11,0,-0.01,-0.01
1,36,0.08,-10.02,-0.2,0,-0.01,-0.02
1,36,0.08,-10.02,-0.2,0,-0.01,-0.02
1,36,0.05,-10.02,-0.08,0,0,-0.01
1,36,0.05,-10.02,-0.08,0,0,-0.01
1,36,0.05,-10.02,-0.08,0,0,-0.01
1,36,0.03,-10.03,-0.14,0,-0.01,-0.01
1,36,0.03,-10.03,-0.14,0,0,-0.01
1,36,0.03,-10.03,-0.14,0,0,-0.01
1,36,0.01,-10.04,-0.1,0,-0.01,-0.01
1,36,0.01,-10.04,-0.1,0,-0.01,-0.01
1,36,0.01,-10.04,-0.1,0,-0.01,-0.01
1,36,-0.08,-9.98,-0.22,0,0,-0.01
1,36,-0.08,-9.98,-0.22,0,0,-0.01
1,36,-0.08,-9.98,-0.22,0,-0.01,-0.01
1,36,-0.02,-10,-0.2,0,-0.01,-0.01
1,36,-0.02,-10,-0.2,0,-0.01,-0.01
1,36,-0.02,-10,-0.2,0,0,-0.01
1,36,-0.02,-9.99,-0.11,0,0,-0.01
1,36,-0.02,-9.99,-0.11,0,0,-0.01
1,36,-0.02,-9.99,-0.11,0,0,-0.01
1,36,-0.01,-10.03,-0.11,0,-0.01,-0.01
1,36,-0.01,-10.03,-0.11,0,-0.01,-0.01
1,36,-0.01,-10.03,-0.11,0,0,-0.01
1,36,0.09,-10.02,-0.16,0,-0.01,-0.01
1,36,0.09,-10.02,-0.16,0,-0.01,-0.01
1,36,0.09,-10.02,-0.16,0,-0.01,-0.01
1,36,0.15,-10.06,-0.13,0,-0.01,-0.01
1,36,0.15,-10.06,-0.13,0,-0.01,-0.01
1,36,0.15,-10.06,-0.13,0,0,-0.01
1,36,-0.01,-10.05,-0.22,0,0,-0.01
1,36,-0.01,-10.05,-0.22,0,0,-0.01
1,36,-0.01,-10.05,-0.22,0,-0.01,-0.01
1,36,-0.11,-10,-0.14,0,0,-0.01
1,36,-0.11,-10,-0.14,0,0,-0.01
1,36,-0.11,-10.05,-0.22,0,-0.01,-0.01
1,36,-0.11,-10.05,-0.22,0,0,-0.01
1,36,-0.11,-10.05,-0.22,0,0,-0.01
1,36,-0.06,-10,-0.17,0,-0.01,-0.01
1,36,-0.06,-10,-0.17,0,-0.01,-0.01
1,36,-0.06,-10,-0.17,0,-0.01,-0.01
1,36,-0.04,-10.07,-0.15,0,0,-0.02
1,36,-0.04,-10.07,-0.15,0,0,-0.01
1,36,-0.04,-10.07,-0.15,0,0,-0.01
1,36,0.06,-10.04,-0.11,0,-0.01,-0.01
1,36,0.06,-10.04,-0.11,0,0,-0.01
1,36,0.06,-10.04,-0.11,0,0,-0.01
1,36,0.02,-10,-0.17,0,-0.01,-0.01
1,36,0.02,-10,-0.17,0,-0.01,-0.01
1,36,0.02,-10,-0.17,0,-0.01,-0.01
1,36,0.04,-10.01,-0.16,0,0,-0.01
1,36,0.04,-10.01,-0.16,0,0,-0.01
1,36,0.04,-10.01,-0.16,0,0,-0.01
1,36,-0.07,-10.02,-0.18,0,-0.01,-0.01
1,36,-0.07,-10.02,-0.18,0,0,-0.01
1,36,-0.06,-9.96,-0.14,0,0,-0.01
1,36,-0.06,-9.96,-0.14,0,0,-0.01
1,36,-0.06,-9.96,-0.14,0,-0.01,-0.01
1,36,-0.03,-10.06,-0.18,0,-0.01,-0.01
1,36,-0.03,-10.06,-0.18,0,-0.01,-0.01
1,36,-0.03,-10.06,-0.18,0,-0.01,-0.01
1,36,0.01,-10.02,-0.18,0,-0.01,-0.01
1,36,0.01,-10.02,-0.18,0,-0.01,-0.01
1,36,0.01,-10.02,-0.18,0,-0.01,-0.01
1,36,-0.04,-10.07,-0.14,0,-0.01,-0.01
1,36,-0.04,-10.07,-0.14,0,0,-0.01
1,36,-0.04,-10.07,-0.14,0,-0.01,-0.01
1,36,0.05,-10.01,-0.15,0,-0.01,-0.01
1,36,0.05,-10.01,-0.15,0,-0.01,-0.01
1,36,0.05,-10.01,-0.15,0,-0.01,-0.01
1,36,-0.01,-10,-0.21,0,-0.01,-0.01
1,36,-0.01,-10,-0.21,0,-0.01,-0.01
1,36,0.01,-10,-0.21,0,-0.01,-0.01
1,36,0.01,-10,-0.21,0,-0.01,-0.01
1,36,0.01,-10,-0.21,0,-0.01,-0.01
1,36,-0.07,-9.98,-0.16,0,0,-0.01
1,36,-0.07,-9.98,-0.16,0,0,-0.01
1,36,-0.07,-9.98,-0.16,0,0,-0.01
1,36,-0.02,-10.04,-0.11,0,0,-0.01
1,36,-0.02,-10.04,-0.11,0,-0.01,-0.01
1,36,-0.02,-10.04,-0.11,0,-0.01,-0.01
1,36,0.03,-9.98,-0.17,0,0,-0.01
1,36,0.03,-9.98,-0.17,0,-0.01,-0.01
1,36,0.03,-9.98,-0.17,0,-0.01,-0.01
1,36,0.11,-10.05,-0.14,0,-0.01,-0.01
1,36,0.11,-10.05,-0.14,0,-0.01,-0.01
1,36,0.11,-10.05,-0.14,0,-0.01,-0.01
1,36,0.01,-10,-0.19,0,0,-0.01
1,36,0.01,-10,-0.19,0,0,-0.01
1,36,0,-10.05,-0.11,0,0,-0.01
1,36,0,-10.05,-0.11,0,-0.01,-0.01
1,36,0,-10.05,-0.11,0,-0.01,-0.01
1,36,-0.03,-10,-0.16,0,-0.01,-0.01
1,36,-0.03,-10,-0.16,0,-0.01,-0.01
1,36,-0.03,-10,-0.16,0,-0.01,-0.01
1,36,0.01,-10.01,-0.17,0,-0.01,-0.01
1,36,0.01,-10.01,-0.17,0,-0.01,-0.01
1,36,0.01,-10.01,-0.17,0,-0.01,-0.01
1,36,-0.01,-9.97,-0.22,0,0,-0.01
1,36,-0.01,-9.97,-0.22,0,0,-0.01
1,36,-0.01,-9.97,-0.22,0,0,-0.01
1,36,0,-10.06,-0.15,0,0,-0.01
1,36,0,-10.06,-0.15,0,0,-0.01
1,36,0,-10.06,-0.15,0,0,-0.01
1,36,0.01,-10,-0.18,0,0,-0.01
1,36,0.01,-10,-0.18,0,0,0
1,36,0.01,-10,-0.18,0,0,0
1,36,0.06,-10.04,-0.14,0,0,-0.01
1,36,0.06,-10.04,-0.14,0,-0.01,-0.01
1,36,0.06,-10.04,-0.14,0,0,-0.01
1,36,0,-10.03,-0.15,0,0,-0.01
1,37,0,-10.03,-0.15,0,-0.01,-0.01
1,37,0,-9.99,-0.09,0,-0.01,-0.01
1,37,0,-9.99,-0.09,0,-0.01,-0.01
1,37,0,-9.99,-0.09,0,-0.01,-0.01
1,37,0,-10.04,-0.17,0,0,-0.01
1,37,0,-10.04,-0.17,0,0,-0.01
1,37,0,-10.04,-0.17,0,0,-0.01
1,37,-0.04,-10.04,-0.22,0,-0.01,-0.01
1,37,-0.04,-10.04,-0.22,0,-0.01,-0.01
1,37,-0.04,-10.04,-0.22,0,0,-0.01
1,37,-0.09,-9.98,-0.19,0,-0.01,0
1,37,-0.09,-9.98,-0.19,0,-0.01,0
1,37,-0.09,-9.98,-0.19,0,-0.01,-0.01
1,37,-0.03,-10.08,-0.11,0,-0.01,-0.01
1,37,-0.03,-10.08,-0.11,0,-0.01,-0.01
1,37,-0.03,-10.08,-0.11,0,0,-0.01
1,37,-0.05,-10.07,-0.15,0,-0.01,-0.01
1,37,-0.05,-10.07,-0.15,0,-0.01,-0.01
1,37,-0.05,-10.07,-0.15,0,0,-0.01
1,37,0.06,-10.08,-0.22,0,0,-0.01
1,37,0.06,-10.08,-0.22,0,0,-0.01
1,37,0,-10.04,-0.09,0,-0.01,-0.01
1,37,0,-10.04,-0.09,0,-0.01,-0.01
1,37,0,-10.04,-0.09,0,-0.01,-0.01
1,37,-0.05,-10.02,-0.11,0,0,-0.01
1,37,-0.05,-10.02,-0.11,0,-0.01,-0.01
1,37,-0.05,-10.02,-0.11,0,-0.01,-0.01
1,37,-0.02,-10.04,-0.18,0,-0.01,0
1,37,-0.02,-10.04,-0.18,0,-0.01,-0.01
1,37,-0.02,-10.04,-0.18,0,-0.01,-0.01
1,37,0.08,-10.03,-0.21,0,0,-0.01
1,37,0.08,-10.03,-0.21,0,-0.01,-0.01
1,37,0.08,-10.03,-0.21,0,-0.01,-0.01
1,37,-0.07,-10.02,-0.14,0,-0.01,-0.01
1,37,-0.07,-10.02,-0.14,0,-0.01,-0.01
1,37,-0.07,-10.02,-0.14,0,-0.01,-0.01
1,37,0,-10.07,-0.14,0,-0.01,-0.01
1,37,0,-10.07,-0.14,0,-0.01,-0.01
1,37,0.01,-9.99,-0.14,0,-0.01,-0.01
1,37,0.01,-9.99,-0.14,0,0,-0.01
1,37,0.01,-9.99,-0.14,0,0,-0.01
1,37,0.05,-10.04,-0.21,0,0,-0.01
1,37,0.05,-10.04,-0.21,0,-0.01,-0.01
1,37,0.05,-10.04,-0.21,0,-0.01,-0.01
1,37,-0.02,-10.01,-0.13,0,-0.01,-0.01
1,37,-0.02,-10.01,-0.13,0,-0.01,-0.01
1,37,-0.02,-10.01,-0.13,0,-0.01,-0.01
1,37,-0.06,-10.04,-0.15,0,-0.01,-0.01
1,37,-0.06,-10.04,-0.15,0,-0.01,-0.01
1,37,-0.06,-10.04,-0.15,0,0,0
1,37,-0.01,-10.02,-0.2,0,0,0
1,37,-0.01,-10.02,-0.2,0,-0.01,-0.01
1,37,-0.01,-10.02,-0.2,0,-0.01,-0.01
1,37,-0.02,-10.06,-0.17,0,-0.01,-0.01
1,37,-0.02,-10.06,-0.17,0,0,-0.01
1,37,-0.02,-10.06,-0.17,0,0,-0.01
1,37,-0.01,-10.05,-0.17,0,0,-0.01
1,37,-0.01,-10.05,-0.17,0,0,-0.01
1,37,-0.01,-10.05,-0.17,0,0,-0.01
1,37,0,-10.05,-0.12,0,0,-0.01
1,37,0,-10.05,-0.12,0,-0.01,-0.01
1,37,0,-10.05,-0.12,0,-0.01,-0.01
1,37,0.03,-10.03,-0.16,0,-0.01,-0.02
1,37,0.03,-10.03,-0.16,0,-0.01,-0.01
1,37,0.03,-10.03,-0.16,0,-0.01,-0.01
1,37,-0.01,-10.07,-0.15,0,-0.01,-0.01
1,37,-0.01,-10.07,-0.15,0,-0.01,-0.01
1,37,-0.01,-10.07,-0.15,0,-0.01,-0.01
1,37,-0.04,-10.04,-0.11,0,0,-0.01
1,37,-0.04,-10.04,-0.11,0,-0.01,-0.01
1,37,-0.04,-10.04,-0.11,0,-0.01,-0.01
1,37,-0.08,-10.04,-0.14,0,-0.01,-0.01
1,37,-0.08,-10.04,-0.14,0,-0.01,-0.01
1,37,-0.08,-10.04,-0.14,0,-0.01,-0.01
1,37,-0.01,-9.99,-0.16,0,-0.01,-0.01
1,37,-0.01,-9.99,-0.16,0,-0.01,-0.01
1,37,-0.02,-10.05,-0.21,0,-0.01,-0.01
1,37,-0.02,-10.05,-0.21,0,-0.01,-0.01
1,37,-0.02,-10.05,-0.21,0,-0.01,-0.01
1,37,-0.03,-10.08,-0.23,0,-0.01,-0.01
1,37,-0.03,-10.08,-0.23,0,0,0
1,37,-0.03,-10.08,-0.23,0,-0.01,-0.01
1,37,0.06,-10.06,-0.15,0,-0.01,-0.01
1,37,0.06,-10.06,-0.15,0,-0.01,-0.01
1,37,0.06,-10.06,-0.15,0,-0.01,-0.01
1,37,-0.01,-9.99,-0.12,0,-0.01,-0.01
1,37,-0.01,-9.99,-0.12,0,-0.01,-0.01
1,37,-0.01,-9.99,-0.12,0,0,-0.01
1,37,0.01,-10.01,-0.12,0,0,-0.01
1,37,0.01,-10.01,-0.12,0,-0.01,-0.01
1,37,0.01,-10.01,-0.12,0,0,-0.01
1,37,-0.06,-10.04,-0.15,0,0,-0.01
1,37,-0.06,-10.04,-0.15,0,-0.01,-0.01
1,37,-0.06,-10.04,-0.15,0,-0.01,-0.01
1,37,-0.02,-10.01,-0.15,0,-0.01,-0.01
1,37,-0.02,-10.01,-0.15,0,-0.01,-0.01
1,37,0.03,-10.04,-0.15,0,-0.01,-0.01
1,37,0.03,-10.04,-0.15,0,-0.01,-0.01
1,37,0.03,-10.04,-0.15,0,-0.01,-0.01
1,37,0,-10.05,-0.14,0,0,-0.01
1,37,0,-10.05,-0.14,0,0,-0.01
1,37,0,-10.05,-0.14,0,-0.01,-0.01
1,37,0,-10.02,-0.2,0,0,-0.01
1,37,0,-10.02,-0.2,0,0,-0.01
1,37,0,-10.02,-0.2,0,-0.01,-0.01
1,37,-0.02,-9.98,-0.12,0,-0.01,-0.01
1,37,-0.02,-9.98,-0.12,0,-0.01,-0.01
1,37,-0.02,-9.98,-0.12,0,-0.01,-0.01
1,37,0.01,-10.05,-0.16,0,-0.01,-0.01
1,37,0.01,-10.05,-0.16,0,-0.01,-0.01
1,37,0.01,-10.05,-0.16,0,-0.01,-0.01
1,37,-0.01,-10.01,-0.19,0,-0.01,-0.01
1,37,-0.01,-10.01,-0.19,0,-0.01,-0.01
1,37,-0.01,-10.01,-0.19,0,-0.01,-0.01
1,37,-0.01,-10.05,-0.18,0,-0.01,-0.01
1,37,-0.01,-10.05,-0.18,0,-0.01,-0.01
1,37,-0.03,-10.03,-0.15,0,0,-0.01
1,37,-0.03,-10.03,-0.15,0,-0.01,-0.01
1,37,-0.03,-10.03,-0.15,0,-0.01,-0.01
1,37,-0.06,-9.98,-0.16,0,0,-0.01
1,37,-0.06,-9.98,-0.16,0,0,-0.01
1,37,-0.06,-9.98,-0.16,0,0,-0.01
1,37,-0.04,-10.05,-0.12,0,-0.01,-0.01
1,37,-0.04,-10.05,-0.12,0,-0.01,-0.01
1,37,-0.04,-10.05,-0.12,0,-0.01,-0.01
1,37,0.06,-9.96,-0.14,0,-0.01,-0.01
1,37,0.06,-9.96,-0.14,0,-0.01,-0.01
1,37,0.06,-9.96,-0.14,0,-0.01,-0.01
1,37,0,-10.09,-0.12,0,-0.01,-0.01
1,37,0,-10.09,-0.12,0,0,-0.01
1,37,0,-10.09,-0.12,0,0,-0.01
1,37,-0.04,-10.04,-0.11,0,-0.01,-0.01
1,37,-0.04,-10.04,-0.11,0,0,-0.01
1,37,0.05,-10,-0.13,0,0,-0.01
1,37,0.05,-10,-0.13,0,-0.01,-0.01
1,37,0.05,-10,-0.13,0,-0.01,-0.01
1,37,-0.01,-10.01,-0.18,0,-0.01,-0.01
1,37,-0.01,-10.01,-0.18,0,0,-0.01
1,37,-0.01,-10.01,-0.18,0,-0.01,-0.01
1,37,0.02,-10.09,-0.17,0,-0.01,-0.01
1,37,0.02,-10.09,-0.17,0,-0.01,-0.01
1,37,0.02,-10.09,-0.17,0,-0.01,-0.01
1,37,0,-10.04,-0.1,0,-0.01,-0.01
1,37,0,-10.04,-0.1,0,-0.01,-0.01
1,37,0,-10.04,-0.1,0,-0.01,-0.01
1,37,-0.04,-10.05,-0.16,0,-0.01,-0.01
1,37,-0.04,-10.05,-0.16,0,-0.01,-0.01
1,37,-0.04,-10.05,-0.16,0,0,-0.01
1,37,0.03,-10,-0.17,0,0,-0.01
1,37,0.03,-10,-0.17,0,-0.01,-0.01
1,37,0.03,-10,-0.17,0,0,-0.01
1,37,-0.04,-10.02,-0.17,0,0,-0.01
1,37,-0.04,-10.02,-0.17,0,-0.01,-0.01
1,37,-0.04,-10.02,-0.17,0,-0.01,-0.01
1,37,0.03,-10.01,-0.2,0,-0.01,-0.01
1,38,0.03,-10.01,-0.2,0,-0.01,0
1,38,0.03,-10.01,-0.2,0,-0.01,0
1,38,0.06,-10.08,-0.13,0,-0.01,-0.01
1,38,0.06,-10.08,-0.13,0,-0.01,-0.01
1,38,0.06,-10.08,-0.13,0,-0.01,-0.01
1,38,0,-10.04,-0.18,0,-0.01,-0.01
1,38,0,-10.04,-0.18,0,-0.01,-0.01
1,38,0,-9.98,-0.19,0,-0.01,-0.01
1,38,0,-9.98,-0.19,0,-0.01,-0.01
1,38,0,-9.98,-0.19,0,-0.01,-0.01
1,38,-0.05,-10.05,-0.14,0,0,-0.01
1,38,-0.05,-10.05,-0.14,0,0,-0.01
1,38,-0.05,-10.05,-0.14,0,0,-0.01
1,38,-0.02,-10.03,-0.1,0,0,-0.01
1,38,-0.02,-10.03,-0.1,0,0,-0.01
1,38,-0.02,-10.03,-0.1,0,-0.01,-0.01
1,38,-0.03,-10.02,-0.22,0,-0.01,-0.01
1,38,-0.03,-10.02,-0.22,0,-0.01,-0.01
1,38,-0.03,-10.02,-0.22,0,-0.01,-0.01
1,38,-0.01,-10.05,-0.17,0,-0.01,-0.01
1,38,-0.01,-10.05,-0.17,0,-0.01,-0.01
1,38,-0.01,-10.05,-0.17,0,0,-0.01
1,38,-0.03,-10.03,-0.19,0,0,-0.01
1,38,-0.03,-10.03,-0.19,0,0,-0.01
1,38,0.01,-10.02,-0.11,0,0,-0.01
1,38,0.01,-10.02,-0.11,0,-0.01,-0.01
1,38,0.01,-10.02,-0.11,0,-0.01,-0.01
1,38,-0.02,-10.07,-0.18,0,-0.01,-0.01
1,38,-0.02,-10.07,-0.18,0,-0.01,-0.01
1,38,-0.02,-10.07,-0.18,0,-0.01,-0.01
1,38,0.03,-10.07,-0.15,0,-0.01,-0.01
1,38,0.03,-10.07,-0.15,0,-0.01,-0.01
1,38,0.03,-10.07,-0.15,0,-0.01,-0.01
1,38,0,-9.96,-0.16,0,-0.01,-0.01
1,38,0,-9.96,-0.16,0,0,-0.01
1,38,0,-9.96,-0.16,0,0,-0.01
1,38,-0.03,-9.99,-0.16,0,-0.01,0
1,38,-0.03,-9.99,-0.16,0,0,-0.01
1,38,-0.03,-9.99,-0.16,0,0,-0.01
1,38,-0.04,-10.02,-0.15,0,0,-0.01
1,38,-0.04,-10.02,-0.15,0,0,-0.01
1,38,0.07,-10.03,-0.23,0,0,-0.01
1,38,0.07,-10.03,-0.23,0,-0.01,-0.01
1,38,0.07,-10.03,-0.23,0,-0.01,-0.01
1,38,-0.04,-10.01,-0.19,0,-0.01,-0.01
1,38,-0.04,-10.01,-0.19,0,0,-0.01
1,38,-0.04,-10.01,-0.19,0,-0.01,-0.01
1,38,-0.02,-10,-0.13,0,-0.01,-0.01
1,38,-0.02,-10,-0.13,0,0,-0.01
1,38,-0.02,-10,-0.13,0,0,-0.01
1,38,-0.07,-10.05,-0.24,0,0,-0.01
1,38,-0.07,-10.05,-0.24,0,-0.01,-0.01
1,38,-0.07,-10.05,-0.24,0,-0.01,-0.01
1,38,-0.02,-10.1,-0.14,0,-0.01,-0.01
1,38,-0.02,-10.1,-0.14,0,-0.01,-0.01
1,38,-0.02,-10.1,-0.14,0,0,-0.01
1,38,0.05,-10.04,-0.21,0,0,-0.01
1,38,0.05,-10.04,-0.21,0,0,-0.01
1,38,0.05,-10.04,-0.21,0,0,-0.01
1,38,-0.02,-10.04,-0.12,0,0,-0.01
1,38,-0.02,-10.04,-0.12,0,-0.01,-0.01
1,38,-0.03,-10.01,-0.22,0,-0.01,-0.01
1,38,-0.03,-10.01,-0.22,0,-0.01,-0.01
1,38,-0.03,-10.01,-0.22,0,-0.01,-0.01
1,38,0,-10.05,-0.17,0,-0.01,-0.01
1,38,0,-10.05,-0.17,0,-0.01,-0.01
1,38,0,-10.05,-0.17,0,0,-0.01
1,38,0.06,-10.07,-0.13,0,-0.01,-0.01
1,38,0.06,-10.07,-0.13,0,-0.01,-0.01
1,38,0.06,-10.07,-0.13,0,0,-0.01
1,38,0.01,-10.07,-0.12,0,-0.01,-0.01
1,38,0.01,-10.07,-0.12,0,-0.01,-0.01
1,38,0.01,-10.07,-0.12,0,-0.01,-0.01
1,38,0.02,-10,-0.11,0,-0.01,-0.01
1,38,0.02,-10,-0.11,0,-0.01,-0.01
1,38,0.02,-10,-0.11,0,0,-0.01
1,38,-0.01,-10.07,-0.16,0,0,-0.01
1,38,-0.01,-10.07,-0.16,0,0,-0.01
1,38,-0.01,-10.07,-0.16,0,-0.01,-0.01
1,38,-0.04,-10,-0.15,0,-0.01,-0.01
1,38,-0.04,-10,-0.15,0,0,-0.01
1,38,-0.04,-10,-0.15,0,0,0
1,38,0.03,-10,-0.18,0,0,0
1,38,0.03,-10,-0.18,0,-0.01,-0.01
1,38,0.03,-10,-0.18,0,0,-0.01
1,38,0.03,-9.99,-0.14,0,0,-0.01
1,38,0.03,-9.99,-0.14,0,-0.01,-0.01
1,38,0.03,-9.99,-0.14,0,-0.01,-0.01
1,38,0.05,-10.06,-0.13,0,-0.01,-0.01
1,38,0.05,-10.06,-0.13,0,-0.01,-0.01
1,38,0.05,-10.06,-0.13,0,-0.01,-0.01
1,38,0.02,-10.03,-0.14,0,0,-0.01
1,38,0.02,-10.03,-0.14,0,-0.01,-0.01
1,38,0.02,-10.03,-0.14,0,-0.01,-0.01
1,38,-0.04,-10.03,-0.11,0,-0.01,-0.01
1,38,-0.04,-10.03,-0.11,0,0,-0.01
1,38,-0.04,-10.03,-0.11,0,-0.01,-0.01
1,38,0.04,-10.02,-0.16,0,-0.01,-0.01
1,38,0.04,-10.02,-0.16,0,-0.01,-0.01
1,38,-0.03,-10.08,-0.12,0,0,-0.01
1,38,-0.03,-10.08,-0.12,0,0,-0.01
1,38,-0.03,-10.08,-0.12,0,0,-0.01
1,38,0.13,-10,-0.11,0,-0.01,-0.01
1,38,0.13,-10,-0.11,0,-0.01,-0.01
1,38,0.13,-10,-0.11,0,-0.01,-0.01
1,38,-0.08,-10.1,-0.24,0,-0.01,-0.01
1,38,-0.08,-10.1,-0.24,0,-0.01,-0.01
1,38,-0.08,-10.1,-0.24,0,-0.01,-0.01
1,38,0,-10.06,-0.13,0,-0.01,-0.01
1,38,0,-10.06,-0.13,0,0,-0.01
1,38,0,-10.06,-0.13,0,0,-0.01
1,38,0.16,-9.96,-0.14,0,0,-0.01
1,38,0.16,-9.96,-0.14,0,-0.01,-0.01
1,38,0.16,-9.96,-0.14,0,0,-0.01
1,38,0.09,-10,-0.23,0,0,-0.01
1,38,0.09,-10,-0.23,0,-0.01,-0.01
1,38,0.09,-10,-0.23,0,-0.01,-0.01
1,38,-0.09,-10.03,-0.14,0,-0.01,-0.01
1,38,-0.09,-10.03,-0.14,0,-0.01,-0.01
1,38,-0.09,-10.03,-0.14,0,-0.01,-0.01
1,38,0.07,-10.05,-0.22,0,-0.01,-0.01
1,38,0.07,-10.05,-0.22,0,0,-0.01
1,38,0.03,-10.04,-0.09,0,0,-0.01
1,38,0.03,-10.04,-0.09,0,-0.01,0
1,38,0.03,-10.04,-0.09,0,-0.01,0
1,38,-0.22,-10.01,0.06,0,-0.01,-0.03
1,38,-0.22,-10.01,0.06,0,-0.01,-0.04
1,38,-0.22,-10.01,0.06,0,-0.01,-0.04
1,38,-0.08,-10.01,-0.14,0,-0.01,-0.07
1,38,-0.08,-10.01,-0.14,0,-0.01,-0.07
1,38,-0.08,-10.01,-0.14,0,-0.01,-0.15
1,38,0.42,-10.08,-0.26,0,-0.01,-0.24
1,38,0.42,-10.08,-0.26,0,-0.01,-0.24
1,38,0.42,-10.08,-0.26,0,-0.01,-0.01
1,38,-0.28,-10.13,-0.35,0,-0.01,0
1,38,-0.28,-10.13,-0.35,0,-0.01,0
1,38,-0.28,-10.13,-0.35,0,0,0
1,38,-0.2,-10.09,-0.27,0,0,0
1,38,-0.2,-10.09,-0.27,0,0,0
1,38,-0.2,-10.09,-0.27,0,-0.02,0.01
1,38,-0.43,-10.03,-0.04,0,-0.01,0.01
1,38,-0.43,-10.03,-0.04,0,-0.01,0.01
1,38,0.65,-9.82,0.23,0,0,0.01
1,38,0.65,-9.82,0.23,0,-0.01,0.01
1,38,0.65,-9.82,0.23,0,-0.01,0.01
1,38,-0.19,-10.04,-0.06,0,0,0.02
1,38,-0.19,-10.04,-0.06,0,0,0.05
1,38,-0.19,-10.04,-0.06,0,0,0.05
1,38,-0.09,-10.09,-0.15,0,-0.01,0.09
1,38,-0.09,-10.09,-0.15,0,-0.01,0.12
1,38,-0.09,-10.09,-0.15,0,-0.01,0.12
1,38,0.4,-9.96,-0.25,0,-0.01,0.16
1,38,0.4,-9.96,-0.25,0,-0.01,0.19
1,38,0.4,-9.96,-0.25,0,-0.01,0.19
1,38,0.46,-10.14,-0.43,0,-0.01,0.3
1,39,0.46,-10.14,-0.43,0,-0.01,0.4
1,39,0.46,-10.14,-0.43,0,-0.01,0.4
1,39,0.42,-9.92,-0.24,0,-0.01,0.45
1,39,0.42,-9.92,-0.24,0,-0.01,0.46
1,39,0.42,-9.92,-0.24,0,-0.01,0.46
1,39,0.23,-9.8,-0.22,0,-0.01,0.52
1,39,0.23,-9.8,-0.22,0,0,0.57
1,39,-0.06,-10.16,-0.44,0,-0.01,0.62
1,39,-0.06,-10.16,-0.44,0,-0.01,0.62
1,39,-0.06,-10.16,-0.44,0,-0.02,0.7
1,39,0.19,-10.08,-0.86,0,-0.01,0.86
1,39,0.19,-10.08,-0.86,0,-0.01,0.86
1,39,0.19,-10.08,-0.86,0,-0.01,1
1,39,0.23,-10.29,-0.88,0,-0.01,1.1
1,39,0.23,-10.29,-0.88,0,-0.01,1.1
1,39,0.23,-10.29,-0.88,0,0,1.25
1,39,1.42,-9.59,-1.29,0,0,1.25
1,39,1.42,-9.59,-1.29,0,-0.03,1.53
1,39,1.42,-9.59,-1.29,0,-0.01,1.85
1,39,1.66,-10.6,-3.13,0,-0.01,1.85
1,39,1.66,-10.6,-3.13,0,0.01,2.26
1,39,1.66,-10.6,-3.13,0,-0.03,2.57
1,39,1.92,-9.99,-2.18,0,-0.03,2.57
1,39,1.92,-9.99,-2.18,0,-0.04,2.9
1,39,1.92,-9.99,-2.18,0,-0.01,3.1
1,39,1.54,-10.43,-1.67,0,-0.01,3.1
1,39,1.54,-10.43,-1.67,0,-0.03,3.19
1,39,1.54,-10.43,-1.67,0,0.06,3.27
1,39,3.85,-7.02,-0.47,0,0.06,3.27
1,39,3.85,-7.02,-0.47,0,0.06,3.38
1,39,-2.88,-14.14,-2.34,0,-0.1,3.43
1,39,-2.88,-14.14,-2.34,0,0,3.42
1,39,-2.88,-14.14,-2.34,0,0,3.42
1,39,-1.76,-10.78,-0.71,0,-0.03,3.25
1,39,-1.76,-10.78,-0.71,0,0.03,3.04
1,39,-1.76,-10.78,-0.71,0,0.03,3.04
1,39,-2.55,-11.36,-1.77,0,-0.04,2.95
1,39,-2.55,-11.36,-1.77,0,-0.09,2.72
1,39,-2.55,-11.36,-1.77,0,-0.09,2.72
1,39,-6.52,-10.49,-0.8,0,-0.04,2.32
1,39,-6.52,-10.49,-0.8,0,0.02,2.1
1,39,-6.52,-10.49,-0.8,0,0.02,2.1
1,39,-1.79,-10.44,1.08,0,0.07,2.16
1,39,-1.79,-10.44,1.08,0,-0.1,2.16
1,39,-1.79,-10.44,1.08,0,-0.1,2.16
1,39,-1.43,-9.13,1.08,0,0.05,2.27
1,39,-1.43,-9.13,1.08,0,-0.1,2.23
1,39,-1.43,-9.13,1.08,0,-0.1,2.23
1,39,-3.46,-11.06,1.99,0,0.06,2.1
1,39,-3.46,-11.06,1.99,0,-0.11,1.91
1,39,-2.5,-10.82,-1.43,0,-0.11,1.91
1,39,-2.5,-10.82,-1.43,0,0.01,1.8
1,39,-2.5,-10.82,-1.43,0,-0.07,1.74
1,39,-2.83,-10.75,-1.67,0,-0.07,1.74
1,39,-2.83,-10.75,-1.67,0,0.01,1.81
1,39,-2.83,-10.75,-1.67,0,-0.05,1.82
1,39,-3.25,-10.19,-1.46,0,-0.05,1.82
1,39,-3.25,-10.19,-1.46,0,0.01,1.91
1,39,-3.25,-10.19,-1.46,0,-0.01,1.98
1,39,-1.55,-10.58,-1.98,0,-0.01,1.98
1,39,-1.55,-10.58,-1.98,0,0.02,2.08
1,39,-1.55,-10.58,-1.98,0,0.06,2.1
1,39,-1.96,-8.67,2.03,0,0.06,2.1
1,39,-1.96,-8.67,2.03,0,-0.14,1.99
1,39,-1.24,-8.16,2.01,0,0.12,2.12
1,39,-1.24,-8.16,2.01,0,0.12,2.12
1,39,-1.24,-8.16,2.01,0,-0.1,1.98
1,39,0.23,-9.29,1.42,0,0,2.1
1,39,0.23,-9.29,1.42,0,0,2.1
1,39,0.23,-9.29,1.42,0,0.01,2.2
1,39,0.26,-9.31,1.37,0,0,2.27
1,39,0.26,-9.31,1.37,0,0,2.27
1,39,0.26,-9.31,1.37,0,0.02,2.6
1,39,1.77,-9.83,-0.85,0,-0.06,2.78
1,39,1.77,-9.83,-0.85,0,-0.06,2.78
1,39,1.77,-9.83,-0.85,0,-0.04,3.09
1,39,0.52,-10.32,-1.59,0,0,3.32
1,39,0.52,-10.32,-1.59,0,0,3.32
1,39,0.52,-10.32,-1.59,0,-0.02,3.6
1,39,0.88,-9.66,-1.03,0,-0.03,3.7
1,39,0.88,-9.66,-1.03,0,0,3.76
1,39,-0.32,-10.1,-0.92,0,0,3.76
1,39,-0.32,-10.1,-0.92,0,-0.02,3.73
1,39,-0.32,-10.1,-0.92,0,-0.03,3.67
1,39,-0.29,-10.06,-0.58,0,-0.03,3.67
1,39,-0.29,-10.06,-0.58,0,-0.02,3.54
1,39,-0.29,-10.06,-0.58,0,-0.02,3.54
1,39,-0.33,-10.45,-0.45,0,-0.03,3.36
1,39,-0.33,-10.45,-0.45,0,-0.04,3.26
1,39,-0.33,-10.45,-0.45,0,-0.04,3.26
1,39,-0.25,-9.8,-0.62,0,-0.02,3.2
1,39,-0.25,-9.8,-0.62,0,-0.04,3.17
1,39,-0.25,-9.8,-0.62,0,-0.04,3.17
1,39,-0.16,-10.16,-0.4,0,-0.02,3.11
1,39,-0.16,-10.16,-0.4,0,-0.02,3.07
1,39,-0.16,-10.16,-0.4,0,-0.02,3.07
1,39,-0.01,-10.1,-0.27,0,-0.02,3.02
1,39,-0.01,-10.1,-0.27,0,-0.02,2.97
1,39,-0.01,-10.1,-0.27,0,-0.02,2.97
1,39,-0.29,-9.96,-0.03,0,-0.02,2.86
1,39,-0.29,-9.96,-0.03,0,-0.02,2.75
1,39,-0.29,-9.96,-0.03,0,-0.02,2.75
1,39,-0.84,-10.02,0.19,0,-0.02,2.57
1,39,-0.84,-10.02,0.19,0,-0.02,2.57
1,39,-0.84,-10.02,0.19,0,-0.01,2.32
1,39,-0.44,-9.79,0.38,0,-0.01,2.1
1,39,-0.44,-9.79,0.38,0,-0.01,2.1
1,39,-0.44,-9.79,0.38,0,-0.01,1.69
1,39,-1.74,-10.42,0.66,0,-0.01,1.35
1,39,-1.74,-10.42,0.66,0,-0.01,1.35
1,39,-1.74,-10.42,0.66,0,0,0.83
1,39,-0.68,-9.92,0.42,0,0,0.55
1,39,-0.68,-9.92,0.42,0,0,0.55
1,39,-0.68,-9.92,0.42,0,-0.01,0.39
1,39,-0.14,-10.08,-0.23,0,0,0.4
1,39,-0.14,-10.08,-0.23,0,0,0.4
1,39,0.03,-10.02,0.01,0,-0.01,0.39
1,39,0.03,-10.02,0.01,0,-0.01,0.35
1,39,0.03,-10.02,0.01,0,-0.01,0.35
1,39,-0.17,-10.02,-0.12,0,-0.01,0.23
1,39,-0.17,-10.02,-0.12,0,-0.01,0.18
1,39,-0.17,-10.02,-0.12,0,-0.01,0.18
1,39,-0.23,-10.24,0.02,0,-0.01,0.14
1,39,-0.23,-10.24,0.02,0,-0.01,0.08
1,39,-0.23,-10.24,0.02,0,-0.01,-0.03
1,39,0.19,-10.04,-0.26,0,-0.01,-0.03
1,39,0.19,-10.04,-0.26,0,-0.01,-0.01
1,39,0.19,-10.04,-0.26,0,0,0
1,39,-0.19,-10.05,0.05,0,0,0
1,39,-0.19,-10.05,0.05,0,0,-0.01
1,39,-0.19,-10.05,0.05,0,-0.01,-0.01
1,39,0.1,-9.96,-0.05,0,-0.01,-0.01
1,39,0.1,-9.96,-0.05,0,-0.01,-0.01
1,39,-0.27,-10.07,-0.05,0,0,0
1,39,-0.27,-10.07,-0.05,0,0,0
1,39,-0.27,-10.07,-0.05,0,-0.01,-0.01
1,39,0.12,-10.01,-0.12,0,-0.01,-0.01
1,39,0.12,-10.01,-0.12,0,-0.01,-0.01
1,39,0.12,-10.01,-0.12,0,-0.01,-0.01
1,39,0.02,-10.13,-0.3,0,0,-0.01
1,39,0.02,-10.13,-0.3,0,0,-0.01
1,39,0.02,-10.13,-0.3,0,0,-0.01
1,39,0,-10.18,0.19,0,0.01,0.01
1,39,0,-10.18,0.19,0,0.01,0.01
1,39,0,-10.18,0.19,0,0,0.13
1,39,0.48,-10.13,0.75,0,0,0.33
1,39,0.48,-10.13,0.75,0,0,0.33
1,39,0.48,-10.13,0.75,0,-0.01,0.59
1,39,0.7,-10.11,0.42,0,-0.02,0.89
1,39,0.7,-10.11,0.42,0,-0.02,0.89
1,39,0.93,-10.41,-0.43,0,0,1.17
1,39,0.93,-10.41,-0.43,0,0,1.39
1,39,0.93,-10.41,-0.43,0,0,1.39
1,39,0.01,-9.43,-0.48,0,-0.01,1.61
1,40,0.01,-9.43,-0.48,0,-0.01,1.76
1,40,0.01,-9.43,-0.48,0,-0.01,1.76
1,40,0.16,-9.87,-0.88,0,-0.01,1.88
1,40,0.16,-9.87,-0.88,0,-0.03,1.88
1,40,0.16,-9.87,-0.88,0,-0.03,1.88
1,40,-0.59,-10.06,-0.19,0,-0.01,1.82
1,40,-0.59,-10.06,-0.19,0,-0.01,1.7
1,40,-0.59,-10.06,-0.19,0,-0.01,1.7
1,40,-0.22,-9.84,-0.31,0,0,1.49
1,40,-0.22,-9.84,-0.31,0,-0.01,1.32
1,40,-0.22,-9.84,-0.31,0,-0.01,1.32
1,40,0.11,-9.78,-0.57,0,0,1.15
1,40,0.11,-9.78,-0.57,0,-0.01,1.05
1,40,1,-9.86,-0.68,0,-0.01,1.03
1,40,1,-9.86,-0.68,0,-0.01,1.03
1,40,1,-9.86,-0.68,0,-0.01,1.07
1,40,0.27,-10.09,-0.97,0,0,1.13
1,40,0.27,-10.09,-0.97,0,0,1.13
1,40,0.27,-10.09,-0.97,0,-0.01,1.13
1,40,0.06,-10.18,-0.31,0,0,1.14
1,40,0.06,-10.18,-0.31,0,0,1.14
1,40,0.06,-10.18,-0.31,0,0,1.21
1,40,0.15,-10.01,0.12,0,-0.02,1.35
1,40,0.15,-10.01,0.12,0,-0.02,1.35
1,40,0.15,-10.01,0.12,0,0,1.5
1,40,0.63,-9.64,0,0,-0.02,1.58
1,40,0.63,-9.64,0,0,-0.02,1.58
1,40,0.63,-9.64,0,0,-0.02,1.63
1,40,-0.48,-10.28,-0.45,0,-0.01,1.66
1,40,-0.48,-10.28,-0.45,0,-0.01,1.66
1,40,-0.25,-10.25,-0.36,0,-0.01,1.7
1,40,-0.25,-10.25,-0.36,0,-0.01,1.72
1,40,-0.25,-10.25,-0.36,0,-0.01,1.72
1,40,0.1,-10.37,-0.11,0,-0.02,1.78
1,40,0.1,-10.37,-0.11,0,-0.03,1.82
1,40,0.1,-10.37,-0.11,0,-0.03,1.82
1,40,0.45,-10.47,-0.92,0,-0.03,1.83
1,40,0.45,-10.47,-0.92,0,-0.01,1.82
1,40,0.45,-10.47,-0.92,0,-0.01,1.82
1,40,-0.77,-10.15,-0.12,0,-0.03,1.79
1,40,-0.77,-10.15,-0.12,0,-0.03,1.65
1,40,-0.77,-10.15,-0.12,0,-0.03,1.65
1,40,-2.51,-10.58,0.31,0,-0.02,1.56
1,40,-2.51,-10.58,0.31,0,0,1.34
1,40,-2.51,-10.58,0.31,0,0,1.34
1,40,-0.88,-10.16,-0.76,0,0,1.12
1,40,-0.88,-10.16,-0.76,0,0.02,1.11
1,40,3.38,-9.51,0.26,0,0.02,1.11
1,40,3.38,-9.51,0.26,0,-0.05,1.25
1,40,3.38,-9.51,0.26,0,-0.02,1.38
1,40,0.49,-9.29,2.48,0,-0.02,1.38
1,40,0.49,-9.29,2.48,0,-0.06,1.33
1,40,0.49,-9.29,2.48,0,-0.07,1.29
1,40,-2.52,-10.51,-0.65,0,-0.07,1.29
1,40,-2.52,-10.51,-0.65,0,0.03,1.07
1,40,-2.52,-10.51,-0.65,0,0.01,1.07
1,40,-1.49,-9.28,1.6,0,-0.02,1.03
1,40,-1.49,-9.28,1.6,0,-0.02,1.03
1,40,-1.49,-9.28,1.6,0,0,0.87
1,40,-0.71,-9.8,0.73,0,-0.01,0.74
1,40,-0.71,-9.8,0.73,0,-0.01,0.74
1,40,-0.67,-9.57,1.22,0,0.02,0.63
1,40,-0.67,-9.57,1.22,0,-0.01,0.45
1,40,-0.67,-9.57,1.22,0,-0.01,0.45
1,40,-0.24,-9.91,0.13,0,-0.01,0.36
1,40,-0.24,-9.91,0.13,0,-0.01,0.19
1,40,-0.24,-9.91,0.13,0,-0.01,0.19
1,40,-0.52,-10.08,0.2,0,0.01,0.04
1,40,-0.52,-10.08,0.2,0,0,-0.05
1,40,-0.52,-10.08,0.2,0,0,-0.05
1,40,0.01,-10.06,-0.06,0,0,-0.07
1,40,0.01,-10.06,-0.06,0,0,-0.1
1,40,0.01,-10.06,-0.06,0,0,-0.1
1,40,0.5,-9.97,-0.27,0,-0.01,-0.11
1,40,0.5,-9.97,-0.27,0,0,-0.07
1,40,0.5,-9.97,-0.27,0,0,-0.07
1,40,0.1,-10.08,-0.32,0,0,-0.02
1,40,0.1,-10.08,-0.32,0,-0.01,-0.01
1,40,0.1,-10.08,-0.32,0,-0.01,-0.01
1,40,-0.17,-9.95,0.04,0,-0.01,-0.01
1,40,-0.17,-9.95,0.04,0,0,-0.01
1,40,-0.02,-10.06,-0.16,0,0,-0.01
1,40,-0.02,-10.06,-0.16,0,0,-0.01
1,40,-0.02,-10.06,-0.16,0,0,-0.01
1,40,0.05,-10.03,-0.09,0,0,-0.01
1,40,0.05,-10.03,-0.09,0,-0.01,-0.01
1,40,0.05,-10.03,-0.09,0,0,-0.01
1,40,0.03,-10,-0.14,0,0,-0.01
1,40,0.03,-10,-0.14,0,0,-0.01
1,40,0.03,-10,-0.14,0,0,-0.01
1,40,-0.01,-9.99,-0.11,0,0,-0.01
1,40,-0.01,-9.99,-0.11,0,-0.01,-0.01
1,40,-0.01,-9.99,-0.11,0,0,-0.01
1,40,0.06,-10.1,-0.08,0,0,-0.01
1,40,0.06,-10.1,-0.08,0,-0.01,-0.01
1,40,-0.05,-10.05,-0.06,0,0,-0.01
1,40,-0.05,-10.05,-0.06,0,0,-0.01
1,40,-0.05,-10.05,-0.06,0,-0.01,-0.01
1,40,-0.04,-10.06,-0.11,0,0,-0.01
1,40,-0.04,-10.06,-0.11,0,0,-0.01
1,40,-0.04,-10.06,-0.11,0,0,-0.01
1,40,-0.12,-10.05,-0.07,0,0,-0.01
1,40,-0.12,-10.05,-0.07,0,0,-0.01
1,40,-0.12,-10.05,-0.07,0,0,-0.01
1,40,-0.04,-10.04,-0.15,0,-0.01,-0.01
1,40,-0.04,-10.04,-0.15,0,-0.01,-0.01
1,40,-0.04,-10.04,-0.15,0,0,-0.01
1,40,0.02,-10.1,-0.12,0,0,-0.01
1,40,0.02,-10.1,-0.12,0,0,-0.01
1,40,0.02,-10.1,-0.12,0,0,-0.01
1,40,-0.01,-10.07,-0.09,0,-0.01,-0.01
1,40,-0.01,-10.07,-0.09,0,-0.01,-0.01
1,40,-0.01,-10.07,-0.09,0,-0.01,-0.01
1,40,0.02,-10.03,-0.1,0,-0.01,-0.01
1,40,0.02,-10.03,-0.1,0,-0.01,-0.01
1,40,0.02,-10.03,-0.1,0,-0.01,-0.01
1,40,-0.01,-10.03,-0.13,0,-0.01,-0.01
1,40,-0.01,-10.03,-0.13,0,-0.01,-0.01
1,40,-0.01,-10.03,-0.13,0,-0.01,-0.01
1,40,0.04,-10.03,-0.1,0,0,-0.01
1,40,0.04,-10.03,-0.1,0,0,-0.01
1,40,0.04,-10.03,-0.1,0,-0.01,0
1,40,0,-10.04,-0.11,0,-0.01,0
1,40,0,-10.04,-0.11,0,0,-0.01
1,40,0,-10.04,-0.11,0,-0.01,-0.01
1,40,0.97,-9.74,0.7,0,-0.02,-0.01
1,40,0.97,-9.74,0.7,0,-0.02,-0.01
1,40,0.12,-10.16,-0.29,0,-0.04,-0.01
1,40,0.12,-10.16,-0.29,0,-0.02,-0.01
1,40,0.12,-10.16,-0.29,0,-0.02,-0.01
1,40,-0.81,-10.11,-0.31,0,-0.01,-0.01
1,40,-0.81,-10.11,-0.31,0,0.02,-0.01
1,40,-0.81,-10.11,-0.31,0,0.02,-0.01
1,40,0.7,-10.15,-0.49,0,-0.01,-0.01
1,40,0.7,-10.15,-0.49,0,0,-0.01
1,40,0.7,-10.15,-0.49,0,0,-0.01
1,40,-0.09,-9.97,0.05,0,-0.02,-0.01
1,40,-0.09,-9.97,0.05,0,-0.01,-0.01
1,40,-0.09,-9.97,0.05,0,-0.01,-0.01
1,40,-0.27,-10.14,-0.61,0,-0.01,-0.01
1,40,-0.27,-10.14,-0.61,0,0.01,-0.02
1,40,-0.27,-10.14,-0.61,0,0.01,-0.02
1,40,-0.18,-10.03,0.02,0,0,-0.01
1,40,-0.18,-10.03,0.02,0,0.01,-0.01
1,40,0.14,-10.01,-0.16,0,0.01,-0.01
1,40,0.14,-10.01,-0.16,0,0,-0.01
1,40,0.14,-10.01,-0.16,0,0,-0.01
1,40,-0.29,-10.06,-0.23,0,0,-0.01
1,40,-0.29,-10.06,-0.23,0,-0.01,-0.01
1,40,-0.29,-10.06,-0.23,0,0,-0.01
1,40,-0.11,-10.04,-0.2,0,0,-0.01
1,40,-0.11,-10.04,-0.2,0,0,-0.01
1,40,-0.11,-10.04,-0.2,0,0,-0.01
1,40,0.58,-9.97,-0.06,0,0,-0.01
1,41,0.58,-9.97,-0.06,0,0,-0.01
1,41,0.58,-9.97,-0.06,0,-0.01,-0.01
1,41,-0.05,-10.07,-0.21,0,-0.01,-0.01
1,41,-0.05,-10.07,-0.21,0,-0.01,-0.01
1,41,-0.23,-10.05,-0.1,0,-0.01,-0.01
1,41,-0.23,-10.05,-0.1,0,0,-0.01
1,41,-0.23,-10.05,-0.1,0,0,-0.01
1,41,-0.04,-10.08,-0.25,0,-0.01,-0.01
1,41,-0.04,-10.08,-0.25,0,0.01,-0.01
1,41,-0.04,-10.08,-0.25,0,0.01,-0.01
1,41,0.16,-10.03,-0.11,0,-0.01,-0.01
1,41,0.16,-10.03,-0.11,0,-0.01,-0.01
1,41,0.16,-10.03,-0.11,0,-0.01,-0.01
1,41,0.05,-10.04,-0.14,0,0,-0.01
1,41,0.05,-10.04,-0.14,0,-0.01,-0.01
1,41,0.05,-10.04,-0.14,0,-0.01,-0.01
1,41,-0.12,-10.05,-0.14,0,-0.01,-0.01
1,41,-0.12,-10.05,-0.14,0,-0.01,-0.01
1,41,-0.13,-10.12,-0.18,0,-0.01,-0.01
1,41,-0.13,-10.12,-0.18,0,-0.01,-0.01
1,41,-0.13,-10.12,-0.18,0,0,-0.01
1,41,0.08,-10.04,-0.07,0,0,-0.01
1,41,0.08,-10.04,-0.07,0,-0.01,-0.01
1,41,0.08,-10.04,-0.07,0,-0.01,-0.01
1,41,0.11,-10.03,-0.15,0,-0.01,-0.01
1,41,0.11,-10.03,-0.15,0,-0.01,-0.01
1,41,0.11,-10.03,-0.15,0,-0.01,-0.01
1,41,-0.03,-10.08,-0.06,0,-0.01,-0.01
1,41,-0.03,-10.08,-0.06,0,-0.01,-0.01
1,41,-0.03,-10.08,-0.06,0,0,-0.01
1,41,-0.07,-10.07,-0.11,0,-0.01,-0.01
1,41,-0.07,-10.07,-0.11,0,-0.01,-0.01
1,41,0.03,-9.95,-0.15,0,0,-0.01
1,41,0.03,-9.95,-0.15,0,-0.01,-0.01
1,41,0.03,-9.95,-0.15,0,-0.01,-0.01
1,41,0.04,-10.04,-0.11,0,-0.01,-0.01
1,41,0.04,-10.04,-0.11,0,-0.01,-0.01
1,41,0.04,-10.04,-0.11,0,-0.01,-0.01
1,41,0.03,-10.04,-0.11,0,0,-0.01
1,41,0.03,-10.04,-0.11,0,-0.01,-0.01
1,41,0.03,-10.04,-0.11,0,-0.01,-0.01
1,41,-0.02,-10.06,-0.13,0,-0.01,-0.01
1,41,-0.02,-10.06,-0.13,0,-0.01,-0.01
1,41,-0.02,-10.06,-0.13,0,-0.01,-0.01
1,41,-0.06,-10.04,-0.14,0,-0.01,-0.01
1,41,-0.06,-10.04,-0.14,0,0,-0.01
1,41,-0.06,-10.04,-0.14,0,0,-0.01
1,41,0,-10.05,-0.1,0,-0.01,-0.01
1,41,0,-10.05,-0.1,0,-0.01,-0.01
1,41,0,-10.05,-0.1,0,0,-0.02
1,41,-0.03,-9.98,-0.08,0,-0.01,-0.01
1,41,-0.03,-9.98,-0.08,0,-0.01,-0.01
1,41,-0.03,-9.98,-0.08,0,0,-0.01
1,41,-0.01,-10.08,-0.11,0,-0.01,-0.01
1,41,-0.01,-10.08,-0.11,0,-0.01,-0.01
1,41,-0.01,-10.08,-0.11,0,-0.01,-0.01
1,41,0.01,-10.07,-0.11,0,0,-0.01
1,41,0.01,-10.07,-0.11,0,0,-0.01
1,41,0.01,-10.07,-0.11,0,-0.01,-0.01
1,41,-0.06,-10.01,-0.18,0,-0.01,-0.01
1,41,-0.06,-10.01,-0.18,0,-0.01,-0.01
1,41,-0.06,-10.01,-0.18,0,-0.01,0
1,41,-0.03,-10.01,-0.07,0,-0.01,-0.01
1,41,-0.03,-10.01,-0.07,0,-0.01,-0.01
1,41,0,-10.03,-0.12,0,-0.01,-0.01
1,41,0,-10.03,-0.12,0,0,-0.01
1,41,0,-10.03,-0.12,0,0,-0.01
1,41,-0.03,-10.03,-0.13,0,0,-0.01
1,41,-0.03,-10.03,-0.13,0,-0.01,-0.01
1,41,-0.03,-10.03,-0.13,0,-0.01,-0.01
1,41,-0.02,-10.07,-0.13,0,0,-0.01
1,41,-0.02,-10.07,-0.13,0,0,-0.01
1,41,-0.02,-10.07,-0.13,0,0,-0.01
1,41,0,-10,-0.12,0,0,-0.01
1,41,0,-10,-0.12,0,-0.01,-0.01
1,41,0,-10,-0.12,0,-0.01,-0.01
1,41,-0.02,-9.99,-0.11,0,-0.01,-0.01
1,41,-0.02,-9.99,-0.11,0,0,-0.01
1,41,-0.02,-9.99,-0.11,0,0,-0.01
1,41,-0.03,-10.02,-0.11,0,-0.01,-0.01
1,41,-0.03,-10.02,-0.11,0,0,-0.01
1,41,-0.03,-10.02,-0.11,0,0,-0.01
1,41,0.02,-10.06,-0.13,0,0,-0.01
1,41,0.02,-10.06,-0.13,0,0,-0.01
1,41,0,-9.99,-0.12,0,0,-0.01
1,41,0,-9.99,-0.12,0,0,-0.01
1,41,0,-9.99,-0.12,0,-0.01,-0.01
1,41,0,-10.03,-0.1,0,-0.01,-0.01
1,41,0,-10.03,-0.1,0,0,-0.01
1,41,0,-10.03,-0.1,0,0,-0.01
1,41,-0.01,-10.01,-0.1,0,0,-0.01
1,41,-0.01,-10.01,-0.1,0,0,-0.01
1,41,-0.01,-10.01,-0.1,0,0,-0.01
1,41,-0.05,-10.04,-0.14,0,0,-0.01
1,41,-0.05,-10.04,-0.14,0,0,-0.01
1,41,-0.05,-10.04,-0.14,0,0,-0.01
1,41,0.02,-10.06,-0.11,0,0,-0.01
1,41,0.02,-10.06,-0.11,0,0,0
1,41,0.02,-10.06,-0.11,0,-0.01,-0.01
1,41,0.02,-9.99,-0.16,0,-0.01,-0.01
1,41,0.02,-9.99,-0.16,0,0,-0.01
1,41,0.02,-9.99,-0.16,0,-0.01,-0.01
1,41,-0.03,-10.03,-0.17,0,-0.01,-0.01
1,41,-0.03,-10.03,-0.17,0,-0.01,-0.01
1,41,-0.05,-10,-0.13,0,-0.01,-0.01
1,41,-0.05,-10,-0.13,0,-0.01,-0.01
1,41,-0.05,-10,-0.13,0,0,-0.01
1,41,0.04,-10,-0.1,0,-0.01,-0.01
1,41,0.04,-10,-0.1,0,-0.01,-0.01
1,41,0.04,-10,-0.1,0,-0.01,-0.01
1,41,-0.04,-10.04,-0.11,0,0,-0.01
1,41,-0.04,-10.04,-0.11,0,0,-0.01
1,41,-0.04,-10.04,-0.11,0,0,-0.01
1,41,-0.06,-9.97,-0.11,0,-0.01,-0.01
1,41,-0.06,-9.97,-0.11,0,-0.01,-0.01
1,41,-0.06,-9.97,-0.11,0,-0.01,-0.01
1,41,0,-10.02,-0.12,0,-0.01,-0.01
1,41,0,-10.02,-0.12,0,-0.01,-0.01
1,41,0,-10.02,-0.12,0,0,-0.01
1,41,-0.01,-10.06,-0.14,0,0,-0.01
1,41,-0.01,-10.06,-0.14,0,0,-0.01
1,41,-0.01,-10.06,-0.14,0,0,-0.01
1,41,-0.02,-10.07,-0.17,0,-0.01,-0.01
1,41,-0.02,-10.07,-0.17,0,-0.01,-0.01
1,41,-0.02,-10.07,-0.17,0,-0.01,-0.01
1,41,0.04,-10.02,-0.14,0,-0.01,-0.01
1,41,0.04,-10.02,-0.14,0,-0.01,-0.01
1,41,0.01,-10.01,-0.1,0,-0.01,-0.01
1,41,0.01,-10.01,-0.1,0,-0.01,-0.01
1,41,0.01,-10.01,-0.1,0,-0.01,-0.01
1,41,0.05,-10.06,-0.13,0,-0.01,-0.01
1,41,0.05,-10.06,-0.13,0,-0.01,-0.01
1,41,0.05,-10.06,-0.13,0,-0.01,-0.01
1,41,0,-10.06,-0.13,0,-0.01,-0.01
1,41,0,-10.06,-0.13,0,-0.01,-0.01
1,41,0,-10.06,-0.13,0,0,-0.01
1,41,-0.03,-10.05,-0.11,0,0,-0.01
1,41,-0.03,-10.05,-0.11,0,0,-0.01
1,41,-0.03,-10.05,-0.11,0,-0.01,-0.01
1,41,0.03,-10.04,-0.13,0,-0.01,-0.01
1,41,0.03,-10.04,-0.13,0,-0.01,-0.01
1,41,0.03,-10.04,-0.13,0,-0.01,-0.02
1,41,0,-10.02,-0.1,0,-0.01,-0.01
1,41,0,-10.06,-0.1,0,-0.01,-0.01
1,41,0,-10.06,-0.1,0,-0.01,-0.01
1,41,0,-10.06,-0.1,0,-0.01,-0.01
1,41,-0.02,-10.01,-0.12,0,-0.01,-0.01
1,41,-0.02,-10.01,-0.12,0,0,-0.01
1,41,-0.02,-10.01,-0.12,0,0,-0.01
1,41,-0.03,-10.04,-0.09,0,0,-0.01
1,42,-0.03,-10.04,-0.09,0,0,-0.01
1,42,-0.03,-10.04,-0.09,0,0,-0.01
1,42,-0.06,-10.07,-0.11,0,0,-0.01
1,42,-0.06,-10.07,-0.11,0,-0.01,-0.01
1,42,-0.06,-10.07,-0.11,0,0,-0.01
1,42,-0.02,-10.03,-0.12,0,0,-0.01
1,42,-0.02,-10.03,-0.12,0,0,-0.01
1,42,-0.02,-10.03,-0.12,0,0,-0.01
1,42,-0.03,-10,-0.11,0,0,-0.01
1,42,-0.03,-10,-0.11,0,0,-0.01
1,42,-0.03,-10,-0.11,0,0,-0.01
1,42,0.04,-10.05,-0.14,0,0,-0.01
1,42,0.04,-10.05,-0.14,0,-0.01,-0.01
1,42,-0.02,-10.05,-0.16,0,-0.01,-0.01
1,42,-0.02,-10.05,-0.16,0,-0.01,-0.01
1,42,-0.02,-10.05,-0.16,0,-0.01,-0.01
1,42,-0.06,-10.02,-0.1,0,-0.01,-0.01
1,42,-0.06,-10.02,-0.1,0,-0.01,-0.01
1,42,-0.06,-10.02,-0.1,0,0,-0.01
1,42,0,-10,-0.12,0,0,-0.01
1,42,0,-10,-0.12,0,0,-0.01
1,42,0,-10,-0.12,0,-0.01,-0.01
1,42,-0.08,-10,-0.14,0,0,-0.01
1,42,-0.08,-10,-0.14,0,0,-0.01
1,42,-0.08,-10,-0.14,0,-0.01,-0.01
1,42,0.01,-10.07,-0.13,0,0,0
1,42,0.01,-10.07,-0.13,0,0,0
1,42,0.01,-10.07,-0.13,0,0,-0.01
1,42,0.02,-10,-0.13,0,-0.01,-0.01
1,42,0.02,-10,-0.13,0,-0.01,-0.01
1,42,0.02,-10,-0.13,0,-0.01,-0.01
1,42,0,-10.04,-0.11,0,0,-0.01
1,42,0,-10.04,-0.11,0,0,-0.01
1,42,0.05,-10.03,-0.17,0,-0.01,-0.01
1,42,0.05,-10.03,-0.17,0,0,-0.01
1,42,0.05,-10.03,-0.17,0,0,-0.01
1,42,-0.02,-10.05,-0.07,0,-0.01,-0.01
1,42,-0.02,-10.05,-0.07,0,0,-0.01
1,42,-0.02,-10.05,-0.07,0,0,-0.01
1,42,-0.06,-10.06,-0.09,0,-0.01,-0.01
1,42,-0.06,-10.06,-0.09,0,0,-0.01
1,42,-0.06,-10.06,-0.09,0,0,-0.01
1,42,-0.06,-10.03,-0.08,0,-0.01,-0.01
1,42,-0.06,-10.03,-0.08,0,-0.01,-0.01
1,42,-0.06,-10.03,-0.08,0,-0.01,-0.01
1,42,-0.02,-10.04,-0.12,0,-0.01,-0.01
1,42,-0.02,-10.04,-0.12,0,0,-0.01
1,42,-0.02,-10.04,-0.12,0,0,-0.01
1,42,0.08,-10.03,-0.12,0,-0.01,-0.01
1,42,0.08,-10.03,-0.12,0,0,-0.01
1,42,0.08,-10.03,-0.12,0,0,-0.01
1,42,0.01,-10.06,-0.14,0,0,-0.01
1,42,0.01,-10.06,-0.14,0,-0.01,0
1,42,0.03,-10.11,-0.08,0,-0.01,0
1,42,0.03,-10.11,-0.08,0,-0.01,-0.01
1,42,0.03,-10.11,-0.08,0,0,-0.01
1,42,-0.02,-10.04,-0.09,0,0,-0.01
1,42,-0.02,-10.04,-0.09,0,-0.01,-0.01
1,42,-0.02,-10.04,-0.09,0,-0.01,-0.01
1,42,-0.01,-10.06,-0.11,0,-0.01,-0.01
1,42,-0.01,-10.06,-0.11,0,0,-0.01
1,42,-0.01,-10.06,-0.11,0,0,-0.01
1,42,-0.05,-10.02,-0.08,0,0,-0.01
1,42,-0.05,-10.02,-0.08,0,-0.01,-0.01
1,42,-0.05,-10.02,-0.08,0,0,-0.01
1,42,0,-10.02,-0.15,0,0,-0.01
1,42,0,-10.02,-0.15,0,0,-0.01
1,42,0,-10.02,-0.15,0,-0.01,-0.01
1,42,-0.03,-10.05,-0.12,0,-0.01,-0.01
1,42,-0.03,-10.05,-0.12,0,0,-0.01
1,42,-0.03,-10.05,-0.12,0,0,-0.01
1,42,0.05,-10.07,-0.12,0,0,-0.01
1,42,0.05,-10.07,-0.12,0,0,-0.01
1,42,0.05,-10.07,-0.12,0,-0.01,-0.01
1,42,0.01,-10.06,-0.11,0,-0.01,-0.01
1,42,0.01,-10.06,-0.11,0,0,-0.01
1,42,0.01,-10.06,-0.11,0,-0.01,-0.01
1,42,-0.02,-10.08,-0.1,0,-0.01,-0.01
1,42,-0.02,-10.08,-0.1,0,0,-0.01
1,42,0,-10.07,-0.06,0,0,-0.01
1,42,0,-10.07,-0.06,0,0,-0.01
1,42,0,-10.07,-0.06,0,-0.01,-0.01
1,42,-0.08,-10.08,-0.16,0,-0.01,-0.01
1,42,-0.08,-10.08,-0.16,0,-0.01,-0.01
1,42,-0.08,-10.08,-0.16,0,-0.01,-0.01
1,42,-0.03,-9.99,-0.08,0,0,-0.01
1,42,-0.03,-9.99,-0.08,0,0,-0.01
1,42,-0.03,-9.99,-0.08,0,-0.01,-0.01
1,42,-0.01,-10.02,-0.15,0,-0.01,-0.01
1,42,-0.01,-10.02,-0.15,0,-0.01,-0.01
1,42,-0.01,-10.02,-0.15,0,-0.01,-0.01
1,42,-0.01,-9.99,-0.11,0,0,-0.01
1,42,-0.01,-9.99,-0.11,0,0,-0.01
1,42,0,-10.03,-0.14,0,-0.01,-0.01
1,42,0,-10.03,-0.14,0,-0.01,-0.01
